strategy   hasty hasty hasty hasty steady steady steady steady
   "Total Time" "Wait time" Size Length "Total Time" "Wait time" Size Length
online_bounds AL PN        
"(2, 2)" 1.0 1.0 0.25919745000000205 2.976481649999883 1.0 2.0 0.3577995999999075 3.0900280500000576 2.0 3.0
"(2, 2)" 1.0 2.0 0.46075024999993275 1.4390300999997976 2.0 4.0 0.6690196500000738 1.6447475500000195 2.0 6.0
"(2, 2)" 1.0 3.0 0.25345359999994344 0.5219914499998026 2.0 2.0 0.25402959999991026 0.5703691999999734 2.0 2.0
"(2, 2)" 1.0 4.0 0.25742939999997816 0.5012460999999462 2.0 2.0 0.5493892000000358 0.7940027500001321 3.0 5.0
"(2, 2)" 1.0 5.0 0.4591996999999992 0.7022703000000092 2.0 4.0 0.347239249999987 0.6071151999999813 2.0 3.0
"(2, 2)" 1.0 6.0 0.34330794999999625 0.6219431500001349 2.0 3.0 0.359320749999938 0.7515918000000568 2.0 3.0
"(2, 2)" 1.0 7.0 0.3617945000000873 0.6795663000000616 2.0 3.0 0.34216565000002674 0.541902200000095 2.0 3.0
"(2, 2)" 1.0 8.0 0.34303809999988744 0.710628199999519 2.0 3.0 0.5660876999999118 0.7619910000001937 2.0 5.0
"(2, 2)" 1.0 9.0 0.5663835499998982 0.7506007000000068 2.0 5.0 0.2658820999999989 0.5450013499998647 2.0 2.0
"(2, 2)" 1.0 10.0 0.2641878500000132 0.5245628000000977 2.0 2.0 0.2606303499998148 0.50230805000011 2.0 2.0
"(2, 2)" 1.0 11.0 0.2563664500000016 0.2563664500000016 2.0 2.0 0.4387949000000049 0.4387949000000049 2.0 4.0
"(2, 2)" 1.0 12.0 0.2570484999999394 0.2570484999999394 2.0 2.0 0.35675769999988916 0.35675769999988916 2.0 3.0
"(2, 2)" 1.0 13.0 0.4593225999999504 0.4593225999999504 2.0 4.0 0.348102200000028 0.348102200000028 2.0 3.0
"(2, 2)" 1.0 14.0 0.34328489999995787 0.34328489999995787 2.0 3.0 0.47454015000005256 0.47454015000005256 2.0 4.0
"(2, 2)" 1.0 15.0 0.4637221999997223 0.4637221999997223 2.0 4.0 0.5569794999999971 0.5569794999999971 2.0 5.0
"(2, 2)" 1.0 16.0 0.4524027499997487 0.4524027499997487 2.0 4.0 0.3569097499999998 0.3569097499999998 2.0 3.0
"(2, 2)" 1.0 17.0 0.35511284999996917 0.35511284999996917 2.0 3.0 0.34684109999992074 0.34684109999992074 2.0 3.0
"(2, 2)" 1.0 18.0 0.3405985999996801 0.3405985999996801 2.0 3.0 0.348962299999954 0.348962299999954 2.0 3.0
"(2, 2)" 1.0 19.0 0.5532938500000455 0.5532938500000455 2.0 5.0 0.3493642000000321 0.3493642000000321 2.0 3.0
"(2, 2)" 1.0 20.0 0.26021489999999403 0.26021489999999403 2.0 2.0 0.34375885000005013 0.34375885000005013 2.0 3.0
"(2, 2)" 1.0 21.0 0.4742916000001003 0.4742916000001003 2.0 4.0 0.3489346499999897 0.3489346499999897 2.0 3.0
"(2, 2)" 1.0 22.0 0.3485115499997846 0.3485115499997846 2.0 3.0 0.4658663499997147 0.4658663499997147 2.0 4.0
"(2, 2)" 1.0 23.0 0.34285724999972444 0.34285724999972444 2.0 3.0 0.35190349999993487 0.35190349999993487 2.0 3.0
"(2, 2)" 1.0 24.0 0.2623032000001615 0.2623032000001615 2.0 2.0 0.34975864999995565 0.34975864999995565 3.0 3.0
"(2, 2)" 1.0 25.0 0.3454908999999873 0.3454908999999873 2.0 3.0 0.3510423000000173 0.3510423000000173 3.0 3.0
"(2, 2)" 1.0 26.0 0.3588102999999876 0.3588102999999876 2.0 3.0 0.33272445000005746 0.33272445000005746 2.5 3.0
"(2, 2)" 1.0 27.0 0.367754649999938 0.367754649999938 2.0 3.0 0.3459914999999683 0.3459914999999683 2.0 3.0
"(2, 2)" 1.0 28.0 0.2750089999999545 0.2750089999999545 2.0 2.0 0.3400407000000314 0.3400407000000314 2.5 3.0
"(2, 2)" 1.0 29.0 0.25277504999996836 0.25277504999996836 2.0 2.0    
"(2, 2)" 1.0 30.0 0.3007884999999533 0.3007884999999533 2.0 2.5    
"(2, 2)" 1.0 31.0 0.3150635999999736 0.3150635999999736 2.0 2.5    
"(2, 2)" 1.0 32.0 0.254344099999912 0.254344099999912 2.0 2.0    
"(2, 2)" 2.0 1.0 0.7237387000000126 2.708193299999948 2.0 9.0 0.7307255999998574 2.7204300999998807 2.0 9.0
"(2, 2)" 2.0 2.0 0.9840382999998951 0.9840382999998951 2.0 12.0 0.9822649000000752 0.9822649000000752 2.0 12.0
"(2, 2)" 2.0 3.0 0.2625170999999966 0.2625170999999966 2.0 3.0 0.31815809999994116 0.31815809999994116 2.0 4.0
"(2, 2)" 2.0 4.0 0.2460202999998842 0.2460202999998842 2.0 3.0 0.24785495000004684 0.24785495000004684 2.0 3.0
"(2, 2)" 2.0 5.0 0.24613140000002431 0.24613140000002431 2.0 3.0 0.2560183499999482 0.2560183499999482 2.0 3.0
"(2, 2)" 2.0 6.0 0.31753940000027114 0.31753940000027114 2.0 4.0 0.25201400000014473 0.25201400000014473 2.0 3.0
"(2, 2)" 2.0 7.0 0.2509813000000065 0.2509813000000065 2.0 3.0 0.2503889000000754 0.2503889000000754 2.0 3.0
"(2, 2)" 2.0 8.0 0.45818734999994604 0.45818734999994604 2.0 5.5 0.32839415000003663 0.32839415000003663 2.0 4.0
"(2, 2)" 2.0 9.0 0.18799214999987157 0.18799214999987157 2.0 2.0 0.18409289999996759 0.18409289999996759 2.0 2.0
"(2, 2)" 2.0 10.0 0.24333380000012989 0.24333380000012989 2.0 2.5 0.2439884500000744 0.2439884500000744 2.0 3.0
"(2, 2)" 3.0 1.0 1.975293899999997 1.975293899999997 1.0 20.0 1.9913823000001116 1.9913823000001116 1.0 20.0
"(4, 2)" 1.0 1.0 0.3496743999999694 3.9404814500007315 2.0 3.0 0.3530722500000536 3.94595259999987 2.0 3.0
"(4, 2)" 1.0 2.0 0.656345600000062 1.0375243500000335 2.0 6.0 0.659829000000002 1.0372286499999817 2.0 6.0
"(4, 2)" 1.0 3.0 0.7622041499999597 1.206481700000033 2.0 7.0 0.767473999999936 1.2763091999999858 2.0 7.0
"(4, 2)" 1.0 4.0 0.2537125499999888 0.85569544999953 2.0 2.0 0.2512193499999569 0.930164950000119 2.0 2.0
"(4, 2)" 1.0 5.0 0.2568099000000501 0.6029838499998732 2.0 2.0 0.43845274999998196 0.7091398999999683 2.0 4.0
"(4, 2)" 1.0 6.0 0.45188415000008314 0.45188415000008314 2.0 4.0 0.45688060000009045 0.45688060000009045 2.0 4.0
"(4, 2)" 1.0 7.0 0.6630938999999785 0.6630938999999785 2.0 6.0 0.3432936000002087 0.3432936000002087 2.0 3.0
"(4, 2)" 1.0 8.0 0.4526570000000163 0.4526570000000163 2.0 4.0 0.3561241000000024 0.3561241000000024 2.0 3.0
"(4, 2)" 1.0 9.0 0.5554504500000519 0.5554504500000519 2.0 5.0 0.5574405499999102 0.5574405499999102 2.0 5.0
"(4, 2)" 1.0 10.0 0.2537972000001787 0.2537972000001787 2.0 2.0 0.35823274999992805 0.35823274999992805 2.0 3.0
"(4, 2)" 1.0 11.0 0.27186464999999777 0.27186464999999777 2.0 2.0 0.26528645000003337 0.26528645000003337 2.0 2.0
"(4, 2)" 1.0 12.0 0.29987059999990606 0.29987059999990606 2.0 2.5 0.2569869499999413 0.2569869499999413 2.0 2.0
"(4, 2)" 1.0 13.0 0.2519706500000893 0.2519706500000893 2.0 2.0 0.3086668000000117 0.3086668000000117 2.0 2.5
"(4, 2)" 1.0 14.0 0.3155744000000027 0.3155744000000027 2.0 2.5 0.45236615000006 0.45236615000006 2.0 3.5
"(4, 2)" 1.0 15.0 0.448783050000003 0.448783050000003 2.0 4.0 0.45140055000013035 0.45140055000013035 2.0 4.0
"(4, 2)" 1.0 16.0 0.4528903500000183 0.4528903500000183 2.0 4.0 0.45207960000007574 0.45207960000007574 2.0 3.5
"(4, 2)" 1.0 17.0 0.4087227000001121 0.4087227000001121 2.0 3.5 0.5542481999999609 0.5542481999999609 2.0 5.0
"(4, 2)" 1.0 18.0 0.45012994999990497 0.45012994999990497 2.0 4.0 0.35038804999996387 0.35038804999996387 2.0 3.0
"(4, 2)" 1.0 19.0 0.3444220000001508 0.3444220000001508 2.0 3.0 0.3515212999999875 0.3515212999999875 2.0 3.0
"(4, 2)" 1.0 20.0 0.3460031499999445 0.3460031499999445 2.0 3.0 0.4147966000000167 0.4147966000000167 2.0 3.0
"(4, 2)" 1.0 21.0 0.3427281499999424 0.3427281499999424 2.0 3.0 0.41186605000001464 0.41186605000001464 2.0 4.0
"(4, 2)" 1.0 22.0 0.3406951999998 0.3406951999998 2.0 3.0 0.3514510999999629 0.3514510999999629 2.0 3.0
"(4, 2)" 1.0 23.0 0.3412045000000035 0.3412045000000035 2.0 3.0    
"(4, 2)" 1.0 24.0 0.2643002999999595 0.2643002999999595 2.0 2.0    
"(4, 2)" 2.0 1.0 1.6820554999999686 3.5970884499998803 4.0 18.0 1.7035682500002804 3.5848951000000686 4.0 18.0
"(4, 2)" 2.0 2.0 0.3515490999999429 0.3515490999999429 4.0 5.0 0.35023294999999166 0.35023294999999166 4.0 5.0
"(4, 2)" 2.0 3.0 0.5927949000000012 0.5927949000000012 4.0 8.0 0.5087021500000617 0.5087021500000617 4.0 7.0
"(4, 2)" 2.0 4.0 0.3682341499999495 0.3682341499999495 4.0 5.0 0.6735964999998494 0.6735964999998494 4.0 8.5
"(4, 2)" 2.0 5.0 0.3428706499999521 0.3428706499999521 4.0 5.0 0.3448790500000314 0.3448790500000314 4.0 5.0
"(4, 2)" 3.0 1.0 1.934887999999944 1.934887999999944 1.0 20.0 1.921750399999894 1.921750399999894 1.0 20.0
"(4, 4)" 1.0 1.0 0.658619899999934 4.352285400000113 3.0 6.0 0.7461333999999908 4.352030749999727 4.0 7.0
"(4, 4)" 1.0 2.0 0.8651650500000656 1.231891199999893 3.0 8.0 0.962826899999996 1.3815918500000635 4.0 9.0
"(4, 4)" 1.0 3.0 0.3914061499999093 0.891678350000042 4.0 4.0 0.8472592500002065 1.3578604999998731 5.0 8.0
"(4, 4)" 1.0 4.0 0.6408359000000701 1.2668326499999125 4.0 6.0 0.9604613999999856 1.5507809500001035 5.0 9.0
"(4, 4)" 1.0 5.0 0.8735892999998782 1.2234548999998365 4.0 8.0 0.6862281000000294 1.031335999999989 5.0 7.0
"(4, 4)" 1.0 6.0 0.367805249999833 0.367805249999833 2.0 3.0 0.7439961000001745 0.7439961000001745 4.0 7.0
"(4, 4)" 1.0 7.0 0.42151584999999153 0.42151584999999153 3.0 4.0 0.7433361000001355 0.7433361000001355 4.0 7.0
"(4, 4)" 1.0 8.0 0.4260290500001247 0.4260290500001247 3.0 4.0 0.8459765000000061 0.8459765000000061 4.0 8.0
"(4, 4)" 1.0 9.0 0.6505851999999805 0.6505851999999805 4.0 6.0 0.7145328499998982 0.7145328499998982 5.0 7.0
"(4, 4)" 1.0 10.0 0.5402393999999617 0.5402393999999617 3.0 5.0 0.593171150000046 0.593171150000046 4.0 6.0
"(4, 4)" 1.0 11.0 0.43163214999998445 0.43163214999998445 3.0 4.0    
"(4, 4)" 1.0 12.0 0.5154401499999324 0.5154401499999324 3.0 5.0    
"(4, 4)" 1.0 13.0 0.4192950999999994 0.4192950999999994 3.0 4.0    
"(4, 4)" 1.0 14.0 0.4201727999999321 0.4201727999999321 3.0 4.0    
"(4, 4)" 2.0 1.0 1.663078300000052 3.671102399999967 4.0 18.0 1.6978976500001015 3.6079924499996707 4.0 18.0
"(4, 4)" 2.0 2.0 0.35127270000009503 0.35127270000009503 4.0 5.0 0.4216323000000415 0.4216323000000415 4.0 5.5
"(4, 4)" 2.0 3.0 0.5068304000001262 0.5068304000001262 4.0 7.0 0.5842543000000546 0.5842543000000546 4.0 8.0
"(4, 4)" 2.0 4.0 0.6019397000000879 0.6019397000000879 4.0 8.0 0.5923825499999964 0.5923825499999964 4.0 8.0
"(4, 4)" 2.0 5.0 0.3480282999999247 0.3480282999999247 4.0 5.0 0.3452976999999464 0.3452976999999464 4.0 5.0
"(4, 4)" 3.0 1.0 1.9897136500002404 1.9897136500002404 1.0 20.0 1.910392150000007 1.910392150000007 1.0 20.0
"(6, 2)" 1.0 1.0 0.3516143500000908 4.226841600000341 2.0 3.0 0.3498337000000902 4.284246949999954 2.0 3.0
"(6, 2)" 1.0 2.0 0.660956099999936 1.0574858500000346 2.0 6.0 0.6560813499999654 1.546754300000032 2.0 6.0
"(6, 2)" 1.0 3.0 0.766762950000043 1.4062167499999985 2.0 7.0 0.7624600000000328 1.6209956000001 2.0 7.0
"(6, 2)" 1.0 4.0 0.2514747000000739 0.7176633500001799 2.0 2.0 0.2494101500001875 0.2494101500001875 2.0 2.0
"(6, 2)" 1.0 5.0 0.2578512500000159 0.2578512500000159 2.0 2.0 0.437151100000051 0.437151100000051 2.0 4.0
"(6, 2)" 1.0 6.0 0.45515140000014753 0.45515140000014753 2.0 4.0 0.45421960000015815 0.45421960000015815 2.0 4.0
"(6, 2)" 1.0 7.0 0.3450440999999813 0.3450440999999813 2.0 3.0 0.34268975000003365 0.34268975000003365 2.0 3.0
"(6, 2)" 1.0 8.0 0.4530714499998965 0.4530714499998965 2.0 4.0 0.45047015000000107 0.45047015000000107 2.0 4.0
"(6, 2)" 1.0 9.0 0.5608518999999745 0.5608518999999745 2.0 5.0 0.556070449999936 0.556070449999936 2.0 5.0
"(6, 2)" 1.0 10.0 0.35755065000003583 0.35755065000003583 2.0 3.0 0.4244342000002348 0.4244342000002348 3.0 4.0
"(6, 2)" 1.0 11.0 0.2555540500000859 0.2555540500000859 2.0 2.0 0.2571805500000295 0.2571805500000295 2.0 2.0
"(6, 2)" 1.0 12.0 0.2571541999999738 0.2571541999999738 2.0 2.0 0.3425366500000564 0.3425366500000564 2.0 3.0
"(6, 2)" 1.0 13.0 0.25359125000005633 0.25359125000005633 2.0 2.0 0.25513679999994565 0.25513679999994565 2.0 2.0
"(6, 2)" 1.0 14.0 0.255797199999904 0.255797199999904 2.0 2.0 0.44669765000034545 0.44669765000034545 2.0 4.0
"(6, 2)" 1.0 15.0 0.3493353499999614 0.3493353499999614 2.0 3.0 0.45196475000017244 0.45196475000017244 2.0 4.0
"(6, 2)" 1.0 16.0 0.35065850000006543 0.35065850000006543 2.0 3.0 0.34200245000010904 0.34200245000010904 2.0 3.0
"(6, 2)" 1.0 17.0 0.5533240999997133 0.5533240999997133 2.0 5.0 0.3450821000000204 0.3450821000000204 2.0 3.0
"(6, 2)" 1.0 18.0 0.45169525000000027 0.45169525000000027 2.0 4.0 0.5490555999999174 0.5490555999999174 2.0 4.5
"(6, 2)" 1.0 19.0 0.4456010000000674 0.4456010000000674 2.0 4.0 0.3411664999999857 0.3411664999999857 2.0 3.0
"(6, 2)" 1.0 20.0 0.25573565000001963 0.25573565000001963 2.0 2.0 0.3430718500000154 0.3430718500000154 2.0 3.0
"(6, 2)" 1.0 21.0 0.34625834999988564 0.34625834999988564 2.0 3.0 0.5189203999998426 0.5189203999998426 3.0 5.0
"(6, 2)" 1.0 22.0 0.34241349999985005 0.34241349999985005 2.0 3.0 0.2957291000001021 0.2957291000001021 2.0 2.5
"(6, 2)" 1.0 23.0 0.34280969999997524 0.34280969999997524 2.0 3.0    
"(6, 2)" 1.0 24.0 0.2602730000000406 0.2602730000000406 2.0 2.0    
"(6, 2)" 2.0 1.0 1.942049150000166 3.8806524999999397 5.0 20.0 2.0357377999999358 3.933462999999904 6.0 21.0
"(6, 2)" 2.0 2.0 0.3941693499999701 0.3941693499999701 5.0 6.0 0.8909434999999064 0.8909434999999064 7.0 12.0
"(6, 2)" 2.0 3.0 0.6673504500000647 0.6673504500000647 5.0 9.0 0.8540993499999985 0.8540993499999985 7.0 12.0
"(6, 2)" 2.0 4.0 0.46606824999992114 0.46606824999992114 5.0 7.0    
"(6, 2)" 3.0 1.0 1.9331906499999714 1.9331906499999714 1.0 20.0 1.9008334999999765 1.9008334999999765 1.0 20.0
"(6, 4)" 1.0 1.0 0.7392906500001857 4.5003491500000905 4.0 7.0 0.7472021000000488 4.731771949999938 4.0 7.0
"(6, 4)" 1.0 2.0 0.9559333500000662 1.4250819999998616 4.0 9.0 0.9646984499999718 1.9414986999999826 4.0 9.0
"(6, 4)" 1.0 3.0 0.6086638000001869 1.298228800000004 4.0 6.0 0.8414684500001499 1.5153803999998554 4.0 8.0
"(6, 4)" 1.0 4.0 0.7437429999999381 1.218968550000092 4.0 7.0 0.7422055500000084 0.7422055500000084 4.0 7.0
"(6, 4)" 1.0 5.0 0.8546049499999526 0.8546049499999526 4.0 8.0 0.959054250000051 0.959054250000051 5.0 9.0
"(6, 4)" 1.0 6.0 0.4120080000000144 0.4120080000000144 3.0 4.0 0.525940000000034 0.525940000000034 4.0 5.0
"(6, 4)" 1.0 7.0 0.41799630000001287 0.41799630000001287 3.0 4.0 0.8484288000001357 0.8484288000001357 4.0 8.0
"(6, 4)" 1.0 8.0 0.46212939999989544 0.46212939999989544 3.0 4.0 0.8387987999998927 0.8387987999998927 5.0 8.0
"(6, 4)" 1.0 9.0 0.6525116499999655 0.6525116499999655 3.0 6.0 0.8598327999999071 0.8598327999999071 4.0 8.0
"(6, 4)" 1.0 10.0 0.6264387999999883 0.6264387999999883 3.0 6.0 0.5110883000000399 0.5110883000000399 4.0 5.0
"(6, 4)" 1.0 11.0 0.4201860000000579 0.4201860000000579 3.0 4.0 0.5093982000000778 0.5093982000000778 4.0 5.0
"(6, 4)" 1.0 12.0 0.41416829999995036 0.41416829999995036 3.0 4.0    
"(6, 4)" 1.0 13.0 0.4145794999999453 0.4145794999999453 3.0 4.0    
"(6, 4)" 2.0 1.0 1.922406999999964 3.7598079000000553 5.0 20.0 2.0624485499999423 3.9654210999997304 6.0 21.0
"(6, 4)" 2.0 2.0 0.39684210000000064 0.39684210000000064 5.0 6.0 0.9619910500002788 0.9619910500002788 7.0 12.5
"(6, 4)" 2.0 3.0 0.6487460500000566 0.6487460500000566 5.0 9.0 0.6685927000000902 0.6685927000000902 7.0 10.0
"(6, 4)" 2.0 4.0 0.3864350000000059 0.3864350000000059 5.0 6.0    
"(6, 4)" 3.0 1.0 1.874119450000137 1.874119450000137 1.0 20.0 1.91728034999997 1.91728034999997 1.0 20.0
"(6, 6)" 1.0 1.0 0.839941499999938 4.783840450000227 5.0 8.0 1.7197638000000381 5.695492100000308 7.0 15.0
"(6, 6)" 1.0 2.0 1.067840150000006 1.4798526999999386 5.0 10.0 1.1273883500000466 1.9051570500002695 7.0 11.0
"(6, 6)" 1.0 3.0 0.8412202999999856 1.5755916999998476 5.0 8.0 1.2810690999999959 2.20932940000003 7.0 12.0
"(6, 6)" 1.0 4.0 0.9537872999999308 1.3503379000001985 5.0 9.0 0.9884233500000761 0.9884233500000761 8.0 10.0
"(6, 6)" 1.0 5.0 0.6775203500001297 0.6775203500001297 5.0 7.0 1.2757520999999765 1.2757520999999765 7.0 12.0
"(6, 6)" 1.0 6.0 0.857151499999901 0.857151499999901 4.0 8.0 1.0557651500001346 1.0557651500001346 8.0 10.0
"(6, 6)" 1.0 7.0 0.8424020499999472 0.8424020499999472 5.0 8.0 0.8764668000002303 0.8764668000002303 7.0 9.0
"(6, 6)" 1.0 8.0 0.9481301000000713 0.9481301000000713 5.0 9.0    
"(6, 6)" 1.0 9.0 0.6610923000000639 0.6610923000000639 5.0 7.0    
"(6, 6)" 1.0 10.0 0.5072257999999508 0.5072257999999508 4.0 5.0    
"(6, 6)" 2.0 1.0 1.9202157500001533 3.82475785000009 5.0 20.0 2.028757049999825 3.937226749999553 6.0 21.0
"(6, 6)" 2.0 2.0 0.3903195499999583 0.3903195499999583 5.0 6.0 0.8892661499997985 0.8892661499997985 7.0 12.0
"(6, 6)" 2.0 3.0 0.7308530499999506 0.7308530499999506 5.0 9.5 0.8547411500000237 0.8547411500000237 7.0 12.0
"(6, 6)" 2.0 4.0 0.46840809999991967 0.46840809999991967 5.0 7.0    
"(6, 6)" 3.0 1.0 1.902867950000058 1.902867950000058 1.0 20.0 1.904777100000089 1.904777100000089 1.0 20.0
