online_bounds   "(2, 2)" "(2, 2)" "(2, 2)" "(2, 2)" "(2, 4)" "(2, 4)" "(2, 4)" "(2, 4)" "(2, 6)" "(2, 6)" "(2, 6)" "(2, 6)" "(4, 2)" "(4, 2)" "(4, 2)" "(4, 2)" "(4, 4)" "(4, 4)" "(4, 4)" "(4, 4)" "(4, 6)" "(4, 6)" "(4, 6)" "(4, 6)" "(6, 2)" "(6, 2)" "(6, 2)" "(6, 2)" "(6, 4)" "(6, 4)" "(6, 4)" "(6, 4)" "(6, 6)" "(6, 6)" "(6, 6)" "(6, 6)"
   "Total Time" "Wait time" Size Length "Total Time" "Wait time" Size Length "Total Time" "Wait time" Size Length "Total Time" "Wait time" Size Length "Total Time" "Wait time" Size Length "Total Time" "Wait time" Size Length "Total Time" "Wait time" Size Length "Total Time" "Wait time" Size Length "Total Time" "Wait time" Size Length
problem AL PN                                    
ps1 1.0 1.0 1.5938508999999215 4.677031499999938 8.0 13.0 0.8467044499999972 3.832245749999913 4.0 6.0 0.45643044999980376 3.453512150000005 2.0 4.0 1.043647249999964 3.241739300000091 5.0 9.0 0.45607160000020036 2.6811147499998924 2.0 4.0 0.25450075000009065 2.4586324000000133 1.0 2.0 0.5688314499999194 2.4319147000000494 3.0 5.0 0.2557462500000014 2.120657849999532 1.0 2.0 0.2550198000000207 2.1214597499999854 1.0 2.0
ps1 1.0 2.0 1.7767652500000626 2.6771871500000373 9.0 14.0 1.2541021000000114 2.039951300000098 4.0 11.0 0.5686501500001242 1.3510809499998575 3.0 5.0 1.0239537999998451 1.5076244500001796 5.0 9.0 0.45696145000002275 0.9427761999999547 2.0 4.0 0.25711704999997664 0.7419659999999766 1.0 2.0 0.8979267499998969 1.4438065500001471 3.0 8.0 0.2578589499999566 0.8058189500000879 1.0 2.0 0.2569725999999406 0.8021847999999636 1.0 2.0
ps1 1.0 3.0 0.5849577999998701 0.5849577999998701 4.0 5.0 0.90651475000017 0.90651475000017 4.0 8.0 0.45304185000006214 0.45304185000006214 3.0 4.0 0.46330365000007134 0.8812389499998403 3.0 4.0 0.45297619999999483 0.9307953499999826 3.0 4.0 0.4558263500001942 0.8720102499998745 2.0 4.0 0.44950880000005355 0.7801490499999169 3.0 4.0 0.45595860000028665 0.7183591999999521 2.0 4.0 0.16767450000001816 0.49890019999999424 1.0 1.0
ps1 1.0 4.0 0.834562350000084 0.834562350000084 5.0 7.0 0.7020022000000523 0.7020022000000523 5.0 6.0 0.6730511500001342 0.6730511500001342 3.0 6.0 0.45674070000002587 0.8813006499999005 3.0 4.0 0.6665330500000692 1.08764254999997 3.0 6.0 0.3480402000000353 0.7677418000000671 2.0 3.0 0.8010551499999572 1.0587474999999635 4.0 7.0 0.35059674999990875 0.752965049999986 2.0 3.0 0.1879148999999529 0.4574679999999205 1.0 1.0
ps1 1.0 5.0     0.34983705000001913 0.34983705000001913 2.0 3.0 0.6822942499999556 0.6822942499999556 3.0 6.0 0.3519412500000527 0.3519412500000527 2.0 3.0 0.1666252999999962 0.1666252999999962 1.0 1.0 0.25785719999998236 0.25785719999998236 2.0 2.0 0.34872714999998067 0.605503499999827 2.0 3.0 0.16695739999997272 0.42559180000003494 1.0 1.0 0.6512286500000215 0.9057297000000375 1.0 6.0
ps1 1.0 6.0     0.2589190499999745 0.2589190499999745 2.0 2.0 0.4603683500000102 0.4603683500000102 3.0 4.0 0.46447430000002043 0.46447430000002043 3.0 4.0 0.44393574999995167 0.44393574999995167 1.0 4.0 0.558838200000082 0.558838200000082 2.0 5.0 0.26645700000003103 0.5330552499999115 2.0 2.0 0.34822565000004607 0.6059378499998402 2.0 3.0 0.3403145000000336 0.5957985000000576 1.0 3.0
ps1 1.0 7.0     0.349355399999979 0.349355399999979 2.0 3.0 0.16896420000000484 0.16896420000000484 1.0 1.0 0.35349354999998184 0.35349354999998184 2.0 3.0 0.260029149999923 0.260029149999923 2.0 2.0 0.166785999999945 0.166785999999945 1.0 1.0 0.21754414999998065 0.21754414999998065 1.0 1.5 0.4581770500000317 0.4581770500000317 2.0 4.0 0.16812010000006694 0.16812010000006694 1.0 1.0
ps1 1.0 8.0     0.4567660499998283 0.4567660499998283 3.0 4.0 0.16967900000001634 0.16967900000001634 1.0 1.0 0.4631222500000547 0.4631222500000547 3.0 4.0 0.3510622499999556 0.3510622499999556 2.0 3.0 0.4449041499998998 0.4449041499998998 1.0 4.0 0.3502090499999895 0.3502090499999895 2.0 3.0 0.565191850000005 0.565191850000005 2.0 5.0 0.166023200000069 0.166023200000069 1.0 1.0
ps1 1.0 9.0         0.1682517499999818 0.1682517499999818 1.0 1.0     0.16764835000000744 0.16764835000000744 1.0 1.0 0.16816040000006185 0.16816040000006185 1.0 1.0 0.16697805000001148 0.16697805000001148 1.0 1.0 0.1683172000000113 0.1683172000000113 1.0 1.0 0.25442375000001505 0.25442375000001505 1.0 2.0
ps1 1.0 10.0         0.34952064999998816 0.34952064999998816 2.0 3.0     0.169756499999977 0.169756499999977 1.0 1.0 0.16779414999997755 0.16779414999997755 1.0 1.0 0.35387804999996314 0.35387804999996314 2.0 3.0 0.1739892500000053 0.1739892500000053 1.0 1.0 0.3533800000000724 0.3533800000000724 1.0 3.0
ps1 1.0 11.0         0.2567591999999479 0.2567591999999479 2.0 2.0     0.16858499999995047 0.16858499999995047 1.0 1.0 0.17168520000001308 0.17168520000001308 1.0 1.0 0.1662322000000529 0.1662322000000529 1.0 1.0 0.1676137999999412 0.1676137999999412 1.0 1.0 0.1678437499999461 0.1678437499999461 1.0 1.0
ps1 1.0 12.0         0.34984609999992244 0.34984609999992244 2.0 3.0     0.25998810000000105 0.25998810000000105 2.0 2.0 0.1679719999999989 0.1679719999999989 1.0 1.0 0.3554031500000008 0.3554031500000008 2.0 3.0 0.16645514999990496 0.16645514999990496 1.0 1.0 0.5639848000000143 0.5639848000000143 2.0 5.0
ps1 1.0 13.0                 0.2532275500000196 0.2532275500000196 1.0 2.0 0.1660057499999965 0.1660057499999965 1.0 1.0     0.16934939999993048 0.16934939999993048 1.0 1.0 0.16834935000005302 0.16834935000005302 1.0 1.0
ps1 1.0 14.0                 0.16423515000005295 0.16423515000005295 1.0 1.0 0.17029114999999712 0.17029114999999712 1.0 1.0     0.1783843000000189 0.1783843000000189 1.0 1.0 0.1818412500000477 0.1818412500000477 1.0 1.0
ps1 1.0 15.0                 0.1638387500001102 0.1638387500001102 1.0 1.0 0.16686180000004924 0.16686180000004924 1.0 1.0     0.1661810999999176 0.1661810999999176 1.0 1.0 0.16735795000005282 0.16735795000005282 1.0 1.0
ps1 1.0 16.0                 0.3509735999999748 0.3509735999999748 2.0 3.0 0.16699264999999747 0.16699264999999747 1.0 1.0     0.16629109999999514 0.16629109999999514 1.0 1.0 0.1671333500000287 0.1671333500000287 1.0 1.0
ps1 1.0 17.0                     0.1661401000000353 0.1661401000000353 1.0 1.0     0.25271085000002813 0.25271085000002813 1.0 2.0 0.1700878500000158 0.1700878500000158 1.0 1.0
ps1 1.0 18.0                     0.2523905000000041 0.2523905000000041 1.0 2.0     0.16453970000009122 0.16453970000009122 1.0 1.0 0.16850834999996775 0.16850834999996775 1.0 1.0
ps1 1.0 19.0                     0.1639034499999923 0.1639034499999923 1.0 1.0     0.16446730000012627 0.16446730000012627 1.0 1.0 0.16656795000004365 0.16656795000004365 1.0 1.0
ps1 1.0 20.0                     0.164116049999933 0.164116049999933 1.0 1.0     0.25316585000001623 0.25316585000001623 1.0 2.0 0.16556084999997725 0.16556084999997725 1.0 1.0
ps1 1.0 21.0                     0.2530468000000212 0.2530468000000212 1.0 2.0     0.16516150000002486 0.16516150000002486 1.0 1.0 0.2528511500000263 0.2528511500000263 1.0 2.0
ps1 1.0 22.0                     0.16483780000007187 0.16483780000007187 1.0 1.0         0.16454069999998922 0.16454069999998922 1.0 1.0
ps1 1.0 23.0                                 0.16481200000002622 0.16481200000002622 1.0 1.0
ps1 1.0 24.0                                 0.25323304999992047 0.25323304999992047 1.0 2.0
ps1 1.0 25.0                                 0.16460674999996175 0.16460674999996175 1.0 1.0
ps1 2.0 1.0 1.592060500000116 3.001218649999835 9.0 17.0 1.589037549999887 2.967779100000161 9.0 17.0 1.5883138500001341 2.9817009000000567 9.0 17.0 0.8282826499999629 2.1917317999997574 4.0 10.0 0.8307927999999833 2.2220067999998605 4.0 10.0 0.8308808499998435 2.204736499999996 4.0 10.0 0.4792018500000381 1.863623000000075 3.0 6.0 0.48156675000004157 1.8617401499999744 3.0 6.0 0.4794086499998116 1.8659693000000674 3.0 6.0
ps1 2.0 2.0 0.7894451000001723 0.7894451000001723 9.0 9.0 0.7826456999996481 0.7826456999996481 9.0 9.0 0.7827942499999949 0.7827942499999949 9.0 9.0 0.4840333000000214 0.4840333000000214 4.0 6.0 0.485890350000119 0.485890350000119 4.0 6.0 0.4854346499999451 0.4854346499999451 4.0 6.0 0.5449203000002854 0.5449203000002854 3.0 7.0 0.5477772499999105 0.5477772499999105 3.0 7.0 0.5445600999998916 0.5445600999998916 3.0 7.0
ps1 2.0 3.0             0.41831984999998895 0.41831984999998895 5.0 5.0 0.4177817499999321 0.4177817499999321 5.0 5.0 0.41708939999998057 0.41708939999998057 5.0 5.0 0.3309448500000798 0.3309448500000798 3.0 4.0 0.33147015000002966 0.33147015000002966 3.0 4.0 0.331115599999805 0.331115599999805 3.0 4.0
ps1 2.0 4.0             0.4242741499999738 0.4242741499999738 5.0 5.0 0.42115329999992923 0.42115329999992923 5.0 5.0 0.41941739999995775 0.41941739999995775 5.0 5.0 0.2575640500000276 0.2575640500000276 3.0 3.0 0.25725380000011455 0.25725380000011455 3.0 3.0 0.25658210000005965 0.25658210000005965 3.0 3.0
ps1 2.0 5.0                         0.25861374999993814 0.25861374999993814 3.0 3.0 0.25774229999984755 0.25774229999984755 3.0 3.0 0.2565975000000087 0.2565975000000087 3.0 3.0
ps1 2.0 6.0                         0.2581559499999848 0.2581559499999848 3.0 3.0 0.25691945000001226 0.25691945000001226 3.0 3.0 0.2558656500000609 0.2558656500000609 3.0 3.0
ps1 3.0 1.0 1.363766499999947 1.363766499999947 1.0 18.0 1.3591055999999855 1.3591055999999855 1.0 18.0 1.368075250000345 1.368075250000345 1.0 18.0 1.3487032999999546 1.3487032999999546 1.0 18.0 1.371991850000086 1.371991850000086 1.0 18.0 1.356005999999923 1.356005999999923 1.0 18.0 1.3756921500000492 1.3756921500000492 1.0 18.0 1.3760723999999271 1.3760723999999271 1.0 18.0 1.3717361499997764 1.3717361499997764 1.0 18.0
ps2 1.0 1.0 3.1808595499999477 7.324475449999937 12.0 22.0 1.7150903000000284 5.730411250000003 6.0 14.0 0.8000314499998922 4.71991579999996 4.0 7.0 2.186145899999758 5.220789899999659 9.0 17.0 0.8041098999999008 3.837081400000159 4.0 7.0 0.6838855999999964 3.724312550000093 3.0 6.0 0.925036749999947 3.1810615000000553 5.0 8.0 0.35464665000006335 2.621636699999911 2.0 3.0 0.25577790000005507 2.5427976499999545 1.0 2.0
ps2 1.0 2.0 3.172880500000019 3.953178349999973 13.0 19.0 0.9052040500000658 1.790042000000007 6.0 8.0 1.0099440499998875 1.792692099999989 4.0 9.0 2.25071385000021 2.736174850000225 9.0 17.0 1.0157114499997915 1.503049549999918 4.0 9.0 0.8850979499999028 1.3717900999998212 3.0 8.0 1.0299204500000911 2.0535769500000924 6.0 9.0 0.7761618999999769 1.802709849999758 3.0 7.0 0.45851284999994846 1.4866077499999335 2.0 4.0
ps2 1.0 3.0 0.5780910499998981 0.5780910499998981 4.0 5.0 1.467667550000101 1.467667550000101 6.0 10.0 0.6684602000000552 0.6684602000000552 4.0 6.0 0.46365180000000095 0.8786830500001201 3.0 4.0 1.0206864499999564 1.4488055000001339 5.0 9.0 0.34877759999997693 0.7677130000000005 3.0 3.0 1.1459248999999545 2.2184714999995983 6.0 10.0 0.35225694999996904 1.3316835499998945 3.0 3.0 0.2547188999998866 1.237534500000379 2.0 2.0
ps2 1.0 4.0 0.8266016000002878 0.8266016000002878 5.0 7.0 1.0714692999998618 1.0714692999998618 7.0 9.0 0.5850296999999571 0.5850296999999571 4.0 5.0 0.45374304999990045 0.8736524999997641 3.0 4.0 1.0326775999998574 1.4543919499996605 5.0 9.0 0.7941972500000531 1.2148831500000057 3.0 7.0 0.9219193999999789 1.3957231500002933 7.0 8.0 0.8975883000001375 1.2397004999997705 3.0 8.0 0.2589940999999669 0.5858412499999659 2.0 2.0
ps2 1.0 5.0     0.3479704000000368 0.3479704000000368 2.0 3.0 0.9106465000000696 0.9106465000000696 4.0 8.0 0.3494577499999423 0.3494577499999423 2.0 3.0 0.1669054500000584 0.1669054500000584 1.0 1.0 0.45254365000002394 0.45254365000002394 3.0 4.0 0.8096413999999186 1.078022349999912 5.0 7.0 0.4490729999997711 0.7065440499999909 3.0 4.0 0.2629010000000278 0.5744146500001079 2.0 2.0
ps2 1.0 6.0     0.26002189999990577 0.26002189999990577 2.0 2.0 0.6894827499999963 0.6894827499999963 5.0 6.0 0.45850514999993663 0.45850514999993663 3.0 4.0 0.44687879999980856 0.44687879999980856 1.0 4.0 0.6669315999999981 0.6669315999999981 3.0 6.0 1.0369613999998535 1.4355813500002625 6.0 8.0 0.6832313500001135 0.9422899500001733 3.0 6.0 1.0035412499999765 1.2627918500000705 2.0 9.0
ps2 1.0 7.0     0.34994889999990164 0.34994889999990164 2.0 3.0 0.167103600000047 0.167103600000047 1.0 1.0 0.34823485000003984 0.34823485000003984 2.0 3.0 0.25577255000007426 0.25577255000007426 2.0 2.0 0.16612014999998334 0.16612014999998334 1.0 1.0 0.3493331000001376 0.3493331000001376 2.0 3.0 0.34899749999988217 0.34899749999988217 3.0 3.0 0.25813334999998006 0.25813334999998006 2.0 2.0
ps2 1.0 8.0     0.4579996500000192 0.4579996500000192 3.0 4.0 0.25028774999996983 0.25028774999996983 1.0 1.5 0.4572450500000045 0.4572450500000045 3.0 4.0 0.3520617500000469 0.3520617500000469 2.0 3.0 0.4458043000000771 0.4458043000000771 1.0 4.0 0.36783294999980853 0.36783294999980853 2.0 3.0 0.5806748999994227 0.5806748999994227 4.0 5.0 0.3541281999999768 0.3541281999999768 2.0 3.0
ps2 1.0 9.0         0.1673389000000043 0.1673389000000043 1.0 1.0     0.16625490000001264 0.16625490000001264 1.0 1.0 0.1685445999999331 0.1685445999999331 1.0 1.0 0.16761469999988776 0.16761469999988776 1.0 1.0 0.35186329999999444 0.35186329999999444 2.0 3.0 0.7714710000000196 0.7714710000000196 2.0 7.0
ps2 1.0 10.0         0.34852334999999357 0.34852334999999357 2.0 3.0     0.16952064999997415 0.16952064999997415 1.0 1.0 0.16858674999999576 0.16858674999999576 1.0 1.0 0.3530904000000845 0.3530904000000845 2.0 3.0 0.4883404999999641 0.4883404999999641 3.0 4.0 0.25477460000001884 0.25477460000001884 2.0 2.0
ps2 1.0 11.0         0.256007450000034 0.256007450000034 2.0 2.0     0.25380859999996375 0.25380859999996375 1.0 2.0 0.1699793999999883 0.1699793999999883 1.0 1.0 0.1658897500000407 0.1658897500000407 1.0 1.0 0.5393286499999022 0.5393286499999022 3.0 4.0 0.2582172999998704 0.2582172999998704 2.0 2.0
ps2 1.0 12.0         0.35068360000002485 0.35068360000002485 2.0 3.0     0.2574956499999814 0.2574956499999814 2.0 2.0 0.1671410499999837 0.1671410499999837 1.0 1.0 0.35429080000002955 0.35429080000002955 2.0 3.0 0.8035209499997791 0.8035209499997791 3.0 7.0 0.46440274999986286 0.46440274999986286 3.0 4.0
ps2 1.0 13.0                 0.25213409999999925 0.25213409999999925 1.0 2.0 0.16617090000002577 0.16617090000002577 1.0 1.0     0.16755779999996884 0.16755779999996884 1.0 1.0 0.25720019999995714 0.25720019999995714 1.0 2.0
ps2 1.0 14.0                 0.16480650000001162 0.16480650000001162 1.0 1.0 0.1702362999998286 0.1702362999998286 1.0 1.0     0.2546407000000954 0.2546407000000954 1.0 2.0 0.354511649999921 0.354511649999921 2.0 3.0
ps2 1.0 15.0                 0.1648738000000094 0.1648738000000094 1.0 1.0 0.1669940999999824 0.1669940999999824 1.0 1.0     0.2541597999999681 0.2541597999999681 1.0 1.5 0.45411174999992454 0.45411174999992454 2.0 3.5
ps2 1.0 16.0                 0.351643499999966 0.351643499999966 2.0 3.0 0.1668318000000717 0.1668318000000717 1.0 1.0     0.16945360000007526 0.16945360000007526 1.0 1.0 0.45887125000000134 0.45887125000000134 2.0 4.0
ps2 1.0 17.0                     0.16576040000009584 0.16576040000009584 1.0 1.0     0.17029164999998153 0.17029164999998153 1.0 1.0 0.4586638999999195 0.4586638999999195 2.0 4.0
ps2 1.0 18.0                     0.2531281499999949 0.2531281499999949 1.0 2.0     0.25377964999984215 0.25377964999984215 1.0 2.0 0.3591036999999915 0.3591036999999915 2.0 3.0
ps2 1.0 19.0                     0.16543694999998595 0.16543694999998595 1.0 1.0     0.1666312500000231 0.1666312500000231 1.0 1.0 0.1667790999999852 0.1667790999999852 1.0 1.0
ps2 1.0 20.0                     0.16468054999998571 0.16468054999998571 1.0 1.0     0.16835154999992596 0.16835154999992596 1.0 1.0 0.2531661499999984 0.2531661499999984 1.0 2.0
ps2 1.0 21.0                     0.2542154999999724 0.2542154999999724 1.0 2.0     0.2552816500003132 0.2552816500003132 1.0 2.0 0.16995469999999102 0.16995469999999102 1.0 1.0
ps2 1.0 22.0                     0.16565359999998464 0.16565359999998464 1.0 1.0     0.1681065000000217 0.1681065000000217 1.0 1.0 0.167501249999944 0.167501249999944 1.0 1.0
ps2 1.0 23.0                             0.1704220000000305 0.1704220000000305 1.0 1.0 0.25128094999988093 0.25128094999988093 1.0 2.0
ps2 1.0 24.0                                 0.16767285000003085 0.16767285000003085 1.0 1.0
ps2 1.0 25.0                                 0.1658282000000213 0.1658282000000213 1.0 1.0
ps2 1.0 26.0                                 0.2531887499999356 0.2531887499999356 1.0 2.0
ps2 1.0 27.0                                 0.16701660000001084 0.16701660000001084 1.0 1.0
ps2 1.0 28.0                                 0.1648750999999038 0.1648750999999038 1.0 1.0
ps2 1.0 29.0                                 0.25554970000004573 0.25554970000004573 1.0 2.0
ps2 1.0 30.0                                 0.1666535000000238 0.1666535000000238 1.0 1.0
ps2 2.0 1.0 2.545019300000291 3.9016040999994743 9.0 25.0 2.540369449999943 3.9559148500000347 9.0 25.0 2.5432391000001218 3.895213350000063 9.0 25.0 1.6197040000000409 2.9982154999999295 4.0 18.0 1.6319176999999878 3.0049819500001713 4.0 18.0 1.6351806499998816 3.0091571000000954 4.0 18.0 0.8916375000000833 2.2433392000002073 3.0 11.0 0.8935414500001002 2.2679837000000025 3.0 11.0 0.8946578500000335 2.2829633500002444 3.0 11.0
ps2 2.0 2.0 0.7823634000001789 0.7823634000001789 9.0 9.0 0.7812616999999022 0.7812616999999022 9.0 9.0 0.7791921999997911 0.7791921999997911 9.0 9.0 0.48409915000002 0.48409915000002 4.0 6.0 0.48611629999996353 0.48611629999996353 4.0 6.0 0.4860162499999916 0.4860162499999916 4.0 6.0 1.0227027500000792 1.0227027500000792 3.0 13.0 1.0238068000001874 1.0238068000001874 3.0 13.0 1.027200149999885 1.027200149999885 3.0 13.0
ps2 2.0 3.0             0.41667650000013623 0.41667650000013623 5.0 5.0 0.45253605000008434 0.45253605000008434 5.0 5.0 0.41861939999998293 0.41861939999998293 5.0 5.0 0.9665522999999752 0.9665522999999752 3.0 11.0 0.9722736499996927 0.9722736499996927 3.0 11.0 0.9805239000003212 0.9805239000003212 3.0 11.0
ps2 2.0 4.0             0.4195410000000379 0.4195410000000379 5.0 5.0 0.4211897500001669 0.4211897500001669 5.0 5.0 0.4206215499998791 0.4206215499998791 5.0 5.0 0.33227839999998565 0.33227839999998565 3.0 4.0 0.33607164999989436 0.33607164999989436 3.0 4.0 0.29612044999998943 0.29612044999998943 3.0 3.5
ps2 2.0 5.0                         0.2580205500002535 0.2580205500002535 3.0 3.0 0.2584674499999977 0.2584674499999977 3.0 3.0 0.2593500000000972 0.2593500000000972 3.0 3.0
ps2 2.0 6.0                         0.2565935500001046 0.2565935500001046 3.0 3.0 0.25809580000003507 0.25809580000003507 3.0 3.0 0.2573747500000252 0.2573747500000252 3.0 3.0
ps2 3.0 1.0 1.3435285999999809 1.3435285999999809 1.0 18.0 1.356864749999978 1.356864749999978 1.0 18.0 1.355028749999903 1.355028749999903 1.0 18.0 1.3668454499999925 1.3668454499999925 1.0 18.0 1.3604472499997655 1.3604472499997655 1.0 18.0 1.360363049999922 1.360363049999922 1.0 18.0 1.3506108499998675 1.3506108499998675 1.0 18.0 1.3650525000003886 1.3650525000003886 1.0 18.0 1.3763880499998606 1.3763880499998606 1.0 18.0
ps3 1.0 1.0 3.923858899999843 8.466228150000802 13.0 25.0 1.813264150000027 6.5835620500001255 6.0 14.0 0.8140101499998025 5.529001800000337 4.0 7.0 2.3781272000003355 6.201208450000308 10.0 18.0 0.9378700500002424 4.732240699999977 5.0 8.0 0.6920317000001432 4.4821913499997095 3.0 6.0 0.9463459999999202 3.927798700000068 5.0 8.0 0.35996299999993653 3.289959050000618 2.0 3.0 0.2767399500001204 3.4380041000000006 1.0 2.0
ps3 1.0 2.0 2.9804416499998467 5.044305150000184 13.0 20.0 1.1576038499999481 2.936916599999904 6.0 10.0 1.024695850000171 2.89895314999967 4.0 9.0 2.342959850000078 3.0155491500000693 10.0 17.0 1.1911832500000585 1.931721750000172 5.0 10.0 0.8946517000001108 1.3908412999998065 3.0 8.0 1.0842706000000528 2.1285314999999123 6.0 9.0 0.7929062499999304 1.84171780000014 3.0 7.0 0.5432605999999822 1.5082754000004006 2.0 4.0
ps3 1.0 3.0 1.651714949999928 1.651714949999928 9.0 13.0 1.444151500000146 1.444151500000146 7.0 12.0 0.899650299999621 0.899650299999621 4.0 8.0 0.4580487500001027 1.4465636499997458 3.0 4.0 0.9470561999991105 1.7982847000000248 5.0 8.0 0.3483812000000057 1.107552999999882 3.0 3.0 1.1612906999998809 1.4281625999999434 6.0 10.0 0.3582693500000289 1.0130494999998514 3.0 3.0 0.26701000000008435 1.1040465499999355 2.0 2.0
ps3 1.0 4.0 1.8735493500000757 1.8735493500000757 9.0 14.5 1.3471285000000535 1.3471285000000535 7.0 11.0 0.7957223500000197 0.7957223500000197 4.0 7.0 0.6675744999999722 1.3124060000000384 3.0 4.0 1.056348299999982 1.6476774500000606 5.0 9.0 0.7670737999998778 1.338127699999575 3.0 6.0 0.9315489999999897 1.3322330499999 7.0 8.0 0.9206203000000883 1.7722907999996664 3.0 8.0 0.26482659999999214 0.8371919999996749 2.0 2.0
ps3 1.0 5.0     0.5776909500002034 0.5776909500002034 4.0 5.0 0.9282879500001826 0.9282879500001826 5.0 8.0 0.8972396500002944 0.8972396500002944 5.0 7.0 0.17029224999991044 0.17029224999991044 1.0 1.0 0.6736333999999431 0.6736333999999431 4.0 6.0 0.3548696500001256 1.198407400000008 3.0 3.0 0.3531181499999434 1.018874200000255 3.0 3.0 0.5234285999999315 1.3654498500002314 2.0 4.0
ps3 1.0 6.0     0.9237554999997997 0.9237554999997997 4.0 8.0 0.6997424500001443 0.6997424500001443 5.0 6.0 1.0696200500000546 1.0696200500000546 5.0 9.0 0.2541613999999939 0.2541613999999939 1.0 2.0 0.923748450000204 0.923748450000204 4.0 8.0 0.6832970000001524 1.2450055500003714 3.0 6.0 0.68980984999979 1.1590412499998588 3.0 6.0 0.675890549999508 1.094779050000021 2.0 6.0
ps3 1.0 7.0     1.0368513500001484 1.0368513500001484 5.0 8.0 0.35389015000004065 0.35389015000004065 3.0 3.0 0.4588772499997731 0.4588772499997731 3.0 4.0 0.34884555000013506 0.34884555000013506 2.0 2.5 0.16814619999996333 0.16814619999996333 1.0 1.0 0.35764340000005745 0.35764340000005745 3.0 3.0 0.3502618999999001 0.3502618999999001 3.0 3.0 0.25824000000045544 0.25824000000045544 2.0 2.0
ps3 1.0 8.0     0.6923307500001101 0.6923307500001101 5.0 6.0 0.4808035000000004 0.4808035000000004 3.0 4.0 0.5740396000000487 0.5740396000000487 3.0 4.0 0.35122845000009306 0.35122845000009306 2.0 3.0 0.25208465000008573 0.25208465000008573 1.0 2.0 0.7358302499998786 0.7358302499998786 3.0 6.0 0.5851857499999369 0.5851857499999369 4.0 5.0 0.3581918500000043 0.3581918500000043 2.0 3.0
ps3 1.0 9.0         0.683138299999996 0.683138299999996 3.0 6.0     0.35103904999994023 0.35103904999994023 2.0 3.0 0.16863914999998997 0.16863914999998997 1.0 1.0 0.4668301999999045 0.4668301999999045 4.0 4.0 0.25474220000035075 0.25474220000035075 1.0 2.0 0.5721779500001674 0.5721779500001674 2.0 5.0
ps3 1.0 10.0         0.5716050499999739 0.5716050499999739 3.0 5.0     0.40071429999996155 0.40071429999996155 2.0 3.0 0.1680870000001278 0.1680870000001278 1.0 1.0 1.043665599999713 1.043665599999713 4.0 9.0 0.25397815000006574 0.25397815000006574 1.0 2.0 0.25495999999986907 0.25495999999986907 2.0 2.0
ps3 1.0 11.0         0.7867787499999537 0.7867787499999537 3.0 7.0     0.6796228499999302 0.6796228499999302 2.0 6.0 0.17096769999994882 0.17096769999994882 1.0 1.0 0.26266245000013555 0.26266245000013555 2.0 2.0 0.20042914999996242 0.20042914999996242 1.0 1.0 0.25930390000013404 0.25930390000013404 2.0 2.0
ps3 1.0 12.0         0.45825905000001654 0.45825905000001654 3.0 4.0     0.6743627000001169 0.6743627000001169 3.0 6.0 0.1798805999999331 0.1798805999999331 1.0 1.0 0.463545699999969 0.463545699999969 3.0 4.0 0.5623513500001422 0.5623513500001422 2.0 5.0 0.4652752500001043 0.4652752500001043 3.0 4.0
ps3 1.0 13.0                 0.1791140999999996 0.1791140999999996 1.0 1.0 0.1702163999999797 0.1702163999999797 1.0 1.0     0.1695680499999952 0.1695680499999952 1.0 1.0 0.1713381000000709 0.1713381000000709 1.0 1.0
ps3 1.0 14.0                 0.2140991000000554 0.2140991000000554 1.0 1.5 0.2574904499999775 0.2574904499999775 1.0 2.0     0.3480908000001932 0.3480908000001932 2.0 3.0 0.2537738500001296 0.2537738500001296 1.0 2.0
ps3 1.0 15.0                 0.2842272000000321 0.2842272000000321 2.0 2.0 0.26882765000021897 0.26882765000021897 1.0 2.0     0.5665480999999772 0.5665480999999772 2.0 5.0 0.17183970000001025 0.17183970000001025 1.0 1.0
ps3 1.0 16.0                 0.34954175000018495 0.34954175000018495 2.0 3.0 0.3466623499999457 0.3466623499999457 2.0 3.0     0.46019435000000897 0.46019435000000897 2.0 4.0 0.2540827000000405 0.2540827000000405 1.0 1.5
ps3 1.0 17.0                     0.3569847999996227 0.3569847999996227 2.0 3.0     0.26281899999986535 0.26281899999986535 2.0 2.0 0.26074205000003303 0.26074205000003303 2.0 2.0
ps3 1.0 18.0                     0.35509989999991376 0.35509989999991376 2.0 3.0     0.451637150000046 0.451637150000046 2.0 4.0 0.34996959999989485 0.34996959999989485 2.0 3.0
ps3 1.0 19.0                     0.16812979999996 0.16812979999996 1.0 1.0     0.45596929999996405 0.45596929999996405 2.0 4.0 0.2533485999999812 0.2533485999999812 1.0 2.0
ps3 1.0 20.0                     0.22064609999995355 0.22064609999995355 1.0 1.0     0.3482740000002309 0.3482740000002309 2.0 3.0 0.35081815000012284 0.35081815000012284 1.0 3.0
ps3 1.0 21.0                     0.21906975000030116 0.21906975000030116 1.0 1.5     0.1701799999999594 0.1701799999999594 1.0 1.0 0.16960754999998784 0.16960754999998784 1.0 1.0
ps3 1.0 22.0                     0.2536146000001054 0.2536146000001054 1.0 2.0     0.2548881999997974 0.2548881999997974 1.0 2.0 0.25456849999999775 0.25456849999999775 1.0 2.0
ps3 1.0 23.0                     0.2609937499999546 0.2609937499999546 2.0 2.0     0.25809169999979537 0.25809169999979537 2.0 2.0 0.3474098000004915 0.3474098000004915 2.0 3.0
ps3 1.0 24.0                     0.261229650000061 0.261229650000061 2.0 2.0     0.2601102999999512 0.2601102999999512 2.0 2.0 0.2583050999999159 0.2583050999999159 2.0 2.0
ps3 1.0 25.0                                 0.26482590000011896 0.26482590000011896 1.0 2.0
ps3 1.0 26.0                                 0.3550514000000078 0.3550514000000078 1.0 3.0
ps3 1.0 27.0                                 0.25417404999976156 0.25417404999976156 1.0 2.0
ps3 1.0 28.0                                 0.1697858500000109 0.1697858500000109 1.0 1.0
ps3 1.0 29.0                                 0.25277639999995927 0.25277639999995927 1.0 2.0
ps3 1.0 30.0                                 0.2535134999997126 0.2535134999997126 1.0 2.0
ps3 1.0 31.0                                 0.1678543999998965 0.1678543999998965 1.0 1.0
ps3 1.0 32.0                                 0.2540194500000439 0.2540194500000439 1.0 2.0
ps3 1.0 33.0                                 0.2578550000002906 0.2578550000002906 1.0 2.0
ps3 1.0 34.0                                 0.16873714999999834 0.16873714999999834 1.0 1.0
ps3 1.0 35.0                                 0.1672961499999701 0.1672961499999701 1.0 1.0
ps3 1.0 36.0                                 0.3654927000002317 0.3654927000002317 3.0 3.0
ps3 2.0 1.0 2.7585059999998904 4.665134750000121 10.0 26.0 2.8359884999998712 4.7415983500001175 10.0 26.0 2.7432612499999607 4.704529300000544 10.0 26.0 1.8639050499998855 3.772322349999513 5.0 20.0 1.8739457999999019 3.7695676000013805 5.0 20.0 1.8724371499998895 3.785544800000025 5.0 20.0 0.908419949999967 2.9232437000006826 3.0 11.0 0.894278550000422 2.9265276000005542 3.0 11.0 1.1306937500000345 3.0813957499998996 3.0 11.0
ps3 2.0 2.0 1.762167000000034 1.762167000000034 10.0 18.0 1.8886424999999465 1.8886424999999465 10.0 18.0 1.830477250000257 1.830477250000257 10.0 18.0 0.6258749499998828 0.6258749499998828 5.0 6.0 0.5070095999999751 0.5070095999999751 5.0 6.0 0.4957368000002589 0.4957368000002589 5.0 6.0 1.0513496499999349 1.0513496499999349 3.0 13.0 1.0537043999999942 1.0537043999999942 3.0 13.0 1.045852600000387 1.045852600000387 3.0 13.0
ps3 2.0 3.0             0.8357928500000682 0.8357928500000682 5.0 10.0 0.8459508500002357 0.8459508500002357 5.0 9.0 0.7602439999997017 0.7602439999997017 5.0 9.0 0.48339865000001936 0.48339865000001936 3.0 6.0 0.33192424999998593 0.33192424999998593 3.0 4.0 0.555899250000067 0.555899250000067 3.0 6.0
ps3 2.0 4.0             0.5624303499999428 0.5624303499999428 5.0 6.0 0.5569031999997947 0.5569031999997947 5.0 6.0 0.5826062499999409 0.5826062499999409 5.0 7.0 0.4913768500001936 0.4913768500001936 3.0 6.0 0.5647627499996588 0.5647627499996588 3.0 7.0 0.4903256999997154 0.4903256999997154 3.0 6.0
ps3 2.0 5.0                         0.66791835000015 0.66791835000015 4.0 8.0 0.6856433999998899 0.6856433999998899 4.0 8.0 0.7422867999995901 0.7422867999995901 4.0 8.0
ps3 2.0 6.0                         0.4178159499999765 0.4178159499999765 4.0 5.0 0.41965295000005653 0.41965295000005653 4.0 5.0 0.4174959999999146 0.4174959999999146 4.0 5.0
ps3 3.0 1.0 1.917104150000085 1.917104150000085 1.0 20.0 1.8923193000000396 1.8923193000000396 1.0 20.0 1.8933752499999912 1.8933752499999912 1.0 20.0 1.9434427999999284 1.9434427999999284 1.0 20.0 1.932908800000021 1.932908800000021 1.0 20.0 1.9299335499999306 1.9299335499999306 1.0 20.0 1.9174199999997725 1.9174199999997725 1.0 20.0 1.915168999999793 1.915168999999793 1.0 20.0 1.9073949500001675 1.9073949500001675 1.0 20.0
