   LE LE AC AC CF CF CP_EF_L CP_EF_L SP_EB_L SP_EB_L GT GT ST ST GT_POTT GT_POTT ST_POTT ST_POTT TT TT LT LT WT WT MET MET CT CT
statistic   0.5 IQR 0.5 IQR 0.5 IQR 0.5 IQR 0.5 IQR 0.5 IQR 0.5 IQR 0.5 IQR 0.5 IQR 0.5 IQR 0.5 IQR 0.5 IQR 0.5 IQR 0.5 IQR
problem online_bounds AL                            
pl1 "(2, 2)" 1 87.0 2.0 87.0 2.0 1.0 0.0 1.581818181818182 0.03636363636363704 0.6327391534787424 0.05410437297803228 16.481411149998625 0.7862432249997404 17.055739400006587 26.421636200004002 0.4952906311525074 0.31693587441893223 0.5047093688474926 0.31693587441893223 33.40090685000996 26.877669174997667 171.61515639999288 38.889945475006755 50.52617491250115 14.403227956252351 10.116446766668254 7.428709366664097 201.9290295500051 57.61657345000913
pl1 "(2, 2)" 2 55.0 0.0 55.0 0.0 1.0 0.0 1.896551724137931 0.0 0.9798199964798487 0.05042482050789954 7.216189250001207 0.09178999999852522 6.715892299995858 9.872606175001579 0.5189205327580028 0.26876356355018105 0.4810794672419972 0.2687635635501812 13.9401129999992 9.932847700002409 161.17333459999645 37.5480271250062 81.92576517499856 18.971501337503398 3.751710099999741 1.9677309249982495 163.814131549997 37.94395400000738
pl1 "(2, 2)" 3 29.0 0.0 29.0 0.0 1.0 0.0 1.0 0.0 0.0 0.0 3.6673010500007877 0.011700850003535379 143.144487299998 31.704079524993347 0.024951602553114634 0.0052860286473557574 0.9750483974468857 0.005286028647354946 146.8075645999945 31.700025874994992 146.8075645999945 31.700025874994992 146.8075645999945 31.700025874994992 0.0 0.0 146.8075645999945 31.700025874994992
pl1 "(2, 4)" 1 89.0 2.0 89.0 2.0 1.0 0.0 1.618181818181818 0.03636363636363593 0.6688927051171987 0.08896863289276835 15.708982049999575 0.6073739500013158 5.950041000000965 1.1754005000069014 0.7236192753909911 0.03393039469293724 0.27638072460900875 0.03393039469293757 21.880285550001645 1.4920365250030727 161.6420227499998 30.21050575000089 22.911541612500287 3.7742540031256624 3.1621030428576495 0.18653738214301674 182.73080754999881 30.194340950006307
pl1 "(2, 4)" 2 55.0 0.0 55.0 0.0 1.0 0.0 1.896551724137931 0.0 0.9798199964798487 0.0405433141281033 7.217760300000464 0.0895749999983746 6.01269645000184 6.530624349999865 0.5452733909686226 0.2122910822576985 0.45472660903137746 0.21229108225769844 13.222209000001385 6.601255574999183 157.8080626500007 30.132122024999916 80.75753262500052 14.554633300000205 4.337373400000956 1.8367975500004845 161.4776319 29.109371649999275
pl1 "(2, 4)" 3 29.0 0.0 29.0 0.0 1.0 0.0 1.0 0.0 0.0 0.0 3.6583823500000108 0.009812649998821588 141.47672210000013 24.368277699999297 0.025234122635610173 0.004356976171225831 0.9747658773643895 0.004356976171226323 145.18272949999985 24.371616824999705 145.18272949999985 24.371616824999705 145.18272949999985 24.371616824999705 0.0 0.0 145.18272949999985 24.371616824999705
pl1 "(2, 6)" 1 91.0 5.5 91.0 5.5 1.0 0.0 1.654545454545455 0.09999999999999987 0.6624039927424274 0.10426082744692722 16.142732849999902 1.0754739000036544 4.649406600000418 0.9214955750006766 0.7742922986642354 0.032071254654185366 0.2257077013357643 0.03207125465418548 21.034172449993093 1.3432470499897633 164.12629615000014 22.58191032500227 15.607878379166605 1.8009454875001971 2.1301409272727225 0.2033690727266937 186.74005859999875 21.61010389999751
pl1 "(2, 6)" 2 55.0 0.0 55.0 0.0 1.0 0.0 1.896551724137931 0.0 0.9798199964798487 0.02775350848291025 7.243306749999647 0.1759195249989034 8.435342950001086 8.886558274999402 0.4625248258559644 0.23577121723179173 0.5374751741440358 0.23577121723179167 15.694384050001984 9.051295424995942 162.27464914999925 22.037606474996295 83.25848342499796 10.797771862490322 3.107187599996905 2.2517318249988425 166.4797942499954 21.59549417498073
pl1 "(2, 6)" 3 29.0 0.0 29.0 0.0 1.0 0.0 1.0 0.0 0.0 0.0 3.660373299999719 0.009854750000840795 144.97375559999944 23.668493599997277 0.024644779497510916 0.004072776093982808 0.9753552205024891 0.004072776093983155 148.63097184999918 23.670884599999567 148.63097184999918 23.670884599999567 148.63097184999918 23.670884599999567 0.0 0.0 148.63097184999918 23.670884599999567
pl1 "(4, 2)" 1 89.0 3.5 89.0 3.5 1.0 0.0 1.618181818181818 0.06363636363636371 0.6772078711569569 0.11042220542208803 16.36072534999926 0.7126965250051835 6.447118499999874 1.0312571500037402 0.7221898027677712 0.030061621101982294 0.2778101972322289 0.030061621101982128 22.82151169999986 1.037156750000321 155.0767308499999 24.259122549993492 22.35964830624971 3.1711760750004636 3.2998903714284324 0.15198429999882812 178.4433701999983 25.37082262500772
pl1 "(4, 2)" 2 55.0 0.0 55.0 0.0 1.0 0.0 1.896551724137931 0.0 0.9899017875508954 0.03796962157457562 6.628272199999174 0.05598675000118192 2.667155199999911 0.5157521999989285 0.7124389405140161 0.037312723526413016 0.28756105948598387 0.03731272352641318 9.3248584999983 0.52653127499417 149.6880408999991 24.547099625000982 38.84083691249964 6.192969087501183 1.7215331666671625 0.1106811416640694 155.2523124499994 24.77253380000775
pl1 "(4, 2)" 3 29.0 0.0 29.0 0.0 1.0 0.0 1.0 0.0 0.0 0.0 3.6793473999991875 0.013601949998587326 141.8608953999992 24.802925825002774 0.025244235080222326 0.004128347944864528 0.9747557649197776 0.004128347944864608 145.5348032500001 24.805113225003822 145.5348032500001 24.805113225003822 145.5348032500001 24.805113225003822 0.0 0.0 145.5348032500001 24.805113225003822
pl1 "(4, 4)" 1 87.0 2.0 87.0 2.0 1.0 0.0 1.581818181818182 0.03636363636363593 0.6172737648579281 0.07613514332246474 15.76150739999946 0.37226977499790337 4.130017450000196 0.9372646500039536 0.794190316049463 0.03978079327158146 0.20580968395053684 0.03978079327158135 20.03666314999805 1.028013549992238 159.4224871000017 21.76317099999983 11.491102090625105 1.3334358749999726 1.6210629033332755 0.06455637666668612 183.05020040000142 21.333215124998105
pl1 "(4, 4)" 2 55.0 0.0 55.0 0.0 1.0 0.0 1.896551724137931 0.0 0.9747266909205404 0.03836800952167119 6.64977885000053 0.06043164999778128 2.849831500000164 0.6330790499993095 0.7014347346463145 0.043355091134142376 0.2985652653536855 0.04335509113414199 9.493798249999372 0.6723495000021558 157.5608396500029 20.64491645000092 40.65600665000022 5.083451368749998 1.7260725833331585 0.09133742500324615 162.51089280000087 20.332763374997967
pl1 "(4, 4)" 3 29.0 0.0 29.0 0.0 1.0 0.0 1.0 0.0 0.0 0.0 3.6864091500006 0.020672975001403415 149.38537955000155 20.732093424998084 0.024088030199472806 0.0034365697815606777 0.9759119698005274 0.0034365697815603724 153.06879905000068 20.66011079999774 153.06879905000068 20.66011079999774 153.06879905000068 20.66011079999774 0.0 0.0 153.06879905000068 20.66011079999774
pl1 "(4, 6)" 1 91.0 4.0 91.0 4.0 1.0 0.0 1.654545454545455 0.07272727272727297 0.6620546293345662 0.12592995862495882 16.89657764999674 0.762391974989729 3.3325944000011987 1.178767124997648 0.833798205552199 0.0426104275505127 0.16620179444780114 0.04261042755051239 20.384999550002245 1.4291460499937614 151.1899435000023 22.8837444500015 7.366305139583953 0.9759756062498557 1.1120633130431385 0.06274216413045353 175.6096219000128 23.03922159999661
pl1 "(4, 6)" 2 55.0 0.0 55.0 0.0 1.0 0.0 1.896551724137931 0.0 0.9747266909205404 0.04834815124600045 6.642079949998788 0.06160679999976537 2.752945050004655 0.30405647500290867 0.7078454686528779 0.022124387511545884 0.2921545313471221 0.02212438751154583 9.426469950002456 0.3654076749991191 149.8598531500029 22.111285600004493 38.735977200001344 5.520298268750793 1.727927900000168 0.09650021666542852 154.83176165000395 22.081997075001794
pl1 "(4, 6)" 3 29.0 0.0 29.0 0.0 1.0 0.0 1.0 0.0 0.0 0.0 3.677036750000184 0.018457950003494705 141.58014499999763 22.202725024996397 0.025307860904193766 0.0037612937157262202 0.9746921390958063 0.0037612937157254223 145.2559004000027 22.200241674999205 145.2559004000027 22.200241674999205 145.2559004000027 22.200241674999205 0.0 0.0 145.2559004000027 22.200241674999205
pl1 "(6, 2)" 1 87.0 2.0 87.0 2.0 1.0 0.0 1.581818181818182 0.03636363636363704 0.6077377096004355 0.060611856576756495 15.805028700001909 0.4988800000026288 5.036276800002952 1.0140466250012423 0.7577948460007725 0.03355422225387339 0.2422051539992276 0.03355422225387361 20.941984149998973 1.3197982499998453 154.47237249999975 22.836461499998222 14.767745041666595 1.9517116312510758 2.0913006409093873 0.09440010681759281 176.51728574999944 23.425983375013743
pl1 "(6, 2)" 2 55.0 0.0 55.0 0.0 1.0 0.0 1.896551724137931 0.0 0.9747266909205404 0.03836800952167119 6.631266449999657 0.040223149994744745 2.1980812999995005 0.618411050000987 0.7507530725975065 0.05070375767527535 0.2492469274024935 0.05070375767527546 8.838981500000955 0.6228269749960873 150.14431329999934 22.769374299997935 25.950728916666797 3.8173598041678716 1.1282762699998785 0.10486947499987331 155.5174601000001 22.90341957500692
pl1 "(6, 2)" 3 29.0 0.0 29.0 0.0 1.0 0.0 1.0 0.0 0.0 0.0 3.6741753000001154 0.017245274999140747 143.1948546999986 22.867032774998307 0.0249691829480818 0.004165718829100645 0.9750308170519183 0.004165718829100773 146.86177884999984 22.866466524993825 146.86177884999984 22.866466524993825 146.86177884999984 22.866466524993825 0.0 0.0 146.86177884999984 22.866466524993825
pl1 "(6, 4)" 1 89.0 2.0 89.0 2.0 1.0 0.0 1.618181818181818 0.03636363636363704 0.6512239689735674 0.08515772085609952 16.712153699997543 0.48188047500108055 3.5084350000011 0.7880147000017241 0.8291060459072006 0.032945363662458704 0.17089395409279953 0.032945363662458926 20.336338200003635 1.0734157000017248 153.68140624999705 21.397582250002586 7.492977204166853 0.8688250510419664 1.127982495652008 0.038257405434630076 178.55407695000537 20.881748900001384
pl1 "(6, 4)" 2 55.0 0.0 55.0 0.0 1.0 0.0 1.896551724137931 0.0 0.9798199964798487 0.02775350848291025 6.610214800000904 0.03189642499705769 2.230461300006482 0.5859136500002649 0.7500319890283633 0.048435716997690226 0.2499680109716367 0.048435716997690365 8.839457700010826 0.562083824998922 152.1377765999973 20.991188449999584 26.31962599166627 3.3455577458328243 1.1357098499996936 0.12691238500058333 157.72495004999746 20.075440324998937
pl1 "(6, 4)" 3 29.0 0.0 29.0 0.0 1.0 0.0 1.0 0.0 0.0 0.0 3.6734895500005678 0.01215404999589964 145.11659270000064 20.99622097500091 0.024661323003968748 0.003557812396856843 0.9753386769960308 0.0035578123968569297 148.7791551500018 21.02058482500209 148.7791551500018 21.02058482500209 148.7791551500018 21.02058482500209 0.0 0.0 148.7791551500018 21.02058482500209
pl1 "(6, 6)" 1 93.0 4.0 93.0 4.0 1.0 0.0 1.690909090909091 0.07272727272727209 0.6911532945109313 0.1452639152912144 18.156389050002417 0.9873517499982007 2.919343550002509 0.94116897499896 0.8631541968658547 0.03515406735893278 0.1368458031341454 0.035154067358932645 21.206022649997976 1.1881021749877085 155.82363724999897 25.2381078750025 5.313595720714216 0.7817791159035208 0.8278806024956065 0.03477936029453177 182.3866635499833 26.216636224996392
pl1 "(6, 6)" 2 55.0 0.0 55.0 0.0 1.0 0.0 1.896551724137931 0.0 0.9798199964798487 0.0405433141281033 6.614867049998338 0.060940199998754 2.2345335499999237 0.6857998000025418 0.7481264584859617 0.05616925230004821 0.2518735415140383 0.05616925230004821 8.865678050000668 0.663019275002739 154.49953954999933 25.245794550003723 26.709894791666642 4.414114525000681 1.1304559599998014 0.1260089550010437 160.02603400000035 26.32646972500507
pl1 "(6, 6)" 3 29.0 0.0 29.0 0.0 1.0 0.0 1.0 0.0 0.0 0.0 3.6824091499984206 0.014876674995547567 147.56433129999945 25.088512924999293 0.024231553223822956 0.0038795176390865257 0.9757684467761774 0.0038795176390860053 151.22559809999933 25.1526257000032 151.22559809999933 25.1526257000032 151.22559809999933 25.1526257000032 0.0 0.0 151.22559809999933 25.1526257000032
pl2 "(2, 2)" 1 145.0 6.0 145.0 6.0 1.0 0.0 3.340909090909091 0.1363636363636358 1.004090378786911 0.04935136185896971 47.746775600001 4.204181500006598 64.02204620000066 66.3105462000112 0.4174776486207499 0.17607067515097746 0.5825223513792502 0.17607067515097685 111.7246775999956 68.30471160001713 56.19342120000692 20.977186899996013 29.81101517499951 17.380826725008998 22.22090160000213 17.002301199996808 118.1273076999987 69.53058810003311
pl2 "(2, 2)" 2 44.0 0.0 44.0 0.0 1.0 0.0 2.2 0.0 0.9635931483667911 0.04520229318684166 3.106665700000349 0.05225129999962519 1.114927599998737 0.578131199999689 0.7372197578361375 0.08684296515870049 0.2627802421638627 0.08684296515870063 4.236315699999068 0.6687294999985625 4.845828699997583 1.1416509999980917 3.233872799998608 0.39223954999977195 1.621916899999633 0.4395041999978282 6.341469299996788 0.7861524999987068
pl2 "(2, 2)" 3 20.0 0.0 20.0 0.0 1.0 0.0 1.0 0.0 0.0 0.0 1.238932099999147 0.013479299998835126 0.8004187000015008 0.20582749999721273 0.606280758736511 0.05789210747225171 0.3937192412634885 0.05789210747225215 2.042954600001394 0.2099356999970039 2.042954600001394 0.2099356999970039 2.042954600001394 0.2099356999970039 0.0 0.0 2.042954600001394 0.2099356999970039
pl2 "(2, 4)" 1 145.0 9.5 145.0 9.5 1.0 0.0 3.340909090909091 0.22727272727272707 0.9904051061977209 0.033449865871700735 41.67148629999724 3.470372750001033 22.956140700000336 15.774314624999981 0.6398042727938369 0.12767361823774226 0.3601957272061631 0.12767361823774226 63.90734515000429 19.56633554999803 18.44860480000125 2.184275000001911 8.98521965625028 2.364988906249808 7.388560857142904 2.841403560714107 70.7909105000025 18.907715449998705
pl2 "(2, 4)" 2 44.0 0.0 44.0 0.0 1.0 0.0 2.2 0.0 0.9625433902762094 0.03569202124575943 3.113798600000621 0.053131950000647965 1.0802951500006657 0.7179397250019401 0.7439021816823556 0.11819341171574316 0.25609781831764444 0.11819341171574288 4.215127600001097 0.7066788000037159 4.823872249998658 1.1006021750012138 3.2162402499992027 0.4250120124999488 1.5494799499988399 0.4528674249994533 6.302548399999523 0.8401729499968562
pl2 "(2, 4)" 3 20.0 0.0 20.0 0.0 1.0 0.0 1.0 0.0 0.0 0.0 1.2344809499998917 0.010351499999019076 0.8140229500008331 0.10190722499820026 0.6017766482414741 0.030228276647931485 0.39822335175852563 0.030228276647930985 2.0535006499999895 0.10240927499933239 2.0535006499999895 0.10240927499933239 2.0535006499999895 0.10240927499933239 0.0 0.0 2.0535006499999895 0.10240927499933239
pl2 "(2, 6)" 1 146.0 8.0 146.0 8.0 1.0 0.0 3.386363636363636 0.1818181818181821 1.0177643530140965 0.05744690765280458 39.61306365000007 2.648644549998778 13.774764049998796 2.337547675000904 0.7405699320935665 0.022641096322690846 0.2594300679064335 0.022641096322690596 53.16050020000057 4.895978074998162 10.60830724999914 0.9196462499991167 5.108592904166491 0.42794408333298684 4.581829327272689 0.4403093090911705 59.541506050002226 5.445274524998325
pl2 "(2, 6)" 2 44.0 2.0 44.0 2.0 1.0 0.0 2.2 0.10000000000000009 0.9737753152069049 0.04272898280089976 3.0831520999996656 0.044334599999573676 1.01719530000031 0.49954194999924106 0.7517809069320365 0.0832330949441028 0.24821909306796358 0.08323309494410261 4.109415750000323 0.49381204999983197 4.6664357499984135 0.9129118999999548 3.1393649750000634 0.2973114125003633 1.5677731499988572 0.4785145750006736 6.157227250000233 0.5936084750005932
pl2 "(2, 6)" 3 20.0 0.0 20.0 0.0 1.0 0.0 1.0 0.0 0.0 0.0 1.234770450000269 0.006596275001129248 0.7870517999998583 0.11319355000028963 0.6100612867077108 0.033492090083423354 0.3899387132922894 0.03349209008342324 2.017225250000365 0.11392070000124477 2.017225250000365 0.11392070000124477 2.017225250000365 0.11392070000124477 0.0 0.0 2.017225250000365 0.11392070000124477
pl2 "(4, 2)" 1 145.0 8.0 145.0 8.0 1.0 0.0 3.340909090909091 0.18181818181818077 0.9962779462238945 0.029727955139787876 44.42763644999994 3.2527544749991577 52.155672300001015 11.295320549991118 0.45637998131044677 0.04727232214256083 0.5436200186895533 0.04727232214256116 97.03673445000015 12.827026775001485 20.312197549999382 7.32407707499706 13.045131468750139 1.631310625000248 11.48871056428569 1.9464277178575013 102.7943637500006 12.65279585000107
pl2 "(4, 2)" 2 44.0 2.0 44.0 2.0 1.0 0.0 2.2 0.10000000000000009 0.9625433902762094 0.04837685549421322 2.946106700000314 0.13876692499871934 0.8694622499992875 0.41881682499952433 0.7690576659121209 0.08968829803246414 0.23094233408787915 0.08968829803246414 3.805506299998569 0.33111797499954276 4.008114349999829 0.2083005999946166 1.5578013374992705 0.1611446124990723 0.7668342666667817 0.1420734416671413 5.8381553500003065 0.5940822750002326
pl2 "(4, 2)" 3 20.0 0.0 20.0 0.0 1.0 0.0 1.0 0.0 0.0 0.0 1.233921550000105 0.012789575000652587 0.8083952000010868 0.11042215000054512 0.604757567898603 0.03220326535966345 0.395242432101397 0.03220326535966317 2.049057000001767 0.09738597500262358 2.049057000001767 0.09738597500262358 2.049057000001767 0.09738597500262358 0.0 0.0 2.049057000001767 0.09738597500262358
pl2 "(4, 4)" 1 146.0 8.0 146.0 8.0 1.0 0.0 3.3636363636363633 0.1818181818181821 0.9978647151243378 0.038901224797544987 39.740114950000304 2.6801994749966056 13.069383500002685 2.4453819750004833 0.7511057876412854 0.02541953509237116 0.24889421235871462 0.02541953509237105 52.47407604999762 4.327925024996205 10.26102625000027 0.6339265749953977 3.82138584999997 0.28263666875019977 3.42162857666668 0.2749139950000994 58.45026510000389 4.783239775002116
pl2 "(4, 4)" 2 44.0 2.0 44.0 2.0 1.0 0.0 2.2 0.10000000000000009 0.9625433902762094 0.03334771543864601 2.9393309000005274 0.13959110000035846 1.040596050000019 0.6447875499998688 0.7372675082683692 0.11616212869944886 0.2627324917316308 0.11616212869944864 3.960427299999836 0.6033313999985523 4.004814600000486 0.19703037500204346 1.6029074750000518 0.18613031875023034 0.8008614166665591 0.19643499999994174 6.031357750000723 0.7260155749991668
pl2 "(4, 4)" 3 20.0 0.0 20.0 0.0 1.0 0.0 1.0 0.0 0.0 0.0 1.2297860000001042 0.006081000000505599 0.7814332499995089 0.12488562499933664 0.6114906050659796 0.03696068436440314 0.38850939493402054 0.03696068436440275 2.0096555999994763 0.12781632499948592 2.0096555999994763 0.12781632499948592 2.0096555999994763 0.12781632499948592 0.0 0.0 2.0096555999994763 0.12781632499948592
pl2 "(4, 6)" 1 147.0 8.0 147.0 8.0 1.0 0.0 3.431818181818182 0.1818181818181821 1.004703810939372 0.04198088829665225 39.45725780000055 2.478064449992182 11.02631585000131 1.6591968500013081 0.7803514939761848 0.019668253041313588 0.2196485060238153 0.01966825304131367 49.98558045000368 4.37407342500137 9.299227499999233 0.4335960499995508 2.550851080615783 0.11026860090587443 2.2436756661067845 0.10459823858697437 56.20124814999349 3.8167726250002687
pl2 "(4, 6)" 2 44.0 0.0 44.0 0.0 1.0 0.0 2.2 0.0 0.9625433902762094 0.045742977872286095 2.9346857500011083 0.04129790000092726 0.8640440999998873 0.6093562999988937 0.7716335738177248 0.1093435896064141 0.2283664261822752 0.10934358960641413 3.804026999998996 0.608713050001199 3.9736194499991484 0.2814747250001228 1.584739174999413 0.20738168124996315 0.795814999999872 0.21326624166623753 5.821342050000055 0.5492108250005572
pl2 "(4, 6)" 3 20.0 0.0 20.0 0.0 1.0 0.0 1.0 0.0 0.0 0.0 1.2298506500000594 0.006729549999761275 0.797040549999565 0.11969694999947933 0.6068433088671172 0.03729927257700816 0.3931566911328829 0.037299272577008546 2.020995849999821 0.11358869999952437 2.020995849999821 0.11358869999952437 2.020995849999821 0.11358869999952437 0.0 0.0 2.020995849999821 0.11358869999952437
pl2 "(6, 2)" 1 153.0 38.0 153.0 38.0 1.0 0.0 3.25 0.18181818181818166 0.97949488416326 0.0525913802943323 42.64295270000002 11.313438500001133 27.519883149999714 10.01219547499602 0.6220503969856408 0.07176057191006902 0.3779496030143592 0.07176057191006896 73.39440444999906 18.688078449995345 9.894159800000692 8.281301975003316 6.842368129166639 1.6528191354169666 6.040356081818164 2.166168570454569 79.78638194999974 19.246479775003195
pl2 "(6, 2)" 2 52.0 10.0 52.0 10.0 1.0 0.0 2.6 0.5 1.0135790086869196 0.0880036870538552 3.5827734499989674 0.7364578749991324 0.9464290499990966 0.7778701499991598 0.7806876095629443 0.13059977465339245 0.21931239043705558 0.13059977465339256 4.63271780000116 0.9960656500004328 3.3708734000012157 0.5068383250007287 1.2207917416669338 0.20598044583387765 0.827600949999578 0.30817404500022305 6.69715609999912 1.3323303499984434
pl2 "(6, 2)" 3 20.0 0.0 20.0 0.0 1.0 0.0 1.0 0.0 0.0 0.0 1.241395349998811 0.01118127500143351 0.8301865999992515 0.1438493749996752 0.5980464233888705 0.04183545410746059 0.40195357661112974 0.04183545410746076 2.063980749999587 0.14643844999699196 2.063980749999587 0.14643844999699196 2.063980749999587 0.14643844999699196 0.0 0.0 2.063980749999587 0.14643844999699196
pl2 "(6, 4)" 1 157.5 41.5 157.5 41.5 1.0 0.0 3.3606811145510838 0.4430199430199431 1.0291014949395865 0.0650367637139454 41.994307649999655 9.43424882499908 14.05788765000059 7.19617445000077 0.7798823161240526 0.10433701273309359 0.22011768387594735 0.10433701273309356 60.02335665000646 11.552565999997626 5.859930300000599 3.12590602500336 2.9814651000005767 0.4337043507246685 2.743676010869679 0.5243601953555452 66.19086665000123 11.019218625005124
pl2 "(6, 4)" 2 52.0 11.5 52.0 11.5 1.0 0.0 2.6 0.5749999999999997 1.01192319016096 0.08395302631781465 3.554167549999875 0.8022031749988514 1.0263448000014535 0.7069894749995453 0.7903302543170554 0.11973017436443867 0.20966974568294455 0.11973017436443872 4.60295425000038 0.8318767499997648 3.2324067499995977 0.43746042500117666 1.240642383333333 0.13147965416693297 0.8384562900003629 0.14180864000043703 6.760630700001457 0.6477837500014516
pl2 "(6, 4)" 3 20.0 0.0 20.0 0.0 1.0 0.0 1.0 0.0 0.0 0.0 1.237958500000332 0.011305024999103797 0.7810216499992748 0.13111409999994805 0.6135084588254573 0.03855308248036682 0.38649154117454254 0.03855308248036682 2.0178212500001105 0.14032005000052528 2.0178212500001105 0.14032005000052528 2.0178212500001105 0.14032005000052528 0.0 0.0 2.0178212500001105 0.14032005000052528
pl2 "(6, 6)" 1 158.0 20.25 158.0 20.25 1.0 0.0 3.340909090909091 0.4430361305361301 1.0331091203464364 0.05399196021469632 41.43004615000166 4.659411924995339 9.467576350001991 1.9393495499971038 0.815251418798622 0.02613807205341756 0.18474858120137802 0.026138072053417644 50.91277230000111 4.7342493499969365 5.820577850000973 0.877952250001556 1.994839377311746 0.2019274021085793 1.8673745956249554 0.1678459747710297 57.340363950000665 4.961241624998877
pl2 "(6, 6)" 2 52.0 10.0 52.0 10.0 1.0 0.0 2.6 0.5 1.00608214630107 0.05743872680674034 3.525929749999733 0.7454603249996126 0.9284088499983909 0.6415577250024287 0.7933223019576023 0.09667706078329485 0.2066776980423977 0.09667706078329497 4.5840009499997905 0.9268988749965388 3.3969791500000497 0.5209649250010666 1.2356876166663755 0.16474753750012816 0.8138997800001562 0.23196995999990133 6.726418199999557 0.9974171499995919
pl2 "(6, 6)" 3 20.0 0.0 20.0 0.0 1.0 0.0 1.0 0.0 0.0 0.0 1.2323501500001162 0.011018949999708871 0.8220986000005723 0.1233980750002388 0.6005285392071493 0.037181369275567144 0.39947146079285056 0.03718136927556648 2.050797550000766 0.11804337499950224 2.050797550000766 0.11804337499950224 2.050797550000766 0.11804337499950224 0.0 0.0 2.050797550000766 0.11804337499950224
