problem   ps1 ps1 ps1 ps1 ps1 ps1 ps1 ps1 ps2 ps2 ps2 ps2 ps2 ps2 ps2 ps2 ps3 ps3 ps3 ps3 ps3 ps3 ps3 ps3
   "Wait time" "Yield time" "Percent wait time" "Percent yield time" Size Length "Expansion factor" "Sub-Plan expansion deviation" "Wait time" "Yield time" "Percent wait time" "Percent yield time" Size Length "Expansion factor" "Sub-Plan expansion deviation" "Wait time" "Yield time" "Percent wait time" "Percent yield time" Size Length "Expansion factor" "Sub-Plan expansion deviation"
online_bounds AL PN                        
"(2, 2)" 1.0 1.0 4.011256749999973 4.011256749999973   8.0 13.0 1.625 0.7440238091428449 6.329785499999829 6.329785499999829   12.0 22.0 1.833333333333333 1.414213562373095 7.271522299999447 7.271522299999447   13.0 24.0 1.866666666666667 1.4088362464537845
"(2, 2)" 1.0 2.0 1.9650974499999805 5.99533194999978   9.0 14.0 1.555555555555556 0.7440238091428449 2.748085950000082 9.403438150000095   13.0 19.0 1.4807692307692304 0.9674179220468452 3.6242986500003553 11.04309910000001   13.0 19.5 1.5192307692307696 0.7847251473794521
"(2, 2)" 1.0 3.0 0.5096532000000309 6.513138199999901   4.0 5.0 1.25 0.5 0.5163406999999722 9.96262195000017   4.0 5.0 1.25 0.5 1.3933409500001517 12.540681500000005   9.0 13.0 1.6 0.7440238091428449
"(2, 2)" 1.0 4.0 1.19618554999991 7.855689200000015   5.0 11.0 2.2 2.16794833886788 1.2389079999999808 12.071584750000225   5.0 11.0 2.2 2.16794833886788 3.426327000000171 16.45216375000075   9.0 22.0 2.5 2.6909791963841636
"(2, 2)" 2.0 1.0 2.6542863499999356 2.6542863499999356   9.0 17.0 1.888888888888889 1.05409255338946 3.6440160999999875 3.6440160999999875   9.0 25.0 2.777777777777778 2.990726407487727 4.339791050000144 4.339791050000144   10.0 26.0 2.6 2.796823595120404
"(2, 2)" 2.0 2.0 0.4984499500000368 3.163753299999854   9.0 9.0 1.0 0.0 0.5030996999999502 4.157519700000108   9.0 9.0 1.0 0.0 1.3667711000000509 5.715792999999763   10.0 18.0 1.8 1.0645301265813
"(2, 2)" 3.0 1.0 1.3473304499997596 1.3473304499997596   1.0 18.0 1.0 0.0 1.3452360000001988 1.3452360000001988   1.0 18.0 1.0 0.0 1.900415499999582 1.900415499999582   1.0 20.0 1.0 0.0
"(2, 4)" 1.0 1.0 3.5027382500000357 3.5027382500000357   4.0 8.0 2.0 0.0 5.258777049999821 5.258777049999821   6.0 14.0 2.333333333333333 1.861898672502525 5.930090100000314 5.930090100000314   6.0 14.0 2.333333333333333 1.861898672502525
"(2, 4)" 1.0 2.0 1.1263056000000236 4.7910169000000025   4.0 5.0 1.25 0.5 1.287567249999853 6.589775750000072   6.0 8.0 1.333333333333333 0.5163977794943222 2.2227107500001466 8.325543700000708   6.0 10.0 1.375 0.7713623692439489
"(2, 4)" 1.0 3.0 0.846886949999643 5.592438149999907   4.0 8.0 2.0 0.816496580927726 1.225917950000053 8.055638449999918   6.0 10.0 1.666666666666667 1.211060141638997 1.1808955500000025 9.793771549999619   7.0 11.0 1.625 0.7867957924694432
"(2, 4)" 1.0 4.0 0.5954009000000084 6.4628334500000175   5.0 6.0 1.25 0.5 0.8922830000000204 9.002795149999912   7.0 9.0 1.285714285714286 0.7559289460184544 1.1553976499999976 10.922842299999676   7.0 11.0 1.571428571428571 0.7559289460184544
"(2, 4)" 1.0 5.0 0.34714910000010946 6.796262949999573   2.0 3.0 1.5 0.7071067811865476 0.34932235000002265 9.351104849999857   2.0 3.0 1.5 0.7071067811865476 0.5119915999999307 11.455532849999585   4.0 5.0 1.25 0.5
"(2, 4)" 1.0 6.0 0.2568146500000239 7.096853599999848   2.0 2.0 1.0 0.0 0.25906600000001845 9.612149649999807   2.0 2.0 1.0 0.0 0.7391503500000027 12.242881849999705   4.0 7.0 1.6333333333333335 0.8944271909999159
"(2, 4)" 1.0 7.0 0.34752930000007604 7.454462650000261   2.0 3.0 1.5 0.7071067811865476 0.3516590000000406 9.96386864999978   2.0 3.0 1.5 0.7071067811865476 1.024831600000013 13.237278050000324   5.0 9.0 2.0 0.7071067811865476
"(2, 4)" 1.0 8.0 2.394114950000187 9.644556150000568   3.0 18.0 6.0 3.785938897200183 1.298363400000106 11.845623849999825   3.0 11.0 3.666666666666667 3.785938897200183 2.130330550000025 15.35389155000024   5.0 17.0 3.4 3.3239413039126595
"(2, 4)" 2.0 1.0 2.6879911500001583 2.6879911500001583   9.0 17.0 1.888888888888889 1.05409255338946 3.677409999999952 3.677409999999952   9.0 25.0 2.777777777777778 2.948634335492355 4.348293600000275 4.348293600000275   10.0 26.0 2.6 2.756809750418045
"(2, 4)" 2.0 2.0 0.5007432000000449 3.1947997500000724   9.0 9.0 1.0 0.0 0.5023302999999828 4.192892550000032   9.0 9.0 1.0 0.0 1.4002635999997894 5.7633574000003875   10.0 18.0 1.8 0.9189365834726815
"(2, 4)" 3.0 1.0 1.3722622500001194 1.3722622500001194   1.0 18.0 1.0 0.0 1.3643171500000335 1.3643171500000335   1.0 18.0 1.0 0.0 1.887833099999913 1.887833099999913   1.0 20.0 1.0 0.0
"(2, 6)" 1.0 1.0 3.145049049999983 3.145049049999983   2.0 4.0 2.0 0.0 4.4033491999998375 4.4033491999998375   4.0 7.0 1.75 0.5 5.201961599999379 5.201961599999379   4.0 7.0 1.75 0.5
"(2, 6)" 1.0 2.0 1.0271751500001471 4.173719199999994   3.0 5.0 1.666666666666667 0.5773502691896257 1.44672555000011 5.857178199999737   4.0 9.0 2.25 2.5 2.350120350000452 7.8362117999997025   4.0 9.0 2.25 2.5
"(2, 6)" 1.0 3.0 0.40819969999995465 4.5942124500001285   3.0 4.0 1.333333333333333 0.5773502691896257 0.6152592499998946 6.508126700000162   4.0 6.0 1.5 0.5773502691896257 0.8418161500000281 8.603644649999893   4.0 8.0 1.6 0.816496580927726
"(2, 6)" 1.0 4.0 0.6385082499999726 5.235284400000268   3.0 6.0 2.0 1.0 0.5814862499999975 7.347368600000209   4.0 5.0 1.25 0.5 0.7397316000002263 9.412278099999853   4.0 7.0 1.75 0.8366600265340756
"(2, 6)" 1.0 5.0 0.6360974000000112 5.922626550000302   3.0 6.0 2.0 1.154700538379251 0.7331815000000859 8.171483449999997   4.0 7.0 1.75 0.9574271077563381 0.8683387500001345 10.28166559999981   5.0 8.0 1.8 0.8366600265340756
"(2, 6)" 1.0 6.0 0.4217930499999909 6.35918360000003   3.0 4.0 1.333333333333333 0.5773502691896257 1.1961120999998656 9.204102549999789   5.0 11.0 2.2 1.643167672515498 0.9171468499999731 11.14022424999984   5.0 7.0 1.5 0.7071067811865476
"(2, 6)" 1.0 7.0 0.25198144999993133 6.558409799999893   1.0 2.0 2.0 0.0 0.16842709999997396 9.453405549999928   1.0 1.0 1.0 0.0 0.32131400000008625 11.570629199999646   2.5 3.0 1.0 0.0
"(2, 6)" 1.0 8.0 0.16550124999994859 6.780003000000043   1.0 1.0 1.0 0.0 0.1675700999999492 9.623333549999757   1.0 1.0 1.0 0.0 0.4548559499999385 11.891566699999885   3.0 4.0 1.8333333333333335 1.0
"(2, 6)" 1.0 9.0 0.166152949999983 6.9454735000000625   1.0 1.0 1.0 0.0 0.1679457500001149 9.824287299999838   1.0 1.0 1.0 0.0 0.6494434000001519 12.641066899999375   3.0 6.0 2.1666666666666665 1.0
"(2, 6)" 1.0 10.0 0.34839799999991783 7.350232600000069   2.0 3.0 1.5 0.7071067811865476 0.3496226500000432 10.173038649999839   2.0 3.0 1.5 0.7071067811865476 0.5247535000001164 13.279984749999414   3.0 5.0 1.666666666666667 0.7071067811865476
"(2, 6)" 1.0 11.0 0.255083349999893 7.621255850000104   2.0 2.0 1.0 0.0 0.2564904500000011 10.457749150000385   2.0 2.0 1.0 0.0 0.6103450500000349 13.79238544999953   3.0 5.0 1.666666666666667 0.6422285251880866
"(2, 6)" 1.0 12.0 1.9014693499999 9.625167999999832   2.0 15.0 7.5 6.363961030678928 2.2461624499999506 12.31007065000023   2.0 17.0 8.5 7.778174593052023 2.1132535499998255 16.02534489999998   3.0 16.5 5.333333333333333 5.926174977679906
"(2, 6)" 2.0 1.0 2.6904440499997726 2.6904440499997726   9.0 17.0 1.888888888888889 1.05409255338946 3.683150350000062 3.683150350000062   9.0 25.0 2.777777777777778 2.990726407487727 4.362395049999861 4.362395049999861   10.0 26.0 2.6 2.7568097504180447
"(2, 6)" 2.0 2.0 0.4996492999999873 3.190159049999682   9.0 9.0 1.0 0.0 0.5029909499999974 4.184711200000088   9.0 9.0 1.0 0.0 1.3994722500000876 5.869270550000465   10.0 17.5 1.75 0.8972658096217974
"(2, 6)" 3.0 1.0 1.3653646500000884 1.3653646500000884   1.0 18.0 1.0 0.0 1.3459970999998916 1.3459970999998916   1.0 18.0 1.0 0.0 1.886201149999522 1.886201149999522   1.0 20.0 1.0 0.0
"(4, 2)" 1.0 1.0 3.0632998000001024 3.0632998000001024   5.0 9.0 1.8 0.4472135954999579 4.91936969999972 4.91936969999972   9.0 17.0 1.888888888888889 1.615893285805443 5.950295299999908 5.950295299999908   10.0 18.0 1.888888888888889 1.563471919941143
"(4, 2)" 1.0 2.0 1.3499800500001695 4.424080299999893   5.0 9.0 1.8 0.8366600265340756 2.4060001500000396 7.321823350000116   9.0 17.0 1.888888888888889 1.118033988749895 2.3977785999999384 8.406698999999946   10.0 17.0 1.7 0.8232726023485646
"(4, 2)" 1.0 3.0 0.7353201000000382 5.174008849999936   3.0 4.0 1.333333333333333 0.5773502691896257 0.7382977000000324 8.10763059999993   3.0 4.0 1.333333333333333 0.5773502691896257 1.1214091499998915 9.44889449999846   3.0 4.0 1.333333333333333 0.5773502691896257
"(4, 2)" 1.0 4.0 0.7186448500000324 5.904310249999611   3.0 4.0 1.333333333333333 0.5773502691896257 0.7233671000000754 8.845513349999969   3.0 4.0 1.333333333333333 0.5773502691896257 1.129870899999986 10.556532600001475   3.0 4.0 1.333333333333333 0.5773502691896257
"(4, 2)" 1.0 5.0 0.3437795499999794 6.264609649999841   2.0 3.0 1.5 0.5773502691896257 0.33393390000002654 9.174322899999993   2.0 3.0 1.0 0.0 0.7229907500001787 11.21813324999979   4.0 7.0 1.5 0.7071067811865476
"(4, 2)" 1.0 6.0 0.413204549999989 6.6665181500000585   3.0 4.0 1.333333333333333 0.5773502691896257 0.41407509999987724 9.533166600000143   3.0 4.0 1.333333333333333 0.5773502691896257 0.8934006000001631 12.368899100000295   4.5 8.0 1.75 0.9574271077563381
"(4, 2)" 1.0 7.0 0.3464438000000456 7.013059550000051   2.0 3.0 1.5 0.7071067811865476 0.3496591499999795 9.883778500000247   2.0 3.0 1.5 0.7071067811865476 0.4290744999999845 12.93003760000192   3.0 4.0 1.5 0.7071067811865476
"(4, 2)" 1.0 8.0 2.4501540499998953 9.642580900000127   3.0 18.0 6.0 5.507570547286102 2.479711149999943 12.541949249999789   3.0 18.0 6.0 4.775842507916627 2.056737999999939 15.070841349999725   4.0 16.0 3.8 4.242493360417007
"(4, 2)" 2.0 1.0 2.126535500000216 2.126535500000216   4.0 10.0 2.5 1.0 2.9781892500002694 2.9781892500002694   4.0 18.0 4.5 4.041451884327381 3.7250746999996522 3.7250746999996522   5.0 20.0 4.0 3.563705936241092
"(4, 2)" 2.0 2.0 0.4221029000000414 2.5447267999999212   4.0 6.0 1.5 0.5773502691896257 0.42440529999998944 3.400717600000263   4.0 6.0 1.5 0.5773502691896257 0.3963647999999864 4.1434303499999885   5.0 6.0 1.2 0.4472135954999579
"(4, 2)" 2.0 3.0 0.3117893000000436 2.874214649999942   5.0 5.0 1.0 0.0 0.31272904999991624 3.715439400000065   5.0 5.0 1.0 0.0 0.6024294000001191 4.852930149999878   5.0 8.5 1.7000000000000002 0.8944271909999159
"(4, 2)" 2.0 4.0 0.31058515000005116 3.1839913499999852   5.0 5.0 1.0 0.0 0.31199405000006664 4.031163999999677   5.0 5.0 1.0 0.0 0.47750050000009026 5.420004349999488   5.0 7.0 1.4 0.5477225575051661
"(4, 2)" 3.0 1.0 1.3571768499996608 1.3571768499996608   1.0 18.0 1.0 0.0 1.353601400000116 1.353601400000116   1.0 18.0 1.0 0.0 1.9043416500000774 1.9043416500000774   1.0 20.0 1.0 0.0
"(4, 4)" 1.0 1.0 2.584325999999976 2.584325999999976   2.0 4.0 2.0 0.0 3.708540650000174 3.708540650000174   4.0 7.0 1.75 0.5 4.5067708000000835 4.5067708000000835   5.0 8.0 1.6 0.5477225575051661
"(4, 4)" 1.0 2.0 0.877606950000029 3.4589807999998357   2.0 4.0 2.0 0.0 1.362745399999994 5.074515800000071   4.0 9.0 2.25 2.5 1.692884800000087 6.149837499999705   5.0 10.0 2.25 2.23606797749979
"(4, 4)" 1.0 3.0 0.773428349999925 4.318496950000004   3.0 4.0 1.333333333333333 0.5773502691896257 1.2553488500000896 6.314999800000223   5.0 9.0 1.8 0.8366600265340756 1.575628199999983 7.7533637000001505   5.0 8.0 1.6 0.8944271909999159
"(4, 4)" 1.0 4.0 0.9374727000001712 5.3666924999998145   3.0 6.0 2.0 1.0 1.251884450000091 7.574774450000405   5.0 9.0 1.8 0.8366600265340756 1.4378007000000395 9.348173700000416   5.0 9.0 1.8 0.8366600265340756
"(4, 4)" 1.0 5.0 0.1669320000000454 5.572074749999899   1.0 1.0 1.0 0.0 0.1673320000001297 7.7415313500005425   1.0 1.0 1.0 0.0 0.1696622000000616 9.53548265000002   1.0 1.0 1.0 0.0
"(4, 4)" 1.0 6.0 0.4423807999999809 5.911993349999946   1.0 4.0 4.0 0.0 0.44200529999997684 8.092193350000002   1.0 4.0 4.0 0.0 0.25696459999994653 9.871295150000378   1.0 2.0 1.0 0.0
"(4, 4)" 1.0 7.0 0.3036436000000222 6.2969663000000935   2.0 2.0 1.0 0.0 0.3475745500000755 8.524020650000168   2.0 3.0 1.5 0.7071067811865476 0.34903875000009066 10.135467350000681   2.0 3.0 1.333333333333333 0.5773502691896257
"(4, 4)" 1.0 8.0 0.3473285500001566 6.643582549999991   2.0 3.0 1.5 0.7071067811865476 0.3502888000000297 8.871184200000073   2.0 3.0 1.5 0.7071067811865476 0.4697148000001192 10.59316814999983   2.0 3.5 1.75 0.5773502691896257
"(4, 4)" 1.0 9.0 0.16650595000004387 6.809500350000036   1.0 1.0 1.0 0.0 0.16529004999983954 9.082375600000105   1.0 1.0 1.0 0.0 0.320363250000014 10.9538414999995   2.0 3.0 1.0 0.0
"(4, 4)" 1.0 10.0 0.1668243500000415 7.006044950000273   1.0 1.0 1.0 0.0 0.21250700000006614 9.375747350000097   1.0 1.0 1.0 0.0 0.3510861000000034 11.373368750000026   2.0 3.0 1.5 0.7071067811865476
"(4, 4)" 1.0 11.0 0.25314109999996504 7.288069949999965   1.0 2.0 1.0 0.0 0.16649904999997034 9.568214149999882   1.0 1.0 1.0 0.0 0.606218449999858 11.988719249999804   2.5 5.5 2.0 1.0
"(4, 4)" 1.0 12.0 0.25784764999994536 7.6019473000000914   2.0 2.0 1.0 0.0 0.2579440999999605 9.841451450000108   2.0 2.0 1.0 0.0 0.6446579999999926 12.690979149999965   3.0 6.0 2.0 0.816496580927726
"(4, 4)" 1.0 13.0 0.25263239999992493 7.853625000000193   1.0 2.0 2.0 0.0 0.2541512500000067 10.09526500000021   1.0 2.0 2.0 0.0 0.16942535000021056 12.928886349999795   1.0 1.0 1.0 0.0
"(4, 4)" 1.0 14.0 0.16521075000002838 8.027825300000188   1.0 1.0 1.0 0.0 0.16635395000005815 10.29313230000042   1.0 1.0 1.0 0.0 0.16941260000001535 13.257057099999654   1.0 1.0 1.0 0.0
"(4, 4)" 1.0 15.0 0.1646372999999812 8.19255580000015   1.0 1.0 1.0 0.0 0.1660188500000146 10.459199500000466   1.0 1.0 1.0 0.0 0.3487660499999663 13.59657085000106   2.0 3.0 1.5 0.7071067811865476
"(4, 4)" 1.0 16.0 2.368864750000228 10.789549149999305   2.0 17.0 8.5 10.60660171779821 2.2847651999999243 12.586127350000286   2.0 17.0 8.5 9.192388155425117 2.33898669999995 15.770338300001015   2.0 17.0 8.0 9.237604307034013
"(4, 4)" 2.0 1.0 2.129276999999888 2.129276999999888   4.0 10.0 2.5 1.0 2.98807290000002 2.98807290000002   4.0 18.0 4.5 4.041451884327381 3.6672729500001253 3.6672729500001253   5.0 20.0 4.0 3.646916505762094
"(4, 4)" 2.0 2.0 0.4229274999999291 2.5382785500002853   4.0 6.0 1.5 0.5773502691896257 0.4236638499999543 3.4064553500000443   4.0 6.0 1.5 0.5773502691896257 0.4407292000002272 4.190334399999671   5.0 6.0 1.2 0.4472135954999579
"(4, 4)" 2.0 3.0 0.319445949999988 2.872127600000397   5.0 5.0 1.0 0.0 0.3132587000000342 3.727978250000092   5.0 5.0 1.0 0.0 0.734025849999739 4.912328999999659   5.0 9.5 1.9 1.0
"(4, 4)" 2.0 4.0 0.3123549999999682 3.1876866999999436   5.0 5.0 1.0 0.0 0.31307619999992653 4.042193599999784   5.0 5.0 1.0 0.0 0.3938393500000359 5.364931850000289   5.0 6.0 1.2 0.4472135954999579
"(4, 4)" 3.0 1.0 1.359466050000151 1.359466050000151   1.0 18.0 1.0 0.0 1.3649345000002309 1.3649345000002309   1.0 18.0 1.0 0.0 1.8923387500001354 1.8923387500001354   1.0 20.0 1.0 0.0
"(4, 6)" 1.0 1.0 2.391714300000018 2.391714300000018   1.0 2.0 2.0 0.0 3.6006998499998986 3.6006998499998986   3.0 6.0 2.0 0.0 4.340640500000035 4.340640500000035   3.0 6.0 2.0 0.0
"(4, 6)" 1.0 2.0 0.6777922000001126 3.061330099999594   1.0 2.0 2.0 0.0 1.2748580999998465 4.868756649999739   3.0 8.0 2.666666666666667 2.886751345948129 1.263297200000011 5.668488900000014   3.0 8.0 2.666666666666667 2.886751345948129
"(4, 6)" 1.0 3.0 0.766843950000009 3.840690700000195   2.0 4.0 2.0 0.0 0.62872619999996 5.507344799999547   3.0 3.0 1.0 0.0 1.0521280500001353 6.772241249999752   3.0 3.0 1.0 0.0
"(4, 6)" 1.0 4.0 0.6522432999999737 4.5036543999994905   2.0 3.0 1.5 0.7071067811865476 0.8768493500000716 6.534426000000195   3.0 5.0 1.666666666666667 0.5773502691896257 1.094061899999964 7.938225750000299   3.0 5.0 1.666666666666667 0.5773502691896257
"(4, 6)" 1.0 5.0 0.3442102999999861 4.8359213499995235   2.0 3.0 1.5 0.7071067811865476 0.4186802999999486 7.022546499999862   3.0 4.0 1.333333333333333 0.5773502691896257 0.6388369999999668 8.58016280000004   4.0 5.5 1.625 0.75
"(4, 6)" 1.0 6.0 0.5552506500000192 5.437872749999926   2.0 5.0 2.5 0.7071067811865476 0.6255081499999733 7.666211799999871   3.0 6.0 2.0 1.0 0.8638939999999309 9.377913299999648   4.0 8.0 2.0 0.816496580927726
"(4, 6)" 1.0 7.0 0.166668699999974 5.605536499999928   1.0 1.0 1.0 0.0 0.1670217499999751 7.83257309999982   1.0 1.0 1.0 0.0 0.16960434999998597 9.602109699999886   1.0 1.0 1.0 0.0
"(4, 6)" 1.0 8.0 0.44129195000007826 5.985779999999949   1.0 4.0 4.0 0.0 0.4429071999998371 8.20497730000028   1.0 4.0 4.0 0.0 0.1709648500000185 9.850144749999856   1.0 1.0 1.0 0.0
"(4, 6)" 1.0 9.0 0.16734979999998245 6.305507300000073   1.0 1.0 1.0 0.0 0.16933055000009745 8.539233649999574   1.0 1.0 1.0 0.0 0.2537587000000059 10.1111861499989   1.0 2.0 1.0 0.0
"(4, 6)" 1.0 10.0 0.16991515000000135 6.496423450000016   1.0 1.0 1.0 0.0 0.16745715000001835 8.714427199999818   1.0 1.0 1.0 0.0 0.168798000000038 10.339092549998895   1.0 1.0 1.0 0.0
"(4, 6)" 1.0 11.0 0.16897360000002948 6.769873899999915   1.0 1.0 1.0 0.0 0.2525240000000153 8.959306599999508   1.0 2.0 2.0 0.0 0.2563121000000024 10.676989899999864   1.0 2.0 2.0 0.0
"(4, 6)" 1.0 12.0 0.16635965000000397 6.939880349999932   1.0 1.0 1.0 0.0 0.16755795000000265 9.168123600000229   1.0 1.0 1.0 0.0 0.16968595000000164 10.98435145000013   1.0 1.0 1.0 0.0
"(4, 6)" 1.0 13.0 0.1656327000000317 7.134844900000189   1.0 1.0 1.0 0.0 0.16565705000001785 9.34903279999969   1.0 1.0 1.0 0.0 0.1689897500000654 11.18523715000072   1.0 1.0 1.0 0.0
"(4, 6)" 1.0 14.0 0.16656460000001516 7.303414900000064   1.0 1.0 1.0 0.0 0.23630740000008288 9.565411149999989   1.0 1.5 1.5 0.0 0.273292350000105 11.405018350000056   1.0 2.0 1.5 0.0
"(4, 6)" 1.0 15.0 0.167666699999927 7.539393099999785   1.0 1.0 1.0 0.0 0.1659292999999309 9.776146450000056   1.0 1.0 1.0 0.0 0.3526620499998785 11.781002950000955   2.0 3.0 2.0 0.3535533905932738
"(4, 6)" 1.0 16.0 0.16571490000009703 7.710337999999979   1.0 1.0 1.0 0.0 0.16677320000005125 9.943625650000115   1.0 1.0 1.0 0.0 0.5069419499999412 12.23601344999984   2.0 4.5 2.25 0.7071067811865476
"(4, 6)" 1.0 17.0 0.1649421999999987 7.877052349999985   1.0 1.0 1.0 0.0 0.1658029000000596 10.108698050000271   1.0 1.0 1.0 0.0 0.5616354000000285 12.789269000000271   2.0 4.5 2.0 0.7071067811865476
"(4, 6)" 1.0 18.0 0.25159665000006726 8.145261000000161   1.0 2.0 2.0 0.0 0.25303954999992584 10.374627650000235   1.0 2.0 2.0 0.0 0.3506844499999886 13.115429449999993   2.0 3.0 1.5 0.3535533905932738
"(4, 6)" 1.0 19.0 0.16431514999999308 8.31044015000019   1.0 1.0 1.0 0.0 0.16549920000002777 10.54136070000024   1.0 1.0 1.0 0.0 0.1697494499998129 13.371521549999645   1.0 1.0 1.0 0.0
"(4, 6)" 1.0 20.0 0.1636108499998841 8.475117950000211   1.0 1.0 1.0 0.0 0.1650448000000324 10.713518849999986   1.0 1.0 1.0 0.0 0.16896939999992355 13.579987049999895   1.0 1.0 1.0 0.0
"(4, 6)" 1.0 21.0 0.2518744999999569 8.734707700000044   1.0 2.0 2.0 0.0 0.2545214499999702 10.968630099999984   1.0 2.0 2.0 0.0 0.1686276000000291 13.85991695000084   1.0 1.0 1.0 0.0
"(4, 6)" 1.0 22.0 1.9711026499999775 10.47474745000005   1.0 16.0 16.0 0.0 1.989079749999888 12.687356800000316   1.0 16.0 16.0 0.0 0.2555719499997764 14.182985399999385   1.0 2.0 2.0 0.0
"(4, 6)" 1.0 23.0                 0.5052393500000392 14.78340285000003   1.0 4.0 2.0 0.0
"(4, 6)" 1.0 24.0                 1.835302399999932 16.41294979999947   2.0 15.0 13.0 0.7071067811865476
"(4, 6)" 2.0 1.0 2.1355603999999744 2.1355603999999744   4.0 10.0 2.5 1.0 2.9570205000001977 2.9570205000001977   4.0 18.0 4.5 3.872983346207417 3.6874034999999594 3.6874034999999594   5.0 20.0 4.0 3.646916505762094
"(4, 6)" 2.0 2.0 0.42183530000005476 2.5366244499996924   4.0 6.0 1.5 0.5773502691896257 0.4239726000000914 3.37598300000019   4.0 6.0 1.5 0.5773502691896257 0.3965450499999719 4.1122683499995105   5.0 6.0 1.2 0.4472135954999579
"(4, 6)" 2.0 3.0 0.3133848999999885 2.8798341000001106   5.0 5.0 1.0 0.0 0.31452920000003814 3.6966503000001296   5.0 5.0 1.0 0.0 0.735923899999932 4.928990649999804   5.0 10.0 2.0 1.0
"(4, 6)" 2.0 4.0 0.31135559999998463 3.1974571999999917   5.0 5.0 1.0 0.0 0.3133337999999526 4.016410450000365   5.0 5.0 1.0 0.0 0.47736089999986575 5.41581909999951   5.0 7.0 1.4 0.5477225575051661
"(4, 6)" 3.0 1.0 1.366306750000007 1.366306750000007   1.0 18.0 1.0 0.0 1.359988249999887 1.359988249999887   1.0 18.0 1.0 0.0 1.890908149999973 1.890908149999973   1.0 20.0 1.0 0.0
"(6, 2)" 1.0 1.0 2.313333550000003 2.313333550000003   3.0 5.0 1.666666666666667 0.5773502691896257 3.0577879999997033 3.0577879999997033   5.0 8.0 1.6 0.5477225575051661 3.7477661999999867 3.7477661999999867   5.0 8.0 1.6 0.5477225575051661
"(6, 2)" 1.0 2.0 1.3644528999999181 3.6829147499997243   3.0 8.0 2.666666666666667 2.081665999466133 1.9347987999998395 4.996430599999712   6.0 9.0 1.5 0.8366600265340756 1.974302200000011 5.771201500000217   6.0 9.0 1.5 0.8366600265340756
"(6, 2)" 1.0 3.0 0.702550750000114 4.386019199999794   3.0 4.0 1.333333333333333 0.5773502691896257 2.1272026499998447 7.134223449999013   6.0 10.0 1.666666666666667 0.816496580927726 1.2718613000001824 7.483046000000222   6.0 10.0 1.666666666666667 0.816496580927726
"(6, 2)" 1.0 4.0 0.9496150999999315 5.350002100000083   4.0 7.0 1.75 0.9574271077563381 0.9871117999997239 8.142150500000064   7.0 8.0 1.142857142857143 0.3779644730092272 1.3433220999997961 8.75817319999976   7.0 8.0 1.142857142857143 0.3779644730092272
"(6, 2)" 1.0 5.0 0.5656716000000444 5.905899999999235   2.0 3.0 1.5 0.7071067811865476 1.4050213000001008 9.527481999999821   6.0 11.0 1.833333333333333 0.752772652709081 1.0977962500000014 9.86149069999989   2.0 2.5 1.857142857142857 0.0
"(6, 2)" 1.0 6.0 0.47709904999999253 6.390915600000113   2.0 2.0 1.0 0.0 1.4813134999999984 11.017047299999831   7.0 12.0 1.714285714285714 0.816496580927726 1.240070100000054 10.926271200000144   3.0 6.0 1.5833333333333335 0.7846346168184035
"(6, 2)" 1.0 7.0 0.249698700000053 6.638100500000661   1.0 1.5 1.0 0.0 0.2542125499999628 11.208769850000504   1.0 2.0 1.0 0.0 0.5734134999999725 11.518957849998285   3.0 4.0 1.7083333333333335 0.5
"(6, 2)" 1.0 8.0 0.34446730000014725 6.974054649999772   2.0 3.0 1.5 0.7071067811865476 0.34652280000000246 11.533863849999705   2.0 3.0 1.5 0.5773502691896257 0.7390369499999281 12.460132250000186   4.0 7.0 2.0 0.816496580927726
"(6, 2)" 1.0 9.0 0.16558880000002313 7.166798750000023   1.0 1.0 1.0 0.0 0.16703499999994165 11.700493699999694   1.0 1.0 1.0 0.0 0.5193109999999592 12.943457600000386   4.0 5.0 1.5 0.5773502691896257
"(6, 2)" 1.0 10.0 0.34592074999994793 7.525794099999985   2.0 3.0 1.5 0.7071067811865476 0.3495276000001013 12.062745949999766   2.0 3.0 1.5 0.7071067811865476 0.9609744499999806 13.871022350000146   4.5 9.0 1.775 0.7071067811865476
"(6, 2)" 1.0 11.0 0.1635055500000391 7.7001840500000185   1.0 1.0 1.0 0.0 0.16590525000003709 12.25960489999968   1.0 1.0 1.0 0.0 0.2599655500001745 14.63262909999952   2.0 2.0 1.0 0.0
"(6, 2)" 1.0 12.0 1.548337850000223 9.498778599999895   2.0 13.0 6.5 7.778174593052023 2.2550986500001216 14.48577664999962   2.0 17.0 8.5 7.778174593052023 2.248797450000097 17.611106600000284   3.0 17.0 5.166666666666666 6.350852961085883
"(6, 2)" 2.0 1.0 1.789752749999963 1.789752749999963   3.0 6.0 2.0 0.5 2.240458449999494 2.240458449999494   3.0 11.0 3.666666666666667 3.055050463303894 2.893435899999986 2.893435899999986   3.0 11.0 3.666666666666667 3.055050463303894
"(6, 2)" 2.0 2.0 0.5048126500000265 2.296633850000063   3.0 7.0 2.333333333333333 1.527525231651947 1.0175919500000536 3.2575609999999813   3.0 13.0 4.333333333333333 4.932882862316247 1.0386299000000465 3.7704435999996804   3.0 13.0 4.333333333333333 4.932882862316247
"(6, 2)" 2.0 3.0 0.29764699999998356 2.5923911500000543   3.0 4.0 1.333333333333333 0.5773502691896257 1.1026048500000059 4.358071499999632   3.0 13.0 4.333333333333333 4.932882862316247 0.38726109999987557 4.193595349999896   3.0 5.0 1.666666666666667 0.5773502691896257
"(6, 2)" 2.0 4.0 0.22415214999997346 2.8195420999999996   3.0 3.0 1.0 0.0 0.226822600000105 4.593785750000649   3.0 3.0 1.0 0.0 0.5404738000001856 4.790642100000582   3.0 7.0 2.333333333333333 0.7886751345948129
"(6, 2)" 2.0 5.0 0.223420599999983 3.045875099999762   3.0 3.0 1.0 0.0 0.22609735000003184 4.823427899999871   3.0 3.0 1.0 0.0 0.6697494499998129 5.562885249999113   4.0 8.5 2.125 0.816496580927726
"(6, 2)" 2.0 6.0 0.21999210000001315 3.266453949999459   3.0 3.0 1.0 0.0 0.22348674999992113 5.049917249999993   3.0 3.0 1.0 0.0 0.3544969999999523 6.226276000000155   4.0 5.0 1.25 0.5
"(6, 2)" 3.0 1.0 1.3428370500000995 1.3428370500000995   1.0 18.0 1.0 0.0 1.3618273999997546 1.3618273999997546   1.0 18.0 1.0 0.0 1.8989731999996595 1.8989731999996595   1.0 20.0 1.0 0.0
"(6, 4)" 1.0 1.0 2.066034800000082 2.066034800000082   1.0 2.0 2.0 0.0 2.6101563500000395 2.6101563500000395   2.0 3.0 1.5 0.7071067811865476 3.2598031999996806 3.2598031999996806   2.0 3.0 1.5 0.7071067811865476
"(6, 4)" 1.0 2.0 0.7622495500000639 2.8407622000002846   1.0 2.0 2.0 0.0 1.7664031500002435 4.398421800000506   3.0 7.0 2.333333333333333 2.309401076758503 1.7939678999998425 5.033816200000118   3.0 7.0 2.333333333333333 2.309401076758503
"(6, 4)" 1.0 3.0 0.7317740999999671 3.5246967500002313   2.0 4.0 2.0 0.0 1.3053152000000094 5.790552299999938   3.0 3.0 1.0 0.0 1.0425141000000056 6.241125150000023   3.0 3.0 1.0 0.0
"(6, 4)" 1.0 4.0 0.6474682500000384 4.475348300000178   2.0 3.0 1.5 0.7071067811865476 1.1444229000000519 6.9323281000004044   3.0 8.0 2.666666666666667 2.081665999466133 1.5250351999999054 7.696079899999546   3.0 8.0 2.666666666666667 2.081665999466133
"(6, 4)" 1.0 5.0 0.3909147500000927 4.877204750000232   1.0 1.0 1.0 0.0 0.6315162499998905 7.634250800000274   3.0 3.5 1.1666666666666665 0.28867513459481287 0.9358637499999958 8.595478950001052   3.0 3.0 1.0 0.0
"(6, 4)" 1.0 6.0 0.5645827999999682 5.47804020000018   2.0 3.0 1.5 0.7071067811865476 0.9827388000001065 8.616826150000058   3.0 6.5 2.1666666666666665 0.7886751345948129 0.9698062500000189 9.672440099999932   3.0 6.0 2.333333333333333 0.5773502691896257
"(6, 4)" 1.0 7.0 0.4528923999999961 5.93262230000008   2.0 4.0 2.0 1.414213562373095 0.315363050000002 8.936006349999843   3.0 3.0 1.0 0.0 0.3158171999999837 10.026947849999786   3.0 3.0 1.0 0.0
"(6, 4)" 1.0 8.0 0.5530756499999825 6.491052300000149   2.0 5.0 2.5 2.121320343559642 0.5145438500000239 9.45488709999978   4.0 5.0 1.25 0.5 0.5205677000000151 10.541389799999955   4.0 5.0 1.25 0.5
"(6, 4)" 1.0 9.0 0.1675936500000148 6.657401100000168   1.0 1.0 1.0 0.0 0.3686707500000637 10.002514099999983   2.0 3.0 1.5 0.7071067811865476 0.3042114500000821 10.87902944999988   2.0 2.5 1.5 0.0
"(6, 4)" 1.0 10.0 0.16709164999998194 6.877968500000094   1.0 1.0 1.0 0.0 0.4385770999999181 10.448894250000295   3.0 4.0 1.4166666666666665 0.5773502691896257 0.3530215500001077 11.16636839999876   2.0 3.0 1.666666666666667 0.5773502691896257
"(6, 4)" 1.0 11.0 0.1665455000000264 7.081119200000117   1.0 1.0 1.0 0.0 0.5331485499999644 11.039800500000524   3.0 4.5 1.5 0.5773502691896257 0.3218904499999766 11.540486949999206   2.0 2.5 1.0 0.0
"(6, 4)" 1.0 12.0 0.16469524999996565 7.270233250000096   1.0 1.0 1.0 0.0 0.8600388999999495 11.836898400000335   3.0 8.0 2.0 1.527525231651947 0.570362200000261 12.15982724999898   2.0 5.0 2.0 0.7071067811865476
"(6, 4)" 1.0 13.0 0.17112280000003466 7.446324050000413   1.0 1.0 1.0 0.0 0.17167619999992212 12.004102599999445   1.0 1.0 1.0 0.0 0.17009075000009943 12.36080329999891   1.0 1.0 1.0 0.0
"(6, 4)" 1.0 14.0 0.1654461999998631 7.649027049999972   1.0 1.0 1.0 0.0 0.16947420000002472 12.215067649999355   1.0 1.0 1.0 0.0 0.2597207999999682 12.731516349999765   2.0 2.0 1.0 0.0
"(6, 4)" 1.0 15.0 0.1662699500000571 7.862066700000099   1.0 1.0 1.0 0.0 0.1687156999998933 12.509370599999954   1.0 1.0 1.0 0.0 0.3649531999998885 13.083881249998889   2.0 3.0 1.7083333333333335 0.28867513459481287
"(6, 4)" 1.0 16.0 0.16598444999997494 8.036830050000333   1.0 1.0 1.0 0.0 0.16789809999997374 12.69335535000039   1.0 1.0 1.0 0.0 0.46263735000007955 13.675225199999884   2.0 4.0 2.0 0.28867513459481287
"(6, 4)" 1.0 17.0 0.25166870000006725 8.28762665000039   1.0 2.0 2.0 0.0 0.25352414999997563 12.91452115000044   1.0 2.0 2.0 0.0 0.26062150000029766 13.95183394999964   2.0 2.0 1.0 0.0
"(6, 4)" 1.0 18.0 0.1643935000000454 8.451586000000418   1.0 1.0 1.0 0.0 0.16848730000000955 13.11165230000046   1.0 1.0 1.0 0.0 0.4410880499999621 14.323173849998824   2.0 4.0 1.5 0.6422285251880866
"(6, 4)" 1.0 19.0 0.1639269499999898 8.615025700000388   1.0 1.0 1.0 0.0 0.1661590000000217 13.278246600000555   1.0 1.0 1.0 0.0 0.4595458499998415 14.643441199999305   2.0 4.0 1.8333333333333335 0.6422285251880866
"(6, 4)" 1.0 20.0 0.2521868000000609 8.867232850000477   1.0 2.0 2.0 0.0 0.2537044000001174 13.498281699999666   1.0 2.0 2.0 0.0 0.35314020000021173 15.235244149999861   2.0 3.0 1.5 0.7071067811865476
"(6, 4)" 1.0 21.0 1.977960749999724 10.834175899999945   1.0 16.0 16.0 0.0 0.27581364999997504 14.86458939999936   1.0 2.0 2.0 0.0 0.1684591000000637 15.42257990000087   1.0 1.0 1.0 0.0
"(6, 4)" 1.0 22.0         1.670271699999716 15.27866549999919   1.0 14.0 14.0 0.0 0.16915554999985716 15.825662099998965   1.0 1.0 1.0 0.0
"(6, 4)" 1.0 23.0         1.676017500000228 15.5580414999979   2.0 14.0 8.0 0.0 0.2561553999998978 16.71187610000027   1.0 2.0 2.0 0.0
"(6, 4)" 1.0 24.0         0.6922464500001981 16.239986299998748   2.5 6.0 2.1666666666666665 1.607275126832159 1.691287700000885 17.61080950000081   2.0 14.0 6.5 0.0
"(6, 4)" 2.0 1.0 1.8103583000001604 1.8103583000001604   3.0 6.0 2.0 0.0 2.255643450000207 2.255643450000207   3.0 11.0 3.666666666666667 3.055050463303894 2.8855020499997863 2.8855020499997863   3.0 11.0 3.666666666666667 3.055050463303894
"(6, 4)" 2.0 2.0 0.5052636500001171 2.3189714000000805   3.0 7.0 2.333333333333333 1.527525231651947 1.0223839000000225 3.279587550001338   3.0 13.0 4.333333333333333 4.932882862316247 1.0388008500000865 3.834530900000317   3.0 13.0 4.333333333333333 4.932882862316247
"(6, 4)" 2.0 3.0 0.29731869999992 2.613945150000106   3.0 4.0 1.333333333333333 0.5773502691896257 0.9651397500000485 4.336617149999711   3.0 11.0 3.666666666666667 4.618802153517007 0.6243212499999942 4.437038449999704   3.0 8.0 2.666666666666667 1.0773502691896255
"(6, 4)" 2.0 4.0 0.22407204999984742 2.8416538499999646   3.0 3.0 1.0 0.0 0.23036440000004182 4.596530300000552   3.0 3.0 1.0 0.0 0.4923819000004812 4.982664549999839   3.0 6.0 2.0 1.0
"(6, 4)" 2.0 5.0 0.22454830000003764 3.066050299999965   3.0 3.0 1.0 0.0 0.2278920499999799 4.835628450000513   3.0 3.0 1.0 0.0 0.5977943499999583 5.607802499999991   4.0 8.0 2.0 0.9574271077563381
"(6, 4)" 2.0 6.0 0.22039130000001705 3.2965270000001112   3.0 3.0 1.0 0.0 0.22405734999972535 5.058771100000147   3.0 3.0 1.0 0.0 0.35282549999999446 6.085858049999615   4.0 5.0 1.25 0.5
"(6, 4)" 3.0 1.0 1.364398300000012 1.364398300000012   1.0 18.0 1.0 0.0 1.3694747500001085 1.3694747500001085   1.0 18.0 1.0 0.0 1.9209846499993546 1.9209846499993546   1.0 20.0 1.0 0.0
"(6, 6)" 1.0 1.0 2.077442799999602 2.077442799999602   1.0 2.0 2.0 0.0 2.4992347000001587 2.4992347000001587   1.0 2.0 2.0 0.0 3.1042258000003358 3.1042258000003358   1.0 2.0 2.0 0.0
"(6, 6)" 1.0 2.0 0.7660885499999637 2.8446722999998144   1.0 2.0 2.0 0.0 1.4800805999994964 3.991991200000029   2.0 4.0 2.0 0.0 1.5031190000002534 4.587567649999755   2.0 4.0 2.0 0.0
"(6, 6)" 1.0 3.0 0.46726449999999886 3.315330400000221   1.0 1.0 1.0 0.0 1.352319799999691 5.319530200000003   2.0 2.0 1.0 0.0 1.1096459000002024 5.729292100000734   2.0 2.0 1.0 0.0
"(6, 6)" 1.0 4.0 0.5802967000000336 4.025764949999989   1.0 1.0 1.0 0.0 0.4864977999999667 5.8232583999998155   2.0 2.0 1.0 0.0 0.7801013000000125 6.477663349999887   2.0 2.0 1.0 0.0
"(6, 6)" 1.0 5.0 0.8732034999999883 4.562521450000361   1.0 6.0 6.0 0.0 0.4882321999999704 6.343119250000257   2.0 2.0 1.0 0.0 0.9699675499999785 7.432052649998951   2.0 4.0 1.666666666666667 0.0
"(6, 6)" 1.0 6.0 0.5619652999999971 5.13334025000016   1.0 3.0 3.0 0.0 1.233580149999966 7.540844299999662   2.0 9.0 4.5 2.121320343559642 1.3374109999999466 8.791623799999854   2.0 6.0 2.0 1.0
"(6, 6)" 1.0 7.0 0.16689364999993472 5.30250580000029   1.0 1.0 1.0 0.0 0.25789494999995094 7.799254899999994   2.0 2.0 1.0 0.0 0.25995850000003884 9.060833899999949   2.0 2.0 1.0 0.0
"(6, 6)" 1.0 8.0 0.1674503500000064 5.472862800000229   1.0 1.0 1.0 0.0 0.3507056999997644 8.166055050000296   2.0 3.0 1.5 0.7071067811865476 0.3570780500001405 9.45408309999948   2.0 3.0 1.5 0.7071067811865476
"(6, 6)" 1.0 9.0 0.2540915999999953 5.733754499999719   1.0 2.0 2.0 0.0 0.5697879999999031 8.872242200000215   2.0 5.0 2.5 0.7071067811865476 0.5744263999998793 9.995302499999552   2.0 5.0 2.5 0.7071067811865476
"(6, 6)" 1.0 10.0 0.35216510000000767 6.088743249999993   1.0 3.0 3.0 0.0 0.25520054999992686 9.127103600000254   2.0 2.0 1.0 0.0 0.256063499999982 10.28640764999915   2.0 2.0 1.0 0.0
"(6, 6)" 1.0 11.0 0.1666543499999591 6.258423750000247   1.0 1.0 1.0 0.0 0.25821109999992586 9.479633449999824   2.0 2.0 1.0 0.0 0.26074945000004845 10.483032500000165   2.0 2.0 1.0 0.0
"(6, 6)" 1.0 12.0 0.5556453500002476 6.829943550000195   2.0 5.0 2.5 2.121320343559642 0.42658604999994054 9.91027084999996   3.0 4.0 1.333333333333333 0.5773502691896257 0.43194029999989425 10.97328509999946   3.0 4.0 1.333333333333333 0.5773502691896257
"(6, 6)" 1.0 13.0 0.16886655000001835 7.032251650000298   1.0 1.0 1.0 0.0 0.3467911499998877 10.185798900000025   2.0 3.0 1.5 0.7071067811865476 0.2557816999999716 11.21767499999925   1.0 2.0 1.5 0.0
"(6, 6)" 1.0 14.0 0.16849714999999327 7.227103550000095   1.0 1.0 1.0 0.0 0.4549740499999899 10.503662949999525   2.0 4.0 2.0 1.414213562373095 0.257176300000026 11.461281350000435   1.0 2.0 2.0 0.0
"(6, 6)" 1.0 15.0 0.1668033499999346 7.403215300000454   1.0 1.0 1.0 0.0 0.6537747499998972 11.131214799998304   2.0 6.0 3.0 2.82842712474619 0.30447594999992583 11.72594999999978   1.0 2.5 1.25 0.0
"(6, 6)" 1.0 16.0 0.16693934999995005 7.591113499999921   1.0 1.0 1.0 0.0 0.5601535499999954 11.666940999998499   2.0 5.0 2.5 0.7071067811865476 0.25774245000025076 11.985792849999655   1.0 2.0 1.75 0.0
"(6, 6)" 1.0 17.0 0.21287044999996851 7.816893949999891   1.0 1.5 1.5 0.0 0.35799569999994674 12.05284429999921   2.0 3.0 1.5 0.7071067811865476 0.2608431000001019 12.378352049998595   2.0 2.0 1.333333333333333 0.0
"(6, 6)" 1.0 18.0 0.166441700000064 7.987870150000674   1.0 1.0 1.0 0.0 0.3542506500001821 12.552233650000005   2.5 3.0 1.5 0.7071067811865476 0.48446444999984806 12.931871799998875   2.0 4.0 2.0 0.7071067811865476
"(6, 6)" 1.0 19.0 0.1667898999999693 8.175044500000496   1.0 1.0 1.0 0.0 0.16816034999985163 12.823154100000325   1.0 1.0 1.0 0.0 0.1702107999999782 13.109577799998934   1.0 1.0 1.0 0.0
"(6, 6)" 1.0 20.0 0.16654739999992785 8.34076434999993   1.0 1.0 1.0 0.0 0.2527855999999531 13.117926600000235   1.0 2.0 1.0 0.0 0.3534357500000169 13.46601729999969   1.0 3.0 2.0 0.0
"(6, 6)" 1.0 21.0 0.2523402499999179 8.593018600000363   1.0 2.0 2.0 0.0 0.16773624999990489 13.386013100000955   1.0 1.0 1.0 0.0 0.256445900000017 13.912968799999815   1.0 2.0 1.25 0.0
"(6, 6)" 1.0 22.0 0.1651205999999661 8.758676700000365   1.0 1.0 1.0 0.0 0.1668192500000103 13.55358065000098   1.0 1.0 1.0 0.0 0.25552264999998897 14.218312849999819   1.0 2.0 1.0 0.0
"(6, 6)" 1.0 23.0 0.16437165000002102 8.923783549999882   1.0 1.0 1.0 0.0 0.253273450000016 13.74238025000085   1.0 2.0 2.0 0.0 0.348346499999991 14.66544685000028   1.0 3.0 1.5 0.0
"(6, 6)" 1.0 24.0 0.25298619999998095 9.17715179999982   1.0 2.0 2.0 0.0 0.16644289999987905 13.97640220000076   1.0 1.0 1.0 0.0 0.30266134999999394 14.963281449998703   2.0 2.0 1.0 0.0
"(6, 6)" 1.0 25.0 1.9894992999999777 11.187908899999854   1.0 16.0 16.0 0.0 0.1655488999998056 14.14637675000064   1.0 1.0 1.0 0.0 0.17011539999998604 15.133411149998775   1.0 1.0 1.0 0.0
"(6, 6)" 1.0 26.0         0.25327595000001674 14.328508900000715   1.0 2.0 2.0 0.0 0.25726570000006177 15.549374600000931   1.0 2.0 1.25 0.0
"(6, 6)" 1.0 27.0         1.989359849999573 15.970837450000685   1.0 16.0 16.0 0.0 0.26035810000018955 15.850744849998305   1.0 2.0 2.0 0.0
"(6, 6)" 1.0 28.0         1.989256249999869 16.213567749999413   1.0 16.0 16.0 0.0 0.16939569999993864 16.115224149999335   1.0 1.0 1.0 0.0
"(6, 6)" 1.0 29.0         0.2544431000003442 15.89850959999978   1.0 2.0 2.0 0.0 0.2553612500000497 16.622313149998888   1.0 2.0 2.0 0.0
"(6, 6)" 1.0 30.0         1.1264322499996522 16.72044724999995   1.0 9.0 9.0 0.0 0.3505052500000759 16.950877199999354   1.0 3.0 2.0 0.0
"(6, 6)" 1.0 31.0         0.1690481999999065 16.32352109999954   1.0 1.0 1.0 0.0 0.16948385000006283 17.6139399999999   1.0 1.0 1.0 0.0
"(6, 6)" 1.0 32.0         0.3498604999998634 16.6733815999994   2.0 3.0 1.5 0.7071067811865476 0.5563961999999947 18.23891459999925   1.0 5.0 2.5 0.0
"(6, 6)" 1.0 33.0         2.005500099999722 18.67888169999912   2.0 16.0 8.0 9.899494936611665 1.994426449999935 19.310630649999435   2.0 16.0 8.5 1.7028886969679078
"(6, 6)" 1.0 34.0                 1.0942275499998002 19.695332350000257   2.0 9.0 4.5 0.7071067811865476
"(6, 6)" 1.0 35.0                 0.30498359999984354 19.954634650000084   2.0 2.5 1.25 0.0
"(6, 6)" 1.0 36.0                 2.28405829999997 22.25683920000029   2.0 17.0 8.5 10.60660171779821
"(6, 6)" 2.0 1.0 1.822891349999679 1.822891349999679   3.0 6.0 2.0 1.0 2.2426610000002256 2.2426610000002256   3.0 11.0 3.666666666666667 3.055050463303894 2.8352222000003735 2.8352222000003735   3.0 11.0 3.666666666666667 3.055050463303894
"(6, 6)" 2.0 2.0 0.5077882000000145 2.330620899999502   3.0 7.0 2.333333333333333 1.527525231651947 1.02065784999985 3.2743832499998575   3.0 13.0 4.333333333333333 4.932882862316247 1.039021950000148 3.804435049999597   3.0 13.0 4.333333333333333 4.932882862316247
"(6, 6)" 2.0 3.0 0.29955760000001413 2.6319042999994906   3.0 4.0 1.333333333333333 0.5773502691896257 1.0963090999997576 4.347360349999406   3.0 12.5 4.166666666666666 4.932882862316247 0.6272285500001828 4.402797599999815   3.0 8.0 2.666666666666667 0.7886751345948129
"(6, 6)" 2.0 4.0 0.22543420000000935 2.8611911999997517   3.0 3.0 1.0 0.0 0.22695584999996754 4.589787300000012   3.0 3.0 1.0 0.0 0.4493729500001109 5.004631249999875   3.0 6.0 2.0 0.5773502691896257
"(6, 6)" 2.0 5.0 0.2245942999999784 3.086306750000091   3.0 3.0 1.0 0.0 0.22555319999992207 4.818850549999979   3.0 3.0 1.0 0.0 0.5960186500001043 5.58035560000036   4.0 8.0 2.0 0.816496580927726
"(6, 6)" 2.0 6.0 0.22144204999998607 3.3100611500001094   3.0 3.0 1.0 0.0 0.22261785000006284 5.064900099999704   3.0 3.0 1.0 0.0 0.4623095000002593 6.155731000000856   4.0 6.5 1.625 0.658248290463863
"(6, 6)" 3.0 1.0 1.3730986499999176 1.3730986499999176   1.0 18.0 1.0 0.0 1.365904300000068 1.365904300000068   1.0 18.0 1.0 0.0 1.9055973499999364 1.9055973499999364   1.0 20.0 1.0 0.0
