 \Theta_h \Theta_h \Theta_s \Theta_s B_d B_d B_e B_e
problem pl1ts pl2dc pl1ts pl2dc pl1ts pl2dc pl1ts pl2dc
online_bounds        
"(1, 2, 2)" 7.222222222222222 8.928571428571429 1.9329633325496658 2.0745663334156084 0.07299700428549667 0.0753871896659287 0.053291527989551515 0.05804799775303366
"(1, 2, 3)" 7.0 8.928571428571429 1.912931182772389 2.0745663334156084 0.07167535308319824 0.0753871896659287 0.04917622948934595 0.05804799775303366
"(1, 3, 3)" 7.222222222222222 9.0 1.9329633325496658 2.080083823051904 0.07087640558602724 0.0625778483034504 0.05139650825414247 0.0483720537653579
"(2, 2, 2)" 7.444444444444445 9.142857142857142 1.9525886675502173 2.0910318342988408 0.0714150057421209 0.03817828717878331 0.05289214514217227 0.029516311652857865
"(2, 2, 3)" 7.666666666666667 9.285714285714286 1.9718272332335722 2.101866389548769 0.06813922700780413 0.04285968562868135 0.04568433470199782 0.03293222648968676
"(2, 3, 3)" 8.88888888888889 9.571428571428571 2.0714883373025725 2.1232065936419757 0.21779103085969959 0.05535084081758851 0.15546847302256303 0.03971726590432761
"(3, 3, 3)" 9.88888888888889 9.714285714285714 2.1464255652129696 2.1337176886843636 0.1789432887817979 0.062460176989550455 0.13242024480493103 0.043086943554297236
