   IT IT PN PN TT TT WT WT SIZE SIZE LE LE AC AC CF CF PP_EF_L PP_EF_L SP_EB_L SP_EB_L
statistic   0.5 IQR 0.5 IQR 0.5 IQR 0.5 IQR 0.5 IQR 0.5 IQR 0.5 IQR 0.5 IQR 0.5 IQR 0.5 IQR
problem planning_mode AL                    
ps1 offline 1 1.0 0.0 1.0 0.0 6.70117040000008 1.1595441999999707 10.02918240000005 1.2245645000000405 26.0 0.0 39.0 0.0 39.0 0.0 1.0 0.0 1.5 0.0 0.5416025603090641 0.10208383034514346
ps1 offline 2 1.0 0.0 1.0 0.0 1.9771979 0.032111500000071125 3.34005969999987 0.08675069999985396 18.0 0.0 26.0 0.0 26.0 0.0 1.0 0.0 1.444444444444444 0.0 0.5426469527051588 0.0955064920121167
ps1 offline 3 1.0 0.0 1.0 0.0 1.356307100000208 0.05921680000005791 1.356307100000208 0.05921680000005791 1.0 0.0 18.0 0.0 18.0 0.0 1.0 0.0 1.0 0.0 0.0 0.0
ps1 online 1 2.5 1.5 2.5 1.5 1.3547599000000616 0.7631624750000405 1.96036509999999 3.305359149999955 6.5 3.0 13.0 7.25 13.0 7.25 1.0 0.0 1.555555555555556 0.2625000000000002 0.4578608056263661 0.2527139518645053
ps1 online 2 1.5 1.0 1.5 1.0 1.136800199999755 0.8112333999998644 1.7782378499996985 2.1547899499999867 9.0 0.0 13.0 8.0 13.0 8.0 1.0 0.0 1.4444444444444444 0.8888888888888891 0.3569301070510337 0.5580489988532434
ps1 online 3 1.0 0.0 1.0 0.0 1.3473304499997596 0.05590604999995441 1.3473304499997596 0.05590604999995441 1.0 0.0 18.0 0.0 18.0 0.0 1.0 0.0 1.0 0.0 0.0 0.0
ps2 offline 1 1.0 0.0 1.0 0.0 11.98459490000005 1.7458339999999186 16.76652250000006 1.918091700000108 34.0 0.0 53.0 2.0 53.0 2.0 1.0 0.0 1.558823529411765 0.05882352941176405 0.6735835443368857 0.05483836385104013
ps2 offline 2 1.0 0.0 1.0 0.0 3.305529700000022 0.20472830000005704 4.693833799999425 0.2189079000000902 18.0 0.0 34.0 0.0 34.0 0.0 1.0 0.0 1.888888888888889 0.0 1.175258891582203 0.04184247626645621
ps2 offline 3 1.0 0.0 1.0 0.0 1.343877699999979 0.05778539999982901 1.343877699999979 0.05778539999982901 1.0 0.0 18.0 0.0 18.0 0.0 1.0 0.0 1.0 0.0 0.0 0.0
ps2 online 1 2.5 1.5 2.5 1.5 2.1498858500000324 2.3698816999997305 2.6524362000000465 5.5448295500006 8.5 7.0 19.0 17.25 19.0 17.25 1.0 0.0 1.833333333333333 0.6375000000000002 0.7071067811865476 0.5854310631217635
ps2 online 2 1.5 1.0 1.5 1.0 1.4454975500000555 1.7843473500002172 2.1037168000000293 3.1386740499999632 9.0 0.0 17.0 16.0 17.0 16.0 1.0 0.0 1.8888888888888888 1.7777777777777781 0.6573460357586329 1.076661506695582
ps2 online 3 1.0 0.0 1.0 0.0 1.3452360000001988 0.046896949999841286 1.3452360000001988 0.046896949999841286 1.0 0.0 18.0 0.0 18.0 0.0 1.0 0.0 1.0 0.0 0.0 0.0
ps3 offline 1 1.0 0.0 1.0 0.0 36.58171210000035 10.513239100000014 49.96001339999998 8.91114370000173 44.0 0.0 71.0 2.0 71.0 2.0 1.0 0.0 1.642857142857143 0.04545454545454497 0.6156103611641836 0.07622208531239671
ps3 offline 2 1.0 0.0 1.0 0.0 9.209325800000016 3.990588400000089 11.14768549999994 3.81144429999984 20.0 0.0 44.0 0.0 44.0 0.0 1.0 0.0 2.2 0.0 0.9511788432374488 0.045742977872286095
ps3 offline 3 1.0 0.0 1.0 0.0 1.909820700000068 0.12001750000013112 1.909820700000068 0.12001750000013112 1.0 0.0 20.0 0.0 20.0 0.0 1.0 0.0 1.0 0.0 0.0 0.0
ps3 online 1 2.5 1.5 2.5 1.5 2.466938700000057 1.477166174999923 3.607837499999974 5.227628149999816 11.0 4.0 20.0 9.25 20.0 9.25 1.0 0.0 1.666666666666667 0.5 0.6666666666666666 0.3087608031572393
ps3 online 2 1.5 1.0 1.5 1.0 2.04928915000022 1.0609896749998042 3.0960075000003826 2.9686273749999827 10.0 0.0 22.0 8.0 22.0 8.0 1.0 0.0 2.2 0.8 0.7591022543706094 0.5432534940622793
ps3 online 3 1.0 0.0 1.0 0.0 1.900415499999582 0.10759782500036841 1.900415499999582 0.10759782500036841 1.0 0.0 20.0 0.0 20.0 0.0 1.0 0.0 1.0 0.0 0.0 0.0
