   LE LE AC AC CF CF CP_EF_L CP_EF_L SP_EB_L SP_EB_L GT GT ST ST GT_POTT GT_POTT ST_POTT ST_POTT TT TT LT LT WT WT MET MET CT CT
statistic   0.5 IQR 0.5 IQR 0.5 IQR 0.5 IQR 0.5 IQR 0.5 IQR 0.5 IQR 0.5 IQR 0.5 IQR 0.5 IQR 0.5 IQR 0.5 IQR 0.5 IQR 0.5 IQR
search_mode achievement_type AL                            
minbound seqa 1 54.333333333333336 1.3333333333333333 54.333333333333336 1.3333333333333333 1.0 0.0 1.5672268907563025 0.03475935828876967 0.6102654886033778 0.07771475983619343 6.320833633333247 0.36805290000000906 11.905773466666611 4.097985099999959 0.44089039022834803 0.06171326814738312 0.559109609771652 0.06171326814738313 18.422492466666828 4.472872433333301 25.585239433333367 4.017933300000626 25.585239433333367 4.017933300000626 0.0 0.0 25.585239433333367 4.017933300000626
minbound seqa 2 34.666666666666664 0.0 34.666666666666664 0.0 1.0 0.0 1.8444444444444443 0.0 0.8896948958416036 0.061030648716953 2.542945566666608 0.038951233333276734 2.310070366666641 1.387099666666624 0.6249033679603411 0.06554627022633712 0.3750966320396591 0.06554627022633698 4.830684466666679 1.4091427333334057 6.393859666666411 1.3723676333332613 6.393859666666411 1.3723676333332613 0.0 0.0 6.393859666666411 1.3723676333332613
minbound seqa 3 18.666666666666668 0.0 18.666666666666668 0.0 1.0 0.0 1.0 0.0 0.0 0.0 1.0428440333332958 0.009054466666628272 0.4929643999999958 0.08059173333357232 0.6908615820645826 0.03501518960771769 0.3091384179354176 0.035015189607717705 1.5366685000000853 0.07900656666667268 1.5366685000000853 0.07900656666667268 1.5366685000000853 0.07900656666667268 0.0 0.0 1.5366685000000853 0.07900656666667268
minbound sima 1 54.333333333333336 1.3333333333333333 54.333333333333336 1.3333333333333333 1.0 0.0 1.5672268907563025 0.03475935828876967 0.6126862922032154 0.059349108516756045 6.3481051666666986 0.33811856666647105 12.60897043333366 6.419169599999592 0.4234828098532593 0.07978950128650097 0.5765171901467406 0.07978950128650102 19.085263733333402 6.725320299999653 26.54320739999982 7.660425899999808 26.54320739999982 7.660425899999808 0.0 0.0 26.54320739999982 7.660425899999808
minbound sima 2 34.666666666666664 0.6666666666666666 34.666666666666664 0.6666666666666666 1.0 0.0 1.8444444444444443 0.03333333333333336 0.9015509891856058 0.07150733634544533 2.5368157666667344 0.1136131666667853 2.1698884999999564 1.1928555666665823 0.6358522897529418 0.05677907692917291 0.3641477102470582 0.05677907692917288 4.717945366666545 1.31429090000006 6.229426599999935 1.4090563333334438 6.229426599999935 1.4090563333334438 0.0 0.0 6.229426599999935 1.4090563333334438
minbound sima 3 18.666666666666668 0.0 18.666666666666668 0.0 1.0 0.0 1.0 0.0 0.0 0.0 1.0392473666667004 0.0050520000000514225 0.48351163333336916 0.08164046666661784 0.6931706176321177 0.033298494380883725 0.3068293823678821 0.03329849438088364 1.5229153000000604 0.07904953333317133 1.5229153000000604 0.07904953333317133 1.5229153000000604 0.07904953333317133 0.0 0.0 1.5229153000000604 0.07904953333317133
standard seqa 1 55.0 1.3333333333333333 55.0 1.3333333333333333 1.0 0.0 1.5868347338935573 0.03475935828876967 0.5967406532088203 0.06916850956553582 8.859125766666523 0.3558969999994031 17.883003299999945 7.387346033332741 0.4725750062430482 0.06711240053559205 0.5274249937569517 0.06711240053559238 26.93201223333324 7.3964299666661555 34.358331666666224 7.800519433333044 34.358331666666224 7.800519433333044 0.0 0.0 34.358331666666224 7.800519433333044
standard seqa 2 34.666666666666664 0.0 34.666666666666664 0.0 1.0 0.0 1.8444444444444443 0.0 0.9024213378225996 0.08004223356003355 3.4256681333331804 0.011593466666823668 2.3504965666667488 1.754029133333404 0.6977841187940185 0.0698784319604215 0.30221588120598164 0.06987843196042133 5.7843262333332355 1.7549908666665133 7.378621899999993 1.7431690666670345 7.378621899999993 1.7431690666670345 0.0 0.0 7.378621899999993 1.7431690666670345
standard seqa 3 18.666666666666668 0.0 18.666666666666668 0.0 1.0 0.0 1.0 0.0 0.0 0.0 1.0410067000001393 0.0062805000000214495 0.49882329999999203 0.09194906666687076 0.6879924189458354 0.03536856425389231 0.31200758105416426 0.03536856425389263 1.541712799999952 0.09088210000040446 1.541712799999952 0.09088210000040446 1.541712799999952 0.09088210000040446 0.0 0.0 1.541712799999952 0.09088210000040446
standard sima 1 55.0 1.3333333333333333 55.0 1.3333333333333333 1.0 0.0 1.5726381461675578 0.03475935828876967 0.6126088890570572 0.083107461894576 8.918218300000163 0.3587452333327885 19.564364366666435 5.946712400000005 0.46840969966915447 0.05774981384913211 0.5315903003308454 0.05774981384913225 28.498409166667273 6.3667400000000915 37.03420603333435 6.40564843333329 37.03420603333435 6.40564843333329 0.0 0.0 37.03420603333435 6.40564843333329
standard sima 2 34.666666666666664 0.0 34.666666666666664 0.0 1.0 0.0 1.8444444444444443 0.0 0.8977169955289118 0.052805752580921794 3.4127813999998318 0.015190466666714345 3.1816972666666365 1.4732471333334303 0.6625275266907446 0.05893632627368269 0.3374724733092555 0.058936326273683025 6.5920689666665835 1.4768887000002435 8.165540666666574 1.4614314999996243 8.165540666666574 1.4614314999996243 0.0 0.0 8.165540666666574 1.4614314999996243
standard sima 3 18.666666666666668 0.0 18.666666666666668 0.0 1.0 0.0 1.0 0.0 0.0 0.0 1.0392461000000945 0.005592833333196341 0.49669936666665154 0.07543076666679362 0.6881011195932348 0.032722222225978016 0.3118988804067652 0.03272222222597789 1.5366619999999216 0.07575949999992766 1.5366619999999216 0.07575949999992766 1.5366619999999216 0.07575949999992766 0.0 0.0 1.5366619999999216 0.07575949999992766
yield seqa 1 55.666666666666664 0.6666666666666666 55.666666666666664 0.6666666666666666 1.0 0.0 1.5922459893048126 0.0 0.5829445502820952 0.07172681147039835 9.63999456666651 0.28234319999981256 13.802297066666943 5.6182127333333085 0.5259538382197938 0.05232407620295909 0.47223489465185886 0.05249722088221096 23.457410566666848 5.832848966666991 30.13780973333355 5.797019766665926 30.13780973333355 5.797019766665926 0.0 0.0 30.13780973333355 5.797019766665926
yield seqa 2 34.666666666666664 0.0 34.666666666666664 0.0 1.0 0.0 1.8444444444444443 0.0 0.8929547668929135 0.0365703235644503 3.348430199999972 0.022674200000189604 1.8601051666666706 0.7366973666665854 0.6849247943522606 0.06555456205592398 0.31170417794434147 0.0658767948837106 5.226159566666553 0.7394668666664143 6.781028899999824 0.7126949999999314 6.781028899999824 0.7126949999999314 0.0 0.0 6.781028899999824 0.7126949999999314
yield seqa 3 18.666666666666668 0.0 18.666666666666668 0.0 1.0 0.0 1.0 0.0 0.0 0.0 1.041393933333372 0.005343433333351151 0.48717773333351033 0.06506443333327637 0.6956376492577055 0.028777915277286976 0.3043623507422946 0.028777915277287087 1.5267676333333497 0.06260646666686871 1.5267676333333497 0.06260646666686871 1.5267676333333497 0.06260646666686871 0.0 0.0 1.5267676333333497 0.06260646666686871
yield sima 1 55.0 0.6666666666666666 55.0 0.6666666666666666 1.0 0.0 1.5922459893048126 0.005411255411255311 0.5890336181542838 0.04710035218194079 9.460740633333257 0.28963370000026484 12.89745663333332 5.852150066666831 0.527377507514733 0.05782699626940526 0.4708488722162119 0.05795292568664292 22.4457701000001 5.90561933333283 29.134533266666498 5.078414900000003 29.134533266666498 5.078414900000003 0.0 0.0 29.134533266666498 5.078414900000003
yield sima 2 34.666666666666664 0.6666666666666666 34.666666666666664 0.6666666666666666 1.0 0.0 1.8444444444444443 0.03333333333333336 0.9015509891856058 0.03799857387051109 3.3471769000000413 0.10820630000005327 1.5216711999999102 0.7827317333333803 0.7105908289383939 0.06810062862321846 0.28597850850257484 0.06832636464441826 4.899504133333129 0.8895288000004155 6.4307757999998785 0.8997814000005597 6.4307757999998785 0.8997814000005597 0.0 0.0 6.4307757999998785 0.8997814000005597
yield sima 3 18.666666666666668 0.0 18.666666666666668 0.0 1.0 0.0 1.0 0.0 0.0 0.0 1.0398198666664673 0.004849266666677066 0.49272926666671185 0.07392833333332759 0.6890136376842616 0.03027776189037834 0.31098636231573834 0.030277761890378452 1.5328718333332294 0.07127939999960109 1.5328718333332294 0.07127939999960109 1.5328718333332294 0.07127939999960109 0.0 0.0 1.5328718333332294 0.07127939999960109
