problem   ps3 ps3 ps3 ps3
   "Total Time" "Wait time" Size Length
online_bounds AL PN    
"(0.5, 0.5)" 1.0 1.0 0.6833513500000947 3.105625700000132 2.5 4.5
"(0.5, 0.5)" 1.0 2.0 0.5159740000001634 1.3604550000000015 3.5 4.5
"(0.5, 0.5)" 1.0 3.0 0.5727131999999813 1.2225519000002125 2.5 3.5
"(0.5, 0.5)" 1.0 4.0 0.5770166999999446 1.1635874000003525 3.0 5.0
"(0.5, 0.5)" 1.0 5.0 0.5612270000000592 1.129214750000017 3.0 4.0
"(0.5, 0.5)" 1.0 6.0 0.5675633499999435 1.152901900000245 4.0 5.0
"(0.5, 0.5)" 1.0 7.0 0.5675219999999754 0.8912640500000037 3.0 5.0
"(0.5, 0.5)" 1.0 8.0 0.5700723000001631 0.578286800000086 3.0 5.0
"(0.5, 0.5)" 1.0 9.0 0.564811300000315 0.564811300000315 3.0 5.0
"(0.5, 0.5)" 1.0 10.0 0.5688935999999671 0.5688935999999671 3.0 4.0
"(0.5, 0.5)" 1.0 11.0 0.5711197999999769 0.5711197999999769 3.0 5.0
"(0.5, 0.5)" 1.0 12.0 0.5692143499998679 0.5692143499998679 3.0 5.0
"(0.5, 0.5)" 1.0 13.0 0.5736291000002325 0.5736291000002325 3.0 5.0
"(0.5, 0.5)" 1.0 14.0 0.5662415499999724 0.5662415499999724 3.0 5.0
"(0.5, 0.5)" 1.0 15.0 0.5630694999999264 0.5630694999999264 3.0 4.0
"(0.5, 0.5)" 1.0 16.0 0.5669159000001684 0.5669159000001684 2.5 5.0
"(0.5, 0.5)" 1.0 17.0 0.5476682000000892 0.5476682000000892 2.0 4.0
"(0.5, 0.5)" 1.0 18.0 0.5594016499999839 0.5594016499999839 3.0 4.0
"(0.5, 0.5)" 1.0 19.0 0.5704949000001989 0.5704949000001989 3.0 5.0
"(0.5, 0.5)" 1.0 20.0 0.563494150000281 0.563494150000281 2.0 5.0
"(0.5, 0.5)" 1.0 21.0 0.4628179999999702 0.4628179999999702 3.0 4.0
"(0.5, 0.5)" 1.0 22.0 0.5765099000001328 0.5765099000001328 3.0 4.0
"(0.5, 0.5)" 1.0 23.0 0.3560135999999829 0.3560135999999829 3.0 3.0
"(0.5, 0.5)" 1.0 24.0 0.4819288000002189 0.4819288000002189 4.0 4.0
"(0.5, 0.5)" 1.0 25.0 0.4620044000000689 0.4620044000000689 3.0 4.0
"(0.5, 0.5)" 2.0 1.0 0.5502585999998644 2.444394100000153 1.0 7.0
"(0.5, 0.5)" 2.0 2.0 0.7081259000001978 0.7081259000001978 2.0 7.0
"(0.5, 0.5)" 2.0 3.0 0.7858727500000668 0.7858727500000668 3.0 10.0
"(0.5, 0.5)" 2.0 4.0 0.584951100000012 0.584951100000012 4.0 7.0
"(0.5, 0.5)" 2.0 5.0 0.5884865499999989 0.5884865499999989 3.0 7.0
"(0.5, 0.5)" 2.0 6.0 0.5809416999997836 0.5809416999997836 4.0 7.0
"(0.5, 0.5)" 2.0 7.0 0.5630530999990242 0.5630530999990242 3.0 6.0
"(0.5, 0.5)" 2.0 8.0 0.3370244000001321 0.3370244000001321 3.0 4.0
"(0.5, 0.5)" 2.0 9.0 0.2554911000000857 0.2554911000000857 3.0 3.0
"(0.5, 0.5)" 3.0 1.0 1.8944648500001335 1.8944648500001335 1.0 20.0
"(1.0, 0.5)" 1.0 1.0 0.6881807999999765 3.811622949999958 2.5 4.5
"(1.0, 0.5)" 1.0 2.0 0.887307449999966 2.1196365499999743 3.0 7.0
"(1.0, 0.5)" 1.0 3.0 0.560244199999886 1.7205082499996251 4.0 4.0
"(1.0, 0.5)" 1.0 4.0 0.5742141000000203 1.1352645499999166 2.0 5.0
"(1.0, 0.5)" 1.0 5.0 0.5656251500000735 0.5696616500000289 3.0 4.0
"(1.0, 0.5)" 1.0 6.0 0.5722364499999628 0.5722364499999628 2.0 5.0
"(1.0, 0.5)" 1.0 7.0 0.5729984999999829 0.5729984999999829 4.0 5.0
"(1.0, 0.5)" 1.0 8.0 0.6046411500000204 0.6046411500000204 4.0 5.0
"(1.0, 0.5)" 1.0 9.0 0.5699743500001091 0.5699743500001091 3.0 5.0
"(1.0, 0.5)" 1.0 10.0 0.5664086499999996 0.5664086499999996 3.0 5.0
"(1.0, 0.5)" 1.0 11.0 0.5750643499998773 0.5750643499998773 3.0 5.0
"(1.0, 0.5)" 1.0 12.0 0.5747505499998766 0.5747505499998766 3.0 5.0
"(1.0, 0.5)" 1.0 13.0 0.5726143499999523 0.5726143499999523 3.0 5.0
"(1.0, 0.5)" 1.0 14.0 0.5529525499999011 0.5529525499999011 3.0 4.0
"(1.0, 0.5)" 1.0 15.0 0.5649461499998552 0.5649461499998552 3.0 4.0
"(1.0, 0.5)" 1.0 16.0 0.5728112000002739 0.5728112000002739 3.0 5.0
"(1.0, 0.5)" 1.0 17.0 0.5772453999996969 0.5772453999996969 2.0 5.0
"(1.0, 0.5)" 1.0 18.0 0.5680075000002489 0.5680075000002489 3.0 5.0
"(1.0, 0.5)" 1.0 19.0 0.5593688500000553 0.5593688500000553 2.0 5.0
"(1.0, 0.5)" 1.0 20.0 0.5720473000002357 0.5720473000002357 3.0 5.0
"(1.0, 0.5)" 1.0 21.0 0.5744670999999926 0.5744670999999926 3.0 5.0
"(1.0, 0.5)" 1.0 22.0 0.3595103000002382 0.3595103000002382 2.0 3.0
"(1.0, 0.5)" 1.0 23.0 0.3561291999999412 0.3561291999999412 2.0 3.0
"(1.0, 0.5)" 2.0 1.0 1.272378599999982 3.157341500000058 3.0 11.0
"(1.0, 0.5)" 2.0 2.0 1.2596084000000476 1.2596084000000476 6.0 13.0
"(1.0, 0.5)" 2.0 3.0 1.1434565499999745 1.1434565499999745 6.0 12.0
"(1.0, 0.5)" 2.0 4.0 0.8883921500000724 0.8883921500000724 6.0 10.0
"(1.0, 0.5)" 2.0 5.0 0.5027384999993956 0.5027384999993956 4.0 6.0
"(1.0, 0.5)" 3.0 1.0 1.9065610500001071 1.9065610500001071 1.0 20.0
"(1.0, 1.0)" 1.0 1.0 1.208569799999992 4.550209100000245 6.0 9.0
"(1.0, 1.0)" 1.0 2.0 1.0404058500002404 2.2624421499999343 5.0 8.0
"(1.0, 1.0)" 1.0 3.0 1.0525352500002325 2.2075992500001007 5.0 9.0
"(1.0, 1.0)" 1.0 4.0 1.090742649999953 1.6547520499999564 7.0 9.0
"(1.0, 1.0)" 1.0 5.0 1.0510929999998808 1.0589898000001763 4.0 8.0
"(1.0, 1.0)" 1.0 6.0 1.0660243000001515 1.0660243000001515 5.0 9.0
"(1.0, 1.0)" 1.0 7.0 1.0846090499999543 1.0846090499999543 5.0 9.0
"(1.0, 1.0)" 1.0 8.0 0.9287947500000939 0.9287947500000939 5.0 7.0
"(1.0, 1.0)" 1.0 9.0 1.0600471500000594 1.0600471500000594 4.5 8.0
"(1.0, 1.0)" 1.0 10.0 0.7956324000002724 0.7956324000002724 3.0 7.0
"(1.0, 1.0)" 1.0 11.0 0.8998182999999926 0.8998182999999926 5.0 7.0
"(1.0, 1.0)" 1.0 12.0 0.5688575999998307 0.5688575999998307 3.0 5.0
"(1.0, 1.0)" 1.0 13.0 0.6470484000002443 0.6470484000002443 4.5 5.5
"(1.0, 1.0)" 1.0 14.0 1.05079470000021 1.05079470000021 6.0 7.0
"(1.0, 1.0)" 2.0 1.0 1.2915355999999751 3.181898249999392 3.0 11.0
"(1.0, 1.0)" 2.0 2.0 1.25180344999994 1.25180344999994 6.0 13.0
"(1.0, 1.0)" 2.0 3.0 1.1494492500005435 1.1494492500005435 6.0 12.0
"(1.0, 1.0)" 2.0 4.0 1.008542899999981 1.008542899999981 5.0 10.0
"(1.0, 1.0)" 2.0 5.0 0.41779395000017416 0.41779395000017416 4.0 5.0
"(1.0, 1.0)" 2.0 6.0 0.5355236000000332 0.5355236000000332 6.0 6.0
"(1.0, 1.0)" 3.0 1.0 1.925475449999965 1.925475449999965 1.0 20.0
"(1.5, 0.5)" 1.0 1.0 0.6705000499999727 4.198710850000623 2.0 3.0
"(1.5, 0.5)" 1.0 2.0 0.7902156500000501 2.5169237499999895 3.0 7.0
"(1.5, 0.5)" 1.0 3.0 0.6588241499999299 1.4967169000002514 3.0 6.0
"(1.5, 0.5)" 1.0 4.0 0.5673412499998349 0.5673412499998349 3.0 5.0
"(1.5, 0.5)" 1.0 5.0 0.5802807500002132 0.5802807500002132 3.0 5.0
"(1.5, 0.5)" 1.0 6.0 0.5613785500002137 0.5613785500002137 2.0 5.0
"(1.5, 0.5)" 1.0 7.0 0.5823200499998862 0.5823200499998862 3.0 5.0
"(1.5, 0.5)" 1.0 8.0 0.5782269499999586 0.5782269499999586 4.0 5.0
"(1.5, 0.5)" 1.0 9.0 0.5783816499998693 0.5783816499998693 4.0 5.0
"(1.5, 0.5)" 1.0 10.0 0.578227849999962 0.578227849999962 3.0 5.0
"(1.5, 0.5)" 1.0 11.0 0.5744217499998854 0.5744217499998854 3.0 5.0
"(1.5, 0.5)" 1.0 12.0 0.571587500000021 0.571587500000021 3.0 5.0
"(1.5, 0.5)" 1.0 13.0 0.5686709500000973 0.5686709500000973 3.0 5.0
"(1.5, 0.5)" 1.0 14.0 0.5623845000000642 0.5623845000000642 3.0 5.0
"(1.5, 0.5)" 1.0 15.0 0.5755011499999227 0.5755011499999227 3.0 5.0
"(1.5, 0.5)" 1.0 16.0 0.5693086000000562 0.5693086000000562 3.0 5.0
"(1.5, 0.5)" 1.0 17.0 0.5715665000000172 0.5715665000000172 3.0 5.0
"(1.5, 0.5)" 1.0 18.0 0.5593548000002784 0.5593548000002784 2.5 5.0
"(1.5, 0.5)" 1.0 19.0 0.356618899999944 0.356618899999944 3.0 3.0
"(1.5, 0.5)" 1.0 20.0 0.3509940999999799 0.3509940999999799 2.0 3.0
"(1.5, 0.5)" 2.0 1.0 1.6433350999997745 3.5628155000001276 4.0 18.0
"(1.5, 0.5)" 2.0 2.0 1.6624003000000016 1.6624003000000016 9.0 17.0
"(1.5, 0.5)" 2.0 3.0 0.8377290499998935 0.8377290499998935 7.0 10.0
"(1.5, 0.5)" 2.0 4.0 0.1846010999998953 0.1846010999998953 2.0 2.0
"(1.5, 0.5)" 3.0 1.0 1.9178203500000142 1.9178203500000142 1.0 20.0
"(1.5, 1.0)" 1.0 1.0 1.1006462500000396 4.726255450000082 6.0 9.0
"(1.5, 1.0)" 1.0 2.0 1.207844049999778 2.934284600000183 5.0 9.0
"(1.5, 1.0)" 1.0 3.0 1.0760227000000526 2.0082544000000837 5.0 9.0
"(1.5, 1.0)" 1.0 4.0 1.054213799999843 1.0589820000002985 4.5 8.0
"(1.5, 1.0)" 1.0 5.0 1.0890127999999777 1.0890127999999777 6.0 9.0
"(1.5, 1.0)" 1.0 6.0 1.0738217999998485 1.0738217999998485 5.0 9.0
"(1.5, 1.0)" 1.0 7.0 1.0623965999998295 1.0623965999998295 5.0 9.0
"(1.5, 1.0)" 1.0 8.0 1.069559299999582 1.069559299999582 5.0 9.0
"(1.5, 1.0)" 1.0 9.0 1.080686299999911 1.080686299999911 5.0 9.0
"(1.5, 1.0)" 1.0 10.0 0.5717707000001155 0.5717707000001155 3.5 4.5
"(1.5, 1.0)" 1.0 11.0 0.4562616999997999 0.4562616999997999 3.0 4.0
"(1.5, 1.0)" 1.0 12.0 0.4582325000000083 0.4582325000000083 3.0 4.0
"(1.5, 1.0)" 2.0 1.0 1.6316962500001035 3.532968950000253 4.0 18.0
"(1.5, 1.0)" 2.0 2.0 1.6829196499999455 1.6829196499999455 9.0 17.0
"(1.5, 1.0)" 2.0 3.0 0.862330499999814 0.862330499999814 7.0 10.0
"(1.5, 1.0)" 2.0 4.0 0.2571509500002094 0.2571509500002094 3.0 3.0
"(1.5, 1.0)" 3.0 1.0 1.899266500000003 1.899266500000003 1.0 20.0
"(1.5, 1.5)" 1.0 1.0 1.737161550000224 5.238088850000338 6.0 13.0
"(1.5, 1.5)" 1.0 2.0 1.706534349999984 3.509651699999864 8.0 13.0
"(1.5, 1.5)" 1.0 3.0 0.9839826999998846 1.836408849999799 4.0 8.0
"(1.5, 1.5)" 1.0 4.0 1.6406203499999776 1.6406203499999776 9.0 13.0
"(1.5, 1.5)" 1.0 5.0 1.5910657500000696 1.5910657500000696 7.0 12.0
"(1.5, 1.5)" 1.0 6.0 1.2505473000001284 1.2505473000001284 7.0 10.0
"(1.5, 1.5)" 1.0 7.0 1.1988221000000294 1.1988221000000294 7.0 9.5
"(1.5, 1.5)" 1.0 8.0 0.35194900000004736 0.35194900000004736 3.0 3.0
"(1.5, 1.5)" 2.0 1.0 1.6515557500001425 3.5457814499999927 4.0 18.0
"(1.5, 1.5)" 2.0 2.0 1.6646800500000725 1.6646800500000725 9.0 17.0
"(1.5, 1.5)" 2.0 3.0 0.8377779499999463 0.8377779499999463 7.0 10.0
"(1.5, 1.5)" 2.0 4.0 0.2516763999999512 0.2516763999999512 2.0 3.0
"(1.5, 1.5)" 3.0 1.0 1.8901861500001405 1.8901861500001405 1.0 20.0
