problem   pl1ts pl1ts pl1ts pl1ts pl1ts pl1ts pl1ts pl1ts pl2dc pl2dc pl2dc pl2dc pl2dc pl2dc pl2dc pl2dc
   "Wait time" "Yield time" "Percent wait time" "Percent yield time" Size Length "Expansion factor" "Sub-Plan expansion deviation" "Wait time" "Yield time" "Percent wait time" "Percent yield time" Size Length "Expansion factor" "Sub-Plan expansion deviation"
online_bounds AL PN                
"(1, 2, 2)" 1.0 1.0 92.52676525000334 92.52676525000334   15.0 28.0 1.733333333333333 1.334523278535216 49.508134100000916 49.508134100000916   19.0 38.0 2.0 1.150447483271056
"(1, 2, 2)" 1.0 2.0 13.17069004999803 107.5877914000007   16.0 23.0 1.4375 0.7274384280931732 45.149968899999976 93.42001574999529   20.0 42.5 2.15 1.225818738210249
"(1, 2, 2)" 1.0 3.0 7.097271900000578 115.13526975000545   12.0 18.0 1.5 0.7762500258061847 22.346962050001366 116.6883267499934   17.0 33.0 1.9705882352941175 1.1493693968007055
"(1, 2, 2)" 1.0 4.0 4.698978899999247 119.8865252000046   13.0 19.0 1.461538461538461 0.7720988367972446 17.398569650000585 136.3723726000062   17.0 33.0 1.941176470588235 1.185078801053281
"(1, 2, 2)" 2.0 1.0 83.7627705500031 83.7627705500031   15.0 31.0 2.066666666666667 2.374467358818655 25.325764550002535 25.325764550002535   22.0 39.0 1.772727272727273 1.20909253653505
"(1, 2, 2)" 2.0 2.0 5.355338100002427 88.98626694999996   15.0 25.0 1.625 0.9759000729485332 5.69315840000138 30.75270065000132   22.0 34.0 1.545454545454545 0.7464200272921789
"(1, 2, 2)" 3.0 1.0 71.54279544999758 71.54279544999758   17.0 30.0 1.764705882352941 1.393261092038472 14.518153799998345 14.518153799998345   20.0 44.0 2.2 2.117595458607661
"(1, 2, 2)" 4.0 1.0 2.17576975000091 2.17576975000091   1.0 17.0 1.0 0.0 2.1410670000000205 2.1410670000000205   1.0 20.0 1.0 0.0
"(1, 2, 3)" 1.0 1.0 98.81838194999932 98.81838194999932   10.0 18.5 1.8 1.549193338482967 38.787145550001014 38.787145550001014   12.0 25.0 2.083333333333333 1.214231845389905
"(1, 2, 3)" 1.0 2.0 9.93804019999834 109.06066200000055   10.0 17.0 1.7 1.05934990547138 20.261354300000676 57.31605484999591   13.0 24.0 1.916666666666667 1.405118847058488
"(1, 2, 3)" 1.0 3.0 5.398332900000469 113.71469214999965   11.0 17.0 1.416666666666667 0.925527667080366 15.94079210000018 74.0942646499966   13.0 29.0 2.230769230769231 1.235168419949695
"(1, 2, 3)" 1.0 4.0 2.5144336999999264 116.22340749999884   8.0 10.0 1.25 0.7071067811865476 11.283009350000384 83.52115480000134   11.0 24.0 2.181818181818182 1.167748416242284
"(1, 2, 3)" 1.0 5.0 3.899557599998957 121.080953750004   8.0 14.0 1.666666666666667 0.9258200997725514 16.2453139499969 101.15257599999885   11.0 27.0 2.454545454545455 1.213559752433836
"(1, 2, 3)" 1.0 6.0 2.541502999999466 124.0062660000038   9.0 11.0 1.25 0.6868867239266072 7.174469100001716 109.84300420000045   12.0 19.0 1.583333333333333 1.164500152881315
"(1, 2, 3)" 2.0 1.0 93.76318039999944 93.76318039999944   15.0 31.0 2.066666666666667 2.374467358818655 24.721504500001856 24.721504500001856   22.0 38.0 1.772727272727273 1.192509086790504
"(1, 2, 3)" 2.0 2.0 5.4228468000002295 99.39762569999857   15.0 25.0 1.625 0.9574271077563381 5.509954400001334 30.67039710000097   22.0 34.0 1.545454545454545 0.8004327833694973
"(1, 2, 3)" 3.0 1.0 84.17810705000102 84.17810705000102   17.0 30.0 1.764705882352941 1.56242646885805 14.478855899999415 14.478855899999415   20.0 44.0 2.2 2.096359382333455
"(1, 2, 3)" 4.0 1.0 2.1719901500002834 2.1719901500002834   1.0 17.0 1.0 0.0 2.140773399999944 2.140773399999944   1.0 20.0 1.0 0.0
"(1, 3, 3)" 1.0 1.0 92.12948175000156 92.12948175000156   8.0 16.0 2.0 1.690308509457033 25.07410080000045 25.07410080000045   8.0 17.0 2.125 1.246423454758225
"(1, 3, 3)" 1.0 2.0 6.63909115000024 97.83141029999831   9.0 13.0 1.625 1.013793755049703 9.269753200000252 34.74314870000171   9.0 15.0 1.75 1.035098339013531
"(1, 3, 3)" 1.0 3.0 6.85086240000021 105.2508709499979   9.0 14.0 1.555555555555556 0.7264831572567789 11.911855199997945 46.81143885000051   9.0 18.5 2.0555555555555554 1.201850425154663
"(1, 3, 3)" 1.0 4.0 1.1000744000003806 106.04234839999785   3.0 5.0 1.166666666666667 0.408248290463863 7.500711349999392 54.16801635000547   7.0 18.0 2.375 1.187734939165421
"(1, 3, 3)" 1.0 5.0 1.3700263499997614 107.1713346499977   4.0 6.0 1.333333333333333 0.5773502691896257 5.427044799999294 61.09594635000258   8.0 14.0 1.875 1.253566341056017
"(1, 3, 3)" 1.0 6.0 1.46531165000016 108.2033099999977   4.0 5.0 1.25 0.5 7.449966799999402 68.88148570000249   8.0 17.0 2.125 1.187734939165421
"(1, 3, 3)" 1.0 7.0 2.167079150000291 111.1560445999975   6.0 9.0 1.6 0.8366600265340756 7.696641600001385 75.99751664999945   8.0 18.0 2.375 1.187734939165421
"(1, 3, 3)" 1.0 8.0 2.5407250500001055 113.82773269999765   7.0 11.0 1.5857142857142854 0.8944271909999159 9.282070400000293 83.62942595000186   8.0 20.0 2.5 1.22770838310534
"(1, 3, 3)" 1.0 9.0 1.7758168999994264 116.01092789999825   7.0 8.0 1.285714285714286 0.5 3.865263500000083 88.5246404499967   8.0 11.0 1.375 1.060660171779821
"(1, 3, 3)" 2.0 1.0 87.70502039999872 87.70502039999872   10.0 26.0 2.6 2.8372520229060427 17.791340800000626 17.791340800000626   14.0 26.0 1.857142857142857 1.328057326976612
"(1, 3, 3)" 2.0 2.0 3.162910249998049 90.18294074999892   10.0 11.0 1.1 0.3162277660168379 3.5426582500006987 21.422129000001632   15.0 23.0 1.533333333333333 0.7432233529572065
"(1, 3, 3)" 2.0 3.0 3.455978999999616 93.83864094999967   10.0 20.0 1.909090909090909 1.080123449734643 3.5500723499999367 24.946740050000244   15.0 24.0 1.666666666666667 0.816496580927726
"(1, 3, 3)" 3.0 1.0 82.38525439999853 82.38525439999853   17.0 30.0 1.764705882352941 1.480262297901367 13.608138800000916 13.608138800000916   20.0 44.0 2.2 2.1088603840760913
"(1, 3, 3)" 4.0 1.0 2.1919499000007363 2.1919499000007363   1.0 17.0 1.0 0.0 2.1464120500001513 2.1464120500001513   1.0 20.0 1.0 0.0
"(2, 2, 2)" 1.0 1.0 14.292000049999555 14.292000049999555   10.0 20.0 1.909090909090909 1.549193338482967 21.68426810000051 21.68426810000051   12.0 25.0 2.1 1.195228609334394
"(2, 2, 2)" 1.0 2.0 10.74621654999976 25.56639104999894   11.0 19.0 1.7386363636363635 1.05934990547138 18.903683249999347 40.50520319999931   12.0 25.0 1.785714285714286 1.121713759495603
"(2, 2, 2)" 1.0 3.0 3.7105489999999577 29.13674964999791   4.0 5.0 1.25 0.5 12.549866649999444 53.23523554999906   11.0 23.0 2.222222222222222 1.183215956619923
"(2, 2, 2)" 1.0 4.0 3.928712499999506 32.89226420000091   4.0 5.0 1.25 0.5 13.354808949999775 61.403024199995116   12.0 24.0 1.846153846153846 1.143543749793731
"(2, 2, 2)" 1.0 5.0 2.5526068999998306 35.48821050000146   6.5 10.0 1.5 0.7499763775806496 2.0925184500005116 68.81834539999886   6.0 6.0 1.0 0.0
"(2, 2, 2)" 1.0 6.0 3.0841802500000597 38.3201150000026   7.5 12.0 1.625 0.816496580927726 6.451075850000507 75.07881660000135   6.5 15.0 2.285714285714286 1.133893419027682
"(2, 2, 2)" 1.0 7.0 2.580362449999825 40.619417900002134   7.0 11.0 1.571428571428571 0.7867957924694432 8.850063249999494 83.36820629999943   7.0 20.0 2.333333333333333 0.8997354108424374
"(2, 2, 2)" 1.0 8.0 2.561176900000305 43.05476019999924   8.0 11.0 1.333333333333333 0.7031563399833243 3.8853938499999003 87.95236674999865   8.0 11.0 1.375 1.060660171779821
"(2, 2, 2)" 2.0 1.0 8.767046900000992 8.767046900000992   7.0 21.0 3.154761904761905 3.338091841585121 9.047718199999963 9.047718199999963   13.0 24.0 1.866666666666667 1.382120258970402
"(2, 2, 2)" 2.0 2.0 4.9306732999989435 14.08146030000103   7.0 8.0 1.142857142857143 0.3779644730092272 4.991901100000149 14.08402229999956   13.0 23.0 1.6 0.7847251473794521
"(2, 2, 2)" 2.0 3.0 2.506917699999832 16.807823599999946   9.0 14.0 1.5 0.9459559414259237 1.699251899999581 15.840750399999495   9.0 12.5 1.444444444444444 0.7440238091428449
"(2, 2, 2)" 2.0 4.0 2.341496300000017 18.89249800000238   9.0 15.0 1.666666666666667 0.985912657903775 1.9399409500007319 18.200546949998838   9.0 15.0 1.555555555555556 0.8498365855987975
"(2, 2, 2)" 3.0 1.0 4.575755949999802 4.575755949999802   8.0 14.0 1.75 0.9535782951390096 5.208682449999117 5.208682449999117   10.0 26.0 2.6 2.756809750418045
"(2, 2, 2)" 3.0 2.0 3.695591800000045 8.470407049999864   9.0 18.0 2.0 1.4671660253664114 1.664503449999643 6.943422850001923   10.0 18.0 1.8 0.9338099407615976
"(2, 2, 2)" 4.0 1.0 2.204410249999981 2.204410249999981   1.0 17.0 1.0 0.0 2.153381949999357 2.153381949999357   1.0 20.0 1.0 0.0
"(2, 2, 3)" 1.0 1.0 12.771110649999855 12.771110649999855   7.0 15.0 2.142857142857143 1.772810520855837 16.459964450002815 16.459964450002815   8.0 17.0 2.125 1.249994897907121
"(2, 2, 3)" 1.0 2.0 7.306668700001524 20.745000550000213   7.0 11.0 1.571428571428571 0.7867957924694432 9.835426300000279 26.221727800000338   8.0 14.0 1.75 1.035098339013531
"(2, 2, 3)" 1.0 3.0 5.664900749999873 26.22558305000075   8.0 13.0 1.714285714285714 0.7440238091428449 10.768853649999869 37.27907090000144   9.0 19.0 2.222222222222222 1.187734939165421
"(2, 2, 3)" 1.0 4.0 2.865312649999879 29.225660999999775   3.0 3.0 1.0 0.0 8.89757480000037 45.45137490000184   6.0 17.0 2.625 1.092906420717
"(2, 2, 3)" 1.0 5.0 0.8774050499998793 29.959004099997856   3.0 4.0 1.2916666666666665 0.5386751345948129 6.219033900001023 51.204919499997686   6.0 15.5 2.333333333333333 1.173787790777267
"(2, 2, 3)" 1.0 6.0 0.8886776999999029 31.47494365000051   3.0 4.0 1.333333333333333 0.5773502691896257 2.608653250000316 54.485227799998825   7.0 7.5 1.0 0.0
"(2, 2, 3)" 1.0 7.0 1.390246100000013 32.87848235000007   5.0 6.0 1.4 0.5477225575051661 1.689327049999889 56.94592864999754   4.0 4.0 1.0 0.0
"(2, 2, 3)" 1.0 8.0 1.828226100000279 34.20084129999793   5.0 8.0 1.55 0.7255652951646963 3.655899699999509 61.96072594999715   4.0 9.5 2.375 0.8944271909999159
"(2, 2, 3)" 1.0 9.0 2.1910812999999507 36.34865304999885   5.0 9.0 1.714285714285714 0.7071067811865476 3.9351458999994975 65.90426474999686   5.0 11.0 1.833333333333333 1.095445115010332
"(2, 2, 3)" 1.0 10.0 1.5342062000000565 37.4426621000016   4.0 7.0 1.4 0.8366600265340756 3.904785300000185 71.24609389999955   5.0 11.0 1.9166666666666665 1.095445115010332
"(2, 2, 3)" 1.0 11.0 1.813049700000192 39.44115774999942   5.0 8.0 1.5857142857142854 0.816496580927726 4.478857350000908 76.6041720000012   5.0 12.0 2.4 0.408248290463863
"(2, 2, 3)" 1.0 12.0 1.3366957499997625 40.93294044999908   5.0 6.0 1.25 0.5 1.763758849999931 79.04356234999905   5.0 5.0 1.0 0.0
"(2, 2, 3)" 2.0 1.0 9.006290649999642 9.006290649999642   7.0 22.0 3.142857142857143 3.338091841585121 9.053627499999834 9.053627499999834   13.0 25.0 1.923076923076923 1.382120258970402
"(2, 2, 3)" 2.0 2.0 4.775206150000145 14.262761799999735   7.0 9.0 1.142857142857143 0.3779644730092272 4.569772000000171 13.508971050001845   13.0 19.0 1.5 0.7762500258061847
"(2, 2, 3)" 2.0 3.0 2.6344506999997748 16.960194600001614   9.0 15.0 1.6125 0.9955156044825575 1.7308666499993706 15.550903050000215   9.0 13.0 1.4722222222222219 0.7996014943650112
"(2, 2, 3)" 2.0 4.0 2.2520151499998065 18.92350969999973   9.0 14.0 1.666666666666667 0.9602543069290319 1.9201790499992055 17.97243699999899   9.0 15.0 1.5 0.8498365855987975
"(2, 2, 3)" 3.0 1.0 4.755347800000095 4.755347800000095   8.0 14.0 1.75 1.069044967649698 5.1091435000034835 5.1091435000034835   10.0 26.0 2.6 2.789862423485758
"(2, 2, 3)" 3.0 2.0 3.432719949999864 8.593877549998666   9.0 18.0 2.0 1.5723053750126665 1.6772680999988552 6.877273799999756   10.0 18.0 1.8 0.9308728125273724
"(2, 2, 3)" 4.0 1.0 2.1668143999997933 2.1668143999997933   1.0 17.0 1.0 0.0 2.114122700002099 2.114122700002099   1.0 20.0 1.0 0.0
"(2, 3, 3)" 1.0 1.0 11.767854700001404 11.767854700001404   6.0 14.0 2.333333333333333 1.861898672502525 13.54795375000015 13.54795375000015   5.0 14.0 2.8 1.224744871391589
"(2, 3, 3)" 1.0 2.0 6.495944150000184 18.440022050000834   6.0 8.0 1.333333333333333 0.7867957924694432 6.642553650000053 19.86478774999966   5.0 7.0 1.4 0.8944271909999159
"(2, 3, 3)" 1.0 3.0 3.647476350000261 22.80572285000025   6.0 11.5 1.714285714285714 1.032795558988644 5.612473900000623 25.32567610000228   6.0 10.0 1.666666666666667 1.032795558988644
"(2, 3, 3)" 1.0 4.0 1.95893114999933 24.72680255000091   2.0 2.0 1.0 0.0 4.286748249999846 31.27214189999665   5.0 10.0 2.0 1.0
"(2, 3, 3)" 1.0 5.0 3.0708067000002757 27.76797459999852   2.0 5.0 2.2916666666666665 2.0071448960798666 4.938511900000776 36.84706969999979   5.0 10.0 2.25 1.341640786499874
"(2, 3, 3)" 1.0 6.0 2.013617100000147 29.822516199999257   2.0 3.0 1.5 0.7071067811865476 6.76244660000043 43.833721349997745   5.0 14.0 2.45 1.224744871391589
"(2, 3, 3)" 1.0 7.0 0.5111822500001466 30.450928499997417   2.0 2.0 1.0 0.0 4.634256649999543 46.587190499999   5.0 12.0 2.5 0.983192080250175
"(2, 3, 3)" 1.0 8.0 0.6906864500001575 31.05035710000095   2.0 3.0 1.5 0.7071067811865476 3.337201150000226 48.61249280000038   5.0 9.5 1.75 1.253566341056017
"(2, 3, 3)" 1.0 9.0 0.5213222500001962 31.8306321500001   2.0 2.0 1.0 0.0 2.0858047500000225 50.54752075000215   5.0 5.5 1.1 0.22360679774997896
"(2, 3, 3)" 1.0 10.0 0.6974250499999357 32.65853299999992   2.0 3.0 1.333333333333333 0.5773502691896257 0.9646051499997271 51.694729899999516   2.0 2.0 1.0 0.0
"(2, 3, 3)" 1.0 11.0 0.7026334000001384 33.28447134999851   2.5 3.0 1.5 0.7071067811865476 0.9058320999999694 55.51200894999943   2.0 2.0 1.0 0.0
"(2, 3, 3)" 1.0 12.0 1.2319711500005042 34.494942600001025   2.5 5.5 1.5 0.5773502691896257 2.41331710000054 57.96798039999919   3.0 7.0 2.333333333333333 0.25
"(2, 3, 3)" 1.0 13.0 1.1472056499997056 35.77142840000016   3.5 4.0 1.333333333333333 0.5773502691896257 2.8310894500002632 61.51138694999895   3.0 8.0 2.0 0.8273502691896255
"(2, 3, 3)" 1.0 14.0 1.538080600000285 37.57395930000132   4.0 7.0 1.6 0.7618016810571369 2.3803629499998356 63.49482940000178   4.0 7.0 2.25 0.0
"(2, 3, 3)" 1.0 15.0 2.0113566499993567 38.90027899999944   4.0 9.0 1.8 0.5773502691896257 3.087681599999712 69.82561090000058   4.0 8.5 2.25 0.4472135954999579
"(2, 3, 3)" 1.0 16.0 0.6900193500001421 39.50550784999939   2.0 3.0 1.25 0.5 1.6909137999994641 71.91469045000258   3.0 5.0 1.5 0.0
"(2, 3, 3)" 1.0 17.0 0.6886948999999163 40.56129985000092   2.0 3.0 1.5 0.7071067811865476 1.3580940000013015 74.03069974999721   3.0 3.0 1.0 0.0
"(2, 3, 3)" 1.0 18.0 0.8487920500001565 41.37578930000072   3.0 4.0 1.333333333333333 0.5773502691896257 1.0743946000002325 75.2459851499973   3.0 3.0 1.0 0.0
"(2, 3, 3)" 2.0 1.0 8.298527100000882 8.298527100000882   4.0 18.0 4.5 3.8535206243717903 7.686035500000685 7.686035500000685   8.0 16.0 2.0 1.690308509457033
"(2, 3, 3)" 2.0 2.0 4.57675409999888 13.119485550000096   5.0 6.0 1.25 0.5 3.365272800001094 11.221346650001234   9.0 15.0 1.666666666666667 0.8345229603962802
"(2, 3, 3)" 2.0 3.0 0.8977606500000377 14.12708190000023   5.0 6.0 1.2 0.4472135954999579 2.0573823999997103 13.128717200001574   9.0 15.0 1.625 0.8123100455174257
"(2, 3, 3)" 2.0 4.0 1.364651149999986 15.562240300000155   6.0 7.0 1.35 0.5999931241045194 0.9639079000000947 14.4490568000009   5.5 7.0 1.4 0.6422285251880866
"(2, 3, 3)" 2.0 5.0 1.911530150000317 17.658216649999673   6.0 11.5 2.0 0.9915960401250875 1.4977522500001896 16.296202299999095   6.0 11.0 1.833333333333333 0.8235999218544985
"(2, 3, 3)" 2.0 6.0 0.9820161999996344 18.75536369999999   6.0 7.0 1.166666666666667 0.408248290463863 1.144096450000177 17.5989332000006   6.0 9.0 1.285714285714286 0.5477225575051661
"(2, 3, 3)" 3.0 1.0 4.900620549999928 4.900620549999928   8.0 14.0 1.75 0.9910312089651149 5.313717699999614 5.313717699999614   10.0 26.0 2.6 2.756809750418044
"(2, 3, 3)" 3.0 2.0 3.358286400000509 8.609840300000883   9.0 18.0 2.0 1.4335899384433266 1.5456932500010225 6.97869665000033   10.0 17.5 1.75 0.9189365834726815
"(2, 3, 3)" 4.0 1.0 2.189009699999815 2.189009699999815   1.0 17.0 1.0 0.0 2.109904350000164 2.109904350000164   1.0 20.0 1.0 0.0
"(3, 3, 3)" 1.0 1.0 5.872008450000294 5.872008450000294   3.0 6.0 2.0 0.0 12.203915749999279 12.203915749999279   5.0 14.0 2.8 1.095445115010332
"(3, 3, 3)" 1.0 2.0 4.705335750001041 10.51471120000011   3.0 3.0 1.0 0.0 5.152931600000215 17.168936900001654   5.0 7.0 1.4 0.8944271909999159
"(3, 3, 3)" 1.0 3.0 3.691886100000147 14.868258200002174   3.0 5.0 1.666666666666667 0.5773502691896257 6.135922900000992 23.04644685000062   5.0 9.0 1.8 1.095445115010332
"(3, 3, 3)" 1.0 4.0 1.922204449999981 17.37964175000093   4.0 5.0 1.25 0.5 2.0432477500002904 25.365398450004477   3.0 3.0 1.0 0.0
"(3, 3, 3)" 1.0 5.0 2.8579921500002 20.322893400003355   4.0 8.0 2.0 0.816496580927726 4.4145430999994915 30.136980550001454   4.0 10.0 2.5833333333333335 1.154700538379251
"(3, 3, 3)" 1.0 6.0 2.2394490500002036 22.822815450004324   4.0 4.0 1.0 0.0 3.9763013500001985 34.369140650002805   4.0 9.0 2.25 1.6160254037844384
"(3, 3, 3)" 1.0 7.0 1.5408871500000745 24.46908115000049   1.0 1.0 1.0 0.0 3.211454499998126 37.67289035000068   4.0 6.0 1.666666666666667 1.0
"(3, 3, 3)" 1.0 8.0 1.7030697500003948 26.134147649999292   1.0 4.0 4.0 0.0 5.677117699999599 43.23591509999795   4.0 13.0 3.25 0.5
"(3, 3, 3)" 1.0 9.0 1.7503306500000804 28.353340399999183   1.0 1.0 1.0 0.0 3.9485065500003316 47.47810074999853   4.0 9.0 2.25 1.5
"(3, 3, 3)" 1.0 10.0 0.5049878999998327 29.011604750000245   1.0 2.0 1.55 0.0 0.6732560499999636 48.3206978000004   1.0 1.0 1.0 0.0
"(3, 3, 3)" 1.0 11.0 0.6934730999998919 30.4652823500013   2.0 3.0 1.5 0.5 0.8603250000005573 49.235734550001325   2.0 2.0 1.0 0.0
"(3, 3, 3)" 1.0 12.0 0.6884980499994953 31.684339899997212   2.0 3.0 1.5 0.7071067811865476 0.8598107000001391 50.32018240000093   2.0 2.0 1.0 0.0
"(3, 3, 3)" 1.0 13.0 0.5007097000004137 32.591428649998875   2.0 2.0 1.0 0.0 0.8552797500002498 51.911395199998196   2.0 2.0 1.0 0.0
"(3, 3, 3)" 1.0 14.0 1.001884649999738 33.34863749999931   2.0 4.5 1.5 0.7071067811865476 1.7501177499999585 54.0661599000025   2.0 5.0 1.666666666666667 0.0
"(3, 3, 3)" 1.0 15.0 0.9990394999997533 34.2774624000009   3.0 4.5 1.5 0.7071067811865476 1.0883252999999515 56.03586579999899   3.0 3.0 1.0 0.0
"(3, 3, 3)" 1.0 16.0 0.680005149999829 35.1239213499996   3.0 3.0 1.0 0.0 1.6562026500009774 58.595685550001946   3.0 4.5 2.0 0.5773502691896257
"(3, 3, 3)" 1.0 17.0 1.1051540000005389 36.02111874999889   3.0 5.0 1.5 0.7071067811865476 3.1970136000002753 62.40278540000077   3.0 9.0 3.0 0.0
"(3, 3, 3)" 1.0 18.0 1.590495549999787 37.77637680000089   3.0 7.0 2.0 0.816496580927726 2.081400949999761 64.91174855000827   3.0 6.0 2.0 1.258305739211792
"(3, 3, 3)" 1.0 19.0 0.5052000500002123 38.520253300000604   2.0 2.0 1.333333333333333 0.0 0.6828206999996382 65.58860970000421   1.0 1.0 1.0 0.0
"(3, 3, 3)" 1.0 20.0 1.0373921499998033 39.78470989999892   3.0 4.0 1.5 0.7071067811865476 0.7664736000000971 67.08681125000749   1.0 1.0 1.0 0.0
"(3, 3, 3)" 1.0 21.0 1.2997107500000595 40.939644550002185   3.0 6.0 2.0 1.0 0.8526032499997882 68.44706830000791   1.0 1.0 1.0 0.0
"(3, 3, 3)" 1.0 22.0 0.4912754000001769 41.38072365000005   1.0 1.5 1.0 0.0 0.7678460499999176 69.20200200000158   1.0 1.0 1.0 0.0
"(3, 3, 3)" 1.0 23.0 0.6798946500000227 42.622063949999074   2.0 3.0 1.333333333333333 0.0 1.2903929999999093 70.71681775000297   2.0 2.0 1.0 0.0
"(3, 3, 3)" 1.0 24.0 0.6779134500003181 43.20749014999933   2.0 3.0 1.5 0.7071067811865476 0.8752700999999661 72.0612587999999   1.5 1.5 1.0 0.0
"(3, 3, 3)" 1.0 25.0 0.4913572500004193 43.61208574999955   1.0 2.0 1.0 0.0 0.6711833999995633 73.04050259999963   1.0 1.0 1.0 0.0
"(3, 3, 3)" 1.0 26.0 0.6740315499998246 44.34892884999897   2.0 3.0 1.5 0.7071067811865476 0.8572770500006754 74.18556779999753   2.0 2.0 1.0 0.0
"(3, 3, 3)" 1.0 27.0 0.4920840000000908 44.77587759999858   2.0 2.0 1.0 0.0 1.0619081000004371 74.42442255000287   3.0 3.0 1.0 0.0
"(3, 3, 3)" 2.0 1.0 4.503132799999776 4.503132799999776   2.0 9.0 4.5 3.535533905932738 6.518660049999426 6.518660049999426   7.0 15.0 2.142857142857143 1.772810520855837
"(3, 3, 3)" 2.0 2.0 4.051016200000959 8.504944599999732   2.0 12.0 6.0 4.242640687119285 2.527994750001085 9.097040599999673   7.0 11.0 1.571428571428571 0.7867957924694432
"(3, 3, 3)" 2.0 3.0 2.560591650000447 11.7176059500016   3.0 3.0 1.333333333333333 0.5773502691896257 2.4837042499999598 11.566590049998126   7.0 12.0 1.714285714285714 0.7559289460184544
"(3, 3, 3)" 2.0 4.0 0.7273933499997725 13.126320550000624   4.0 5.0 1.375 0.6035533905932737 0.7084792999994534 12.35691090000137   4.0 5.0 1.25 0.5
"(3, 3, 3)" 2.0 5.0 1.01711279999995 14.138479650002456   4.0 7.0 1.4666666666666666 0.8660254037844384 1.0721984999998995 13.556181050000536   4.0 7.0 1.6 0.5773502691896257
"(3, 3, 3)" 2.0 6.0 1.3803652499997696 15.718058900000301   5.0 9.0 2.0 1.182880340009124 1.269699800000154 14.777262350001365   5.0 9.0 1.833333333333333 0.7071067811865476
"(3, 3, 3)" 2.0 7.0 1.2061952500000646 17.061096750001127   4.0 8.0 2.0 1.154700538379251 0.623965050000578 15.479213149999396   2.0 2.5 1.125 0.25
"(3, 3, 3)" 2.0 8.0 0.7289853999998286 17.68473760000114   4.0 5.0 1.25 0.5 0.6461891999989575 16.188765100001316   3.0 4.0 1.5 0.7071067811865476
"(3, 3, 3)" 2.0 9.0 0.7155879499999855 18.44481255000035   5.0 5.0 1.0833333333333335 0.2041241452319315 0.6764015500002643 16.923593150001224   3.0 4.0 1.333333333333333 0.5773502691896257
"(3, 3, 3)" 3.0 1.0 3.08076759999949 3.08076759999949   5.0 7.0 1.4 0.8944271909999159 4.415768500000013 4.415768500000013   6.0 21.0 3.5 3.4107112567397087
"(3, 3, 3)" 3.0 2.0 2.106151449999743 5.14019775000007   6.0 13.0 2.166666666666667 1.834847859269718 1.177058550001334 5.623013100001913   7.0 13.0 1.857142857142857 0.8997354108424374
"(3, 3, 3)" 3.0 3.0 1.9004661999999826 7.198717799999713   6.0 13.0 2.166666666666667 1.2179025065152929 0.8270803500000454 6.477287699997305   7.0 8.0 1.142857142857143 0.3779644730092272
"(3, 3, 3)" 4.0 1.0 2.2106224999999715 2.2106224999999715   1.0 17.0 1.0 0.0 2.1087655499990205 2.1087655499990205   1.0 20.0 1.0 0.0
