   IT IT PN PN TT TT WT WT SIZE SIZE LE LE AC AC CF CF PP_EF_L PP_EF_L SP_EB_L SP_EB_L
statistic   0.5 IQR 0.5 IQR 0.5 IQR 0.5 IQR 0.5 IQR 0.5 IQR 0.5 IQR 0.5 IQR 0.5 IQR 0.5 IQR
problem planning_mode AL                    
ps1 offline 1 1.0 0.0 1.0 0.0 6.70117040000008 1.1595441999999707 10.02918240000005 1.2245645000000405 26.0 0.0 39.0 0.0 39.0 0.0 1.0 0.0 1.5 0.0 0.5416025603090641 0.10208383034514346
ps1 offline 2 1.0 0.0 1.0 0.0 1.9771979 0.032111500000071125 3.34005969999987 0.08675069999985396 18.0 0.0 26.0 0.0 26.0 0.0 1.0 0.0 1.444444444444444 0.0 0.5426469527051588 0.0955064920121167
ps1 offline 3 1.0 0.0 1.0 0.0 1.356307100000208 0.05921680000005791 1.356307100000208 0.05921680000005791 1.0 0.0 18.0 0.0 18.0 0.0 1.0 0.0 1.0 0.0 0.0 0.0
ps1 online 1 7.611111111111111 6.666666666666667 7.611111111111111 6.666666666666667 0.4299692666666534 0.3092075277777344 0.5374804611111254 0.712126599999952 2.388888888888889 1.0 3.5 2.6666666666666665 3.5 2.6666666666666665 1.0 0.0 1.3123456790123456 0.7731481481481483 0.2368945341743197 0.19994054617615387
ps1 online 2 2.5 1.8333333333333333 2.5 1.8333333333333333 0.6216542499999949 0.44953560555548605 0.8456376999999533 1.0789602694444145 5.5 0.3333333333333333 7.333333333333333 4.333333333333333 7.333333333333333 4.333333333333333 1.0 0.0 1.2787037037037037 0.8796296296296297 0.22745404681432013 0.5351088344996345
ps1 online 3 1.0 0.0 1.0 0.0 1.3645569111111375 0.05336503055542763 1.3645569111111375 0.05336503055542763 1.0 0.0 18.0 0.0 18.0 0.0 1.0 0.0 1.0 0.0 0.0 0.0
ps15 offline 1 1.0 0.0 1.0 0.0 15.02143480000001 3.633819299999912 17.73929970000006 3.7678824999998692 23.0 0.0 39.0 1.0 39.0 1.0 1.0 0.0 1.695652173913043 0.04347826086956608 0.6981713126577043 0.10825721799442345
ps15 offline 2 1.0 0.0 1.0 0.0 1.712565399999903 0.037543800000052086 2.699105000000031 0.053075599999842904 15.0 0.0 23.0 0.0 23.0 0.0 1.0 0.0 1.533333333333333 0.0 0.5437887311952991 0.05326045343565333
ps15 offline 3 1.0 0.0 1.0 0.0 0.9822240999999963 0.019238900000004833 0.9822240999999963 0.019238900000004833 1.0 0.0 15.0 0.0 15.0 0.0 1.0 0.0 1.0 0.0 0.0 0.0
ps15 online 1 7.444444444444445 6.555555555555555 7.444444444444445 6.555555555555555 0.45883015555555395 0.26846801944441356 0.5972541555555667 0.7255028722222331 2.2222222222222223 0.9444444444444444 4.0 2.638888888888889 4.0 2.638888888888889 1.0 0.0 1.458994708994709 0.841931216931217 0.16075129691789256 0.21015810499412987
ps15 online 2 2.5 1.8333333333333333 2.5 1.8333333333333333 0.573020594444421 0.34474313055553313 0.773166116666656 0.8893206861110696 4.666666666666667 0.75 6.833333333333333 3.2777777777777777 6.833333333333333 3.2777777777777777 1.0 0.0 1.5347222222222223 1.0178571428571428 0.15049449025896441 0.4676830890293053
ps15 online 3 1.0 0.0 1.0 0.0 0.9854897388888817 0.021215541666625783 0.9854897388888817 0.021215541666625783 1.0 0.0 15.0 0.0 15.0 0.0 1.0 0.0 1.0 0.0 0.0 0.0
