   LE LE AC AC CF CF CP_EF_L CP_EF_L SP_EB_L SP_EB_L GT GT ST ST GT_POTT GT_POTT ST_POTT ST_POTT TT TT LT LT WT WT MET MET CT CT
statistic   0.5 IQR 0.5 IQR 0.5 IQR 0.5 IQR 0.5 IQR 0.5 IQR 0.5 IQR 0.5 IQR 0.5 IQR 0.5 IQR 0.5 IQR 0.5 IQR 0.5 IQR 0.5 IQR
problem planning_mode AL                            
ps1 classical 1 39.0 0.0 39.0 0.0 1.0 0.0 1.0 0.0 0.0 0.0 4.512569000000028 0.039930600000133154 9.000295900000083 1.2402429999999072 0.333502422609165 0.025774469203735273 0.6664975773908347 0.025774469203734496 13.5333844000003 1.3233233999998504 13.5333844000003 1.3233233999998504 13.5333844000003 1.3233233999998504 0.0 0.0 13.5333844000003 1.3233233999998504
ps1 classical 2 26.0 0.0 26.0 0.0 1.0 0.0 1.0 0.0 0.0 0.0 1.784464700000058 0.019399699999907982 1.133886799999914 0.18164709999987094 0.6133571502736858 0.03829502449407196 0.3866428497263142 0.038295024494072016 2.932646500000033 0.18879569999985835 2.932646500000033 0.18879569999985835 2.932646500000033 0.18879569999985835 0.0 0.0 2.932646500000033 0.18879569999985835
ps1 classical 3 18.0 0.0 18.0 0.0 1.0 0.0 1.0 0.0 0.0 0.0 0.9996961000001647 0.00970680000017432 0.3750090000000199 0.054182599999904824 0.7297415850458262 0.030508687543526314 0.2702584149541733 0.030508687543526425 1.371637499999792 0.044733899999882976 1.371637499999792 0.044733899999882976 1.371637499999792 0.044733899999882976 0.0 0.0 1.371637499999792 0.044733899999882976
ps1 offline 1 39.0 0.0 39.0 0.0 1.0 0.0 1.5 0.0 0.5416025603090641 0.10208383034514346 3.748315199999993 0.022631900000021243 2.953883800000142 1.1264545999998736 0.5591988229399292 0.08760593094062719 0.440801177060071 0.08760593094062719 6.70117040000008 1.1595441999999707 10.02918240000005 1.2245645000000405 10.02918240000005 1.2245645000000405 0.0 0.0 10.02918240000005 1.2245645000000405
ps1 offline 2 26.0 0.0 26.0 0.0 1.0 0.0 1.444444444444444 0.0 0.5426469527051588 0.0955064920121167 1.483771999999988 0.008740100000090179 0.492823100000038 0.031222900000003107 0.7506475750322855 0.011736455527701861 0.24935242496771445 0.011736455527701334 1.9771979 0.032111500000071125 3.34005969999987 0.08675069999985396 3.34005969999987 0.08675069999985396 0.0 0.0 3.34005969999987 0.08675069999985396
ps1 offline 3 18.0 0.0 18.0 0.0 1.0 0.0 1.0 0.0 0.0 0.0 0.9991786000000218 0.009341399999897027 0.3541700000001811 0.06265180000011128 0.7388718233502377 0.03407542801551322 0.2611281766497623 0.034075428015513165 1.356307100000208 0.05921680000005791 1.356307100000208 0.05921680000005791 1.356307100000208 0.05921680000005791 0.0 0.0 1.356307100000208 0.05921680000005791
ps1 online 1 41.888888888888886 1.1111111111111112 41.888888888888886 1.1111111111111112 1.0 0.0 1.6111111111111114 0.04273504273504278 0.5525589245895298 0.1338676686288287 3.967310377777821 0.13398190833331725 0.5690389944444314 0.22631879722226167 0.8752024186514 0.040382982724698646 0.12479758134860007 0.04038298272469868 4.57821434444445 0.3125012583332515 2.8060501000000264 0.10527568055570066 0.7811609433618871 0.02982452909277569 0.5362963425805675 0.03406371014370026 7.930077883333364 0.3641341888888799
ps1 online 2 26.0 0.0 26.0 0.0 1.0 0.0 1.444444444444444 0.0 0.5942314162658386 0.11162170139808539 1.4783744999999924 0.007400586111134465 0.3559950722222223 0.14460188611108946 0.808796079185731 0.05810859238006914 0.19120392081426896 0.05810859238006917 1.8374364888889199 0.149559972222272 2.217451783333347 0.0716299444443722 1.015150310185173 0.06312687754626782 0.43094971851852154 0.04604004370365932 3.227818605555486 0.19534501111099656
ps1 online 3 18.0 0.0 18.0 0.0 1.0 0.0 1.0 0.0 0.0 0.0 1.0027754055555609 0.005507391666649387 0.35987053333334296 0.051745966666669654 0.7359779258901689 0.027962736514345887 0.26402207410983114 0.027962736514346 1.3645569111111375 0.05336503055542763 1.3645569111111375 0.05336503055542763 1.3645569111111375 0.05336503055542763 0.0 0.0 1.3645569111111375 0.05336503055542763
ps15 classical 1 39.0 0.0 39.0 0.0 1.0 0.0 1.0 0.0 0.0 0.0 4.501122699999989 0.04030499999987569 7.457786700000156 1.6590323999998589 0.37688298597255954 0.05154204764213838 0.6231170140274405 0.051542047642138544 11.96851720000015 1.6465238999996696 11.96851720000015 1.6465238999996696 11.96851720000015 1.6465238999996696 0.0 0.0 11.96851720000015 1.6465238999996696
ps15 classical 2 23.0 0.0 23.0 0.0 1.0 0.0 1.0 0.0 0.0 0.0 1.535624899999959 0.004573300000117131 0.5921585000000036 0.08296140000015839 0.7204992925380004 0.029396834942465366 0.2795007074619994 0.029396834942465366 2.1186297 0.08018070000014221 2.1186297 0.08018070000014221 2.1186297 0.08018070000014221 0.0 0.0 2.1186297 0.08018070000014221
ps15 classical 3 15.0 0.0 15.0 0.0 1.0 0.0 1.0 0.0 0.0 0.0 0.8111914999999499 0.0036556000000018685 0.1623682000000031 0.016731100000100696 0.8332982376562961 0.015205728896090953 0.16670176234370399 0.015205728896090842 0.9740041000000588 0.014584700000114026 0.9740041000000588 0.014584700000114026 0.9740041000000588 0.014584700000114026 0.0 0.0 0.9740041000000588 0.014584700000114026
ps15 offline 1 39.0 1.0 39.0 1.0 1.0 0.0 1.695652173913043 0.04347826086956608 0.6981713126577043 0.10825721799442345 4.008531299999902 0.18012629999998309 11.01387519999997 3.451630099999985 0.272320512217561 0.05571466474277048 0.7276794877824387 0.05571466474277076 15.02143480000001 3.633819299999912 17.73929970000006 3.7678824999998692 17.73929970000006 3.7678824999998692 0.0 0.0 17.73929970000006 3.7678824999998692
ps15 offline 2 23.0 0.0 23.0 0.0 1.0 0.0 1.533333333333333 0.0 0.5437887311952991 0.05326045343565333 1.305151300000034 0.010699500000100004 0.403927699999997 0.02817439999992649 0.7639503450327962 0.011937271719630549 0.23604965496720326 0.011937271719630105 1.712565399999903 0.037543800000052086 2.699105000000031 0.053075599999842904 2.699105000000031 0.053075599999842904 0.0 0.0 2.699105000000031 0.053075599999842904
ps15 offline 3 15.0 0.0 15.0 0.0 1.0 0.0 1.0 0.0 0.0 0.0 0.8151573000000667 0.003670100000022103 0.1658483999999021 0.01713359999999392 0.8306476665877057 0.013654085796079962 0.1693523334122943 0.013654085796079907 0.9822240999999963 0.019238900000004833 0.9822240999999963 0.019238900000004833 0.9822240999999963 0.019238900000004833 0.0 0.0 0.9822240999999963 0.019238900000004833
ps15 online 1 49.0 1.4444444444444444 49.0 1.4444444444444444 1.0 0.0 2.130434782608696 0.06280193236714975 1.1027121736134864 0.07993195040496501 4.789463650000001 0.17290069444452916 0.6706994277778158 0.1948885638889401 0.8757753940671628 0.031144728158211097 0.12422460593283725 0.03114472815821112 5.482580450000024 0.3124806777777859 2.0966764555554978 0.052981094444405005 0.7908402967473273 0.034436742592532384 0.6288031837741435 0.03628303234098986 8.18122052222217 0.3673767750000262
ps15 online 2 23.0 0.0 23.0 0.0 1.0 0.0 1.533333333333333 0.0 0.5792957001524013 0.07518688491281725 1.3625519166666566 0.007087777777833266 0.24163362222218548 0.05112171944444336 0.8493428747836668 0.024268994967020802 0.15065712521633318 0.02426899496702099 1.6052243055555764 0.06774659166671548 1.6243347444444427 0.05090963055554417 0.81018430277775 0.02934889050926854 0.3935013899999909 0.037461370555556775 2.594958694444302 0.10792566111112133
ps15 online 3 15.0 0.0 15.0 0.0 1.0 0.0 1.0 0.0 0.0 0.0 0.8176051666666295 0.005809377777791546 0.16759295555555653 0.020149663888830698 0.8297758833458385 0.017061564290692277 0.17022411665416148 0.0170615642906922 0.9854897388888817 0.021215541666625783 0.9854897388888817 0.021215541666625783 0.9854897388888817 0.021215541666625783 0.0 0.0 0.9854897388888817 0.021215541666625783
