    LE LE AC AC CF CF CP_EF_L CP_EF_L SP_EB_L SP_EB_L GT GT ST ST GT_POTT GT_POTT ST_POTT ST_POTT TT TT LT LT WT WT MET MET CT CT
statistic    0.5 IQR 0.5 IQR 0.5 IQR 0.5 IQR 0.5 IQR 0.5 IQR 0.5 IQR 0.5 IQR 0.5 IQR 0.5 IQR 0.5 IQR 0.5 IQR 0.5 IQR 0.5 IQR
problem online_bounds blend_quantity AL                            
ps1 "(2, 2)" 1 1 39.0 0.0 39.0 0.0 1.0 0.0 1.5 0.0 0.524660383683329 0.07019803951803238 3.329000349999923 0.014420675000038852 0.8758541500000234 0.16338720000001272 0.7954520543014652 0.029901603165231716 0.204547945698535 0.02990160316523155 4.238077449999992 0.22339700000004115 4.3937869499998925 0.10795860000000523 1.9439695499999985 0.07021898750002298 1.096547683333355 0.08171514166673455 7.644598500000001 0.32239812499986886
ps1 "(2, 2)" 1 2 26.0 0.0 26.0 0.0 1.0 0.0 1.444444444444444 0.0 0.5923282596182288 0.1382545606333635 1.4681969499999785 0.004706949999942589 0.4077999500000189 0.1459892749999847 0.7822621499990547 0.05715744468880368 0.21773785000094525 0.05715744468880371 1.8763358499999185 0.14913629999990263 2.7684656000003827 0.1128866500000214 1.645337724999941 0.12595618749983784 0.5016851499999575 0.006096400000011215 3.2531547499999935 0.23588842500024754
ps1 "(2, 2)" 1 3 18.0 0.0 18.0 0.0 1.0 0.0 1.0 0.0 0.0 0.0 1.000616849999929 0.0059544499999300005 0.34588820000014664 0.05448304999999465 0.7436709724015591 0.028338102120891273 0.2563290275984409 0.028338102120890857 1.3504675500000616 0.05515760000012193 1.3504675500000616 0.05515760000012193 1.3504675500000616 0.05515760000012193 0.0 0.0 1.3504675500000616 0.05515760000012193
ps1 "(2, 2)" 2 1 39.0 0.0 39.0 0.0 1.0 0.0 1.5 0.0 0.5077182070575939 0.07019803951803238 3.738452050000035 0.08270512499996885 1.137219799999997 0.2859962000002445 0.7645766191239578 0.04669363874461174 0.23542338087604206 0.04669363874461174 4.923619700000245 0.3085693999998895 5.0141457499998126 0.21536627500004535 2.1225611874999117 0.0829227562501087 1.1330331166666618 0.06719840000005717 8.352175399999993 0.3167612500005248
ps1 "(2, 2)" 2 2 26.0 0.0 26.0 0.0 1.0 0.0 1.444444444444444 0.0 0.6152408521677522 0.17847295599855661 1.5238804500000493 0.010610875000022668 0.45013395000000855 0.0263695749999186 0.7713133497822147 0.010082998414584488 0.22868665021778534 0.010082998414584238 1.975915399999934 0.030831224999945173 2.862202049999723 0.10074532500005962 1.6873277000000093 0.06336616250002436 0.5075699999999657 0.006562249999973346 3.346254699999982 0.1255278000000466
ps1 "(2, 2)" 2 3 18.0 0.0 18.0 0.0 1.0 0.0 1.0 0.0 0.0 0.0 1.0031371499999155 0.005878999999998413 0.3464107500001177 0.061335200000030565 0.7433930234620499 0.031986694301248675 0.25660697653794995 0.031986694301248564 1.3489054000001777 0.06619065000031554 1.3489054000001777 0.06619065000031554 1.3489054000001777 0.06619065000031554 0.0 0.0 1.3489054000001777 0.06619065000031554
ps1 "(2, 2)" 3 1 39.0 0.0 39.0 0.0 1.0 0.0 1.5 0.0 0.5077182070575939 0.10208383034514346 3.886152450000054 0.11803162500012165 1.23771275 0.27816240000032666 0.7587210054363753 0.04176275940643703 0.24127899456362473 0.04176275940643703 5.11724350000012 0.2449754750000066 5.171620100000219 0.22467172500068955 2.1970098500000135 0.0727104500000455 1.1681253666666391 0.0704305416666251 8.659723150000133 0.2896509750001641
ps1 "(2, 2)" 3 2 26.0 0.0 26.0 0.0 1.0 0.0 1.444444444444444 0.0 0.5923282596182288 0.12756754347805177 1.551543549999934 0.0058570249999865265 0.5077169499998888 0.05953599999997644 0.7531737384095025 0.02097973361877914 0.24682626159049742 0.020979733618779084 2.05909219999981 0.0629781999999115 2.946102149999902 0.10745492499985732 1.724807625000054 0.07771440000002428 0.49935500000003685 0.0034332250000872477 3.4214190000001135 0.15580057500007882
ps1 "(2, 2)" 3 3 18.0 0.0 18.0 0.0 1.0 0.0 1.0 0.0 0.0 0.0 0.9930007499999931 0.0031081250001321337 0.36242935000004195 0.06328567500002441 0.7328638013604831 0.03501083698460994 0.26713619863951676 0.035010836984610244 1.356194899999906 0.06301264999983403 1.356194899999906 0.06301264999983403 1.356194899999906 0.06301264999983403 0.0 0.0 1.356194899999906 0.06301264999983403
ps1 "(2, 2)" NONE 1 39.0 0.0 39.0 0.0 1.0 0.0 1.5 0.0 0.4714045207910317 0.07566882716373657 3.1998024499999076 0.008420050000142787 0.7888226999999688 0.12344184999996344 0.8022069510134784 0.024252556754737142 0.1977930489865217 0.024252556754736893 3.9952115499998935 0.12131089999982914 4.0790834000000515 0.21004064999979732 1.90117822499999 0.0608375187500132 1.133454383333298 0.05846165000003456 7.449567750000043 0.27131819999994633
ps1 "(2, 2)" NONE 2 26.0 0.0 26.0 0.0 1.0 0.0 1.444444444444444 0.0 0.5923282596182288 0.12583423390509596 1.4180471500000635 0.008224975000047374 0.5196720500000254 0.1781307499999727 0.7328021583246401 0.06327042896054103 0.2671978416753601 0.06327042896054114 1.939975799999985 0.17230512500000872 2.712245250000052 0.11980584999997168 1.6847222500000214 0.1167725124998833 0.638804150000027 0.054119775000028625 3.3299294999999915 0.24104259999972966
ps1 "(2, 2)" NONE 3 18.0 0.0 18.0 0.0 1.0 0.0 1.0 0.0 0.0 0.0 1.0035500500000085 0.005735124999938668 0.3572539500000147 0.05969622499993932 0.7377437757396221 0.032194698966245605 0.26225622426037776 0.032194698966245605 1.3639246499999014 0.05632687499988265 1.3639246499999014 0.05632687499988265 1.3639246499999014 0.05632687499988265 0.0 0.0 1.3639246499999014 0.05632687499988265
ps1 "(2, 4)" 1 1 39.0 0.0 39.0 0.0 1.0 0.0 1.5 0.0 0.4714045207910317 0.0393551408971744 3.784050900000125 0.07857382499973697 0.793464500000006 0.2692864749997952 0.8255191131059421 0.05044579572032637 0.17448088689405797 0.0504457957203264 4.546697099999953 0.2441425249994964 3.696419250000119 0.09663867500006917 1.0218261499999883 0.03504690000001798 0.630886514285707 0.03171980714286249 7.874395500000093 0.29468664999966876
ps1 "(2, 4)" 1 2 26.0 0.0 26.0 0.0 1.0 0.0 1.444444444444444 0.0 0.5923282596182288 0.1382545606333635 1.474720799999972 0.010819600000110619 0.41139384999996054 0.019164049999787325 0.7822648156430798 0.008191635234485517 0.2177351843569203 0.0081916352344851 1.8844548499999405 0.02185717499986617 2.7559364999998763 0.059265599999775986 1.632358725000074 0.03919176250015921 0.505869699999991 0.006128775000071585 3.236324500000137 0.07804270000034563
ps1 "(2, 4)" 1 3 18.0 0.0 18.0 0.0 1.0 0.0 1.0 0.0 0.0 0.0 1.0019290499999085 0.008937874999816353 0.34267734999991717 0.03404219999996094 0.744517900205603 0.019074624458456313 0.25548209979439684 0.01907462445845637 1.346346100000062 0.03792865000014367 1.346346100000062 0.03792865000014367 1.346346100000062 0.03792865000014367 0.0 0.0 1.346346100000062 0.03792865000014367
ps1 "(2, 4)" 2 1 39.0 0.0 39.0 0.0 1.0 0.0 1.5 0.0 0.4714045207910317 0.07566882716373657 4.483026150000228 0.14069277499984167 1.0596724000000175 0.3402944250000035 0.8086454812286639 0.05188910511830924 0.19135451877133608 0.05188910511830927 5.576256400000034 0.3477610500003152 4.019192999999802 0.14213947499956703 1.161444137500017 0.038607012500038396 0.7501205499999912 0.04758625714288345 8.974651650000041 0.32553359999979925
ps1 "(2, 4)" 2 2 26.0 0.0 26.0 0.0 1.0 0.0 1.444444444444444 0.0 0.5923282596182288 0.17847295599855661 1.5248186500000716 0.007114074999982067 0.449789050000021 0.024744549999937193 0.7720766493479461 0.009401664464776749 0.227923350652054 0.009401664464776777 1.9751875000001464 0.022406774999950363 2.8778676000001013 0.0768615749999233 1.694176250000007 0.037614987500083075 0.5033602999999687 0.008207400000053156 3.359722300000005 0.0749631750001356
ps1 "(2, 4)" 2 3 18.0 0.0 18.0 0.0 1.0 0.0 1.0 0.0 0.0 0.0 1.0061191499999325 0.005035750000118577 0.35867835000003545 0.0531967500001258 0.738074204073393 0.028051168043020103 0.2619257959266067 0.028051168043020436 1.364187449999861 0.05635430000029529 1.364187449999861 0.05635430000029529 1.364187449999861 0.05635430000029529 0.0 0.0 1.364187449999861 0.05635430000029529
ps1 "(2, 4)" 3 1 35.0 0.0 35.0 0.0 1.0 0.0 1.521739130434783 0.0 0.4800278285068501 0.0820830808676864 4.375686300000041 0.17121190000000297 1.03614494999999 0.23840732500004713 0.8106056809621842 0.03396049993655925 0.18939431903781567 0.03396049993655931 5.505103199999912 0.32500312499983774 4.240188500000002 0.16050219999971205 1.331750242857132 0.04125840714283746 0.8298715583332807 0.061670050000028453 9.028313050000001 0.29614687500010817
ps1 "(2, 4)" 3 2 26.0 0.0 26.0 0.0 1.0 0.0 1.444444444444444 0.0 0.5923282596182288 0.1382545606333635 1.5660201500000146 0.013785724999948679 0.5086983499999747 0.11210507500000949 0.7543001773166296 0.03882136582536455 0.24569982268337043 0.03882136582536483 2.080300349999902 0.11556609999974299 2.9724276499999296 0.10800457499967253 1.7456194250000436 0.07205624999986071 0.4988694499999724 0.009484724999968108 3.4580124999999917 0.14222702499958118
ps1 "(2, 4)" 3 3 18.0 0.0 18.0 0.0 1.0 0.0 1.0 0.0 0.0 0.0 1.005336550000045 0.007845450000189658 0.34758400000009715 0.04697702500027384 0.7431883278818808 0.02795457607216767 0.25681167211811945 0.02795457607216767 1.3524943999999834 0.04922357500020569 1.3524943999999834 0.04922357500020569 1.3524943999999834 0.04922357500020569 0.0 0.0 1.3524943999999834 0.04922357500020569
ps1 "(2, 4)" NONE 1 43.0 0.0 43.0 0.0 1.0 0.0 1.653846153846154 0.0 0.6385828008253945 0.22757751536324156 3.764825099999996 0.04579827499989664 0.6807128000000304 0.26055797499997624 0.8534393243616718 0.03568551795785546 0.14656067563832803 0.03568551795785552 4.479081200000007 0.401792574999817 3.4889116500001993 0.20920295000014688 1.0285600874999885 0.05173767812506069 0.6772469999999942 0.07600566785709728 7.924594600000006 0.4108081750001489
ps1 "(2, 4)" NONE 2 26.0 0.0 26.0 0.0 1.0 0.0 1.444444444444444 0.0 0.5923282596182288 0.16841835715725828 1.4150794499999364 0.009182250000037806 0.5204670499999828 0.24368637500014495 0.7317110469684711 0.0820749712544836 0.26828895303152867 0.08207497125448338 1.941136950000029 0.25255819999997464 2.6911874999999554 0.06298945000005673 1.6706656249999985 0.11925851250004227 0.6287697499999751 0.11590879999986825 3.312663449999995 0.23827612500007778
ps1 "(2, 4)" NONE 3 18.0 0.0 18.0 0.0 1.0 0.0 1.0 0.0 0.0 0.0 1.005387800000072 0.006382299999842411 0.35330910000001126 0.03790775000005908 0.7394090006323351 0.02168535192021137 0.2605909993676648 0.021685351920211676 1.355864150000105 0.04271407499993152 1.355864150000105 0.04271407499993152 1.355864150000105 0.04271407499993152 0.0 0.0 1.355864150000105 0.04271407499993152
ps1 "(4, 2)" 1 1 39.0 0.0 39.0 0.0 1.0 0.0 1.5 0.0 0.4320493798938573 0.0393551408971744 3.6200768999997592 0.08029967500003155 0.7150495500001401 0.2183669500000569 0.8363769633616691 0.04205134591341764 0.16362303663833086 0.04205134591341736 4.384830049999977 0.25689964999985637 3.4170603999996843 0.15037842500026954 1.0378963749999686 0.028406721874946195 0.6975934785714222 0.047255714285721284 7.971811049999829 0.27184204999967054
ps1 "(4, 2)" 1 2 26.0 0.0 26.0 0.0 1.0 0.0 1.444444444444444 0.0 0.5674876061616938 0.0955064920121167 1.667351600000032 0.005873274999921296 0.3732348500000171 0.2441882999999621 0.8169958361409545 0.08818823046177393 0.1830041638590453 0.08818823046177379 2.04536355000009 0.24413587500017542 2.2958187000003765 0.06080812499986932 0.8902461875000105 0.055778256250027525 0.39510206666665226 0.06273900000001942 3.465887450000167 0.23068057500009242
ps1 "(4, 2)" 1 3 18.0 0.0 18.0 0.0 1.0 0.0 1.0 0.0 0.0 0.0 1.0085970500000339 0.005917175000013319 0.3511580499999667 0.04087022499995646 0.7414204344330527 0.02121455046470999 0.2585795655669474 0.021214550464710352 1.3551297500002024 0.04775237500008722 1.3551297500002024 0.04775237500008722 1.3551297500002024 0.04775237500008722 0.0 0.0 1.3551297500002024 0.04775237500008722
ps1 "(4, 2)" 2 1 39.0 0.0 39.0 0.0 1.0 0.0 1.5 0.0 0.4320493798938573 0.0393551408971744 4.059788599999891 0.09075907500000113 0.8133598000001179 0.28178322499984865 0.8328001912133123 0.04266563837951909 0.16719980878668755 0.04266563837951906 4.894389650000292 0.3176350000000383 3.645531649999839 0.10465812499975513 1.1340088749999668 0.025271137500001872 0.7705951499999861 0.04050383214282205 8.741573349999975 0.26574742499977333
ps1 "(4, 2)" 2 2 26.0 0.0 26.0 0.0 1.0 0.0 1.444444444444444 0.0 0.5923282596182288 0.11514721674978423 1.7848113000000296 0.007323974999905669 0.4334509999998488 0.258032400000042 0.8043284793655947 0.0846146374063299 0.19567152063440524 0.08461463740633002 2.217428550000193 0.2737547750000582 2.3698419000000257 0.07419422499991457 0.9293525750000118 0.07863268750005048 0.4320258000000005 0.07925901666670637 3.632566550000057 0.3128152250002074
ps1 "(4, 2)" 2 3 18.0 0.0 18.0 0.0 1.0 0.0 1.0 0.0 0.0 0.0 1.0069531999999695 0.006982124999691086 0.3536099000001514 0.06851550000000728 0.74016035575759 0.03600259667418604 0.2598396442424098 0.03600259667418648 1.3608803000000766 0.06519657499995901 1.3608803000000766 0.06519657499995901 1.3608803000000766 0.06519657499995901 0.0 0.0 1.3608803000000766 0.06519657499995901
ps1 "(4, 2)" 3 1 35.0 0.0 35.0 0.0 1.0 0.0 1.521739130434783 0.0 0.4800278285068501 0.0820830808676864 3.9918781499999905 0.09123317499994199 0.9999293499999664 0.31385067500021036 0.7978789217398139 0.04808976983130364 0.2021210782601861 0.04808976983130342 4.955592649999915 0.3279686250000511 3.852769300000162 0.13542977500024733 1.322592871428577 0.04680941428571139 0.8961716583333441 0.04587190000002539 8.94202174999971 0.35450242500004414
ps1 "(4, 2)" 3 2 26.0 0.0 26.0 0.0 1.0 0.0 1.444444444444444 0.0 0.5923282596182288 0.12756754347805177 1.9098798500000669 0.07955557499992971 0.5067490499999394 0.19479664999990381 0.7940363164990902 0.061841400652863365 0.20596368350090952 0.06184140065286342 2.4924841000001265 0.24058289999986782 2.474917049999874 0.12637962500019384 0.9860930749999506 0.07142329375013023 0.47057158333334326 0.0556824333333405 3.8600698499998245 0.2859764500004758
ps1 "(4, 2)" 3 3 18.0 0.0 18.0 0.0 1.0 0.0 1.0 0.0 0.0 0.0 1.0087637999999686 0.007170125000044214 0.35418649999992624 0.04573314999999667 0.740038609776973 0.024660907429233325 0.2599613902230272 0.024660907429233186 1.363946600000002 0.04244089999972589 1.363946600000002 0.04244089999972589 1.363946600000002 0.04244089999972589 0.0 0.0 1.363946600000002 0.04244089999972589
ps1 "(4, 2)" NONE 1 39.0 0.0 39.0 0.0 1.0 0.0 1.5 0.0 0.4320493798938573 0.07283560924371796 3.3623513500000004 0.009032700000016547 0.5910777999999866 0.2351851750001046 0.852493318676181 0.04814397329744047 0.14750668132381908 0.04814397329744055 3.9649624499999625 0.26804957500000004 3.0670113000000327 0.1279540499998144 0.9539387437499895 0.03561150937503821 0.6424279000000115 0.04351876071431582 7.2941278499999385 0.28533755000028194
ps1 "(4, 2)" NONE 2 26.0 0.0 26.0 0.0 1.0 0.0 1.444444444444444 0.0 0.5923282596182288 0.1382545606333635 1.4654038499999724 0.005498424999942575 0.3040353000000664 0.1454693499998782 0.8291743863441376 0.0634959890672867 0.17082561365586243 0.06349598906728676 1.7693748500000201 0.15033400000012898 2.134018200000014 0.0965232999998098 0.8195892875000084 0.050845912499916324 0.3622008666666545 0.03187798333333125 3.194683550000036 0.20368307499971694
ps1 "(4, 2)" NONE 3 18.0 0.0 18.0 0.0 1.0 0.0 1.0 0.0 0.0 0.0 1.0013764500001834 0.00623427499972018 0.35806714999996814 0.053227424999973516 0.7367319222711466 0.029958878753343576 0.2632680777288534 0.02995887875334352 1.363669950000073 0.06432014999948943 1.363669950000073 0.06432014999948943 1.363669950000073 0.06432014999948943 0.0 0.0 1.363669950000073 0.06432014999948943
ps1 "(4, 4)" 1 1 41.0 2.0 41.0 2.0 1.0 0.0 1.576923076923077 0.0769230769230771 0.4320493798938573 0.06374532247586956 5.07830980000017 0.2545716000000162 0.7617079499999484 0.3313908499998277 0.8692062888916958 0.04541910876125588 0.13079371110830418 0.045419108761255864 5.7942097999999085 0.35159915000019026 2.825165500000013 0.12043327499991063 0.624958109375002 0.02548054218749307 0.47561077999997775 0.026841206666583184 9.339092649999934 0.41748934999995413
ps1 "(4, 4)" 1 2 26.0 0.0 26.0 0.0 1.0 0.0 1.444444444444444 0.0 0.5923282596182288 0.0955064920121167 1.6582734000000023 0.010735125000017831 0.36326705000018933 0.025740550000051654 0.8203621150810196 0.006150228842378369 0.17963788491898047 0.006150228842378286 2.0190546000000325 0.09764062499979964 2.2942108500001264 0.048546624999801224 0.8699964874999857 0.05085573124992315 0.3898903833333591 0.018789274999996053 3.39020924999987 0.17904112500043823
ps1 "(4, 4)" 1 3 18.0 0.0 18.0 0.0 1.0 0.0 1.0 0.0 0.0 0.0 1.004932400000051 0.007849974999977638 0.35368484999995076 0.05106152499994121 0.7406545627547862 0.027545268922762434 0.25934543724521386 0.027545268922761934 1.359600800000095 0.052840050000099836 1.359600800000095 0.052840050000099836 1.359600800000095 0.052840050000099836 0.0 0.0 1.359600800000095 0.052840050000099836
ps1 "(4, 4)" 2 1 38.0 2.0 38.0 2.0 1.0 0.0 1.583333333333333 0.08333333333333304 0.4815434123430768 0.08443548131389372 5.234313249999971 0.17270122500065188 0.9865853499999702 0.3588928750004641 0.8409877495885175 0.05248180099830413 0.1590122504114825 0.05248180099830399 6.210140799999898 0.31420817499966436 3.14576590000047 0.2158357500001955 0.7029206066666831 0.020583056666590993 0.5280832535714315 0.024195237500022837 9.94003319999996 0.34168442499823115
ps1 "(4, 4)" 2 2 26.0 0.0 26.0 0.0 1.0 0.0 1.444444444444444 0.0 0.5923282596182288 0.0955064920121167 1.7719973000000664 0.0071485750000306325 0.4328276999999616 0.21695324999999244 0.8040493302504046 0.07399047222962696 0.19595066974959535 0.07399047222962712 2.212494800000016 0.21378437499988223 2.372755799999979 0.10148882499954937 0.9421035125000117 0.0830800250001289 0.43016244999994535 0.062008574999976473 3.6828737000000373 0.33187685000063993
ps1 "(4, 4)" 2 3 18.0 0.0 18.0 0.0 1.0 0.0 1.0 0.0 0.0 0.0 1.0041306500000644 0.0032563749998288927 0.35558824999992567 0.09094610000003917 0.7379598547899004 0.04693973423260889 0.26204014521009966 0.046939734232609165 1.364841950000212 0.09144480000011468 1.364841950000212 0.09144480000011468 1.364841950000212 0.09144480000011468 0.0 0.0 1.364841950000212 0.09144480000011468
ps1 "(4, 4)" 3 1 38.0 2.0 38.0 2.0 1.0 0.0 1.583333333333333 0.08333333333333304 0.520126331736996 0.07100256735242183 5.579253599999973 0.2686738500001553 1.063752550000011 0.4053151250002214 0.8346153058286961 0.04735246306893359 0.16538469417130391 0.04735246306893365 6.6157731000000695 0.484874799999786 3.255331599999657 0.22037739999985462 0.7533357766667147 0.03908698999999738 0.57205063214287 0.03495190357141964 10.65338869999999 0.5891878249999625
ps1 "(4, 4)" 3 2 26.0 0.0 26.0 0.0 1.0 0.0 1.444444444444444 0.0 0.5923282596182288 0.08308616528384916 1.9334524999999305 0.081729124999939 0.5427261499999645 0.2717508500000676 0.7851075274241216 0.08413487020141297 0.21489247257587835 0.08413487020141286 2.508094299999982 0.23082835000013446 2.4970063999998615 0.14805037499991158 1.002509100000026 0.07544345625006321 0.47114488333331406 0.0644766666666593 3.9242510000001403 0.3009624250002507
ps1 "(4, 4)" 3 3 18.0 0.0 18.0 0.0 1.0 0.0 1.0 0.0 0.0 0.0 1.0051745000000594 0.00826467499994954 0.36578360000006427 0.05096892500037603 0.7337807327059893 0.028974059484925707 0.2662192672940106 0.028974059484925097 1.37273110000028 0.06560624999983822 1.37273110000028 0.06560624999983822 1.37273110000028 0.06560624999983822 0.0 0.0 1.37273110000028 0.06560624999983822
ps1 "(4, 4)" NONE 1 43.0 2.0 43.0 2.0 1.0 0.0 1.653846153846154 0.07692307692307687 0.5392541370610704 0.08534111005856698 4.183665650000137 0.2684277749998687 0.5341644499999063 0.17266872500007224 0.8957934633071202 0.033908203108151125 0.10420653669287983 0.033908203108151236 4.685559499999869 0.3530170999995548 2.5898731500002867 0.07237635000034759 0.5404361593749778 0.028385509374982743 0.40056106666667024 0.026805730000010075 8.036982399999935 0.46825759999988037
ps1 "(4, 4)" NONE 2 26.0 0.0 26.0 0.0 1.0 0.0 1.444444444444444 0.0 0.5923282596182288 0.1382545606333635 1.4601425000000106 0.0037005500001190406 0.30398209999992787 0.2315068749998943 0.8293182373262377 0.09797208952373215 0.17068176267376234 0.09797208952373224 1.7717544500000315 0.22694992500002087 2.1364975499999166 0.07020465000012166 0.8181036499998768 0.05874846874996931 0.35818488333332255 0.05169977499988698 3.1855758999995487 0.23357869999994918
ps1 "(4, 4)" NONE 3 18.0 0.0 18.0 0.0 1.0 0.0 1.0 0.0 0.0 0.0 1.0045489999998836 0.00335052500008004 0.3566109500002028 0.06506375000023457 0.7384391857828965 0.035480463514747096 0.26156081421710364 0.03548046351474721 1.3635813499999896 0.05961302500015386 1.3635813499999896 0.05961302500015386 1.3635813499999896 0.05961302500015386 0.0 0.0 1.3635813499999896 0.05961302500015386
ps2 "(2, 2)" 1 1 55.0 2.0 55.0 2.0 1.0 0.0 1.617647058823529 0.05882352941176405 0.6503706986881472 0.038105897823573875 4.823566550000152 0.25061830000008545 1.656887150000017 0.1921250000001491 0.7435365933856533 0.022812395339690927 0.2564634066143468 0.02281239533969076 6.447761400000104 0.37700152499994743 6.875168300000013 0.46138512499990014 2.7141285500000905 0.14437874375001547 1.3312636000000184 0.06467642499998827 10.72436405000039 0.5356242750000959
ps2 "(2, 2)" 1 2 34.0 0.0 34.0 0.0 1.0 0.0 1.888888888888889 0.0 1.189204442210631 0.056129162174451075 2.1792290500000036 0.012057850000065429 0.6957304500001555 0.09915392499983255 0.7576203036070699 0.024699039373652254 0.24237969639293017 0.024699039373652365 2.8776294000003872 0.11707287499981289 3.7704603000000247 0.0984633499995411 2.1378076500000205 0.07270364999994561 0.4991931999999224 0.003882275000044899 4.246354650000072 0.14580887499990425
ps2 "(2, 2)" 1 3 18.0 0.0 18.0 0.0 1.0 0.0 1.0 0.0 0.0 0.0 0.9985124999999044 0.003934899999957997 0.35473439999992706 0.05369947499997346 0.7371862408554345 0.029220252365550148 0.2628137591445655 0.02922025236554998 1.3537116000001106 0.052795374999987876 1.3537116000001106 0.052795374999987876 1.3537116000001106 0.052795374999987876 0.0 0.0 1.3537116000001106 0.052795374999987876
ps2 "(2, 2)" 2 1 53.0 2.0 53.0 2.0 1.0 0.0 1.558823529411765 0.05882352941176405 0.6503706986881472 0.038105897823573875 4.951541599999743 0.1924366499997543 1.731472449999927 0.21013419999975746 0.7380178371842055 0.02478677019233111 0.26198216281579445 0.02478677019233097 6.71221864999967 0.4111784750004972 7.17758490000012 0.3917346249995912 2.820985037499998 0.0780718937498901 1.374023666666777 0.0504155499999972 11.153270049999936 0.30970649999952293
ps2 "(2, 2)" 2 2 34.0 0.0 34.0 0.0 1.0 0.0 1.888888888888889 0.0 1.189204442210631 0.04184247626645621 2.259898000000071 0.017410250000120087 0.7427302000000964 0.14241875000011817 0.7527266756538186 0.03338653715684192 0.24727332434618138 0.033386537156841756 3.006895850000035 0.15709857499985747 3.884459300000003 0.1428745500000792 2.198690749999955 0.07863006250008198 0.5007535500000984 0.003805899999946405 4.368961449999915 0.15638372499999775
ps2 "(2, 2)" 2 3 18.0 0.0 18.0 0.0 1.0 0.0 1.0 0.0 0.0 0.0 1.0070072000000034 0.006794125000070039 0.35379860000006147 0.04985299999996329 0.7401532304437848 0.027129909083246306 0.2598467695562152 0.027129909083246084 1.3598604999999115 0.05166202500034678 1.3598604999999115 0.05166202500034678 1.3598604999999115 0.05166202500034678 0.0 0.0 1.3598604999999115 0.05166202500034678
ps2 "(2, 2)" 3 1 53.0 2.0 53.0 2.0 1.0 0.0 1.558823529411765 0.05882352941176405 0.6548078460203188 0.04355270592320848 5.055364299999965 0.2731387499999496 1.855756050000032 0.37859447500010335 0.7351921790373499 0.030614779837075168 0.2648078209626501 0.030614779837075112 6.941548200000028 0.5324690500001772 7.353983299999896 0.4158939250001765 2.901620374999986 0.12455569375004183 1.3819606833333185 0.10257598333340434 11.47032875000022 0.5310762500006181
ps2 "(2, 2)" 3 2 34.0 0.0 34.0 0.0 1.0 0.0 1.888888888888889 0.0 1.175258891582203 0.056129162174451075 2.3289867500000696 0.02439154999970583 0.7845869000000789 0.09514209999996659 0.7485579779197354 0.021397777882184443 0.25144202208026445 0.021397777882184693 3.112348550000178 0.10984042499995894 3.9948172999999443 0.10787380000007962 2.2532662749999415 0.05542528749995679 0.501017650000037 0.004191125000090834 4.473387849999824 0.11469220000039115
ps2 "(2, 2)" 3 3 18.0 0.0 18.0 0.0 1.0 0.0 1.0 0.0 0.0 0.0 1.0048650999999895 0.007671549999976657 0.34748554999993075 0.06416662500004128 0.742886531451313 0.034061890229241 0.25711346854868666 0.03406189022924122 1.3520254499997582 0.06384504999999097 1.3520254499997582 0.06384504999999097 1.3520254499997582 0.06384504999999097 0.0 0.0 1.3520254499997582 0.06384504999999097
ps2 "(2, 2)" NONE 1 55.0 3.5 55.0 3.5 1.0 0.0 1.617647058823529 0.10294117647058787 0.6407055989346437 0.17507747003893526 4.691144699999995 0.429339974999813 1.672895750000521 0.3328268750004566 0.7421738831867906 0.02898308218661194 0.2578261168132095 0.02898308218661183 6.38338870000004 0.6786469250004004 6.369607100000039 0.4357573500001095 2.723649224999896 0.17213883125003537 1.4626147166666499 0.36392504999998465 10.764226149999505 0.6896242750001793
ps2 "(2, 2)" NONE 2 34.0 0.0 34.0 0.0 1.0 0.0 1.888888888888889 0.0 1.175258891582203 0.056129162174451075 2.109955250000212 0.0156122249998627 0.7991199000000506 0.14765390000013667 0.7252518777594936 0.033226321276752624 0.2747481222405065 0.0332263212767529 2.9180005500003006 0.16650567500001 3.6609292000002824 0.1453354000003344 2.1643574750001733 0.09415583749963519 0.6253813000000861 0.034284475000006864 4.3004188000003865 0.1889189249991432
ps2 "(2, 2)" NONE 3 18.0 0.0 18.0 0.0 1.0 0.0 1.0 0.0 0.0 0.0 0.9971132499998703 0.0025251749999775086 0.364295449999986 0.06240647500009544 0.732520369699454 0.033218995372301 0.26747963030054595 0.033218995372301385 1.3646806999998375 0.06178140000006138 1.3646806999998375 0.06178140000006138 1.3646806999998375 0.06178140000006138 0.0 0.0 1.3646806999998375 0.06178140000006138
ps2 "(2, 4)" 1 1 55.0 2.0 55.0 2.0 1.0 0.0 1.617647058823529 0.05882352941176405 0.6548078460203188 0.045833895322075824 5.000600700000092 0.2070051000000399 1.143735450000033 0.23531090000023647 0.8142537264694578 0.035344527773175205 0.18574627353054213 0.035344527773175344 6.198573899999985 0.21134839999988575 5.502161100000194 0.14284912500016134 1.3485478375000015 0.042686678125012145 0.7541955857142771 0.03349437142853873 10.51127139999997 0.34302747500011677
ps2 "(2, 4)" 1 2 34.0 0.0 34.0 0.0 1.0 0.0 1.888888888888889 0.0 1.175258891582203 0.052557490697452414 2.1860516500000244 0.019698300000012825 0.7208911000000171 0.0967350500000208 0.7516645223200009 0.025021201047068065 0.24833547767999914 0.02502120104706823 2.895896550000117 0.11006947499980502 3.8041702999998677 0.12761192500003915 2.1610629999997855 0.06787481250027705 0.4973238000000606 0.004123850000048779 4.29389675000003 0.1354397250004986
ps2 "(2, 4)" 1 3 18.0 0.0 18.0 0.0 1.0 0.0 1.0 0.0 0.0 0.0 0.9979859000000602 0.005728724999869206 0.3539137999998445 0.04862269999989621 0.7387357501497736 0.027018267848724298 0.26126424985022645 0.027018267848724742 1.353335849999894 0.04825060000014503 1.353335849999894 0.04825060000014503 1.353335849999894 0.04825060000014503 0.0 0.0 1.353335849999894 0.04825060000014503
ps2 "(2, 4)" 2 1 55.0 2.0 55.0 2.0 1.0 0.0 1.617647058823529 0.05882352941176405 0.6548078460203188 0.04536830862308672 5.556287199999964 0.2139354749998823 1.4946476000000355 0.32719905000017535 0.791997187922437 0.03888192501603849 0.20800281207756285 0.03888192501603846 7.001447200000122 0.42207779999953576 5.693048499999918 0.08874940000075071 1.4745346437500224 0.06128667500001628 0.861114342857118 0.05947281071431321 11.48453664999991 0.45929537500021667
ps2 "(2, 4)" 2 2 34.0 0.0 34.0 0.0 1.0 0.0 1.888888888888889 0.0 1.175258891582203 0.056129162174451075 2.2571616999999833 0.01855285000016238 0.759809449999949 0.08562460000009153 0.7494208478404696 0.020613833908416646 0.2505791521595305 0.020613833908416507 3.023988250000059 0.09279162500016058 3.908050149999923 0.08109590000003664 2.2066185999999632 0.041167437499886717 0.5003230000000372 0.0049469999999515735 4.385045549999916 0.08194165000004716
ps2 "(2, 4)" 2 3 18.0 0.0 18.0 0.0 1.0 0.0 1.0 0.0 0.0 0.0 1.000547899999944 0.003454350000083428 0.3536733000000538 0.05586650000013188 0.7387283454932367 0.03132119370618858 0.2612716545067636 0.03132119370618877 1.3536962499999845 0.05443622499983247 1.3536962499999845 0.05443622499983247 1.3536962499999845 0.05443622499983247 0.0 0.0 1.3536962499999845 0.05443622499983247
ps2 "(2, 4)" 3 1 49.0 2.0 49.0 2.0 1.0 0.0 1.580645161290323 0.06451612903225801 0.6690226314636326 0.03990178755480944 5.4923513499999785 0.27367177500077844 1.6164296500000148 0.37328605000013226 0.7740221958750664 0.0435684164493757 0.22597780412493362 0.0435684164493757 7.173846999999981 0.31624247500045044 5.9280274000000475 0.13715217500019605 1.7039751285714455 0.05958139642866156 0.9943478416666469 0.05246174166666173 11.678745450000065 0.43748942500037913
ps2 "(2, 4)" 3 2 34.0 0.0 34.0 0.0 1.0 0.0 1.888888888888889 0.0 1.175258891582203 0.056129162174451075 2.3283027499999776 0.013368849999963572 0.7980997499999916 0.06870347500003149 0.7454083939835079 0.016888345416912642 0.2545916060164921 0.016888345416912448 3.1320698499999224 0.08908404999971875 4.003501200000031 0.10740707500032798 2.2535232500000077 0.05322351250025248 0.5007197999999775 0.005258875000002605 4.478533000000013 0.10682675000043673
ps2 "(2, 4)" 3 3 18.0 0.0 18.0 0.0 1.0 0.0 1.0 0.0 0.0 0.0 1.0031754000000035 0.00485797500003593 0.35164275000000345 0.03877852499996237 0.7413800981459598 0.02223560320367568 0.25861990185404005 0.02223560320367554 1.3535316500000074 0.03966214999988438 1.3535316500000074 0.03966214999988438 1.3535316500000074 0.03966214999988438 0.0 0.0 1.3535316500000074 0.03966214999988438
ps2 "(2, 4)" NONE 1 55.0 4.0 55.0 4.0 1.0 0.0 1.617647058823529 0.117647058823529 0.6503706986881472 0.17111936522412663 4.686323949999995 0.4620257500002216 1.0983089000000636 0.28753852500003196 0.8178865388531937 0.0359471485038414 0.18211346114680627 0.0359471485038414 5.896852250000094 0.6015129999994997 5.288546000000309 0.10811675000009835 1.3173144125000125 0.0927372843750025 0.745313057142873 0.08544121428581164 10.245452400000374 0.6319081249998533
ps2 "(2, 4)" NONE 2 34.0 0.0 34.0 0.0 1.0 0.0 1.888888888888889 0.0 1.16114586470114 0.0423452634174859 2.1196492499999096 0.02291180000002413 0.8239514999999749 0.1933406500003052 0.7220966211250262 0.04365806638517311 0.27790337887497396 0.04365806638517289 2.9514895499997356 0.20362999999988984 3.693093400000066 0.09448427500012668 2.1823521999998263 0.09096754999993095 0.6323528000000351 0.152037049999997 4.3361983999997165 0.18132929999995184
ps2 "(2, 4)" NONE 3 18.0 0.0 18.0 0.0 1.0 0.0 1.0 0.0 0.0 0.0 1.000985649999997 0.0057608250000100725 0.3561131999998963 0.051035874999961095 0.7374734209084863 0.02819950731799281 0.26252657909151395 0.028199507317993144 1.3595929000000524 0.05026467500008325 1.3595929000000524 0.05026467500008325 1.3595929000000524 0.05026467500008325 0.0 0.0 1.3595929000000524 0.05026467500008325
ps2 "(4, 2)" 1 1 55.0 2.0 55.0 2.0 1.0 0.0 1.617647058823529 0.05882352941176405 0.6503706986881472 0.033937733256752645 5.258180500000151 0.4646140250000812 1.40719189999988 0.291927175000112 0.7846724304984021 0.039807173621716374 0.21532756950159787 0.039807173621716624 6.6243673500001705 0.3720998499998558 5.52829359999987 0.2320364249999871 1.4237780937499975 0.06819268124998135 0.8222390785714282 0.05296112499999284 11.065430849999956 0.5521041250001186
ps2 "(4, 2)" 1 2 34.0 0.0 34.0 0.0 1.0 0.0 1.888888888888889 0.0 1.175258891582203 0.056129162174451075 2.3187803499999333 0.01883742499997254 0.6083985999997594 0.14030922500002596 0.7918801481953361 0.03674252984953941 0.20811985180466408 0.03674252984953938 2.9304879000000597 0.13994789999974877 3.1817955500000323 0.07586525000013511 1.0925217875000328 0.04843811250002994 0.38952504999993676 0.032776616666660985 4.285307600000067 0.192520475000169
ps2 "(4, 2)" 1 3 18.0 0.0 18.0 0.0 1.0 0.0 1.0 0.0 0.0 0.0 1.0036361499997781 0.0054795000001346406 0.33985869999995083 0.04303610000010849 0.7463104889135448 0.02304979535202134 0.25368951108645504 0.023049795352021063 1.3413834499997674 0.046660299999992105 1.3413834499997674 0.046660299999992105 1.3413834499997674 0.046660299999992105 0.0 0.0 1.3413834499997674 0.046660299999992105
ps2 "(4, 2)" 2 1 55.0 2.0 55.0 2.0 1.0 0.0 1.617647058823529 0.05882352941176405 0.6735835443368857 0.06216964657591162 5.6461073499998236 0.49703047500003095 1.5741295499997392 0.30103527499990235 0.78205174862061 0.036181771506338944 0.21794825137938995 0.03618177150633911 7.209077699999966 0.545101574999963 5.680702300000249 0.3364574500001787 1.5062105437499707 0.0825627187498803 0.9045592642857636 0.05304871428572966 11.70546194999952 0.6556914999989338
ps2 "(4, 2)" 2 2 34.0 0.0 34.0 0.0 1.0 0.0 1.888888888888889 0.0 1.175258891582203 0.028058577509491034 2.4369465499999947 0.012390200000126583 0.6709462000001594 0.15662539999987501 0.7854944662505038 0.03966727999980435 0.2145055337494962 0.03966727999980427 3.1138628000002484 0.14941472500003172 3.261068049999537 0.09221312500021384 1.1428893375000726 0.050071099999864366 0.4260420500000161 0.03148992499994552 4.485986700000183 0.20117989999985753
ps2 "(4, 2)" 2 3 18.0 0.0 18.0 0.0 1.0 0.0 1.0 0.0 0.0 0.0 1.003565349999917 0.008888525000006364 0.3531349500000828 0.056566999999908774 0.7392463991685472 0.03196233006671867 0.2607536008314527 0.03196233006671878 1.3561883499998828 0.051308649999930456 1.3561883499998828 0.051308649999930456 1.3561883499998828 0.051308649999930456 0.0 0.0 1.3561883499998828 0.051308649999930456
ps2 "(4, 2)" 3 1 51.0 2.0 51.0 2.0 1.0 0.0 1.645161290322581 0.06451612903225801 0.6759257064809631 0.04686198146659526 5.600478749999695 0.3945773500002101 1.6604209499999956 0.3731444500003538 0.773504503740472 0.04294276274741882 0.22649549625952808 0.04294276274741882 7.277615549999894 0.5420026499999224 6.035071149999908 0.38974934999960453 1.778661485714252 0.06994744285715737 1.0635430666666585 0.08074959583333019 12.159530649999766 0.6414505999997822
ps2 "(4, 2)" 3 2 34.0 0.0 34.0 0.0 1.0 0.0 1.888888888888889 0.0 1.189204442210631 0.03839650157721497 2.5812139500001052 0.09170155000009927 0.7755982499998026 0.19487655000036597 0.7717343926649158 0.043928809770975796 0.22826560733508425 0.04392880977097591 3.3911448499999324 0.2177782250000817 3.412740349999808 0.16475045000007116 1.2125196249999135 0.06471493124992622 0.4658961166666143 0.06303174999995415 4.764500949999672 0.25298342499979043
ps2 "(4, 2)" 3 3 18.0 0.0 18.0 0.0 1.0 0.0 1.0 0.0 0.0 0.0 1.0077102500000024 0.006351974999411647 0.3416533499998309 0.053018524999780436 0.7466193031624027 0.028657650103175003 0.25338069683759723 0.02865765010317506 1.3513206499997494 0.06071042500003587 1.3513206499997494 0.06071042500003587 1.3513206499997494 0.06071042500003587 0.0 0.0 1.3513206499997494 0.06071042500003587
ps2 "(4, 2)" NONE 1 55.0 2.0 55.0 2.0 1.0 0.0 1.617647058823529 0.05882352941176405 0.6636193816461881 0.045833895322075824 4.796672050000325 0.2292233500000478 1.25293744999999 0.2920145749999672 0.7921312378234847 0.044820778292686825 0.20786876217651523 0.044820778292686964 6.011109500000202 0.16865107500042598 4.919328299999961 0.12438364999986717 1.3106203687500335 0.042777950000028264 0.7879694428571489 0.054571864285742455 10.16003385000019 0.36946174999905423
ps2 "(4, 2)" NONE 2 34.0 0.0 34.0 0.0 1.0 0.0 1.888888888888889 0.0 1.182231666896417 0.052557490697452414 2.105770399999841 0.017892350000003887 0.5307364500001199 0.20863974999995705 0.7991832560784927 0.05877575061361251 0.20081674392150722 0.05877575061361273 2.6548541000000228 0.22450387500021618 2.9951545499998535 0.0782070500003158 1.024794749999941 0.06066078124996399 0.3595662666666234 0.06009373333336049 4.013684499999783 0.24206089999978175
ps2 "(4, 2)" NONE 3 18.0 0.0 18.0 0.0 1.0 0.0 1.0 0.0 0.0 0.0 1.004804149999927 0.0062225250000587096 0.3501254999999901 0.05423607500040356 0.7413781911628832 0.027992384656723157 0.2586218088371165 0.027992384656723268 1.3557581000000454 0.05068987499998889 1.3557581000000454 0.05068987499998889 1.3557581000000454 0.05068987499998889 0.0 0.0 1.3557581000000454 0.05068987499998889
ps2 "(4, 4)" 1 1 57.0 2.0 57.0 2.0 1.0 0.0 1.676470588235294 0.05882352941176494 0.6407055989346437 0.040858810995322514 6.316478149999682 0.22241449999977192 1.089180550000048 0.46243802499986253 0.8523217460544725 0.052943396072190674 0.14767825394552747 0.052943396072190646 7.483766500000055 0.4857845499997424 4.002201349999574 0.09036597500032384 0.7869584093749997 0.025223079687506367 0.5676352566666669 0.026853771666704107 11.93341915000053 0.41895062499896873
ps2 "(4, 4)" 1 2 34.0 0.0 34.0 0.0 1.0 0.0 1.888888888888889 0.0 1.175258891582203 0.04184247626645621 2.315884000000096 0.016541975000223363 0.6178358000000657 0.21721712499991241 0.7893146222560514 0.05497684946341408 0.21068537774394852 0.05497684946341408 2.9411835999999596 0.22678669999987733 3.184847050000144 0.0839980500001043 1.09840127500005 0.07155390624995195 0.3891789333333359 0.04038275833327043 4.308120800000154 0.28443524999996583
ps2 "(4, 4)" 1 3 18.0 0.0 18.0 0.0 1.0 0.0 1.0 0.0 0.0 0.0 1.000547750000038 0.008027575000315812 0.3517804500000494 0.05070682499979284 0.7405325198464345 0.02728335231904422 0.25946748015356547 0.02728335231904433 1.3539750000001907 0.04946757499992405 1.3539750000001907 0.04946757499992405 1.3539750000001907 0.04946757499992405 0.0 0.0 1.3539750000001907 0.04946757499992405
ps2 "(4, 4)" 2 1 52.0 2.0 52.0 2.0 1.0 0.0 1.625 0.0625 0.6585366715790916 0.0371153975944537 6.9175745000000575 0.4598771499998122 1.4593901000000076 0.48480122499998757 0.8239449470557874 0.04709887915784017 0.17605505294421273 0.047098879157840084 8.505489449999999 0.7554067500007733 4.843336300000033 0.11825895000025355 0.9125566600000505 0.053112326666635123 0.6282565642857096 0.05116679642858146 13.085326550000019 0.8169907249992505
ps2 "(4, 4)" 2 2 34.0 0.0 34.0 0.0 1.0 0.0 1.888888888888889 0.0 1.189204442210631 0.04184247626645621 2.43635824999987 0.013552024999696766 0.6546309499999836 0.07604289999996183 0.789126718276443 0.01937593863665088 0.21087328172355702 0.01937593863665074 3.099329949999941 0.1438929250001557 3.2536771999997565 0.09584002500056243 1.1325489999999396 0.03960966249995024 0.4249507000000037 0.007203608333362865 4.44510524999977 0.1591205499999795
ps2 "(4, 4)" 2 3 18.0 0.0 18.0 0.0 1.0 0.0 1.0 0.0 0.0 0.0 0.9999326499999484 0.004653149999995776 0.3523236999999497 0.051590275000027164 0.7420254875974613 0.027672232284668752 0.25797451240253894 0.027672232284668863 1.356399100000175 0.06489777499976346 1.356399100000175 0.06489777499976346 1.356399100000175 0.06489777499976346 0.0 0.0 1.356399100000175 0.06489777499976346
ps2 "(4, 4)" 3 1 52.0 0.0 52.0 0.0 1.0 0.0 1.625 0.0 0.6430141003404857 0.023888969380554625 7.2998295499997425 0.38127677499986135 1.6515927999999391 0.44405347500005354 0.8129807782029073 0.04482489078991436 0.18701922179709274 0.04482489078991425 8.894230750000588 0.47148235000022964 5.1329093500002045 0.25059307500030314 0.9670537566666553 0.029394440000047095 0.6606819642857151 0.04080482678571273 13.93919374999999 0.4502016499999808
ps2 "(4, 4)" 3 2 34.0 0.0 34.0 0.0 1.0 0.0 1.888888888888889 0.0 1.175258891582203 0.0423452634174859 2.587008499999797 0.08687272500012 0.7693221000001813 0.16330049999992013 0.7741259445937145 0.03868005072726699 0.22587405540628566 0.038680050727267046 3.4115840500000374 0.2854807999998594 3.438417300000282 0.19026675000004678 1.2228190000000372 0.08817050000003523 0.4661959499999853 0.02957101666666634 4.796888549999984 0.3521282250000404
ps2 "(4, 4)" 3 3 18.0 0.0 18.0 0.0 1.0 0.0 1.0 0.0 0.0 0.0 1.0043235500001515 0.007517950000054174 0.3602622000001361 0.05909935000008204 0.735873523749772 0.033875029389836775 0.2641264762502281 0.03387502938983722 1.3675558499999734 0.06706112500002903 1.3675558499999734 0.06706112500002903 1.3675558499999734 0.06706112500002903 0.0 0.0 1.3675558499999734 0.06706112500002903
ps2 "(4, 4)" NONE 1 57.0 1.5 57.0 1.5 1.0 0.0 1.676470588235294 0.04411764705882382 0.6808459551363986 0.02010349383988108 5.248429899999962 0.21101025000021423 0.80259410000005 0.2762608499999004 0.8694348556784681 0.039021443126426414 0.13056514432153196 0.03902144312642644 6.181579499999955 0.33606172499939646 3.7064092000001945 0.11833495000014338 0.6765146593749711 0.020146956250024717 0.4727096633333502 0.028763341666638576 10.214553350000369 0.37484602499949204
ps2 "(4, 4)" NONE 2 34.0 0.0 34.0 0.0 1.0 0.0 1.888888888888889 0.0 1.189204442210631 0.04184247626645621 2.1047239000000104 0.017865149999941377 0.5104982999999095 0.04412675000015298 0.8054514367830252 0.014198233086081036 0.19454856321697475 0.014198233086080952 2.624036299999986 0.10568879999973602 2.9882018000000414 0.08235972499964417 1.0198463250000245 0.038410137499997 0.35852021666674244 0.014655166666652064 3.9938010500000587 0.15287024999994125
ps2 "(4, 4)" NONE 3 18.0 0.0 18.0 0.0 1.0 0.0 1.0 0.0 0.0 0.0 1.0028578999999809 0.005904399999806742 0.35793155000000354 0.060187699999943445 0.7368056137769186 0.03024438664837359 0.2631943862230817 0.030244386648374116 1.3599572999999974 0.06457785000023741 1.3599572999999974 0.06457785000023741 1.3599572999999974 0.06457785000023741 0.0 0.0 1.3599572999999974 0.06457785000023741
ps3 "(2, 2)" 1 1 71.0 2.0 71.0 2.0 1.0 0.0 1.6282467532467535 0.04545454545454497 0.6072790027536805 0.0418238116962687 6.356000100000018 0.28489682500000324 2.54682484999978 0.8803541249999958 0.7146202215815144 0.06114976282818474 0.2853797784184856 0.06114976282818485 8.835868999999931 0.9864626750007517 8.058795400000463 2.283744974999827 3.7530669874999347 0.5430539562502332 2.3483912999999843 0.14667615833341152 14.879972699999655 2.1710920250008314
ps3 "(2, 2)" 1 2 44.0 0.0 44.0 0.0 1.0 0.0 2.2 0.0 0.9630682693215002 0.04468035222648936 3.0014143000000644 0.0859707500003557 1.1745172499999514 0.7418795249998986 0.7145864545985317 0.10557716668871009 0.2854135454014682 0.10557716668871012 4.181373500000092 0.805051974999941 4.732498049999975 1.5877900750001714 3.0384677250000607 0.41403413749991813 1.366469849999987 0.6310129749999049 6.04816065 0.8279320249999245
ps3 "(2, 2)" 1 3 20.0 0.0 20.0 0.0 1.0 0.0 1.0 0.0 0.0 0.0 1.134319699999963 0.004187149999999917 0.7508562500000266 0.09740070000039758 0.6016811529474532 0.030649742522068757 0.39831884705254683 0.030649742522068757 1.8833028499999647 0.09808295000031664 1.8833028499999647 0.09808295000031664 1.8833028499999647 0.09808295000031664 0.0 0.0 1.8833028499999647 0.09808295000031664
ps3 "(2, 2)" 2 1 71.0 2.0 71.0 2.0 1.0 0.0 1.659090909090909 0.04545454545454497 0.6156103611641836 0.0525959156367275 6.651671050000118 0.3646991500000354 2.730119999999829 0.7962497000000326 0.7107498459360576 0.0624697953842942 0.2892501540639424 0.06246979538429409 9.39006785000015 0.8823938999996415 8.996404500000722 1.8800634000001697 4.038968175000036 0.435330437499831 2.3775571833334084 0.12199334166655351 16.023418100000185 1.791195974999443
ps3 "(2, 2)" 2 2 44.0 0.0 44.0 0.0 1.0 0.0 2.2 0.0 0.956861116756829 0.05922773985011831 3.1696027000000555 0.23586600000064095 1.4782038999999254 0.9742973250001379 0.6825062055985422 0.1289090543122252 0.31749379440145764 0.128909054312225 4.645299000000136 0.9607556499998822 5.182690950000136 1.691570150000132 3.2798408000000023 0.455726624999933 1.405500400000264 0.38339902499984646 6.530941649999988 0.9116734999998783
ps3 "(2, 2)" 2 3 20.0 0.0 20.0 0.0 1.0 0.0 1.0 0.0 0.0 0.0 1.133188600000068 0.0054237500000051675 0.764868400000239 0.11050047500022231 0.5969392034693463 0.03419354209937431 0.4030607965306536 0.03419354209937425 1.900970600000335 0.10795045000006098 1.900970600000335 0.10795045000006098 1.900970600000335 0.10795045000006098 0.0 0.0 1.900970600000335 0.10795045000006098
ps3 "(2, 2)" 3 1 71.0 2.0 71.0 2.0 1.0 0.0 1.642857142857143 0.04545454545454497 0.6156103611641836 0.02902451571490583 6.924468499999975 0.4138648500001345 3.0501818500000297 0.7083257249999235 0.6962116397236975 0.05072262273228578 0.3037883602763025 0.05072262273228584 10.02934220000013 1.2175047499997973 9.785885450000087 3.2795006499998713 4.221691899999993 0.6691812749998576 2.5010966000001535 0.3295520250001447 16.75352835000001 2.676348274999267
ps3 "(2, 2)" 3 2 44.0 2.0 44.0 2.0 1.0 0.0 2.2 0.10000000000000009 0.9737753152069049 0.036874874524131074 3.357372499999883 0.34270072499999005 1.674131549999913 1.3623572750003068 0.6625737868032675 0.15364299129479142 0.3374262131967325 0.15364299129479142 5.038481299999987 1.6714108750004044 5.707125549999887 1.8950005500004181 3.504739149999974 0.8020548750000533 1.265530000000183 0.419296549999842 6.980922249999928 1.6047534750000878
ps3 "(2, 2)" 3 3 20.0 0.0 20.0 0.0 1.0 0.0 1.0 0.0 0.0 0.0 1.138421399999629 0.0075015749999920445 0.7531992999999773 0.0735008499997285 0.602759065460482 0.02554382876944039 0.39724093453951803 0.025543828769440335 1.893225900000175 0.06721035000011022 1.893225900000175 0.06721035000011022 1.893225900000175 0.06721035000011022 0.0 0.0 1.893225900000175 0.06721035000011022
ps3 "(2, 2)" NONE 1 73.0 2.0 73.0 2.0 1.0 0.0 1.659090909090909 0.05817099567099571 0.613449096049282 0.0679717894229821 6.219627650000234 0.29983312500036163 2.4649648000000113 0.9422832749997232 0.7263023101892573 0.07621150811505584 0.2736976898107427 0.07621150811505564 8.672796999999946 1.191194424999722 7.614070349999579 2.0574371999999563 3.751488037500067 0.35578894999977884 2.4221167999999738 0.18143095833333955 14.873757050000105 1.4233921249991681
ps3 "(2, 2)" NONE 2 44.0 2.0 44.0 2.0 1.0 0.0 2.2 0.10000000000000009 0.9737753152069049 0.03136443576213921 2.9097324000001095 0.047070549999901345 1.282864699999976 0.49136937499990574 0.6926631241369806 0.08422550976378418 0.3073368758630194 0.08422550976378407 4.211382700000144 0.5595839500002739 4.560538399999956 1.220513774999553 3.104175049999725 0.23721547500010987 1.6271017500000649 0.8564754999998809 6.179562699999394 0.4743987750001466
ps3 "(2, 2)" NONE 3 20.0 0.0 20.0 0.0 1.0 0.0 1.0 0.0 0.0 0.0 1.1380270999999031 0.005778649999918617 0.785533849999922 0.10314312499959044 0.5908811727572034 0.03191151292562888 0.4091188272427966 0.031911512925629104 1.922408099999757 0.10055712499995173 1.922408099999757 0.10055712499995173 1.922408099999757 0.10055712499995173 0.0 0.0 1.922408099999757 0.10055712499995173
ps3 "(2, 4)" 1 1 71.0 2.0 71.0 2.0 1.0 0.0 1.659090909090909 0.04545454545454497 0.5967100689053244 0.038539023718285326 6.47083205000007 0.37318734999985903 1.715644000000001 0.4171754749999641 0.7968220083584119 0.041913339539999095 0.20317799164158823 0.041913339539999206 8.223626500000051 0.6806136249998609 6.182072499999922 1.5508367500003857 1.817494337499973 0.14552617499998433 1.140308421428555 0.09283812142857828 14.269093449999755 1.1658061749997728
ps3 "(2, 4)" 1 2 44.0 2.0 44.0 2.0 1.0 0.0 2.2 0.10000000000000009 0.968684231786848 0.03608123394728824 3.000193849999846 0.04469747499966559 0.9468926000000444 0.7669305000002 0.75897119744231 0.11936108897782993 0.2410288025576901 0.11936108897782993 3.945641000000279 0.8680528249994732 4.494956000000148 1.5193998000009188 2.992084900000009 0.4276276750000463 1.4159930999999806 0.5746561750001999 5.95472915000002 0.8545773000001553
ps3 "(2, 4)" 1 3 20.0 0.0 20.0 0.0 1.0 0.0 1.0 0.0 0.0 0.0 1.1418875500000245 0.007626149999879095 0.7702863499999353 0.16170630000016573 0.5967519817066853 0.048782237195790445 0.4032480182933146 0.04878223719579028 1.9110579000000594 0.15816442500023165 1.9110579000000594 0.15816442500023165 1.9110579000000594 0.15816442500023165 0.0 0.0 1.9110579000000594 0.15816442500023165
ps3 "(2, 4)" 2 1 71.0 2.0 71.0 2.0 1.0 0.0 1.659090909090909 0.04545454545454497 0.5948834926982205 0.0351028937045581 7.153353399999972 0.280770000000242 2.0711555999999263 0.4910305500001897 0.7757391259787729 0.04196138261361737 0.22426087402122707 0.0419613826136174 9.233124399999923 0.4844672999989399 7.146932099999972 2.3219506250001203 2.0190442249998934 0.1915973843749319 1.2801417714286134 0.09863991071433831 15.805905800000446 1.542645849999671
ps3 "(2, 4)" 2 2 44.0 0.0 44.0 0.0 1.0 0.0 2.2 0.0 0.9511788432374488 0.04495660438072746 3.1969932500000766 0.35840627499973765 1.4581215999997426 1.312455449999845 0.6919393166639993 0.15404931936983624 0.3080606833360008 0.15404931936983662 4.616139100000112 1.755019774999596 5.228364450000072 2.243942450000059 3.326419824999995 0.9115966874996957 1.3768018000000095 0.5247595500000308 6.6242883500000005 1.8228867499995545
ps3 "(2, 4)" 2 3 20.0 0.0 20.0 0.0 1.0 0.0 1.0 0.0 0.0 0.0 1.1383369500000955 0.009309175000183911 0.7643299500000964 0.12243730000002984 0.5986734628923798 0.040942158198207235 0.4013265371076201 0.0409421581982069 1.905148100000048 0.12154917500032547 1.905148100000048 0.12154917500032547 1.905148100000048 0.12154917500032547 0.0 0.0 1.905148100000048 0.12154917500032547
ps3 "(2, 4)" 3 1 71.0 2.0 71.0 2.0 1.0 0.0 1.659090909090909 0.04545454545454497 0.6156103611641836 0.02350632238799577 7.724333449999875 0.35277637499992665 2.2732068999998205 0.40955109999976 0.7739280080056246 0.03328765326474936 0.22607199199437544 0.03328765326474947 10.03872790000011 0.488834174999738 8.057757949999342 3.260009249999827 2.2544841999999647 0.4290847124999768 1.3748225535714713 0.11188906071429838 17.461468050000406 2.7156388750001383
ps3 "(2, 4)" 3 2 44.0 0.0 44.0 0.0 1.0 0.0 2.2 0.0 0.9625433902762094 0.05423096377098191 3.3310980499997527 0.40490797499998665 2.0150978500000747 1.9822096749999787 0.6208496138900568 0.21671741170537517 0.3791503861099433 0.216717411705375 5.41919259999996 2.289465149999913 6.0035740500001396 2.855072549999978 3.6581546250001793 1.154650212500128 1.334847950000608 0.5306682750000675 7.287969300000356 2.308708199999984
ps3 "(2, 4)" 3 3 20.0 0.0 20.0 0.0 1.0 0.0 1.0 0.0 0.0 0.0 1.132189750000066 0.005033399999817334 0.7277578500000175 0.10701484999984245 0.6081899281538258 0.03518057861071966 0.39181007184617395 0.03518057861071977 1.85742044999995 0.1155481249998398 1.85742044999995 0.1155481249998398 1.85742044999995 0.1155481249998398 0.0 0.0 1.85742044999995 0.1155481249998398
ps3 "(2, 4)" NONE 1 73.0 4.0 73.0 4.0 1.0 0.0 1.69047619047619 0.04545454545454608 0.6116521044424956 0.0688784325558286 6.141822900000022 0.2815128499998414 1.538358100000039 0.4345120250002026 0.8069357066845351 0.049791055278090135 0.19306429331546487 0.049791055278089996 7.746054099999952 0.5063201750004112 5.962102599999639 0.9151959499996281 1.771803899999963 0.08190978125002557 1.125531507142869 0.11152006785714175 13.905124999999714 0.6553807000004834
ps3 "(2, 4)" NONE 2 44.0 2.0 44.0 2.0 1.0 0.0 2.2 0.10000000000000009 0.9625433902762094 0.04837685549421322 2.9246225999999638 0.037992224999953805 1.1910398499999675 0.2777941750001105 0.7128787004684568 0.044498578571348424 0.2871212995315433 0.044498578571348424 4.128552599999921 0.3259484499998204 4.3703511500002605 0.7486786500005858 3.0258282249999127 0.1690730500002502 1.6749166000000462 0.6296616750001118 5.995841550000193 0.32685412500036737
ps3 "(2, 4)" NONE 3 20.0 0.0 20.0 0.0 1.0 0.0 1.0 0.0 0.0 0.0 1.139446250000006 0.005674775000315657 0.7681468499999937 0.11645069999990909 0.5973122123679482 0.03682934085750422 0.4026877876320517 0.036829340857503834 1.9093356500001164 0.11459975000002509 1.9093356500001164 0.11459975000002509 1.9093356500001164 0.11459975000002509 0.0 0.0 1.9093356500001164 0.11459975000002509
ps3 "(4, 2)" 1 1 71.0 2.0 71.0 2.0 1.0 0.0 1.659090909090909 0.07683982683982604 0.6034263800501407 0.03441900186978886 6.4198058999998935 0.3406120499998053 1.7569981500000407 0.4088265999999592 0.7865933821765135 0.03454292870313447 0.2134066178234864 0.03454292870313441 8.333520349999958 0.6132181249999036 6.10981344999999 0.33642997499966487 1.806027756249984 0.09617009375003605 1.192817807142859 0.11119763571434937 14.12131419999999 0.7318666500006756
ps3 "(4, 2)" 1 2 44.0 2.0 44.0 2.0 1.0 0.0 2.2 0.10000000000000009 0.9635931483667911 0.04520229318684166 3.008340900000036 0.07053060000014755 0.7597854000000552 0.19639044999983213 0.7963716873072586 0.04309792700866277 0.2036283126927414 0.04309792700866277 3.767834799999946 0.20517492499972256 3.805709749999803 0.10234734999973627 1.4417216499999763 0.06887309999974911 0.6456199333333643 0.06692843333346354 5.680543449999902 0.2756385499988596
ps3 "(4, 2)" 1 3 20.0 0.0 20.0 0.0 1.0 0.0 1.0 0.0 0.0 0.0 1.138682400000121 0.005583449999775558 0.7579891999999724 0.08361444999995626 0.6008282541215564 0.028337491103173518 0.39917174587844395 0.02833749110317413 1.8949892999998355 0.08288824999999633 1.8949892999998355 0.08288824999999633 1.8949892999998355 0.08288824999999633 0.0 0.0 1.8949892999998355 0.08288824999999633
ps3 "(4, 2)" 2 1 71.0 2.0 71.0 2.0 1.0 0.0 1.659090909090909 0.016233766233765934 0.6009270252116207 0.027757069827001657 6.874873250000405 0.37035057499977686 2.007702549999845 0.31819792500090216 0.7766090211594208 0.029645398755715924 0.22339097884057924 0.029645398755715896 9.011075150000096 0.5072018500002073 6.577703500000283 0.662605974999984 1.928279543749976 0.06836838125018474 1.2616838000000064 0.09572737857150426 15.0976974499998 0.54967550000171
ps3 "(4, 2)" 2 2 44.0 2.0 44.0 2.0 1.0 0.0 2.2 0.10000000000000009 0.968684231786848 0.04837685549421322 3.2250599500001726 0.17601775000030528 0.8790903000000867 0.23567215000014818 0.7836828628522139 0.04031014737016414 0.21631713714778608 0.04031014737016386 4.1644230999998655 0.339993050000551 3.963719299999582 0.27569425000042713 1.546468712499973 0.09529801250000247 0.7499306000000464 0.08536625833326161 6.086998500000334 0.3749407999999068
ps3 "(4, 2)" 2 3 20.0 0.0 20.0 0.0 1.0 0.0 1.0 0.0 0.0 0.0 1.139372450000124 0.007879825000131513 0.7368988500003297 0.10188457500001391 0.6074683648626945 0.033842084748266665 0.3925316351373056 0.03384208474826644 1.872783649999974 0.10334880000008018 1.872783649999974 0.10334880000008018 1.872783649999974 0.10334880000008018 0.0 0.0 1.872783649999974 0.10334880000008018
ps3 "(4, 2)" 3 1 71.0 4.0 71.0 4.0 1.0 0.0 1.659090909090909 0.03180102417907227 0.6152084292889516 0.04511545407500561 7.43707134999994 0.39327849999968834 2.309907199999998 0.35204697499995774 0.7636374063656863 0.02724609551757584 0.23636259363431372 0.027246095517575647 9.821355500000095 0.6072194249996059 7.060789500000084 0.466619049999367 2.146251968749997 0.24686130714293775 1.445043691666735 0.12026927738095794 16.28690835000019 0.6241616250007525
ps3 "(4, 2)" 3 2 44.0 1.5 44.0 1.5 1.0 0.0 2.2 0.07500000000000018 0.9625433902762094 0.04697902379505081 3.5040139999999838 0.17844335000008105 1.031972350000075 0.3734699999999904 0.774444264681281 0.05736367314076096 0.22555573531871914 0.05736367314076096 4.604911300000623 0.3474781500007573 4.024760299999912 0.303791575000091 1.6427629624999935 0.10386354375005324 0.838197183333584 0.10732546666672726 6.484914700000004 0.41460235000025847
ps3 "(4, 2)" 3 3 20.0 0.0 20.0 0.0 1.0 0.0 1.0 0.0 0.0 0.0 1.138568850000006 0.006895625000623795 0.7433852000001764 0.0726459749997872 0.6050017192510249 0.02553022033006036 0.39499828074897503 0.025530220330060527 1.8795010000000332 0.06729137499968396 1.8795010000000332 0.06729137499968396 1.8795010000000332 0.06729137499968396 0.0 0.0 1.8795010000000332 0.06729137499968396
ps3 "(4, 2)" NONE 1 73.0 2.0 73.0 2.0 1.0 0.0 1.659090909090909 0.04356060606060552 0.6226405625252222 0.06286881087235219 6.214193449999982 0.22467880000004303 1.7980815000000097 0.45437247500035527 0.7730329634527813 0.04246387836084198 0.22696703654721875 0.04246387836084206 7.978922000000125 0.5548146249998496 5.72872124999995 0.6181486249998827 1.7279963750000356 0.08898929062496497 1.146683585714233 0.09819051428568937 13.446932700000314 0.7455461749995482
ps3 "(4, 2)" NONE 2 44.0 2.0 44.0 2.0 1.0 0.0 2.2 0.10000000000000009 0.9681593527415571 0.06902584551453395 2.7668702000003407 0.13329432500000316 0.6567379499999078 0.12229955000005788 0.8069166336358968 0.02394070831759021 0.19308336636410323 0.023940708317590376 3.414445799999811 0.18040829999961927 3.6733472499998356 0.20270290000015478 1.3654065499999142 0.07097109375006716 0.59915558333329 0.06675606666670342 5.359865949999801 0.2462923250001232
ps3 "(4, 2)" NONE 3 20.0 0.0 20.0 0.0 1.0 0.0 1.0 0.0 0.0 0.0 1.1393398999998114 0.00595255000033057 0.776175850000044 0.10416429999996524 0.5948689758284864 0.030360582638364275 0.4051310241715135 0.030360582638364164 1.9138797499998366 0.10975089999993481 1.9138797499998366 0.10975089999993481 1.9138797499998366 0.10975089999993481 0.0 0.0 1.9138797499998366 0.10975089999993481
ps3 "(4, 4)" 1 1 73.0 2.0 73.0 2.0 1.0 0.0 1.659090909090909 0.03138528138528107 0.5858758080742702 0.031219780878496195 8.11359734999968 0.3534385749994371 1.805077650000058 0.6142158999994933 0.8128051833212953 0.04888153778295612 0.18719481667870475 0.04888153778295598 9.817276249999935 0.6953836749992561 5.328362049999839 0.8381154999994607 1.012367637500028 0.048524635937384986 0.743861586666632 0.04669989499998328 15.584013000000226 0.772616374999874
ps3 "(4, 4)" 1 2 44.0 0.0 44.0 0.0 1.0 0.0 2.2 0.0 0.9511788432374488 0.03409845293953817 3.009202899999764 0.05489170000006993 0.7588107500002366 0.12017650000038316 0.7977628698675976 0.022990432368112712 0.20223713013240247 0.02299043236811274 3.768351600000358 0.194494599999814 3.7835778999999548 0.13540892500010626 1.448982087500127 0.06814112500006786 0.6582945000000441 0.0606734583332198 5.709955900000466 0.23497497500011733
ps3 "(4, 4)" 1 3 20.0 0.0 20.0 0.0 1.0 0.0 1.0 0.0 0.0 0.0 1.1386933499999259 0.005510699999817126 0.7224322499998124 0.10938314999980037 0.6123929330586676 0.033563744955209196 0.3876070669413323 0.03356374495520903 1.86381234999984 0.11222777499989434 1.86381234999984 0.11222777499989434 1.86381234999984 0.11222777499989434 0.0 0.0 1.86381234999984 0.11222777499989434
ps3 "(4, 4)" 2 1 70.0 3.0 70.0 3.0 1.0 0.0 1.659090909090909 0.047619047619047006 0.6089202082319812 0.038947693870123534 9.005190250000169 0.47223942500028215 2.0360476499999933 0.6887363999992009 0.8130420900189889 0.051753973183911284 0.18695790998101122 0.05175397318391145 11.051415149999514 0.8804695749999105 5.557535050000098 0.40866920000057405 1.168300366666672 0.06844235791671305 0.8625968178571444 0.057002941428572096 17.28795169999978 1.0631326499996305
ps3 "(4, 4)" 2 2 44.0 0.0 44.0 0.0 1.0 0.0 2.2 0.0 0.9511788432374488 0.03569202124575943 3.2329512500000703 0.15743330000032074 0.8673056000001793 0.11810719999951402 0.7904300591734913 0.01798590388220256 0.20956994082650876 0.01798590388220231 4.17311530000012 0.32034507500044285 3.8905896000003963 0.34692445000077043 1.5318692375001244 0.09995968125012 0.753911699999918 0.07076707500025248 6.041829900000451 0.40017527500023675
ps3 "(4, 4)" 2 3 20.0 0.0 20.0 0.0 1.0 0.0 1.0 0.0 0.0 0.0 1.143311599999919 0.007747524999829558 0.7474808999999709 0.08711745000015014 0.6042077995155362 0.0294662840197788 0.39579220048446395 0.029466284019778577 1.8912404500000264 0.09195227500006009 1.8912404500000264 0.09195227500006009 1.8912404500000264 0.09195227500006009 0.0 0.0 1.8912404500000264 0.09195227500006009
ps3 "(4, 4)" 3 1 69.0 2.0 69.0 2.0 1.0 0.0 1.675 0.04761904761904745 0.6062374533365524 0.047540514465354344 9.813167650000423 0.5443401499980141 2.296176100000082 0.491870974999443 0.8121822797060385 0.029295576151079583 0.18781772029396127 0.029295576151079306 12.21132579999971 0.592376799999693 5.8953372499995 0.3457671000005824 1.288662533333333 0.05263041000000168 0.9600624750000049 0.039692639285603515 18.71794249999987 0.7400063249998219
ps3 "(4, 4)" 3 2 44.0 2.0 44.0 2.0 1.0 0.0 2.2 0.10000000000000009 0.9759000729485332 0.04520229318684166 3.4740011000004642 0.16002249999934248 0.9998389999998664 0.2058860249997705 0.7772110036850508 0.037135316090157966 0.22278899631494936 0.037135316090158105 4.501682350000102 0.3092637249997452 4.09226719999964 0.35831369999985396 1.620156575000067 0.0878221249999327 0.8330191666666071 0.1183879666665083 6.394129050000117 0.35143742499968855
ps3 "(4, 4)" 3 3 20.0 0.0 20.0 0.0 1.0 0.0 1.0 0.0 0.0 0.0 1.1422762500000945 0.008024124999952642 0.7625826000001155 0.08997285000027944 0.6019483610421245 0.028895832347360262 0.39805163895787576 0.028895832347360095 1.905586850000361 0.1051249249997066 1.905586850000361 0.1051249249997066 1.905586850000361 0.1051249249997066 0.0 0.0 1.905586850000361 0.1051249249997066
ps3 "(4, 4)" NONE 1 75.0 3.5 75.0 3.5 1.0 0.0 1.704545454545455 0.04545454545454497 0.6478730887522763 0.060463132675699804 6.737334500000117 0.29788130000029156 1.133004749999486 0.22205309999936973 0.8571355943931007 0.020413503976953296 0.14286440560689928 0.020413503976953323 7.942363449999789 0.46497812499981706 4.504223750000229 0.395657000000611 0.8780978843750074 0.036503485937447566 0.6351797766666636 0.037144969999956756 13.439084000000264 0.5261092749995928
ps3 "(4, 4)" NONE 2 44.0 2.0 44.0 2.0 1.0 0.0 2.2 0.10000000000000009 0.9625433902762094 0.03622321068116652 2.779253150000116 0.13026570000026538 0.6702235000003043 0.17922402499987555 0.8057258819223293 0.04229084864460242 0.19427411807767078 0.0422908486446025 3.4444461499999335 0.21875719999985055 3.6917483500001467 0.28778850000004175 1.3586039625000201 0.08383918749998998 0.5964200166666085 0.07388608333323066 5.348404450000004 0.3356620000000561
ps3 "(4, 4)" NONE 3 20.0 0.0 20.0 0.0 1.0 0.0 1.0 0.0 0.0 0.0 1.136872449999885 0.007134125000149982 0.7631808499998556 0.09548115000021795 0.5981671832320236 0.028452842401123002 0.40183281676797655 0.02845284240112267 1.8989042499998732 0.10237687500023895 1.8989042499998732 0.10237687500023895 1.8989042499998732 0.10237687500023895 0.0 0.0 1.8989042499998732 0.10237687500023895
