online_bounds   "(2, 2)" "(2, 2)" "(2, 2)" "(2, 2)" "(2, 4)" "(2, 4)" "(2, 4)" "(2, 4)" "(4, 2)" "(4, 2)" "(4, 2)" "(4, 2)" "(4, 4)" "(4, 4)" "(4, 4)" "(4, 4)"
   "Total Time" "Wait time" Size Length "Total Time" "Wait time" Size Length "Total Time" "Wait time" Size Length "Total Time" "Wait time" Size Length
blend_quantity AL PN                
1 1.0 1.0 2.7831904999999857 6.837783000000172 13.0 23.0 1.6604886499999625 5.502161100000194 7.0 15.0 2.1259838000000855 5.523692650000271 10.0 19.0 0.8086205500000574 4.002201349999574 5.0 8.0
1 1.0 2.0 2.066710000000029 2.578964649999946 13.0 19.0 0.8707443000000268 1.6055820500000664 7.0 9.0 1.9445968999998509 2.394435749999978 9.0 17.0 1.0411154000000806 1.519843800000018 5.0 10.0
1 1.0 3.0 0.731547649999996 0.731547649999996 5.0 7.0 1.1219523999999623 1.1219523999999623 7.0 11.0 0.5130845499999168 0.9105496500000037 4.0 5.0 0.9195957000000305 1.4175910499999984 6.0 9.0
1 1.0 4.0 0.5986215000000357 0.5986215000000357 5.0 6.0 0.8881292000000229 0.8881292000000229 7.0 8.5 0.420171649999844 0.7433030999999346 3.0 4.0 0.9281979999999876 1.2396108499999694 5.0 9.0
1 1.0 5.0     0.4248452499999935 0.4248452499999935 3.0 4.0 0.42770340000002705 0.42770340000002705 3.0 4.0 0.2636786999999856 0.2636786999999856 2.0 2.0
1 1.0 6.0     0.42502989999989893 0.42502989999989893 3.0 4.0 0.4201725499999043 0.4201725499999043 3.0 4.0 0.44266220000002937 0.44266220000002937 2.0 4.0
1 1.0 7.0     0.42512879999995334 0.42512879999995334 3.0 4.0 0.4256448499999834 0.4256448499999834 3.0 4.0 0.42218575000000413 0.42218575000000413 3.0 4.0
1 1.0 8.0     0.4136199499999691 0.4136199499999691 3.0 4.0 0.4121390499999471 0.4121390499999471 3.0 4.0 0.35149529999992524 0.35149529999992524 2.0 3.0
1 1.0 9.0             0.34981110000006765 0.34981110000006765 2.0 3.0
1 1.0 10.0             0.35059029999999325 0.35059029999999325 2.0 3.0
1 1.0 11.0             0.3503799500000184 0.3503799500000184 2.0 3.0
1 1.0 12.0             0.26210170000000943 0.26210170000000943 2.0 2.0
1 1.0 13.0             0.35246609999995826 0.35246609999995826 2.0 3.0
1 1.0 14.0             0.2595278500001257 0.2595278500001257 2.0 2.0
1 1.0 15.0             0.3509002500001088 0.3509002500001088 2.0 3.0
1 1.0 16.0             0.3478704500000163 0.3478704500000163 2.0 3.0
1 2.0 1.0 2.3747714500000185 3.7704603000000247 10.0 26.0 2.36025939999989 3.8041702999998677 10.0 26.0 1.819510999999977 3.1817955500000323 5.0 20.0 1.8126238000000825 3.184847050000144 5.0 20.0
1 2.0 2.0 0.5027663000000189 0.5027663000000189 9.0 9.0 0.5068644500000019 0.5068644500000019 9.0 9.0 0.4790067999999934 0.4790067999999934 5.0 7.0 0.4787602499999366 0.4787602499999366 5.0 7.0
1 2.0 3.0         0.3873490500000685 0.3873490500000685 6.0 6.0 0.3989112500001397 0.3989112500001397 6.0 6.0
1 2.0 4.0         0.31585425000007206 0.31585425000007206 5.0 5.0 0.31282444999995107 0.31282444999995107 5.0 5.0
1 3.0 1.0 1.3845373500001021 1.3845373500001021 1.0 18.0 1.3770675500001204 1.3770675500001204 1.0 18.0 1.384566700000136 1.384566700000136 1.0 18.0 1.3831581499997585 1.3831581499997585 1.0 18.0
2 1.0 1.0 3.1288499499999993 7.17758490000012 14.0 25.0 1.7789437499998546 5.693048499999918 8.0 16.0 2.1802509999999202 5.680702300000249 11.0 19.0 1.5792874499999523 4.843336300000033 6.0 14.0
2 1.0 2.0 2.0760134500000333 2.5980354500000544 13.0 19.0 1.0946584999998952 1.719016999999923 8.0 11.0 1.902180600000094 2.4659412499998155 9.0 16.0 1.167380950000137 1.775171900000153 6.0 11.0
2 1.0 3.0 0.8365894000000083 0.8365894000000083 6.0 8.0 1.2308943999999826 1.2308943999999826 8.0 12.0 0.7068184999999261 1.163596500000068 5.0 7.0 1.1126210500001434 1.6884346000002064 7.0 10.0
2 1.0 4.0 0.671961399999951 0.671961399999951 5.0 6.5 0.8910558000001743 0.8910558000001743 7.0 8.0 0.4129874500001165 0.7416236000001106 3.0 4.0 0.8101946999999683 1.1229639500001125 5.0 8.0
2 1.0 5.0     0.527558499999941 0.527558499999941 4.0 5.0 0.5747736499999974 0.5747736499999974 4.0 5.0 0.3537059999999599 0.3537059999999599 2.0 3.0
2 1.0 6.0     0.5291278499999663 0.5291278499999663 4.0 5.0 0.4193509000000404 0.4193509000000404 3.0 4.0 0.5243891500000188 0.5243891500000188 3.0 5.0
2 1.0 7.0     0.6411652999999973 0.6411652999999973 4.0 6.0 0.638861399999854 0.638861399999854 4.0 6.0 0.5171210000000599 0.5171210000000599 4.0 5.0
2 1.0 8.0     0.41514690000003895 0.41514690000003895 3.0 4.0 0.41372855000014397 0.41372855000014397 3.0 4.0 0.3487682499999778 0.3487682499999778 2.0 3.0
2 1.0 9.0             0.3515932499999792 0.3515932499999792 2.0 3.0
2 1.0 10.0             0.35426249999997594 0.35426249999997594 2.0 3.0
2 1.0 11.0             0.42117484999994304 0.42117484999994304 3.0 4.0
2 1.0 12.0             0.26261744999999337 0.26261744999999337 2.0 2.0
2 1.0 13.0             0.3530611000001045 0.3530611000001045 2.0 3.0
2 1.0 14.0             0.25991499999999235 0.25991499999999235 2.0 2.0
2 1.0 15.0             0.4080384500000207 0.4080384500000207 3.0 4.0
2 1.0 16.0             0.31705500000003894 0.31705500000003894 3.0 3.0
2 2.0 1.0 2.5182414500001755 3.884459300000003 11.0 27.0 2.53697284999987 3.908050149999923 11.0 27.0 1.8755116499998081 3.261068049999537 6.0 21.0 1.8695408499999644 3.2536771999997565 6.0 21.0
2 2.0 2.0 0.5091564999999996 0.5091564999999996 9.0 9.0 0.5065331500000667 0.5065331500000667 9.0 9.0 0.5399285500000275 0.5399285500000275 6.0 8.0 0.537046100000012 0.537046100000012 6.0 8.0
2 2.0 3.0         0.43662850000001185 0.43662850000001185 7.0 7.0 0.4533251000000291 0.4533251000000291 7.0 7.0
2 2.0 4.0         0.3162107500000104 0.3162107500000104 5.0 5.0 0.3137504499999011 0.3137504499999011 5.0 5.0
2 3.0 1.0 1.390117950000146 1.390117950000146 1.0 18.0 1.3922859999997286 1.3922859999997286 1.0 18.0 1.39412310000003 1.39412310000003 1.0 18.0 1.4021092000000124 1.4021092000000124 1.0 18.0
3 1.0 1.0 3.2449657499999773 7.353983299999896 15.0 26.0 1.903372549999858 5.9280274000000475 9.0 17.0 2.6070677999999816 6.035071149999908 12.0 22.0 1.6758071000000996 5.1329093500002045 7.0 15.0
3 1.0 2.0 1.9387612500000269 2.5820148500000073 13.0 18.0 1.1952138500000444 1.738819649999954 9.0 12.0 1.9736230499999579 2.570579200000083 9.0 17.0 1.272604350000023 2.073499600000389 7.0 12.0
3 1.0 3.0 0.9275811500000088 0.9275811500000088 7.0 9.0 1.3275307000000574 1.3275307000000574 9.0 13.0 0.8093129499999918 1.338235099999821 6.0 8.0 1.3671437999999223 1.865645750000006 8.0 13.0
3 1.0 4.0 0.7082255499998382 0.7082255499998382 5.0 7.0 0.8972322499999024 0.8972322499999024 7.0 9.0 0.4077497500000504 0.7378377499999544 3.0 3.0 0.8060360499999888 1.12245170000007 5.0 8.0
3 1.0 5.0     0.5280284999999196 0.5280284999999196 4.0 5.0 0.6990799999999524 0.6990799999999524 5.0 6.0 0.3566696499999579 0.3566696499999579 2.0 3.0
3 1.0 6.0     0.5252763999999388 0.5252763999999388 4.0 5.0 0.4198026500000935 0.4198026500000935 3.0 4.0 0.524859850000098 0.524859850000098 3.0 5.0
3 1.0 7.0     0.7089532500000146 0.7089532500000146 5.0 7.0 0.7160300000000603 0.7160300000000603 5.0 7.0 0.5209131500000126 0.5209131500000126 4.0 5.0
3 1.0 8.0     0.590196600000013 0.590196600000013 5.0 6.0 0.5091599000002134 0.5091599000002134 4.0 5.0 0.35057300000016767 0.35057300000016767 2.0 3.0
3 1.0 9.0             0.3516214499999677 0.3516214499999677 2.0 3.0
3 1.0 10.0             0.3569974500000086 0.3569974500000086 2.0 3.0
3 1.0 11.0             0.42182524999989823 0.42182524999989823 3.0 4.0
3 1.0 12.0             0.2631979999999601 0.2631979999999601 2.0 2.0
3 1.0 13.0             0.3531419499999231 0.3531419499999231 2.0 3.0
3 1.0 14.0             0.26017610000000246 0.26017610000000246 2.0 2.0
3 1.0 15.0             0.40915379999995594 0.40915379999995594 3.0 4.0
3 2.0 1.0 2.636227950000091 3.9948172999999443 12.0 28.0 2.655646450000031 4.003501200000031 12.0 28.0 1.964268400000208 3.412740349999808 7.0 22.0 1.9587795000000485 3.438417300000282 7.0 22.0
3 2.0 2.0 0.5029214499999739 0.5029214499999739 9.0 9.0 0.5040321499999862 0.5040321499999862 9.0 9.0 0.5977678500000252 0.5977678500000252 7.0 9.0 0.598062049999907 0.598062049999907 7.0 9.0
3 2.0 3.0         0.5087053999999398 0.5087053999999398 8.0 8.0 0.5029403999999218 0.5029403999999218 8.0 8.0
3 2.0 4.0         0.31542575000000284 0.31542575000000284 5.0 5.0 0.31324089999991145 0.31324089999991145 5.0 5.0
3 3.0 1.0 1.3867848500000544 1.3867848500000544 1.0 18.0 1.375591000000071 1.375591000000071 1.0 18.0 1.3842798500000555 1.3842798500000555 1.0 18.0 1.4111397499998901 1.4111397499998901 1.0 18.0
NONE 1.0 1.0 2.57991965000015 6.369607100000039 12.0 22.0 1.5714078499999855 5.288546000000309 6.0 14.0 1.9006240499999194 4.919328299999961 9.0 17.0 0.7167354000000614 3.7064092000001945 4.0 7.0
NONE 1.0 2.0 2.082284899999962 2.9551601000000858 13.0 19.0 0.7789110500000476 1.8057810000000105 6.0 8.0 1.8252874999997175 2.2823679499998666 9.0 16.0 0.9342983500000628 1.351455700000031 4.0 9.0
NONE 1.0 3.0 0.5332934500000022 0.5332934500000022 4.0 5.0 1.0365657500000225 1.0365657500000225 6.0 10.0 0.4263448499999143 0.7788952999999452 3.0 4.0 0.8273825000001409 1.2610494000000476 5.0 8.0
NONE 1.0 4.0 0.7367121999999995 0.7367121999999995 5.0 7.0 0.9595969999999951 0.9595969999999951 7.0 9.0 0.41862490000001173 0.7554906000000301 3.0 4.0 0.9299045000001342 1.2604782999998745 5.0 9.0
NONE 1.0 5.0     0.35226975000000493 0.35226975000000493 2.0 3.0 0.3532842000000187 0.3532842000000187 3.0 3.0 0.16719624999999283 0.16719624999999283 1.0 1.0
NONE 1.0 6.0     0.266624249999996 0.266624249999996 2.0 2.0 0.4215411499999391 0.4215411499999391 3.0 4.0 0.16960544999993485 0.16960544999993485 1.0 1.0
NONE 1.0 7.0     0.3544545999999684 0.3544545999999684 2.0 3.0 0.3546022500000845 0.3546022500000845 2.0 3.0 0.4127997999999593 0.4127997999999593 2.0 4.0
NONE 1.0 8.0     0.41612065000001053 0.41612065000001053 3.0 4.0 0.41909150000006434 0.41909150000006434 3.0 4.0 0.44557194999993044 0.44557194999993044 2.0 3.0
NONE 1.0 9.0             0.1677109999999331 0.1677109999999331 1.0 1.0
NONE 1.0 10.0             0.2512665500000253 0.2512665500000253 1.0 2.0
NONE 1.0 11.0             0.2561987500001237 0.2561987500001237 1.0 2.0
NONE 1.0 12.0             0.26092249999987877 0.26092249999987877 2.0 2.0
NONE 1.0 13.0             0.2515317499999696 0.2515317499999696 1.0 2.0
NONE 1.0 14.0             0.16607254999996715 0.16607254999996715 1.0 1.0
NONE 1.0 15.0             0.1656055499999276 0.1656055499999276 1.0 1.0
NONE 1.0 16.0             0.3513648000001126 0.3513648000001126 2.0 3.0
NONE 2.0 1.0 2.277092100000104 3.6609292000002824 9.0 25.0 2.279584550000095 3.693093400000066 9.0 25.0 1.6058950000004022 2.9951545499998535 4.0 18.0 1.608554549999809 2.9882018000000414 4.0 18.0
NONE 2.0 2.0 0.6736515500000451 0.6736515500000451 9.0 9.0 0.7526505000000014 0.7526505000000014 9.0 9.0 0.42429409999999734 0.42429409999999734 4.0 6.0 0.42274880000002213 0.42274880000002213 4.0 6.0
NONE 2.0 3.0         0.4098566000000119 0.4098566000000119 5.0 6.0 0.4047712999999646 0.4047712999999646 5.0 5.0
NONE 2.0 4.0         0.32804540000005034 0.32804540000005034 5.0 5.0 0.3264461999999924 0.3264461999999924 5.0 5.0
NONE 3.0 1.0 1.3935178500000944 1.3935178500000944 1.0 18.0 1.386448700000017 1.386448700000017 1.0 18.0 1.3936252000000309 1.3936252000000309 1.0 18.0 1.3978637500000914 1.3978637500000914 1.0 18.0
