   IT IT PN PN TT TT WT WT SIZE SIZE LE LE AC AC CF CF PP_EF_L PP_EF_L SP_EB_L SP_EB_L
statistic   0.5 IQR 0.5 IQR 0.5 IQR 0.5 IQR 0.5 IQR 0.5 IQR 0.5 IQR 0.5 IQR 0.5 IQR 0.5 IQR
problem planning_mode AL                    
ps1 offline 1 1.0 0.0 1.0 0.0 6.61589319999996 0.4244097000001261 9.932376100000049 0.43438540000014747 18.0 0.0 28.0 1.0 40.0 0.0 0.7 0.02499999999999991 1.555555555555556 0.055555555555556024 0.4122312949338949 0.016424946998409684
ps1 offline 2 1.0 0.0 1.0 0.0 2.038825800000041 0.08879459999999995 3.300938199999962 0.08498869999999581 13.0 0.0 18.0 0.0 27.0 0.0 0.6666666666666666 0.0 1.384615384615385 0.0 0.4697648479246601 0.0
ps1 offline 3 1.0 0.0 1.0 0.0 1.218128100000058 0.06606469999999809 1.218128100000058 0.06606469999999809 1.0 0.0 13.0 0.0 19.0 0.0 0.6842105263157895 0.0 1.0 0.0 0.0 0.0
ps1 online 1 6.666666666666667 5.833333333333333 6.666666666666667 5.833333333333333 0.6100553444444192 0.3806565138888573 0.7806848944444451 0.9869759361111343 1.6666666666666667 0.5277777777777778 2.8333333333333335 1.7222222222222223 3.7222222222222223 2.3333333333333335 0.7236467236467237 0.34918599918599924 1.7962962962962965 0.7532407407407408 0.14979007490434285 0.1273168859087541
ps1 online 2 2.5 1.8333333333333333 2.5 1.8333333333333333 0.7036029611110872 0.35755145833336677 0.9057029111110965 0.914069730555593 3.8333333333333335 0.4166666666666667 5.166666666666667 2.3333333333333335 7.833333333333333 2.75 0.6650883838383838 0.11704545454545458 1.1944444444444444 0.8055555555555554 0.1096731824611235 0.23481110427554056
ps1 online 3 1.0 0.0 1.0 0.0 1.216181672222231 0.015580944444420375 1.216181672222231 0.015580944444420375 1.0 0.0 13.0 0.0 19.0 0.0 0.6842105263157895 0.0 1.0 0.0 0.0 0.0
ps2 offline 1 1.0 0.0 1.0 0.0 12.84416180000017 1.690514699999989 17.00151149999988 1.6640798999999618 23.0 0.0 42.0 1.0 56.0 0.0 0.75 0.017857142857142905 1.826086956521739 0.043478260869564966 0.9289321088835626 0.1027438688770147
ps2 offline 2 1.0 0.0 1.0 0.0 2.833084000000042 0.08383059999991316 4.122989400000023 0.10678439999990275 13.0 0.0 23.0 0.0 37.0 0.0 0.6216216216216216 0.0 1.769230769230769 0.0 0.9556979324672851 0.0
ps2 offline 3 1.0 0.0 1.0 0.0 1.211352400000067 0.0806113999998388 1.211352400000067 0.0806113999998388 1.0 0.0 13.0 0.0 19.0 0.0 0.6842105263157895 0.0 1.0 0.0 0.0 0.0
ps2 online 1 7.166666666666667 6.388888888888889 7.166666666666667 6.388888888888889 0.8052526666666916 1.0402313083333077 0.9546370611111468 1.6023131361110674 2.3333333333333335 2.138888888888889 3.5555555555555554 4.361111111111111 4.888888888888889 5.472222222222222 0.8327380952380952 0.2917726021828189 1.6481481481481481 0.8703703703703703 0.19601513240237875 0.34164046672029075
ps2 online 2 2.5 1.8333333333333333 2.5 1.8333333333333333 1.0621386000000888 0.9599860194443784 1.2703365944444 1.4985573333332498 3.8333333333333335 0.4166666666666667 7.166666666666667 6.527777777777778 10.5 8.805555555555555 0.6886752136752137 0.08904428904428903 2.0 2.2777777777777777 0.4223647624680573 0.7447234064379743
ps2 online 3 1.0 0.0 1.0 0.0 1.219434144444425 0.019306641666781706 1.219434144444425 0.019306641666781706 1.0 0.0 13.0 0.0 19.0 0.0 0.6842105263157895 0.0 1.0 0.0 0.0 0.0
ps3 offline 1 1.0 0.0 1.0 0.0 26.35516790000031 2.012146199999961 32.19716239999946 2.0322942999991973 30.0 0.0 57.0 0.0 74.0 0.0 0.7702702702702703 0.0 1.9 0.0 0.7981974151633211 0.14204497431811036
ps3 offline 2 1.0 0.0 1.0 0.0 4.263707099999976 0.17768219999969403 5.657452399999912 0.18956940000003897 14.0 0.0 30.0 0.0 47.0 0.0 0.6382978723404256 0.0 2.142857142857143 0.0 0.7288909735221389 0.022631697317753163
ps3 offline 3 1.0 0.0 1.0 0.0 1.345858899999484 0.019367000000044987 1.345858899999484 0.019367000000044987 1.0 0.0 14.0 0.0 21.0 0.0 0.6666666666666666 0.0 1.0 0.0 0.0 0.0
ps3 online 1 7.888888888888889 7.055555555555555 7.888888888888889 7.055555555555555 1.2384845611111974 0.9126750138889821 1.5422261000000188 1.4676956472223393 3.0555555555555554 1.6666666666666667 5.5 3.9166666666666665 6.888888888888889 4.555555555555555 0.8305589835001599 0.2955548153400321 1.767989417989418 0.8524140211640211 0.3054756285727353 0.3070850003602803
ps3 online 2 2.5 1.8333333333333333 2.5 1.8333333333333333 1.4662230166666081 0.7605254527777109 1.7179620666666107 1.421158324999901 4.166666666666667 0.6666666666666666 10.0 5.5 14.666666666666666 6.75 0.6923299410141515 0.13850973587815696 2.492063492063492 2.0099206349206344 0.5853139509975787 0.4942739513052493
ps3 online 3 1.0 0.0 1.0 0.0 1.3456445666667571 0.016292588888803153 1.3456445666667571 0.016292588888803153 1.0 0.0 14.0 0.0 21.0 0.0 0.6666666666666666 0.0 1.0 0.0 0.0 0.0
