    LE LE AC AC CF CF CP_EF_L CP_EF_L SP_EB_L SP_EB_L GT GT ST ST GT_POTT GT_POTT ST_POTT ST_POTT TT TT LT LT WT WT MET MET CT CT
statistic    0.5 IQR 0.5 IQR 0.5 IQR 0.5 IQR 0.5 IQR 0.5 IQR 0.5 IQR 0.5 IQR 0.5 IQR 0.5 IQR 0.5 IQR 0.5 IQR 0.5 IQR 0.5 IQR
problem planning_mode online_bounds AL                            
ps1 classical NONE 1 27.0 0.0 40.0 0.0 0.675 0.0 1.0 0.0 0.0 0.0 5.750666099999933 0.010319600000002538 0.8083084000000156 0.08188130000009153 0.8764982736676263 0.010347769108112082 0.12350172633237361 0.010347769108111984 6.544915799999899 0.1035674000000526 6.544915799999899 0.1035674000000526 6.544915799999899 0.1035674000000526 0.0 0.0 6.544915799999899 0.1035674000000526
ps1 classical NONE 2 18.0 0.0 27.0 0.0 0.6666666666666666 0.0 1.0 0.0 0.0 0.0 2.017701099999925 0.011138999999971144 0.2147846999999388 0.05798959999998479 0.9040612754434639 0.023401785032694078 0.09593872455653643 0.023401785032693884 2.233384999999942 0.059798600000064095 2.233384999999942 0.059798600000064095 2.233384999999942 0.059798600000064095 0.0 0.0 2.233384999999942 0.059798600000064095
ps1 classical NONE 3 13.0 0.0 19.0 0.0 0.6842105263157895 0.0 1.0 0.0 0.0 0.0 1.093542300000053 0.010111299999977064 0.1226394999999911 0.06940340000005561 0.8987783443869672 0.04890197281661113 0.10122165561303273 0.048901972816610906 1.217991599999991 0.073048999999898 1.217991599999991 0.073048999999898 1.217991599999991 0.073048999999898 0.0 0.0 1.217991599999991 0.073048999999898
ps1 offline NONE 1 28.0 1.0 40.0 0.0 0.7 0.02499999999999991 1.555555555555556 0.055555555555556024 0.4122312949338949 0.016424946998409684 5.773124400000142 0.27481139999997595 0.8500162999999645 0.14967789999997194 0.871519041450069 0.01656800106262879 0.12848095854993088 0.01656800106262879 6.61589319999996 0.4244097000001261 9.932376100000049 0.43438540000014747 9.932376100000049 0.43438540000014747 0.0 0.0 9.932376100000049 0.43438540000014747
ps1 offline NONE 2 18.0 0.0 27.0 0.0 0.6666666666666666 0.0 1.384615384615385 0.0 0.4697648479246601 0.0 1.799708900000013 0.006278600000001022 0.2348409000000231 0.08663450000003081 0.884815612986642 0.03632376504972645 0.11518438701335759 0.03632376504972626 2.038825800000041 0.08879459999999995 3.300938199999962 0.08498869999999581 3.300938199999962 0.08498869999999581 0.0 0.0 3.300938199999962 0.08498869999999581
ps1 offline NONE 3 13.0 0.0 19.0 0.0 0.6842105263157895 0.0 1.0 0.0 0.0 0.0 1.095530900000028 0.0029745999999308825 0.1227399999999363 0.06601539999996929 0.8991460859988436 0.046559812404595724 0.10085391400115577 0.04655981240459588 1.218128100000058 0.06606469999999809 1.218128100000058 0.06606469999999809 1.218128100000058 0.06606469999999809 0.0 0.0 1.218128100000058 0.06606469999999809
ps1 online "(2, 2)" 1 29.0 0.0 40.0 0.0 0.725 0.0 1.611111111111111 0.0 0.377183786222598 0.018622561712887176 5.678981000000043 0.06807865000007496 0.43798415000000546 0.1587979999999476 0.9277216022615832 0.024893515376379183 0.07227839773841682 0.02489351537637917 6.100217599999937 0.18365902500001852 4.41765744999995 0.12362299999999227 2.4300094999999846 0.049731893749937583 1.7470626999999959 0.07927051666664742 9.577582350000057 0.22560059999972637
ps1 online "(2, 2)" 2 18.0 0.0 27.0 0.0 0.6666666666666666 0.0 1.384615384615385 0.0 0.4697648479246601 0.0 1.8713605999999814 0.006714125000036875 0.2865539999999527 0.22085417500004922 0.8672704689616493 0.08459029619585279 0.1327295310383506 0.08459029619585291 2.1588528999999568 0.21777987499989138 2.546229800000134 0.10961812500028145 1.747499275000038 0.12206588750007419 0.83107065000004 0.15710609999999292 3.4236104500000373 0.23712700000019327
ps1 online "(2, 2)" 3 13.0 0.0 19.0 0.0 0.6842105263157895 0.0 1.0 0.0 0.0 0.0 1.0984801999999831 0.005569050000019615 0.1185313499999552 0.007776349999936427 0.9026245385870381 0.006005055345688848 0.09737546141296129 0.00600505534568882 1.2162228500001504 0.008484999999949894 1.2162228500001504 0.008484999999949894 1.2162228500001504 0.008484999999949894 0.0 0.0 1.2162228500001504 0.008484999999949894
ps1 online "(2, 4)" 1 32.0 1.0 42.0 1.5 0.7380952380952381 0.031926406926406914 1.777777777777778 0.0555555555555558 0.4673119501684229 0.025115306450597008 5.90920385000009 0.14263454999995773 0.43606614999998783 0.2375938249999266 0.9311339067064741 0.03360837942202133 0.06886609329352597 0.03360837942202125 6.3441318999999226 0.2948705999996628 3.3496653500002935 0.11894070000009505 1.264849068749992 0.025626265624895783 0.9617425999999999 0.028160085714326044 9.851762949999795 0.21631442499979414
ps1 online "(2, 4)" 2 18.0 0.0 27.0 0.0 0.6666666666666666 0.0 1.384615384615385 0.0 0.4697648479246601 0.0 1.876274900000013 0.004977125000067639 0.2953948500000152 0.19303874999984857 0.8637652155680837 0.07383978199374042 0.1362347844319164 0.07383978199374047 2.1685141000001735 0.19195364999984887 2.559320650000217 0.10824537499997433 1.7312111499999876 0.1054753750000319 0.8440191499999798 0.08466049999994496 3.43439674999998 0.21049612500006454
ps1 online "(2, 4)" 3 13.0 0.0 19.0 0.0 0.6842105263157895 0.0 1.0 0.0 0.0 0.0 1.107552900000087 0.005111925000029549 0.11595504999999659 0.0117065250000295 0.9053082877005122 0.008485396100435305 0.09469171229948761 0.008485396100435694 1.223369549999887 0.011849150000021513 1.223369549999887 0.011849150000021513 1.223369549999887 0.011849150000021513 0.0 0.0 1.223369549999887 0.011849150000021513
ps1 online "(2, 6)" 1 32.0 0.0 44.0 0.0 0.7272727272727273 0.0 1.777777777777778 0.0 0.564335241417619 0.0 6.02183825000003 0.015010650000100156 0.4437274500000683 0.2604757999998455 0.9314494018485426 0.0375973816132793 0.06855059815145734 0.03759738161327947 6.4704136000000645 0.2660803750001861 2.9641226500000357 0.04737130000023626 0.8618392541666703 0.014765937500069604 0.6646996863636435 0.01746082954545869 9.912629800000204 0.17973535000015062
ps1 online "(2, 6)" 2 18.0 0.0 27.0 0.0 0.6666666666666666 0.0 1.384615384615385 0.0 0.4697648479246601 0.0 1.8730660499999772 0.00663600000015685 0.24414930000011736 0.10099200000000863 0.8844897323138581 0.04077403566768678 0.11551026768614173 0.04077403566768714 2.11793505 0.10059427499997176 2.5454934000000544 0.04557162500020695 1.6964519750000324 0.09085393750012516 0.8217709999999698 0.08188584999993154 3.3587289500001702 0.18241270000024912
ps1 online "(2, 6)" 3 13.0 0.0 19.0 0.0 0.6842105263157895 0.0 1.0 0.0 0.0 0.0 1.0999592500000048 0.0026421499998934284 0.1170499499999522 0.015800749999861877 0.9038158361327164 0.012000315644835169 0.09618416386728343 0.01200031564483564 1.217702149999951 0.016247425000003535 1.217702149999951 0.016247425000003535 1.217702149999951 0.016247425000003535 0.0 0.0 1.217702149999951 0.016247425000003535
ps1 online "(4, 2)" 1 32.0 1.0 44.0 0.0 0.7272727272727273 0.022727272727272707 1.777777777777778 0.0555555555555558 0.564335241417619 0.02665420988768208 6.013109349999997 0.14037482500016552 0.3672921000000713 0.2072912749999034 0.9412778585166597 0.030513308294286334 0.058722141483340394 0.03051330829428637 6.3841506000002255 0.11201889999985148 3.066554800000034 0.10806315000008482 1.2823478750000226 0.023710343750003915 1.014788178571444 0.03523920357147858 9.917849250000017 0.2329455500002915
ps1 online "(4, 2)" 2 18.0 0.0 27.0 0.0 0.6666666666666666 0.0 1.384615384615385 0.0 0.4697648479246601 0.0 1.9347393500000574 0.004739699999989577 0.243166900000034 0.22343677500014184 0.8883253154685606 0.08828588955936345 0.11167468453143906 0.0882858895593634 2.187197500000016 0.21696640000003198 2.058792399999902 0.06794889999996867 0.8889300375000246 0.07821994374993313 0.4668157000000205 0.06794405000002257 3.450509049999937 0.3142652999997284
ps1 online "(4, 2)" 3 13.0 0.0 19.0 0.0 0.6842105263157895 0.0 1.0 0.0 0.0 0.0 1.0945752999999594 0.0023153249998624226 0.1178899500000341 0.013518875000004316 0.902779999350217 0.010032062109855189 0.097220000649783 0.01003206210985537 1.2127281500000606 0.015585775000035218 1.2127281500000606 0.015585775000035218 1.2127281500000606 0.015585775000035218 0.0 0.0 1.2127281500000606 0.015585775000035218
ps1 online "(4, 4)" 1 34.0 0.0 46.0 0.0 0.7391304347826086 0.0 1.888888888888889 0.0 0.5992056618544698 0.0 6.632840049999913 0.013869074999320219 0.34595245000001285 0.21403777500007948 0.9503788218978949 0.028490334126635597 0.04962117810210513 0.028490334126635625 6.971871349999994 0.21851872500038017 2.4824749000000566 0.023653950000009694 0.73982405000001 0.012816561666639026 0.612027682142855 0.01428903571431206 10.52916570000015 0.20949364999978748
ps1 online "(4, 4)" 2 18.0 0.0 27.0 0.0 0.6666666666666666 0.0 1.384615384615385 0.0 0.4697648479246601 0.0 1.9419830499999335 0.005952074999893142 0.21425359999998506 0.1791944000002274 0.9006983198001588 0.07164343921828253 0.09930168019984126 0.071643439218283 2.157611549999988 0.1827496249999423 2.06216904999998 0.021759549999999184 0.8773292625000053 0.06074776875003707 0.4536263999999146 0.05822325833327352 3.4188458000000423 0.24272557500015113
ps1 online "(4, 4)" 3 13.0 0.0 19.0 0.0 0.6842105263157895 0.0 1.0 0.0 0.0 0.0 1.09938504999991 0.005833699999882702 0.1174360499998954 0.010477000000079797 0.9033021125458556 0.00766555134700031 0.09669788745414432 0.007665551346999866 1.2162284500000735 0.01429417499977581 1.2162284500000735 0.01429417499977581 1.2162284500000735 0.01429417499977581 0.0 0.0 1.2162284500000735 0.01429417499977581
ps1 online "(4, 6)" 1 34.0 0.0 46.0 0.0 0.7391304347826086 0.0 1.888888888888889 0.0 0.5992056618544698 0.0 6.659092450000145 0.1260290499998611 0.3896017000000036 0.19834710000030492 0.945626790813232 0.026287822723028764 0.05437320918676802 0.026287822723028653 7.172802699999991 0.28473000000015247 2.4769460000001113 0.012571349999838333 0.6621682852941684 0.012504933823532238 0.5476050249999496 0.013695568749993892 10.621945849999761 0.20397137499999296
ps1 online "(4, 6)" 2 18.0 0.0 27.0 0.0 0.6666666666666666 0.0 1.384615384615385 0.0 0.4697648479246601 0.0 1.9110652999998765 0.026316324999982044 0.1840302000000804 0.13660775000015235 0.9121895411410543 0.05548529236631439 0.08781045885894564 0.055485292366314526 2.1079512500000384 0.15625314999993378 2.0556506999998874 0.013149624999954312 0.851769487500114 0.05057206875002329 0.44977238333338687 0.053407600000014044 3.322627800000049 0.1856915749998862
ps1 online "(4, 6)" 3 13.0 0.0 19.0 0.0 0.6842105263157895 0.0 1.0 0.0 0.0 0.0 1.0958360499999742 0.002792149999905069 0.11574925000000745 0.010953324999874767 0.904530051353678 0.007279085801217833 0.09546994864632186 0.007279085801218041 1.2118693999998986 0.013220699999863195 1.2118693999998986 0.013220699999863195 1.2118693999998986 0.013220699999863195 0.0 0.0 1.2118693999998986 0.013220699999863195
ps1 online "(6, 2)" 1 30.0 0.0 40.0 0.0 0.75 0.0 1.666666666666667 0.0 0.3564531154716027 0.0 5.721395949999945 0.010903924999958292 0.43545905000005547 0.29117667500001687 0.9292423980424298 0.04385451663524376 0.0707576019575702 0.043854516635243986 6.154030350000028 0.30389407500007337 2.4867616499999343 0.040281949999836364 0.8484393624999965 0.016066862500045076 0.6950499681818252 0.020828420454514163 9.636857600000056 0.20405250000005282
ps1 online "(6, 2)" 2 18.0 0.0 27.0 0.0 0.6666666666666666 0.0 1.384615384615385 0.0 0.4697648479246601 0.0 1.9753418999999326 0.004204575000029465 0.1609974499999609 0.1257945749999294 0.9246211201530132 0.0517485491772709 0.07537887984698687 0.05174854917727097 2.137165049999922 0.1238653500000666 1.699080750000064 0.01809837500018241 0.582883141666637 0.03485647500000377 0.3579633299999869 0.022835910000003512 3.356205450000118 0.1754020749998939
ps1 online "(6, 2)" 3 13.0 0.0 19.0 0.0 0.6842105263157895 0.0 1.0 0.0 0.0 0.0 1.0976355000001097 0.0035774999999709234 0.11364344999997655 0.012117050000455279 0.9060236406883937 0.009280063616485146 0.09397635931160617 0.009280063616485451 1.2108669500001241 0.015637875000166446 1.2108669500001241 0.015637875000166446 1.2108669500001241 0.015637875000166446 0.0 0.0 1.2108669500001241 0.015637875000166446
ps1 online "(6, 4)" 1 32.0 0.0 44.0 0.0 0.7272727272727273 0.0 1.777777777777778 0.0 0.564335241417619 0.0 6.333071100000126 0.013440199999947389 0.29766819999989025 0.1648855500000651 0.9555948195192754 0.023182069936517058 0.044405180480724546 0.023182069936517245 6.635217400000158 0.19155152499996575 2.1226237999999142 0.07293179999985488 0.6437569382352999 0.010492108823525581 0.5476982031250124 0.011853862499933587 10.262833900000114 0.20460082499990406
ps1 online "(6, 4)" 2 18.0 0.0 27.0 0.0 0.6666666666666666 0.0 1.384615384615385 0.0 0.4697648479246601 0.0 1.9745794999999475 0.005527825000193998 0.1809079500000372 0.200216150000415 0.9160949581261384 0.07971366854262996 0.08390504187386175 0.0797136685426304 2.1827462499999797 0.19478560000042933 1.7019382999999526 0.05100350000004661 0.6063599416666581 0.04777942083334474 0.3640683800000602 0.034966340000056606 3.4973459499999677 0.2865264250001549
ps1 online "(6, 4)" 3 13.0 0.0 19.0 0.0 0.6842105263157895 0.0 1.0 0.0 0.0 0.0 1.0969513999999945 0.003701349999971848 0.115252699999985 0.012310650000017645 0.9051014554999094 0.009421669191568505 0.09489854450009064 0.009421669191568796 1.213810400000014 0.03147407500006971 1.213810400000014 0.03147407500006971 1.213810400000014 0.03147407500006971 0.0 0.0 1.213810400000014 0.03147407500006971
ps1 online "(6, 6)" 1 34.0 0.0 46.0 0.0 0.7391304347826086 0.0 1.888888888888889 0.0 0.5992056618544698 0.0 6.737125100000185 0.010173075000140308 0.31036819999971493 0.12481410000012982 0.9562469688463695 0.01664658045715639 0.04375303115363047 0.01664658045715646 7.05197174999978 0.17245160000010884 2.129983999999979 0.052758049999741985 0.6310034416666719 0.010985741666667215 0.5399009735294087 0.011364952941162798 10.64013440000002 0.24062640000031976
ps1 online "(6, 6)" 2 18.0 0.0 27.0 0.0 0.6666666666666666 0.0 1.384615384615385 0.0 0.4697648479246601 0.0 1.9797523000000155 0.005828174999848779 0.16434025000005195 0.22376302499989006 0.9234026424971878 0.0889183367489752 0.07659735750281202 0.08891833674897541 2.1913650999999668 0.22403899999999055 1.712131399999706 0.0446375500001821 0.6001222333333327 0.04671752499999715 0.3690847400000009 0.03351540499999678 3.459083750000012 0.27988597500021273
ps1 online "(6, 6)" 3 13.0 0.0 19.0 0.0 0.6842105263157895 0.0 1.0 0.0 0.0 0.0 1.1005993499999884 0.007400824999948208 0.11965144999990684 0.007938024999536025 0.9023039321836506 0.006352769144783221 0.09769606781634925 0.0063527691447833184 1.2228371499999184 0.01343432499989805 1.2228371499999184 0.01343432499989805 1.2228371499999184 0.01343432499989805 0.0 0.0 1.2228371499999184 0.01343432499989805
ps2 classical NONE 1 41.0 0.0 54.0 0.0 0.7592592592592593 0.0 1.0 0.0 0.0 0.0 9.260095800000045 0.04531789999970215 3.144127400000002 0.30341040000007524 0.7465918210274003 0.01757575650773835 0.2534081789725999 0.01757575650773835 12.39223179999965 0.323249699999959 12.39223179999965 0.323249699999959 12.39223179999965 0.323249699999959 0.0 0.0 12.39223179999965 0.323249699999959
ps2 classical NONE 2 23.0 0.0 37.0 0.0 0.6216216216216216 0.0 1.0 0.0 0.0 0.0 2.649865699999964 0.01008130000025087 0.4240018999999933 0.09279999999998267 0.8617849075728231 0.025735304661987812 0.13821509242717706 0.025735304661987923 3.070495500000021 0.09797630000011193 3.070495500000021 0.09797630000011193 3.070495500000021 0.09797630000011193 0.0 0.0 3.070495500000021 0.09797630000011193
ps2 classical NONE 3 13.0 0.0 19.0 0.0 0.6842105263157895 0.0 1.0 0.0 0.0 0.0 1.100062399999956 0.009404099999898108 0.1196830000000659 0.03356489999984549 0.9016280688983515 0.023408404137487238 0.09837193110164848 0.023408404137486877 1.218941699999903 0.03800600000003085 1.218941699999903 0.03800600000003085 1.218941699999903 0.03800600000003085 0.0 0.0 1.218941699999903 0.03800600000003085
ps2 offline NONE 1 42.0 1.0 56.0 0.0 0.75 0.017857142857142905 1.826086956521739 0.043478260869564966 0.9289321088835626 0.1027438688770147 9.338595200000043 0.32431549999994047 3.532771700000069 1.3552045999998663 0.7263911919888708 0.0695898087037955 0.27360880801112875 0.06958980870379539 12.84416180000017 1.690514699999989 17.00151149999988 1.6640798999999618 17.00151149999988 1.6640798999999618 0.0 0.0 17.00151149999988 1.6640798999999618
ps2 offline NONE 2 23.0 0.0 37.0 0.0 0.6216216216216216 0.0 1.769230769230769 0.0 0.9556979324672851 0.0 2.494434799999965 0.011085899999926152 0.3351529000000824 0.09662600000010013 0.8817003308055543 0.030334227006532766 0.11829966919444584 0.030334227006533085 2.833084000000042 0.08383059999991316 4.122989400000023 0.10678439999990275 4.122989400000023 0.10678439999990275 0.0 0.0 4.122989400000023 0.10678439999990275
ps2 offline NONE 3 13.0 0.0 19.0 0.0 0.6842105263157895 0.0 1.0 0.0 0.0 0.0 1.090178700000081 0.0026504999999019674 0.1208306000000618 0.08257750000001361 0.9002514875109379 0.05822191760084239 0.0997485124890619 0.05822191760084244 1.211352400000067 0.0806113999998388 1.211352400000067 0.0806113999998388 1.211352400000067 0.0806113999998388 0.0 0.0 1.211352400000067 0.0806113999998388
ps2 online "(2, 2)" 1 45.0 0.0 60.0 0.0 0.75 0.0 1.956521739130435 0.0 0.890354440265941 0.15152539902939743 9.03750605000009 0.04065990000013642 0.9187856499999896 0.2906795250000087 0.9075810822092902 0.027256086329427887 0.09241891779070968 0.027256086329427942 9.95222664999985 0.2229740999999592 7.661034399999892 0.2478780250000181 3.565294000000026 0.05606813750026074 2.183423933333353 0.07634635833320136 14.121000249999955 0.2289510499999139
ps2 online "(2, 2)" 2 23.0 0.0 37.0 0.0 0.6216216216216216 0.0 1.769230769230769 0.0 0.9556979324672851 0.0 2.485624550000125 0.007049475000104888 0.32909229999984296 0.1436151999998927 0.8831565197315243 0.04434171024068301 0.11684348026847566 0.04434171024068334 2.8163109499998598 0.14234052500005134 3.259658450000021 0.20314970000042365 2.055370724999964 0.1416846250000754 0.8073472000000095 0.07868157500002582 4.0822256499999305 0.28355002500007487
ps2 online "(2, 2)" 3 13.0 0.0 19.0 0.0 0.6842105263157895 0.0 1.0 0.0 0.0 0.0 1.1016006500000661 0.0022150500002093843 0.11899285000004055 0.03761765000011334 0.9026092551137925 0.0269521536616959 0.09739074488620741 0.026952153661695566 1.2217355499999485 0.03955042499991279 1.2217355499999485 0.03955042499991279 1.2217355499999485 0.03955042499991279 0.0 0.0 1.2217355499999485 0.03955042499991279
ps2 online "(2, 4)" 1 47.0 1.0 62.0 2.0 0.7580645161290323 0.008602150537634468 2.043478260869565 0.043478260869564966 0.8846970565364054 0.07451966474035099 9.148113600000002 0.2617204500002259 0.6629361999999972 0.2716455999998999 0.9323302477391457 0.024356452115997684 0.06766975226085434 0.02435645211599774 9.804964099999808 0.47437992500033843 6.626913500000143 0.1820755000001526 1.7823590062499681 0.049156259374996125 1.0799686785714195 0.051829707142808656 13.938758349999976 0.43328842500000064
ps2 online "(2, 4)" 2 23.0 0.0 37.0 0.0 0.6216216216216216 0.0 1.769230769230769 0.0 0.9556979324672851 0.0 2.491957549999995 0.012816775000195513 0.30119785000016464 0.1592911249999034 0.8926032802064969 0.04830976337133752 0.107396719793503 0.048309763371337744 2.795129800000211 0.1600925250000027 3.238935900000129 0.12062669999968367 2.0557221000000045 0.12041842500004662 0.809392349999996 0.11752457500001867 4.074051750000052 0.24040837500004386
ps2 online "(2, 4)" 3 13.0 0.0 19.0 0.0 0.6842105263157895 0.0 1.0 0.0 0.0 0.0 1.098935350000005 0.006187350000004255 0.1179569000000811 0.028441175000196536 0.9034015650260531 0.020324427571158266 0.09659843497394746 0.020324427571158793 1.2187042499999166 0.03317124999995236 1.2187042499999166 0.03317124999995236 1.2187042499999166 0.03317124999995236 0.0 0.0 1.2187042499999166 0.03317124999995236
ps2 online "(2, 6)" 1 50.0 2.0 62.0 2.0 0.8 0.025201612903225756 2.173913043478261 0.08695652173913127 1.174021836563219 0.05015475312079398 9.520630649999958 0.33042170000013726 0.6250637499999883 0.2416444249998193 0.9377860012197526 0.020996684662951348 0.06221399878024736 0.020996684662951612 10.164192650000025 0.43441062500012073 3.8368721999999593 0.13137897499991213 1.2276749416666455 0.030947306250033835 0.9792423454545346 0.035331829545411364 14.299719099999745 0.41964500000046456
ps2 online "(2, 6)" 2 23.0 0.0 37.0 0.0 0.6216216216216216 0.0 1.769230769230769 0.0 0.9556979324672851 0.0 2.493286449999914 0.007947075000089843 0.3126773000000185 0.09119489999991615 0.8884359576617222 0.027885855648118962 0.11156404233827771 0.027885855648118657 2.8125589000000275 0.09702717500001912 3.236418099999838 0.11130495000024654 2.0428335499999903 0.09635047499997906 0.8194462500000412 0.04112547500004382 4.057285700000008 0.19240747500035216
ps2 online "(2, 6)" 3 13.0 0.0 19.0 0.0 0.6842105263157895 0.0 1.0 0.0 0.0 0.0 1.099212300000048 0.003002124999866407 0.12101279999998835 0.013489025000211569 0.900881090536166 0.009889988764874236 0.0991189094638342 0.009889988764873875 1.2204648499999844 0.01510090000032882 1.2204648499999844 0.01510090000032882 1.2204648499999844 0.01510090000032882 0.0 0.0 1.2204648499999844 0.01510090000032882
ps2 online "(4, 2)" 1 44.0 1.0 56.0 2.0 0.7758620689655172 0.009852216748768461 1.91304347826087 0.043478260869564966 0.8271357787804064 0.10283819398788863 8.527622849999965 0.3527899249997475 0.8433660500000428 0.348313925000056 0.9108635584293113 0.03182549539147139 0.0891364415706887 0.0318254953914715 9.499117700000113 0.5532016749997197 6.602024749999799 0.07366454999987138 1.7396117812499838 0.06312324374995293 1.0489173571427926 0.0731083107142998 13.593037799999875 0.48824804999963867
ps2 online "(4, 2)" 2 23.0 0.0 37.0 0.0 0.6216216216216216 0.0 1.769230769230769 0.0 0.9556979324672851 0.0 2.5405602500001123 0.008142674999984223 0.2469904499997995 0.17691244999993216 0.9114111297018801 0.05480325056986113 0.08858887029811968 0.05480325056986138 2.7881629999996567 0.18099217499985132 2.7380835999998396 0.018341649999700227 1.0362316874999935 0.05215816249997807 0.4478501333332569 0.056214733333334266 4.059828349999982 0.20857094999997017
ps2 online "(4, 2)" 3 13.0 0.0 19.0 0.0 0.6842105263157895 0.0 1.0 0.0 0.0 0.0 1.095856800000007 0.005717800000187623 0.1149100499999918 0.01295167500017945 0.9052866505684396 0.009514906330061246 0.09471334943156068 0.009514906330061051 1.210472200000254 0.011321325000394955 1.210472200000254 0.011321325000394955 1.210472200000254 0.011321325000394955 0.0 0.0 1.210472200000254 0.011321325000394955
ps2 online "(4, 4)" 1 55.0 2.0 67.0 2.0 0.8153846153846154 0.005510907003444365 2.391304347826087 0.08695652173912993 0.9199663413371043 0.052609387007247266 10.852940099999955 0.4267130000001309 0.6399526000001217 0.24374459999978626 0.9445665588313372 0.01931955036736699 0.05543344116866295 0.01931955036736724 11.489478049999747 0.5019994999999451 5.646335250000163 0.22668685000016353 1.077528446666639 0.030477713333328937 0.7479252750000245 0.028499883928565728 15.58357219999968 0.5039625500006686
ps2 online "(4, 4)" 2 23.0 0.0 37.0 0.0 0.6216216216216216 0.0 1.769230769230769 0.0 0.9556979324672851 0.0 2.5670601500001453 0.00702367500013823 0.25182235000016817 0.21683534999985454 0.9105035530896455 0.06602970342788905 0.08949644691035463 0.06602970342788889 2.8559833500000456 0.22365172499997543 2.762625049999997 0.09767764999978867 1.0671940374999913 0.0701653499999253 0.45314325000000133 0.0683728500000077 4.183942599999938 0.2788017249998802
ps2 online "(4, 4)" 3 13.0 0.0 19.0 0.0 0.6842105263157895 0.0 1.0 0.0 0.0 0.0 1.104521650000045 0.0068749499999614105 0.1163763000001268 0.012859650000223183 0.9049301296694008 0.009474743223227056 0.0950698703305993 0.009474743223226792 1.222172749999828 0.014438000000019935 1.222172749999828 0.014438000000019935 1.222172749999828 0.014438000000019935 0.0 0.0 1.222172749999828 0.014438000000019935
ps2 online "(4, 6)" 1 51.0 2.0 65.0 2.0 0.78125 0.006628787878787845 2.217391304347826 0.08695652173912993 1.1657122408378056 0.04916368094303092 10.055121600000351 0.36227975000009494 0.7141249499999702 0.3527729250000107 0.9328349344422181 0.030958612963414067 0.06716506555778143 0.030958612963413894 10.65321444999978 0.21256887499972166 3.3730963999999837 0.12531882500011537 0.9041555441176269 0.028769282352900327 0.7482125718750261 0.025512150000054135 14.72782324999946 0.40963135000113304
ps2 online "(4, 6)" 2 23.0 0.0 37.0 0.0 0.6216216216216216 0.0 1.769230769230769 0.0 0.9556979324672851 0.0 2.5653484999999705 0.007453200000228755 0.2346653999999262 0.11822474999998539 0.9159715060637041 0.0371768545952198 0.08402849393629608 0.037176854595219716 2.800822550000049 0.11796212499959324 2.764907800000074 0.060696149999856175 1.032596725000033 0.06020321249999805 0.4476497166666794 0.027673950000090597 4.0454218500001815 0.24087767499999302
ps2 online "(4, 6)" 3 13.0 0.0 19.0 0.0 0.6842105263157895 0.0 1.0 0.0 0.0 0.0 1.1054310000000245 0.006186874999982939 0.11972004999990915 0.014794399999828942 0.9026178633668731 0.011257544372694217 0.0973821366331266 0.01125754437269505 1.2235976000001294 0.02310592500005959 1.2235976000001294 0.02310592500005959 1.2235976000001294 0.02310592500005959 0.0 0.0 1.2235976000001294 0.02310592500005959
ps2 online "(6, 2)" 1 63.0 0.0 73.0 0.0 0.863013698630137 0.0 1.657894736842105 0.13461538461538503 0.5298650275528798 0.25318956960176886 12.346029000000101 0.17735510000017385 0.9236086499998635 0.36994845000052123 0.9280935701556937 0.02654306678387308 0.07190642984430608 0.026543066783872818 13.297237600000075 0.4568872500000456 3.7638215500000456 0.06124277500015296 1.6617405916666925 0.048949383333375174 1.4680586136363574 0.05356684090901109 19.404454049999995 0.5892299000009231
ps2 online "(6, 2)" 2 37.0 2.0 45.0 2.0 0.8085106382978723 0.022222222222222143 2.846153846153846 0.15384615384615374 1.094846231945353 0.010695364839780064 4.190960949999976 0.26403692500040776 0.42272559999992865 0.27860857500001407 0.9100215356714352 0.052481657735517606 0.08997846432856466 0.05248165773551751 4.73022115000002 0.33744270000065146 2.3427647499999296 0.054613725000888014 1.017884741666554 0.0650243666667144 0.7484810799999877 0.05735972999995764 5.964311149999332 0.39109794999989944
ps2 online "(6, 2)" 3 13.0 0.0 19.0 0.0 0.6842105263157895 0.0 1.0 0.0 0.0 0.0 1.098016849999979 0.005242649999968041 0.11602029999994555 0.007813374999926653 0.9045039683975318 0.006271373363223587 0.09549603160246808 0.006271373363223323 1.21488649999975 0.006001950000154022 1.21488649999975 0.006001950000154022 1.21488649999975 0.006001950000154022 0.0 0.0 1.21488649999975 0.006001950000154022
ps2 online "(6, 4)" 1 65.0 9.0 75.0 10.0 0.8666666666666667 0.00512820512820511 1.710526315789474 0.182748538011696 0.6064528532125796 0.05356839162675597 12.55296949999996 2.0282107250001644 0.79680045000012 0.35075087500013025 0.9366608975027282 0.031545262022176335 0.06333910249727175 0.031545262022176904 13.237255800000185 2.081828724999621 2.961655399999998 0.14260917500046588 1.071534018421068 0.1366830750000282 0.9567133750000146 0.14448099999999942 19.608285000000294 2.4839608749997026
ps2 online "(6, 4)" 2 38.0 1.0 47.0 2.0 0.8085106382978723 0.0 2.923076923076923 0.0769230769230771 1.147128978717512 0.05228274677215916 4.346729799999892 0.168979225000073 0.4861369500000343 0.38919342499949033 0.897854234781369 0.07306505491007154 0.10214576521863095 0.07306505491007158 4.804183300000098 0.3977835499985929 2.352037199999984 0.06313137500045052 1.0462758833333465 0.07421368333332845 0.7520293000000096 0.06654488000021896 6.090543199999814 0.4460412250000445
ps2 online "(6, 4)" 3 13.0 0.0 19.0 0.0 0.6842105263157895 0.0 1.0 0.0 0.0 0.0 1.1036366500000836 0.007078624999621308 0.11822115000009606 0.009667774999982656 0.9029692857268251 0.00691746287293038 0.09703071427317478 0.006917462872930269 1.2209440999999686 0.015081274999843908 1.2209440999999686 0.015081274999843908 1.2209440999999686 0.015081274999843908 0.0 0.0 1.2209440999999686 0.015081274999843908
ps2 online "(6, 6)" 1 65.0 6.25 75.0 7.0 0.8666666666666667 0.007511737089201942 1.710526315789474 0.10635964912280738 0.6064528532125796 0.019326615414072212 12.29829450000017 1.043326625000418 0.7624010499999088 0.47148490000006404 0.9407379909633795 0.03301364342228397 0.0592620090366206 0.03301364342228427 13.055083549999935 1.2535563500008475 2.771982050000247 0.0865007250003913 0.7989643283846048 0.04688695257696196 0.7159369296666518 0.05666624270828591 19.241816700000005 1.3085530250004958
ps2 online "(6, 6)" 2 38.0 2.0 47.0 2.0 0.8085106382978723 0.008510638297872242 2.923076923076923 0.15384615384615374 1.147128978717512 0.05228274677215916 4.332040550000102 0.2544200250007975 0.395870000000059 0.32610697499960395 0.9181472931914972 0.06659835073925391 0.08185270680850264 0.06659835073925378 4.766760399999583 0.22290472499982172 2.345558599999947 0.05950687500051233 1.022850849999761 0.045495075000031804 0.7481639699999731 0.04246462000007367 5.995309599998677 0.2805672250000626
ps2 online "(6, 6)" 3 13.0 0.0 19.0 0.0 0.6842105263157895 0.0 1.0 0.0 0.0 0.0 1.1045839000001365 0.005171675000091858 0.11621670000033646 0.012882349999923548 0.9046817748571625 0.00899541192661435 0.09531822514283743 0.008995411926614433 1.2219295000000439 0.015988725000368964 1.2219295000000439 0.015988725000368964 1.2219295000000439 0.015988725000368964 0.0 0.0 1.2219295000000439 0.015988725000368964
ps3 classical NONE 1 57.0 0.0 68.0 0.0 0.8382352941176471 0.0 1.0 0.0 0.0 0.0 14.48946449999858 0.04408869999661924 118.5840395999999 19.334182199999802 0.10901406838997867 0.015608615229971132 0.8909859316100216 0.0156086152299717 133.0930550000012 19.317405499999808 133.0930550000012 19.317405499999808 133.0930550000012 19.317405499999808 0.0 0.0 133.0930550000012 19.317405499999808
ps3 classical NONE 2 30.0 0.0 47.0 0.0 0.6382978723404256 0.0 1.0 0.0 0.0 0.0 3.630925599999046 0.010596400000963069 1.423097100001542 0.16560379999873498 0.7188097124281686 0.02338006869393383 0.28119028757183145 0.02338006869393372 5.060975300002156 0.16852710000193838 5.060975300002156 0.16852710000193838 5.060975300002156 0.16852710000193838 0.0 0.0 5.060975300002156 0.16852710000193838
ps3 classical NONE 3 14.0 0.0 21.0 0.0 0.6666666666666666 0.0 1.0 0.0 0.0 0.0 1.194752900000367 0.005269600000929131 0.152329099999406 0.020314599999949196 0.886890911048803 0.014017538536157503 0.11310908895119695 0.014017538536157378 1.346744999998464 0.020543399999610967 1.346744999998464 0.020543399999610967 1.346744999998464 0.020543399999610967 0.0 0.0 1.346744999998464 0.020543399999610967
ps3 offline NONE 1 57.0 0.0 74.0 0.0 0.7702702702702703 0.0 1.9 0.0 0.7981974151633211 0.14204497431811036 13.90805690000025 0.08044459999978137 12.50130440000009 1.9413356999991187 0.5256602254467161 0.0381179611808562 0.4743397745532838 0.0381179611808562 26.35516790000031 2.012146199999961 32.19716239999946 2.0322942999991973 32.19716239999946 2.0322942999991973 0.0 0.0 32.19716239999946 2.0322942999991973
ps3 offline NONE 2 30.0 0.0 47.0 0.0 0.6382978723404256 0.0 2.142857142857143 0.0 0.7288909735221389 0.022631697317753163 3.591100800000021 0.02290819999994609 0.6714888999999289 0.16370469999969828 0.8425105467493459 0.03185845813034305 0.15748945325065425 0.031858458130342965 4.263707099999976 0.17768219999969403 5.657452399999912 0.18956940000003897 5.657452399999912 0.18956940000003897 0.0 0.0 5.657452399999912 0.18956940000003897
ps3 offline NONE 3 14.0 0.0 21.0 0.0 0.6666666666666666 0.0 1.0 0.0 0.0 0.0 1.194954100000018 0.004248799999870823 0.1525712000000112 0.017371400000570303 0.886809744354622 0.011331649483133588 0.11319025564537806 0.011331649483134601 1.345858899999484 0.019367000000044987 1.345858899999484 0.019367000000044987 1.345858899999484 0.019367000000044987 0.0 0.0 1.345858899999484 0.019367000000044987
ps3 online "(2, 2)" 1 60.0 0.0 78.0 0.0 0.7692307692307693 0.0 2.0 0.0 0.7656414934887764 0.1265322998159394 12.29180705000033 0.019760574999587277 1.375226900000015 0.3660170750001721 0.8995205660867323 0.02455841846981688 0.10047943391326744 0.024558418469817128 13.671363250000184 0.33855225000177214 7.829829350000068 0.19698072500007413 4.7554471750000715 0.06788583124986047 3.693918450000017 0.11370078333350353 18.89060185000028 0.2818849249997193
ps3 online "(2, 2)" 2 30.0 0.0 47.0 0.0 0.6382978723404256 0.0 2.142857142857143 0.0 0.7288909735221389 0.022631697317753163 3.378072199999906 0.0167639500001191 0.4203929000000812 0.048421824999579144 0.889295733986367 0.011323171419572398 0.11070426601363303 0.011323171419572273 3.795553649999988 0.051213624999719265 3.4783150499998214 0.0518237749995194 2.5862881750000355 0.058181262500262676 1.680941499999875 0.034831424999979044 5.144142199999976 0.11596842500052418
ps3 online "(2, 2)" 3 14.0 0.0 21.0 0.0 0.6666666666666666 0.0 1.0 0.0 0.0 0.0 1.1892625999999211 0.002641700000183045 0.14614400000018435 0.01544050000007502 0.8905361397682028 0.010244184410866386 0.10946386023179709 0.010244184410866636 1.3343277500001705 0.014755999999906289 1.3343277500001705 0.014755999999906289 1.3343277500001705 0.014755999999906289 0.0 0.0 1.3343277500001705 0.014755999999906289
ps3 online "(2, 4)" 1 62.0 2.0 80.0 2.0 0.775 0.005769230769230749 2.066666666666667 0.06666666666666687 0.7741353650548044 0.08019909044025775 12.15210434999993 0.3671635750005464 1.017631949999874 0.37719717499966565 0.9227828614802833 0.02657591321216146 0.07721713851971668 0.02657591321216124 13.0324849500002 0.40241220000016753 6.886362500000303 0.21713947500020936 2.3327036187500063 0.05480368437489247 1.6589658142856365 0.0460840285714339 18.302631050000173 0.4187253749988997
ps3 online "(2, 4)" 2 30.0 0.0 47.0 0.0 0.6382978723404256 0.0 2.142857142857143 0.0 0.7288909735221389 0.022631697317753163 3.387087699999896 0.019244074999960947 0.43871414999993874 0.168398000000046 0.885444974117774 0.03841946693089404 0.11455502588222607 0.038419466930893806 3.8272042999998916 0.17380957500004612 3.4943593500005363 0.06694994999993442 2.6031600750000763 0.10737751250025296 1.692391850000547 0.052265949999732 5.17112510000014 0.21693987500026424
ps3 online "(2, 4)" 3 14.0 0.0 21.0 0.0 0.6666666666666666 0.0 1.0 0.0 0.0 0.0 1.1952210000000036 0.00824337500008454 0.14622125000008168 0.00987880000003119 0.891012152007232 0.006269797308890324 0.10898784799276816 0.006269797308890074 1.3408207000001364 0.01154199999996286 1.3408207000001364 0.01154199999996286 1.3408207000001364 0.01154199999996286 0.0 0.0 1.3408207000001364 0.01154199999996286
ps3 online "(2, 6)" 1 63.0 2.0 80.0 2.0 0.7804878048780488 0.012499999999999956 2.1 0.06666666666666599 1.071017983725651 0.035576725122477004 12.115490849999961 0.37572222500025454 0.9710816500001584 0.3868277749989204 0.9268356269043613 0.026153840605766643 0.07316437309563875 0.02615384060576645 13.14102634999972 0.4758350749998961 4.119462100000163 0.15265272499991767 1.5795797583333666 0.03772590833331657 1.3404562590909403 0.035850306818131505 18.54770775000065 0.46005212499936476
ps3 online "(2, 6)" 2 30.0 0.0 47.0 0.0 0.6382978723404256 0.0 2.142857142857143 0.0 0.7288909735221389 0.022631697317753163 3.3980620499999645 0.015467499999804346 0.44936889999996765 0.23509627500001784 0.8834144359545277 0.05157545270524355 0.1165855640454723 0.05157545270524341 3.8462650500002837 0.23699722500042242 3.508861600000131 0.06390074999977413 2.6269556000001155 0.19608662499982144 1.7000873000001064 0.0895059750000815 5.2259248000002 0.39172064999959844
ps3 online "(2, 6)" 3 14.0 0.0 21.0 0.0 0.6666666666666666 0.0 1.0 0.0 0.0 0.0 1.201335100000108 0.007300024999846055 0.15086789999975286 0.010076624999740658 0.8883730304898171 0.006502697216961173 0.11162696951018325 0.006502697216961395 1.3532599500000515 0.014986124999921469 1.3532599500000515 0.014986124999921469 1.3532599500000515 0.014986124999921469 0.0 0.0 1.3532599500000515 0.014986124999921469
ps3 online "(4, 2)" 1 61.0 2.0 76.0 2.0 0.8026315789473685 0.005334281650071215 2.033333333333333 0.06666666666666621 0.7361015173508365 0.07823278721995519 12.11760555000009 0.48509767500014433 1.0591620000000785 0.2704493750000765 0.9197697943075667 0.020328572684232604 0.08023020569243286 0.02032857268423323 13.078735550000019 0.5304570749998305 6.767665750000077 0.04227262500030804 2.3139938750000297 0.07736556249984661 1.6730121857142746 0.07415621428563268 18.162799249999466 0.597719574999001
ps3 online "(4, 2)" 2 30.0 0.0 47.0 0.0 0.6382978723404256 0.0 2.142857142857143 0.0 0.7515226708398921 0.0 3.3961284500000346 0.005328800000325984 0.3097664499998132 0.20590332500050573 0.9164145865095555 0.04845111641169375 0.08358541349044452 0.04845111641169347 3.7059868000001757 0.20911437499978547 2.883803650000111 0.013850975000395671 1.2847561874999474 0.0645032562498904 0.749033466666712 0.06627983333333032 5.054139749999727 0.2577902499991751
ps3 online "(4, 2)" 3 14.0 0.0 21.0 0.0 0.6666666666666666 0.0 1.0 0.0 0.0 0.0 1.193959550000045 0.002211200000374891 0.14734115000007364 0.012570424999708563 0.8902674376181257 0.008219022190806613 0.10973256238187422 0.008219022190806557 1.339999349999971 0.01275645000001191 1.339999349999971 0.01275645000001191 1.339999349999971 0.01275645000001191 0.0 0.0 1.339999349999971 0.01275645000001191
ps3 online "(4, 4)" 1 72.0 2.0 87.0 2.0 0.8275862068965517 0.0040567951318458695 2.4 0.06666666666666687 0.8228728855644472 0.04326753788380977 14.189765800000028 0.4325101249994887 1.053206349999982 0.4018524749990249 0.9311812959448468 0.02431929344289363 0.06881870405515333 0.02431929344289379 15.03451840000014 0.5036786749992856 5.800589499999717 0.06638722499972882 1.3139495406249888 0.03131330937491961 1.0115412199999967 0.036790316666714395 20.4036440000001 0.5014452249993333
ps3 online "(4, 4)" 2 30.0 0.0 47.0 0.0 0.6382978723404256 0.0 2.142857142857143 0.0 0.7515226708398921 0.0 3.4273180499998546 0.010417799999600685 0.3082910999999626 0.2073999500000525 0.9175592586192447 0.048315282245017244 0.08244074138075522 0.04831528224501756 3.739680650000423 0.2122946750002086 2.904126899999994 0.020160400000015954 1.295141062500008 0.0565283624999684 0.7570803333333533 0.04039237500008619 5.09494849999993 0.22571622499985722
ps3 online "(4, 4)" 3 14.0 0.0 21.0 0.0 0.6666666666666666 0.0 1.0 0.0 0.0 0.0 1.2044992499999125 0.008734875000069087 0.14733879999996452 0.009395424999993907 0.8909092374514422 0.006309365284428381 0.10909076254855757 0.006309365284428561 1.351698150000047 0.012419524999557785 1.351698150000047 0.012419524999557785 1.351698150000047 0.012419524999557785 0.0 0.0 1.351698150000047 0.012419524999557785
ps3 online "(4, 6)" 1 67.0 2.0 85.0 2.0 0.7976190476190477 0.004706533776301147 2.233333333333333 0.06666666666666687 1.04965407841432 0.033841415240398964 13.0110380499998 0.3582371500003312 0.9675597499999498 0.4256825750004438 0.931032911811408 0.029435503562928456 0.06896708818859187 0.029435503562928497 14.037323699999746 0.3498826500002359 3.4999103499998654 0.09345424999991891 1.0006226724999596 0.024249969999988186 0.8644859842105237 0.021482318420990465 19.269297249999596 0.4898944250005677
ps3 online "(4, 6)" 2 30.0 0.0 47.0 0.0 0.6382978723404256 0.0 2.142857142857143 0.0 0.7515226708398921 0.0 3.4105585499998767 0.010398250000264841 0.3020431500002587 0.11645870000027259 0.9184593520125631 0.02760794819929535 0.08154064798743699 0.027607948199295185 3.7160031999998466 0.1392656249997728 2.896229749999975 0.07179197499938139 1.291364725000001 0.07501999999993791 0.7512492333332663 0.02268548333339493 5.079865350000034 0.24277827499972204
ps3 online "(4, 6)" 3 14.0 0.0 21.0 0.0 0.6666666666666666 0.0 1.0 0.0 0.0 0.0 1.2019750500000441 0.005944774999925517 0.14838310000001795 0.01605987500010292 0.8899467972692022 0.010809909502550563 0.11005320273079777 0.010809909502550896 1.349122649999998 0.023722249999821088 1.349122649999998 0.023722249999821088 1.349122649999998 0.023722249999821088 0.0 0.0 1.349122649999998 0.023722249999821088
ps3 online "(6, 2)" 1 78.0 1.0 91.0 0.0 0.8571428571428571 0.01098901098901095 1.733333333333333 0.02222222222222192 0.4981137092552629 0.022855352139264873 14.974859750000064 0.16925502500043876 1.3282136000001965 0.5012137250001554 0.9185040766151171 0.030472607997203638 0.0814959233848829 0.030472607997203527 16.340315350000225 0.6586027500001741 3.917041949999959 0.08238612499980702 1.9931099916668464 0.055598704166722746 1.8096425636363656 0.0567476204545565 23.390701400002428 0.6476341000001433
ps3 online "(6, 2)" 2 45.0 2.0 57.0 2.0 0.7894736842105263 0.007655502392344471 3.214285714285714 0.1428571428571419 0.9544617074546002 0.05504757672291183 5.114980000000628 0.2490460000005541 0.4669107999998019 0.19415977500003123 0.9167404674236145 0.03192196331898489 0.08325953257638549 0.031921963318984795 5.574784999999281 0.2948430000000428 2.484109400000193 0.022541700000232368 1.1777829750001274 0.052729683333239796 0.9163058600000227 0.05916164499996046 6.9233963000004906 0.3153661499994058
ps3 online "(6, 2)" 3 14.0 0.0 21.0 0.0 0.6666666666666666 0.0 1.0 0.0 0.0 0.0 1.198483000000081 0.003045099999667178 0.1491716500000848 0.013607424999921847 0.8894103107080792 0.008590094409400839 0.11058968929192087 0.008590094409401297 1.3475150000001008 0.016431225000422822 1.3475150000001008 0.016431225000422822 1.3475150000001008 0.016431225000422822 0.0 0.0 1.3475150000001008 0.016431225000422822
ps3 online "(6, 4)" 1 82.0 10.0 95.0 10.0 0.8631578947368421 0.01609907120743037 1.822222222222222 0.14780361757105887 0.5998925056485064 0.017954943621473318 15.591965849999156 2.1264458999994833 0.9991255500001444 0.5121979749985146 0.9377166679231002 0.029273893407338658 0.062283332076899955 0.02927389340733906 16.460266549999005 2.427117325000008 3.088072850000188 0.067972599999504 1.1193809818181588 0.11628372840904366 1.023295228571432 0.12026443095239914 23.743244200000348 2.554445099999498
ps3 online "(6, 4)" 2 45.0 2.0 57.0 2.0 0.7894736842105263 0.007655502392344471 3.214285714285714 0.1428571428571419 0.9544617074546002 0.05504757672291183 5.113381350000736 0.2507025249999719 0.4757143500001675 0.4402158500005271 0.9136328267814546 0.0686579729306167 0.08636717321854542 0.06865797293061672 5.5817284000001735 0.2973287999999812 2.485181800000035 0.053941524999900015 1.1847519083333489 0.06871535416669072 0.9164101799999458 0.04962252499998532 6.9650118000000845 0.4127675250002474
ps3 online "(6, 4)" 3 14.0 0.0 21.0 0.0 0.6666666666666666 0.0 1.0 0.0 0.0 0.0 1.1989352999999023 0.005545199999741346 0.1431680000001734 0.013582349999868654 0.8935047800187705 0.009092735822627374 0.10649521998122935 0.009092735822627387 1.342267400000168 0.020206674999656338 1.342267400000168 0.020206674999656338 1.342267400000168 0.020206674999656338 0.0 0.0 1.342267400000168 0.020206674999656338
ps3 online "(6, 6)" 1 82.0 4.0 95.0 4.0 0.8631578947368421 0.006015037593985029 1.822222222222222 0.00826873385012905 0.611195639974584 0.02693088981106817 15.37545285000033 0.6591737250008887 0.9006936999999979 0.36854960000040604 0.9433323993914634 0.023501432998170313 0.05666760060853615 0.02350143299817077 16.111422250001056 0.7799161250002946 2.913484349999635 0.058398799999679785 0.7984717516128971 0.03157320806454089 0.7275893599999903 0.04220925666669284 23.220664100000427 0.9046810750029941
ps3 online "(6, 6)" 2 45.0 2.0 57.0 2.0 0.7894736842105263 0.007655502392344471 3.214285714285714 0.1428571428571419 0.9544617074546002 0.05504757672291183 5.1207277999999405 0.236668374999347 0.4586918000001674 0.22959250000004516 0.9181354426359656 0.03742274714747551 0.0818645573640344 0.037422747147475524 5.580845849999804 0.16985054999969496 2.490877449999886 0.028284575000171674 1.1801220583332395 0.05517520416653965 0.9168355700001256 0.026592159999982212 6.937981950000008 0.33248299999929287
ps3 online "(6, 6)" 3 14.0 0.0 21.0 0.0 0.6666666666666666 0.0 1.0 0.0 0.0 0.0 1.2017841000000407 0.006326924999583872 0.14952840000012207 0.015278050000375826 0.8902652927654473 0.009750314402936722 0.10973470723455284 0.009750314402937554 1.3517901500001699 0.019813049999967802 1.3517901500001699 0.019813049999967802 1.3517901500001699 0.019813049999967802 0.0 0.0 1.3517901500001699 0.019813049999967802
