problem   ps1 ps1 ps1 ps1 ps1 ps1 ps1 ps1 ps2 ps2 ps2 ps2 ps2 ps2 ps2 ps2 ps3 ps3 ps3 ps3 ps3 ps3 ps3 ps3
   "Wait time" "Yield time" "Percent wait time" "Percent yield time" Size Length "Expansion factor" "Sub-Plan expansion deviation" "Wait time" "Yield time" "Percent wait time" "Percent yield time" Size Length "Expansion factor" "Sub-Plan expansion deviation" "Wait time" "Yield time" "Percent wait time" "Percent yield time" Size Length "Expansion factor" "Sub-Plan expansion deviation"
planning_mode AL PN                        
online 1.0 1.0 2.5705837000000424 2.5705837000000424   1.0 2.0 2.0 0.0 3.892796449999963 3.892796449999963   3.0 7.0 2.0 0.7071067811865476 4.146748649999552 4.146748649999552   3.0 7.0 2.0 0.7071067811865476
online 1.0 2.0 1.3902854000000384 3.931464899999966   2.0 3.0 2.0 0.5773502691896257 2.792190399999839 7.799154699999903   3.0 11.0 2.125 1.356202681860537 2.8783751499998402 8.554798950000247   3.0 11.0 2.166666666666667 1.322875655532295
online 1.0 3.0 0.8511230000000545 5.180003500000019   2.0 3.0 1.5 0.7071067811865476 1.5619913000002725 9.7511070999997   3.0 5.0 1.666666666666667 0.5773502691896257 1.9532425999999534 10.23474425000043   3.0 5.0 1.666666666666667 0.5773502691896257
online 1.0 4.0 1.2378139500000385 6.590135649999837   2.0 5.0 2.5 0.7071067811865476 1.2432835499998305 11.503262950000074   3.0 5.0 1.5 0.5773502691896257 1.7089974500001404 12.056421700000229   3.0 6.0 1.5 0.6900655593423543
online 1.0 5.0 0.5516423499999803 6.996124949999981   1.0 1.0 1.0 0.0 0.6968195000002027 11.524199399999585   2.0 2.0 1.0 0.0 1.0403835499999445 13.188907799999964   2.0 3.5 1.5 0.7071067811865476
online 1.0 6.0 0.7891580500000543 7.775648149999931   1.5 3.0 2.0 0.0 1.167779849999988 12.543253600000156   2.0 4.5 2.333333333333333 0.7071067811865476 1.2542423000001577 14.025708449998035   2.5 4.5 2.0 0.7071067811865476
online 1.0 7.0 0.5756341499999991 8.092203449999985   1.0 2.5 1.5 0.0 0.2936449999999695 12.919535200000155   1.0 1.0 1.0 0.0 0.5740536500001099 14.56318990000068   1.5 2.0 1.0 0.0
online 1.0 8.0 0.43734824999999233 8.530984800000063   1.0 2.0 1.5 0.0 0.5576599999999701 13.412342049999996   2.0 3.0 1.5 0.0 0.7549538999998617 15.028735350000321   2.0 3.5 1.9 0.5773502691896257
online 1.0 9.0 0.29112069999999335 8.565339999999253   1.0 1.0 1.0 0.0 0.29312734999990653 13.39270494999954   1.0 1.0 1.0 0.0 0.4269706000000042 14.819505699999976   2.0 2.0 1.0 0.0
online 1.0 10.0 0.4222987499999533 8.98533969999933   1.0 2.0 2.0 0.0 0.42420215000003486 13.9729030500002   1.0 2.0 2.0 0.0 0.60182365 15.613852650000084   2.0 2.5 2.0 0.0
online 1.0 11.0 0.2947313999999466 9.333894350000037   1.0 1.0 1.0 0.0 0.41780645000005734 14.376358099999951   1.0 2.0 1.0 0.0 0.5672061499999614 16.203356800000222   2.0 2.5 1.5 0.28867513459481287
online 1.0 12.0 0.4272553999999218 9.798364900000195   1.0 2.0 2.0 0.0 0.4406838499998855 14.933811450000135   2.0 2.0 1.5 0.0 0.8567464499996189 16.59145454999981   2.5 4.0 2.0 0.7071067811865476
online 1.0 13.0 0.2958496999999838 9.709300549999824   1.0 1.0 1.0 0.0 0.29089030000000093 14.91485740000013   1.0 1.0 1.0 0.0 0.42032539999999585 15.962576800002125   1.0 1.5 1.25 0.0
online 1.0 14.0 0.4149695500000803 10.081525099999709   1.0 2.0 2.0 0.0 0.4243371999999681 15.341289950000089   1.0 2.0 2.0 0.0 0.4216004500000281 16.315041400002087   1.0 2.0 1.75 0.0
online 1.0 15.0 0.4240625000000193 10.45529230000008   1.0 2.0 2.0 0.0 0.2974614000000315 15.63077355000007   1.0 1.0 1.0 0.0 0.4208256499998697 16.602107850001516   1.0 2.0 2.0 0.0
online 1.0 16.0 0.3917490500000156 10.761928349999804   1.0 1.0 1.0 0.0 0.43020604999998113 15.823485849999951   1.0 2.0 2.0 0.0 0.6057920500001615 17.335846949999905   1.5 2.5 2.0 0.3535533905932738
online 1.0 17.0 0.2947255500000665 11.06110049999998   1.0 1.0 1.0 0.0 0.4262508500001445 16.814539150000044   1.0 2.0 2.0 0.0 0.8255343500000834 17.568897800000457   2.0 4.0 2.0 0.7071067811865476
online 1.0 18.0 0.29528700000000185 11.35806195000009   1.0 1.0 1.0 0.0 0.5521595000000161 17.780939750000087   1.5 2.5 2.0 0.0 1.0086111500000925 18.705009200000518   2.0 5.0 2.5 1.414213562373095
online 1.0 19.0         0.2944739000000709 18.084639100000118   1.0 1.0 1.0 0.0 0.2873224500000049 19.39436314999983   1.0 1.0 1.0 0.0
online 1.0 20.0         0.42362865000001193 18.309893050000483   1.0 2.0 2.0 0.0 0.6439871999999696 20.000815299998777   2.0 3.0 2.0 0.7071067811865476
online 1.0 21.0         0.294171399999982 18.675902899999844   1.0 1.0 1.0 0.0 0.9914150500002279 20.718553750000126   1.5 3.5 2.25 0.3535533905932738
online 1.0 22.0         0.42624284999996576 19.06604460000017   1.0 2.0 2.0 0.0 0.6181694000002835 21.170259550000086   1.5 2.5 1.5 0.3535533905932738
online 1.0 23.0         0.4245179000000121 19.473921600000182   1.0 2.0 2.0 0.0 0.28525460000005864 20.4664625499998   1.0 1.0 1.0 0.0
online 1.0 24.0         0.29784764999999425 19.8833510999998   1.0 1.0 1.0 0.0 0.4214708500001052 20.888222299999796   1.0 2.0 2.0 0.0
online 1.0 25.0         0.29206849999997075 20.1927663499999   1.0 1.0 1.0 0.0 0.6108244999998078 21.540693399999896   1.0 3.0 3.0 0.0
online 1.0 26.0         0.2913087499998994 20.511021550000436   1.0 1.0 1.0 0.0 0.2844239000000357 21.824076399999925   1.0 1.0 1.0 0.0
online 1.0 27.0                 0.9513664999998923 22.77568869999989   1.0 5.0 5.0 0.0
online 1.0 28.0                 0.2845046500000876 23.059747899999877   1.0 1.0 1.0 0.0
online 1.0 29.0                 0.4210822000001144 23.482020699999996   1.0 2.0 2.0 0.0
online 1.0 30.0                 0.6167438499999989 24.09742234999996   1.0 3.0 3.0 0.0
online 1.0 31.0                 0.6207209499998001 24.75262429999981   2.0 3.0 1.5 0.7071067811865476
online 2.0 1.0 2.0593954499999825 2.0593954499999825   3.0 7.0 2.0 0.5773502691896257 2.7615604499999904 2.7615604499999904   3.0 12.0 4.0 2.645751311064591 2.89750664999994 2.89750664999994   3.0 12.0 4.0 2.645751311064591
online 2.0 2.0 0.5956101999999817 2.552760950000028   3.0 5.0 1.333333333333333 0.5773502691896257 0.8149495499999375 3.722584949999991   3.0 7.0 1.333333333333333 0.5773502691896257 1.3989822999999149 3.8919843000005017   3.0 11.0 1.857142857142857 0.6900655593423543
online 2.0 3.0 0.36232890000002277 2.897098799999952   2.5 2.5 1.0 0.0 1.0690957999999564 4.587440249999418   2.5 6.0 2.75 2.4748737341529163 1.1421755500000474 4.795439499999475   3.0 6.5 2.75 2.4748737341529163
online 2.0 4.0 0.47123929999983716 3.3533669999998494   3.0 3.0 1.0 0.0 0.4745010500000433 4.9983840999993845   3.0 3.5 1.0 0.0 1.1395975499999624 5.4767295500003   3.0 6.0 1.75 0.28867513459481287
online 2.0 5.0 0.27429589999997006 3.125401099999994   2.0 2.0 1.0 0.0 0.2750606499999648 5.732387349999698   2.0 2.0 1.0 0.0 0.6147210000001451 6.221646100000555   3.0 5.0 1.666666666666667 1.154700538379251
online 2.0 6.0 0.378712400000019 3.580349300000165   3.0 3.0 1.0 0.0 0.3811679499999059 6.139336599999595   3.0 3.0 1.0 0.0 0.8541509500000757 7.079936449999991   3.0 7.0 2.333333333333333 0.5773502691896257
online 3.0 1.0 1.216334900000021 1.216334900000021   1.0 13.0 1.0 0.0 1.219626650000123 1.219626650000123   1.0 13.0 1.0 0.0 1.3458173500000326 1.3458173500000326   1.0 14.0 1.0 0.0
