   LE LE AC AC CF CF CP_EF_L CP_EF_L SP_EB_L SP_EB_L GT GT ST ST GT_POTT GT_POTT ST_POTT ST_POTT TT TT LT LT WT WT MET MET CT CT
statistic   0.5 IQR 0.5 IQR 0.5 IQR 0.5 IQR 0.5 IQR 0.5 IQR 0.5 IQR 0.5 IQR 0.5 IQR 0.5 IQR 0.5 IQR 0.5 IQR 0.5 IQR 0.5 IQR
problem search_mode AL                            
ps1 minbound 1 39.0 0.0 39.0 0.0 1.0 0.0 1.5 0.0 0.5416025603090641 0.10208383034514346 3.744231050000003 0.01931809999992118 2.9902817000000823 0.9430963999999553 0.555679601565829 0.07317685842541416 0.44432039843417115 0.07317685842541433 6.729785550000116 0.9670040999999787 10.044029950000105 1.0300494499999875 10.044029950000105 1.0300494499999875 0.0 0.0 10.044029950000105 1.0300494499999875
ps1 minbound 2 26.0 0.0 26.0 0.0 1.0 0.0 1.444444444444444 0.0 0.5674876061616938 0.1168805263227401 1.4800433999999996 0.00751095000002211 0.48595735000004936 0.02451344999996155 0.7526561395593521 0.008732580902421516 0.24734386044064804 0.008732580902421128 1.968361249999976 0.02849950000006707 3.3202682499999416 0.0793456999998905 3.3202682499999416 0.0793456999998905 0.0 0.0 3.3202682499999416 0.0793456999998905
ps1 minbound 3 18.0 0.0 18.0 0.0 1.0 0.0 1.0 0.0 0.0 0.0 0.9950301499999767 0.006153599999972559 0.3507954500001134 0.04960645000000599 0.7396424345220175 0.027257119118891504 0.2603575654779825 0.0272571191188912 1.3473337500001321 0.047045999999944965 1.3473337500001321 0.047045999999944965 1.3473337500001321 0.047045999999944965 0.0 0.0 1.3473337500001321 0.047045999999944965
ps1 standard 1 39.0 0.0 39.0 0.0 1.0 0.0 1.5 0.0 0.524660383683329 0.13686339649689028 5.190088899999971 0.01470209999993699 2.147955499999995 0.44190579999989454 0.7073090386956182 0.04363767378708178 0.29269096130438166 0.04363767378708189 7.338727250000062 0.4397088999998644 11.290549449999975 0.48260549999958435 11.290549449999975 0.48260549999958435 0.0 0.0 11.290549449999975 0.48260549999958435
ps1 standard 2 26.0 0.0 26.0 0.0 1.0 0.0 1.444444444444444 0.0 0.5923282596182288 0.1168805263227401 2.24334660000002 0.009523400000105653 0.3721053000000438 0.018219000000065905 0.8578625835744678 0.005855261583473326 0.14213741642553213 0.005855261583473437 2.6163414999999475 0.02399520000007671 3.9590618999999663 0.05066695000004939 3.9590618999999663 0.05066695000004939 0.0 0.0 3.9590618999999663 0.05066695000004939
ps1 standard 3 18.0 0.0 18.0 0.0 1.0 0.0 1.0 0.0 0.0 0.0 0.9917908000000892 0.005935949999894774 0.3503508500000461 0.054264399999979646 0.7393403850939108 0.02943567371516892 0.26065961490608924 0.029435673715168795 1.34545270000001 0.055588099999994034 1.34545270000001 0.055588099999994034 1.34545270000001 0.055588099999994034 0.0 0.0 1.34545270000001 0.055588099999994034
ps1 yield 1 39.0 0.0 39.0 0.0 1.0 0.0 1.5 0.0 0.5077182070575939 0.10855389920302722 5.302356550000017 0.03399110000008676 2.5076925499999234 0.3784450999999971 0.6781488397158126 0.03264892323914853 0.319174352977315 0.03278775078004159 7.837869150000081 0.3867625000002235 12.1845856 0.4608350499998002 12.1845856 0.4608350499998002 0.0 0.0 12.1845856 0.4608350499998002
ps1 yield 2 26.0 0.0 26.0 0.0 1.0 0.0 1.444444444444444 0.0 0.5923282596182288 0.049681306913069934 2.282960800000069 0.011386450000070658 0.6960585000000634 0.11075355000000897 0.7631638856750679 0.027989041648188717 0.23208849932837708 0.0282165302514176 2.992135450000021 0.11617119999979097 4.360427350000009 0.11374670000020615 4.360427350000009 0.11374670000020615 0.0 0.0 4.360427350000009 0.11374670000020615
ps1 yield 3 18.0 0.0 18.0 0.0 1.0 0.0 1.0 0.0 0.0 0.0 0.9928817500000093 0.0059870500001082405 0.34252989999999883 0.05608254999998502 0.7430884903197774 0.030521354404500878 0.2569115096802226 0.030521354404500975 1.33773739999997 0.05450204999995356 1.33773739999997 0.05450204999995356 1.33773739999997 0.05450204999995356 0.0 0.0 1.33773739999997 0.05450204999995356
ps2 minbound 1 53.0 2.0 53.0 2.0 1.0 0.0 1.558823529411765 0.05882352941176405 0.6772147497366421 0.04883890545997238 5.824391349999814 0.44057589999991364 6.444408750000122 1.666947949999937 0.48317458008926195 0.05858600263756597 0.5168254199107378 0.05858600263756597 12.48297499999984 2.0251144999999644 17.15057924999962 2.160385799999924 17.15057924999962 2.160385799999924 0.0 0.0 17.15057924999962 2.160385799999924
ps2 minbound 2 34.0 0.0 34.0 0.0 1.0 0.0 1.888888888888889 0.0 1.1682023781416715 0.035121094527757135 2.386525249999991 0.031490550000057294 0.9009103499998901 0.1187431499998225 0.7268941933629093 0.021510608557438027 0.27310580663709083 0.021510608557438055 3.2939653499999793 0.14379135000001497 4.651111299999712 0.16110510000018508 4.651111299999712 0.16110510000018508 0.0 0.0 4.651111299999712 0.16110510000018508
ps2 minbound 3 18.0 0.0 18.0 0.0 1.0 0.0 1.0 0.0 0.0 0.0 0.9974254499999233 0.008501499999876927 0.35028609999999105 0.057783449999945474 0.7397563479530311 0.03170398809276409 0.2602436520469688 0.031703988092764174 1.3466119499999967 0.05596764999981396 1.3466119499999967 0.05596764999981396 1.3466119499999967 0.05596764999981396 0.0 0.0 1.3466119499999967 0.05596764999981396
ps2 standard 1 54.0 2.0 54.0 2.0 1.0 0.0 1.588235294117647 0.05882352941176405 0.6735835443368857 0.059469301297966404 8.284460999999851 0.4531208499994257 9.329456100000044 2.9872343000002406 0.47569153669603204 0.08170067131289535 0.5243084633039679 0.08170067131289599 17.817218900000285 3.125009050000177 23.368632550000115 3.038551149999476 23.368632550000115 3.038551149999476 0.0 0.0 23.368632550000115 3.038551149999476
ps2 standard 2 34.0 0.0 34.0 0.0 1.0 0.0 1.888888888888889 0.0 1.1682023781416715 0.04226443748175457 3.2485727499997665 0.010900250000063005 0.9611481000000452 0.15395194999976536 0.7715681907416261 0.027905666622329406 0.22843180925837397 0.027905666622329406 4.20938504999998 0.15542335000003504 5.564428199999995 0.20336160000029224 5.564428199999995 0.20336160000029224 0.0 0.0 5.564428199999995 0.20336160000029224
ps2 standard 3 18.0 0.0 18.0 0.0 1.0 0.0 1.0 0.0 0.0 0.0 0.99553170000015 0.0059419499998798475 0.3637519000000111 0.05403405000001274 0.7323928488798401 0.028793728847507305 0.2676071511201597 0.028793728847507638 1.359247550000106 0.056980600000202 1.359247550000106 0.056980600000202 1.359247550000106 0.056980600000202 0.0 0.0 1.359247550000106 0.056980600000202
ps2 yield 1 55.0 0.0 55.0 0.0 1.0 0.0 1.617647058823529 0.0 0.6407055989346437 0.022621049673337335 8.907090699999799 0.049587099999815365 6.298973700000147 0.8958484000001334 0.5838445384678838 0.03398530564629726 0.4142596205065399 0.0340026331017359 15.147808349999664 0.8880764500000504 20.731622399999974 1.060154100000135 20.731622399999974 1.060154100000135 0.0 0.0 20.731622399999974 1.060154100000135
ps2 yield 2 34.0 0.0 34.0 0.0 1.0 0.0 1.888888888888889 0.0 1.1540025217471426 0.021520144787142925 3.1340270499999647 0.01308915000018418 1.0488856000000195 0.18714819999985366 0.7468181007136465 0.03342973446175934 0.24971834621522954 0.03358601710118689 4.215545949999942 0.17473460000001495 5.582602899999827 0.2116627999999352 5.582602899999827 0.2116627999999352 0.0 0.0 5.582602899999827 0.2116627999999352
ps2 yield 3 18.0 0.0 18.0 0.0 1.0 0.0 1.0 0.0 0.0 0.0 0.9970635499999645 0.0024261000000080912 0.3496582500001182 0.038860650000003716 0.7399862181837782 0.021567688170377908 0.2600137818162221 0.0215676881703782 1.3446320500001998 0.038028749999988065 1.3446320500001998 0.038028749999988065 1.3446320500001998 0.038028749999988065 0.0 0.0 1.3446320500001998 0.038028749999988065
ps3 minbound 1 71.0 2.0 71.0 2.0 1.0 0.0 1.642857142857143 0.04545454545454497 0.6156103611641836 0.05467306672430838 9.4347858000001 0.5993631999998854 27.3374254000002 13.165687699999435 0.2577056184673201 0.08049129308784601 0.7422943815326799 0.08049129308784592 37.04887375000038 13.805170499999488 50.99806105000005 14.32710355000074 50.99806105000005 14.32710355000074 0.0 0.0 50.99806105000005 14.32710355000074
ps3 minbound 2 44.0 1.0 44.0 1.0 1.0 0.0 2.2 0.050000000000000044 0.9511788432374488 0.04680535674310027 3.7530733500000224 0.18984510000001364 5.333070599999957 3.7266762500000254 0.411583153647663 0.1532448312734055 0.5884168463523369 0.1532448312734056 9.060618149999883 3.9128596000001163 10.963549849999865 3.931685149999982 10.963549849999865 3.931685149999982 0.0 0.0 10.963549849999865 3.931685149999982
ps3 minbound 3 20.0 0.0 20.0 0.0 1.0 0.0 1.0 0.0 0.0 0.0 1.130681500000094 0.006504600000170058 0.7636324999999431 0.13595840000033377 0.5966495170700017 0.04350941877124653 0.4033504829299982 0.043509418771246644 1.8954300000000894 0.1340705000000071 1.8954300000000894 0.1340705000000071 1.8954300000000894 0.1340705000000071 0.0 0.0 1.8954300000000894 0.1340705000000071
ps3 standard 1 72.0 2.0 72.0 2.0 1.0 0.0 1.650974025974026 0.04545454545454497 0.6157803853786017 0.032081259395311035 13.191466200000205 0.6041403999989248 44.69363989999953 16.571947549998985 0.22847648347665372 0.06195497647710911 0.7715235165233463 0.06195497647710907 57.98968595000042 17.08003699999933 72.42962455000077 17.78809515000044 72.42962455000077 17.78809515000044 0.0 0.0 72.42962455000077 17.78809515000044
ps3 standard 2 44.0 0.0 44.0 0.0 1.0 0.0 2.2 0.0 0.9396768622673667 0.04012701540693836 4.765754949999732 0.01975225000013836 6.965037349999989 4.66874345000042 0.4110366939110506 0.15946120914535356 0.5889633060889495 0.1594612091453537 11.7388662499998 4.668400800000024 13.79275374999989 4.552872299999646 13.79275374999989 4.552872299999646 0.0 0.0 13.79275374999989 4.552872299999646
ps3 standard 3 20.0 0.0 20.0 0.0 1.0 0.0 1.0 0.0 0.0 0.0 1.1330567000001115 0.005932100000052065 0.7791812499999082 0.1427713000005042 0.5924070738348547 0.04390677715712926 0.4075929261651453 0.043906777157129345 1.9128619499996944 0.13739370000030215 1.9128619499996944 0.13739370000030215 1.9128619499996944 0.13739370000030215 0.0 0.0 1.9128619499996944 0.13739370000030215
ps3 yield 1 72.0 2.0 72.0 2.0 1.0 0.0 1.659090909090909 0.008116883116882967 0.609543446662331 0.04706579660214416 14.441655549999835 0.774387150000214 31.242964300000324 15.93125070000008 0.3180036404180938 0.09859237982310073 0.6811916768182513 0.09888483597150333 45.86909350000067 16.33286349999946 55.9923065000001 14.79216284999896 55.9923065000001 14.79216284999896 0.0 0.0 55.9923065000001 14.79216284999896
ps3 yield 2 44.0 1.0 44.0 1.0 1.0 0.0 2.2 0.050000000000000044 0.9454278527524078 0.04065189445222922 4.626422799999986 0.17184515000010947 3.327720449999788 1.9812419000000858 0.5832914485472676 0.1390640099087656 0.41471718412676783 0.1395021919395888 7.98081414999956 2.1525877000004385 9.874676799999717 2.0933051000005953 9.874676799999717 2.0933051000005953 0.0 0.0 9.874676799999717 2.0933051000005953
ps3 yield 3 20.0 0.0 20.0 0.0 1.0 0.0 1.0 0.0 0.0 0.0 1.131875399999785 0.006875899999925994 0.7776723500002163 0.11354594999991718 0.5939022219093952 0.03649447317661919 0.40609777809060477 0.036494473176619135 1.9070897499996984 0.10829799999976308 1.9070897499996984 0.10829799999976308 1.9070897499996984 0.10829799999976308 0.0 0.0 1.9070897499996984 0.10829799999976308
