problem   ps1 ps1 ps1 ps1 ps1 ps1 ps1 ps1 ps2 ps2 ps2 ps2 ps2 ps2 ps2 ps2 ps3 ps3 ps3 ps3 ps3 ps3 ps3 ps3
   "Wait time" "Yield time" "Percent wait time" "Percent yield time" Size Length "Expansion factor" "Sub-Plan expansion deviation" "Wait time" "Yield time" "Percent wait time" "Percent yield time" Size Length "Expansion factor" "Sub-Plan expansion deviation" "Wait time" "Yield time" "Percent wait time" "Percent yield time" Size Length "Expansion factor" "Sub-Plan expansion deviation"
online_bounds AL PN                        
"(2, 2)" 1.0 1.0 4.0790834000000515 4.0790834000000515   8.0 13.0 1.625 0.7440238091428449 6.369607100000039 6.369607100000039   12.0 22.0 1.833333333333333 1.414213562373095 7.614070349999579 7.614070349999579   13.0 25.0 1.866666666666667 1.382120258970402
"(2, 2)" 1.0 2.0 2.103771999999964 6.2827064000000465   9.0 14.0 1.555555555555556 0.7264831572567789 2.9551601000000858 9.526046250000178   13.0 19.0 1.461538461538461 0.8373910272622473 4.219629000000012 11.95487870000019   13.0 23.0 1.6 0.7631250129030924
"(2, 2)" 1.0 3.0 0.5289926500000774 6.8184701500000475   4.0 5.0 1.25 0.5 0.5215554999999199 10.123492349999365   4.0 5.0 1.25 0.5 1.3806569500000305 13.389280900000275   8.0 13.0 1.55 0.7264831572567789
"(2, 2)" 1.0 4.0 0.7318628499999846 7.60471289999996   5.0 7.0 1.4 0.5477225575051661 0.7220341499999421 10.894596899999584   5.0 7.0 1.4 0.5477225575051661 1.488096549999888 15.005952150000269   9.0 14.0 1.555555555555556 0.7264831572567789
"(2, 2)" 2.0 1.0 2.712245250000052 2.712245250000052   9.0 17.0 1.888888888888889 1.05409255338946 3.6609292000002824 3.6609292000002824   9.0 25.0 2.777777777777778 2.948634335492355 4.560538399999956 4.560538399999956   10.0 26.0 2.6 2.796823595120404
"(2, 2)" 2.0 2.0 0.638804150000027 3.369444500000043   9.0 9.0 1.0 0.0 0.6253813000000861 4.328714950000347   9.0 9.0 1.0 0.0 1.6271017500000649 6.20835009999945   10.0 17.0 1.7 0.8627158106848554
"(2, 2)" 3.0 1.0 1.3639246499999014 1.3639246499999014   1.0 18.0 1.0 0.0 1.3646806999998375 1.3646806999998375   1.0 18.0 1.0 0.0 1.922408099999757 1.922408099999757   1.0 20.0 1.0 0.0
"(2, 4)" 1.0 1.0 3.4889116500001993 3.4889116500001993   4.0 8.0 2.0 0.0 5.288546000000309 5.288546000000309   6.0 14.0 2.333333333333333 1.861898672502525 5.962102599999639 5.962102599999639   6.0 14.0 2.333333333333333 1.861898672502525
"(2, 4)" 1.0 2.0 1.377627200000049 4.897074200000077   4.0 5.0 1.25 0.5 1.548629799999958 6.847563400000588   6.0 8.0 1.333333333333333 0.5163977794943222 2.472119650000003 8.598666250000093   6.0 10.0 1.375 0.7867957924694432
"(2, 4)" 1.0 3.0 0.7318901500000123 5.71898335000003   4.0 7.0 1.75 0.9574271077563381 1.0365657500000225 8.154677499999913   6.0 10.0 1.666666666666667 1.032795558988644 1.175224350000093 9.94514575000028   7.0 11.0 1.625 0.7867957924694432
"(2, 4)" 1.0 4.0 1.184910299999885 6.744946850000069   5.0 11.0 2.2 1.643167672515498 0.8991054000001242 9.087006649999864   7.0 9.0 1.285714285714286 0.5163977794943222 1.1640871000000739 11.11324475000011   7.0 11.0 1.571428571428571 0.7559289460184544
"(2, 4)" 1.0 5.0 0.35123225000000957 7.110384350000039   2.0 3.0 1.5 0.7071067811865476 0.35049879999996847 9.431386100000054   2.0 3.0 1.5 0.7071067811865476 0.5148904500000526 11.652516450000435   4.0 5.0 1.25 0.5
"(2, 4)" 1.0 6.0 0.2604117499999177 7.408074100000128   2.0 2.0 1.0 0.0 0.259411599999936 9.694794149999808   2.0 2.0 1.0 0.0 0.8273917999999298 12.5053412000004   4.0 8.0 1.75 0.8944271909999159
"(2, 4)" 1.0 7.0 0.35090019999994837 7.778778999999972   2.0 3.0 1.5 0.7071067811865476 0.35240979999992567 10.097517100000399   2.0 3.0 1.5 0.7071067811865476 0.9457872499999098 13.44354344999999   5.0 9.0 2.0 0.7071067811865476
"(2, 4)" 1.0 8.0 0.4137197000000015 8.228480699999906   3.0 4.0 1.333333333333333 0.5773502691896257 0.41517895000001204 10.5385153000001   3.0 4.0 1.333333333333333 0.5773502691896257 0.6056462499999782 14.174431199999706   5.0 6.0 1.25 0.5
"(2, 4)" 2.0 1.0 2.6911874999999554 2.6911874999999554   9.0 17.0 1.888888888888889 1.05409255338946 3.693093400000066 3.693093400000066   9.0 25.0 2.777777777777778 2.905932629027116 4.3703511500002605 4.3703511500002605   10.0 26.0 2.6 2.758824226207808
"(2, 4)" 2.0 2.0 0.6287697499999751 3.341331249999996   9.0 9.0 1.0 0.0 0.6323528000000351 4.364704399999653   9.0 9.0 1.0 0.0 1.6749166000000462 6.051656449999825   10.0 18.0 1.8 0.9189365834726815
"(2, 4)" 3.0 1.0 1.355864150000105 1.355864150000105   1.0 18.0 1.0 0.0 1.3595929000000524 1.3595929000000524   1.0 18.0 1.0 0.0 1.9093356500001164 1.9093356500001164   1.0 20.0 1.0 0.0
"(2, 6)" 1.0 1.0 3.1478430499998638 3.1478430499998638   2.0 4.0 2.0 0.0 4.418377299999904 4.418377299999904   4.0 7.0 1.75 0.5 5.230036200000015 5.230036200000015   4.0 7.0 1.75 0.5
"(2, 6)" 1.0 2.0 1.158966099999958 4.328729349999914   3.0 5.0 1.666666666666667 1.154700538379251 1.5783050000000425 6.049614199999901   4.0 9.0 2.25 2.5 2.540231299999931 7.952729799999858   4.0 9.0 2.25 2.5
"(2, 6)" 1.0 3.0 0.40550104999999803 4.8081578499999935   3.0 4.0 1.333333333333333 0.5773502691896257 0.6121228000000656 6.762655550000147   4.0 6.0 1.5 0.5773502691896257 0.8355079500000784 8.75526219999972   4.0 8.0 1.6 0.816496580927726
"(2, 6)" 1.0 4.0 0.6367217500000208 5.500926050000018   3.0 6.0 2.0 1.0 0.503312949999998 7.478493100000122   4.0 5.0 1.25 0.5 0.7384941000001106 9.714636149999421   4.0 7.0 1.75 0.8366600265340756
"(2, 6)" 1.0 5.0 0.6346920500000692 6.10484754999986   3.0 6.0 2.0 1.527525231651947 0.8417219500001352 8.297668750000355   4.0 7.5 1.875 0.8869618443420321 0.9446987000002025 10.611539349999596   5.0 8.5 1.8 0.8366600265340756
"(2, 6)" 1.0 6.0 0.42047364999999104 6.590051550000119   3.0 4.0 1.333333333333333 0.5773502691896257 1.0375494500000002 9.220336899999552   5.0 8.5 1.725 1.071583836257749 0.8411085999998704 11.335234200000045   5.0 7.0 1.4 0.5477225575051661
"(2, 6)" 1.0 7.0 0.16700439999999622 6.7598067499998535   1.0 1.0 1.0 0.0 0.16825290000002724 9.450309950000019   1.0 1.0 1.0 0.0 0.3247900499998764 11.674289149999826   2.0 3.0 1.0 0.0
"(2, 6)" 1.0 8.0 0.24944954999999425 7.0023070500000415   1.0 2.0 2.0 0.0 0.1692049000000111 9.638348899999414   1.0 1.0 1.0 0.0 0.45805570000003115 12.198044100000004   3.0 3.0 1.5 0.7071067811865476
"(2, 6)" 1.0 9.0 0.16594739999993635 7.1955613999996615   1.0 1.0 1.0 0.0 0.16792584999998894 9.816409549999833   1.0 1.0 1.0 0.0 0.6430975500001068 12.972519550000285   3.0 6.0 2.0 1.0
"(2, 6)" 1.0 10.0 0.3489567999999963 7.5590971499999   2.0 3.0 1.5 0.7071067811865476 0.3516111500000534 10.171680849999689   2.0 3.0 1.5 0.7071067811865476 0.5292402999999979 13.604370599999795   3.0 5.0 1.666666666666667 0.7071067811865476
"(2, 6)" 1.0 11.0 0.2571583499999406 7.830335099999864   2.0 2.0 1.0 0.0 0.2591470000000271 10.439622599999979   2.0 2.0 1.0 0.0 0.5287511999997605 14.11791340000001   3.0 4.0 1.5 0.6422285251880866
"(2, 6)" 1.0 12.0 0.34911265000002345 8.23165039999978   2.0 3.0 1.5 0.7071067811865476 0.3524093999998854 10.80074485000016   2.0 3.0 1.5 0.7071067811865476 0.4181723999999747 14.756637949999856   3.0 4.0 1.333333333333333 0.5773502691896257
"(2, 6)" 2.0 1.0 2.69478330000004 2.69478330000004   9.0 17.0 1.888888888888889 1.166666666666667 3.6853265499993313 3.6853265499993313   9.0 25.0 2.777777777777778 2.948634335492355 4.499542649999995 4.499542649999995   10.0 26.0 2.6 2.756809750418044
"(2, 6)" 2.0 2.0 0.6336959500000177 3.3346954499999484   9.0 9.0 1.0 0.0 0.6342008000000874 4.354143999999792   9.0 9.0 1.0 0.0 1.3293339999998466 6.231130450000222   10.0 17.0 1.7 0.8432740427115678
"(2, 6)" 3.0 1.0 1.3616151499999776 1.3616151499999776   1.0 18.0 1.0 0.0 1.3413644999996563 1.3413644999996563   1.0 18.0 1.0 0.0 1.909896649999979 1.909896649999979   1.0 20.0 1.0 0.0
"(4, 2)" 1.0 1.0 3.0670113000000327 3.0670113000000327   5.0 9.0 1.8 0.4472135954999579 4.919328299999961 4.919328299999961   9.0 17.0 1.888888888888889 1.615893285805443 5.72872124999995 5.72872124999995   10.0 18.0 1.888888888888889 1.563471919941143
"(4, 2)" 1.0 2.0 1.341529649999881 4.42137024999996   5.0 9.0 1.8 0.8366600265340756 2.3856040500000404 7.284960400000216   9.0 17.0 1.888888888888889 1.0860632710696776 2.758968900000088 8.432127699999839   10.0 17.0 1.7 0.8232726023485646
"(4, 2)" 1.0 3.0 0.7617950000000064 5.188693749999921   3.0 4.0 1.333333333333333 0.5773502691896257 0.7591058500000258 8.092021750000015   3.0 4.0 1.333333333333333 0.5773502691896257 1.2226849500000871 9.717296349999856   3.0 4.0 1.4166666666666665 0.5773502691896257
"(4, 2)" 1.0 4.0 0.7472769500000283 6.0101027999998635   3.0 4.0 1.333333333333333 0.5773502691896257 0.7404854000000398 8.923177099999926   3.0 4.0 1.333333333333333 0.5773502691896257 1.1496624499999515 10.77170910000022   3.0 4.0 1.333333333333333 0.5773502691896257
"(4, 2)" 1.0 5.0 0.32906899999997563 6.350832550000064   2.0 3.0 1.0 0.0 0.3474069000000668 9.226230600000008   2.0 3.0 1.5 0.6422285251880866 0.7231593999999717 11.566796050000136   5.0 7.0 1.5 0.8366600265340756
"(4, 2)" 1.0 6.0 0.42163199999998824 6.803321350000104   3.0 4.0 1.333333333333333 0.5773502691896257 0.41562370000008286 9.645180450000055   3.0 3.5 1.1666666666666665 0.28867513459481287 0.9598361000000466 12.703703449999665   5.0 9.0 1.8 0.8944271909999159
"(4, 2)" 1.0 7.0 0.35540705000005346 7.172021100000094   2.0 3.0 1.5 0.7071067811865476 0.35285600000005957 10.037420500000149   2.0 3.0 1.5 0.7071067811865476 0.4254268500002354 13.263956400000065   3.0 4.0 1.333333333333333 0.5773502691896257
"(4, 2)" 1.0 8.0 0.41976435000000123 7.631509949999916   3.0 4.0 1.333333333333333 0.5773502691896257 0.41636075000003814 10.484962950000265   3.0 4.0 1.333333333333333 0.5773502691896257 0.5163189499999703 13.823971000000284   4.0 5.0 1.333333333333333 0.5773502691896257
"(4, 2)" 2.0 1.0 2.134018200000014 2.134018200000014   4.0 10.0 2.5 1.0 2.9951545499998535 2.9951545499998535   4.0 18.0 4.5 3.957217615267399 3.6733472499998356 3.6733472499998356   5.0 20.0 4.0 3.646916505762094
"(4, 2)" 2.0 2.0 0.423494150000046 2.556670849999719   4.0 6.0 1.5 1.0 0.42494910000004893 3.412571450000684   4.0 6.0 1.5 1.0 0.510100800000032 4.2807075999999995   5.0 6.0 1.2 0.4472135954999579
"(4, 2)" 2.0 3.0 0.32964569999999327 2.9082856999999867   5.0 5.0 1.0 0.0 0.3265683500000165 3.7632356999997394   5.0 5.0 1.0 0.0 0.7319588999999667 4.995275499999835   5.0 10.0 2.0 1.0
"(4, 2)" 2.0 4.0 0.32757855000001257 3.2783571500000335   5.0 5.0 1.0 0.0 0.3246622999999431 4.099178999999765   5.0 5.0 1.0 0.0 0.48156910000005837 5.461626199999657   5.0 7.0 1.4 0.5477225575051661
"(4, 2)" 3.0 1.0 1.363669950000073 1.363669950000073   1.0 18.0 1.0 0.0 1.3557581000000454 1.3557581000000454   1.0 18.0 1.0 0.0 1.9138797499998366 1.9138797499998366   1.0 20.0 1.0 0.0
"(4, 4)" 1.0 1.0 2.5898731500002867 2.5898731500002867   2.0 4.0 2.0 0.0 3.7064092000001945 3.7064092000001945   4.0 7.0 1.75 0.5 4.504223750000229 4.504223750000229   5.0 8.0 1.6 0.5477225575051661
"(4, 4)" 1.0 2.0 0.8773393500000566 3.4637779499999226   2.0 4.0 2.0 0.0 1.35462624999991 5.080163200000108   4.0 9.0 2.25 2.5 1.732068500000139 6.23759954999997   5.0 10.0 2.25 2.23606797749979
"(4, 4)" 1.0 3.0 0.7879819999999977 4.321905949999987   3.0 4.0 1.333333333333333 0.5773502691896257 1.1853237999999844 6.326134100000004   5.0 7.0 1.4 0.8366600265340756 1.473064700000009 7.7089731500000624   5.0 8.0 1.6 0.8944271909999159
"(4, 4)" 1.0 4.0 0.9470848500000244 5.356104700000202   3.0 6.0 2.0 1.0 1.2563529499998936 7.596674849999772   5.0 9.0 1.8 0.9660525707722037 1.4620369999998886 9.366487250000262   5.0 9.0 1.8 0.8366600265340756
"(4, 4)" 1.0 5.0 0.1661458500000066 5.532381050000026   1.0 1.0 1.0 0.0 0.1661781000000033 7.78530745000009   1.0 1.0 1.0 0.0 0.1697032500000262 9.582959699999961   1.0 1.0 1.0 0.0
"(4, 4)" 1.0 6.0 0.16771839999998406 5.802664199999967   1.0 1.0 1.0 0.0 0.16960544999993485 8.118525749999733   1.0 1.0 1.0 0.0 0.25501385000001164 9.822298899999737   1.0 2.0 1.0 0.0
"(4, 4)" 1.0 7.0 0.6637063499999272 6.345007600000002   2.0 6.0 3.0 2.82842712474619 0.6618254499999239 8.580726950000837   2.0 6.0 3.0 2.82842712474619 0.35342555000005405 10.18060185000002   2.0 3.0 1.333333333333333 0.5773502691896257
"(4, 4)" 1.0 8.0 0.44824745000000377 6.790731099999732   2.0 4.0 2.0 0.7071067811865476 0.44692724999987377 9.001310700000374   2.0 3.5 1.75 0.7071067811865476 0.34966300000002093 10.523773599999995   2.0 3.0 1.5 0.5773502691896257
"(4, 4)" 1.0 9.0 0.1667402000000209 6.9721965999999895   1.0 1.0 1.0 0.0 0.16549909999994838 9.166849300000493   1.0 1.0 1.0 0.0 0.32185774999996397 10.893663700000236   2.0 3.0 1.0 0.0
"(4, 4)" 1.0 10.0 0.17099565000006578 7.165914949999973   1.0 1.0 1.0 0.0 0.16798285000004753 9.3743747000008   1.0 1.0 1.0 0.0 0.34698935000005804 11.32095884999956   2.0 3.0 1.5833333333333335 0.7071067811865476
"(4, 4)" 1.0 11.0 0.16910879999997874 7.373249250000043   1.0 1.0 1.0 0.0 0.2503155000000561 9.622972950000786   1.0 2.0 1.0 0.0 0.612330150000048 11.956012899998315   2.0 5.5 2.0 0.7071067811865476
"(4, 4)" 1.0 12.0 0.2589573500000313 7.675019449999695   2.0 2.0 1.0 0.0 0.25951585000001387 9.886738600000086   2.0 2.0 1.0 0.0 0.628373700000008 12.66955464999978   3.0 5.0 2.0 0.7071067811865476
"(4, 4)" 1.0 13.0 0.2519848999999965 7.9354783000004545   1.0 2.0 2.0 0.0 0.2518447500000178 10.13860675000012   1.0 2.0 2.0 0.0 0.1697188499999811 12.86307759999961   1.0 1.0 1.0 0.0
"(4, 4)" 1.0 14.0 0.1646056499999986 8.115077249999658   1.0 1.0 1.0 0.0 0.16547289999999745 10.3058996500001   1.0 1.0 1.0 0.0 0.34389809999993304 13.15142025000017   2.0 3.0 1.5 0.7071067811865476
"(4, 4)" 1.0 15.0 0.1637964499999782 8.282694749999685   1.0 1.0 1.0 0.0 0.1648805499999604 10.470910150000119   1.0 1.0 1.0 0.0 0.34906614999999874 13.436480300000486   2.0 3.0 1.5 0.7071067811865476
"(4, 4)" 1.0 16.0 0.3505849499999841 8.646978549999645   2.0 3.0 1.5 0.7071067811865476 0.3527570499999655 10.82423454999954   2.0 3.0 1.5 0.7071067811865476 0.35148850000013 14.04956615000012   2.0 3.0 1.5 0.7071067811865476
"(4, 4)" 2.0 1.0 2.1364975499999166 2.1364975499999166   4.0 10.0 2.5 1.0 2.9882018000000414 2.9882018000000414   4.0 18.0 4.5 4.041451884327381 3.6917483500001467 3.6917483500001467   5.0 20.0 4.0 3.646916505762094
"(4, 4)" 2.0 2.0 0.4236670999999177 2.5569243499999317   4.0 6.0 1.5 1.0 0.4227902999999458 3.398891050000103   4.0 6.0 1.5 1.0 0.4054612500000445 4.179727249999473   5.0 6.0 1.2 0.4472135954999579
"(4, 4)" 2.0 3.0 0.32401990000000325 2.900283099999996   5.0 5.0 1.0 0.0 0.3283492500000307 3.7414314500000505   5.0 5.0 1.0 0.0 0.6606974499998728 4.907487149999859   5.0 9.0 1.8 0.8944271909999159
"(4, 4)" 2.0 4.0 0.3243861000000692 3.2724145999995073   5.0 5.0 1.0 0.0 0.3224704000000713 4.079385300000098   5.0 5.0 1.0 0.0 0.4868531499999449 5.434415850000079   5.0 7.0 1.4 0.5477225575051661
"(4, 4)" 3.0 1.0 1.3635813499999896 1.3635813499999896   1.0 18.0 1.0 0.0 1.3599572999999974 1.3599572999999974   1.0 18.0 1.0 0.0 1.8989042499998732 1.8989042499998732   1.0 20.0 1.0 0.0
"(4, 6)" 1.0 1.0 2.3976527500000913 2.3976527500000913   1.0 2.0 2.0 0.0 3.6440700499999257 3.6440700499999257   3.0 6.0 2.0 0.0 4.357066550000283 4.357066550000283   3.0 6.0 2.0 0.0
"(4, 6)" 1.0 2.0 0.6812043500000016 3.0663987000000077   1.0 2.0 2.0 0.0 1.259745349999946 4.909359700000408   3.0 8.0 2.666666666666667 2.886751345948129 1.307916300000002 5.735969750000493   3.0 8.0 2.666666666666667 2.886751345948129
"(4, 6)" 1.0 3.0 0.7748063500000058 3.857808249999891   2.0 4.0 2.0 0.0 0.6359638499999676 5.56758685000014   3.0 3.0 1.0 0.0 0.9992719500001499 6.793246650000526   3.0 3.0 1.0 0.0
"(4, 6)" 1.0 4.0 0.6668170499999349 4.711873649999994   2.0 3.0 1.5 0.7071067811865476 0.855914499999983 6.57290565000045   3.0 5.0 1.666666666666667 0.5773502691896257 1.201301449999967 8.032827300000129   3.0 5.0 1.666666666666667 0.5773502691896257
"(4, 6)" 1.0 5.0 0.34366724999998155 5.0552048999999855   2.0 3.0 1.5 0.7071067811865476 0.4214326000000028 7.283224150000208   3.0 4.0 1.333333333333333 0.5773502691896257 0.638539200000082 8.66202274999992   4.0 6.0 2.0 1.0
"(4, 6)" 1.0 6.0 0.5566154999999924 5.635391800000093   2.0 5.0 2.5 0.7071067811865476 0.6232114000001161 7.912095700000009   3.0 6.0 2.0 1.0 0.8533588500001485 9.39969669999963   4.0 8.0 2.0 0.816496580927726
"(4, 6)" 1.0 7.0 0.16626439999998865 5.801466000000147   1.0 1.0 1.0 0.0 0.1668043500000067 8.078230900000001   1.0 1.0 1.0 0.0 0.16883109999997714 9.568306899999662   1.0 1.0 1.0 0.0
"(4, 6)" 1.0 8.0 0.1674308000000622 6.067584250000152   1.0 1.0 1.0 0.0 0.16869484999992324 8.358437499999212   1.0 1.0 1.0 0.0 0.2517343500000493 9.895992399999926   1.0 2.0 1.5 0.0
"(4, 6)" 1.0 9.0 0.545629400000081 6.528751900000145   1.0 5.0 5.0 0.0 0.5452013500000703 8.752395300000046   1.0 5.0 5.0 0.0 0.2531097999999474 10.205132249999625   1.0 1.0 1.0 0.0
"(4, 6)" 1.0 10.0 0.16684834999995246 6.710058049999844   1.0 1.0 1.0 0.0 0.16698825000003126 8.934634700000572   1.0 1.0 1.0 0.0 0.1805373000000259 10.445932299999594   1.0 1.0 1.0 0.0
"(4, 6)" 1.0 11.0 0.25202140000002515 6.967119199999672   1.0 2.0 2.0 0.0 0.2524361499999657 9.172996150000273   1.0 2.0 2.0 0.0 0.2543601999999936 10.710388350000184   1.0 2.0 1.5 0.0
"(4, 6)" 1.0 12.0 0.2508526999999674 7.188130299999912   1.0 2.0 2.0 0.0 0.215749550000055 9.377659999999693   1.0 1.5 1.5 0.0 0.26105140000009897 11.071921100000509   2.0 2.0 1.0 0.0
"(4, 6)" 1.0 13.0 0.1649478000000073 7.369043449999708   1.0 1.0 1.0 0.0 0.16618050000002432 9.55287914999974   1.0 1.0 1.0 0.0 0.16908984999994914 11.311935100000479   1.0 1.0 1.0 0.0
"(4, 6)" 1.0 14.0 0.24918919999998929 7.614880599999736   1.0 1.5 1.5 0.0 0.1696654500000534 9.753631750000238   1.0 1.0 1.0 0.0 0.2563303499999847 11.586573700000201   1.0 2.0 1.5 0.0
"(4, 6)" 1.0 15.0 0.16680350000001454 7.794912750000236   1.0 1.0 1.0 0.0 0.16657289999997715 9.963260849999898   1.0 1.0 1.0 0.0 0.2606052499999123 11.86966669999947   2.0 2.0 1.0 0.0
"(4, 6)" 1.0 16.0 0.1665783500000515 7.972338099999575   1.0 1.0 1.0 0.0 0.1680418500000087 10.14557409999983   1.0 1.0 1.0 0.0 0.2635507500000358 12.32373880000014   2.0 2.0 1.0 0.0
"(4, 6)" 1.0 17.0 0.1659515999999996 8.139066999999471   1.0 1.0 1.0 0.0 0.16592869999998075 10.31206764999983   1.0 1.0 1.0 0.0 0.35893220000002657 12.76766900000027   2.0 3.0 2.0 0.7071067811865476
"(4, 6)" 1.0 18.0 0.2516617999999653 8.420910349999616   1.0 2.0 2.0 0.0 0.2533747500000345 10.56740024999981   1.0 2.0 2.0 0.0 0.3505554000001325 13.097396599999895   2.0 3.0 1.5 0.0
"(4, 6)" 1.0 19.0 0.1645282000000634 8.586883149999608   1.0 1.0 1.0 0.0 0.16590840000009166 10.732476399999793   1.0 1.0 1.0 0.0 0.17047834999999623 13.387153849999962   1.0 1.0 1.0 0.0
"(4, 6)" 1.0 20.0 0.1639069999999094 8.772147349999912   1.0 1.0 1.0 0.0 0.1652068000000497 10.917242049999915   1.0 1.0 1.0 0.0 0.168836400000032 13.61242874999911   1.0 1.0 1.0 0.0
"(4, 6)" 1.0 21.0 0.25275189999993586 9.034114500000015   1.0 2.0 2.0 0.0 0.25490459999997483 11.171750549999905   1.0 2.0 2.0 0.0 0.16876880000000935 13.86791959999975   1.0 1.0 1.0 0.0
"(4, 6)" 1.0 22.0 0.1648509500000195 9.208849599999951   1.0 1.0 1.0 0.0 0.1659419 11.338286999999905   1.0 1.0 1.0 0.0 0.25500489999996034 14.20510190000013   1.0 2.0 2.0 0.0
"(4, 6)" 1.0 23.0                 0.25406305000001334 14.51164399999928   1.0 2.0 1.5 0.0
"(4, 6)" 1.0 24.0                 0.29256999999996935 14.784886949999946   2.0 2.0 1.0 0.0
"(4, 6)" 2.0 1.0 2.142776550000079 2.142776550000079   4.0 10.0 2.5 1.290994448735806 3.005355850000125 3.005355850000125   4.0 18.0 4.5 4.041451884327381 3.7007886500000495 3.7007886500000495   5.0 20.0 4.0 3.646916505762094
"(4, 6)" 2.0 2.0 0.4241686499999062 2.553966650000035   4.0 6.0 1.5 1.0 0.42553044999989703 3.4237549000001475   4.0 6.0 1.5 1.0 0.41699705000007725 4.22944170000045   5.0 6.0 1.2 0.4472135954999579
"(4, 6)" 2.0 3.0 0.3241485500000181 2.9089561000000685   5.0 5.0 1.0 0.0 0.32315330000005815 3.7675392000001082   5.0 5.0 1.0 0.0 0.6767090000001161 4.961110200000007   5.0 9.0 1.8 0.8944271909999159
"(4, 6)" 2.0 4.0 0.32345325000002134 3.2322613499999733   5.0 5.0 1.0 0.0 0.3246254499999566 4.106291650000543   5.0 5.0 1.0 0.0 0.48201079999978447 5.49478025000036   5.0 6.5 1.2999999999999998 0.497468076502562
"(4, 6)" 3.0 1.0 1.3724412000000115 1.3724412000000115   1.0 18.0 1.0 0.0 1.3673614500002884 1.3673614500002884   1.0 18.0 1.0 0.0 1.954611250000056 1.954611250000056   1.0 20.0 1.0 0.0
"(6, 2)" 1.0 1.0 2.3364215499998693 2.3364215499998693   3.0 5.0 1.666666666666667 0.5773502691896257 3.0493715500002168 3.0493715500002168   5.0 8.0 1.6 0.5477225575051661 3.792145749999591 3.792145749999591   5.0 8.0 1.6 0.5477225575051661
"(6, 2)" 1.0 2.0 1.3671520500000724 3.705790999999536   3.0 8.0 2.666666666666667 2.081665999466133 1.9268662000001484 4.98052619999973   6.0 9.0 1.5 0.8366600265340756 1.9642437999999915 5.829176499999889   6.0 9.0 1.5 0.8366600265340756
"(6, 2)" 1.0 3.0 0.7075967499999649 4.414888549999503   3.0 4.0 1.333333333333333 0.5773502691896257 2.118602550000105 7.089469850000114   6.0 10.0 1.666666666666667 0.816496580927726 1.2665252000001028 7.553931549999902   6.0 10.0 1.666666666666667 0.816496580927726
"(6, 2)" 1.0 4.0 0.9583761499999781 5.380859900000253   4.0 7.0 1.75 0.9574271077563381 1.1311076499999824 8.15283805000007   7.0 8.0 1.142857142857143 0.3779644730092272 1.028966099999991 8.707226149999848   7.0 8.0 1.142857142857143 0.3779644730092272
"(6, 2)" 1.0 5.0 0.5809076999999689 6.0077926000002435   2.0 3.0 1.5 0.7071067811865476 1.2928318999998965 9.50494289999969   5.5 10.0 1.833333333333333 0.752772652709081 1.179349100000067 9.850697750000307   2.0 2.5 1.833333333333333 0.0
"(6, 2)" 1.0 6.0 0.49606574999990016 6.63125659999999   2.0 2.0 1.0 0.0 1.4874573500000001 11.030465850000216   6.0 12.0 1.714285714285714 0.7559289460184544 1.1366263999998973 10.977870399999905   2.0 3.0 1.5 0.7071067811865476
"(6, 2)" 1.0 7.0 0.17159755000000135 6.854056749999955   1.0 1.0 1.0 0.0 0.3508944000000156 11.207424550000384   2.0 3.0 1.333333333333333 0.5773502691896257 0.32844044999990274 11.337574450000155   3.0 3.0 1.5 0.0
"(6, 2)" 1.0 8.0 0.35306690000001595 7.19961234999991   2.0 3.0 1.5 0.7071067811865476 0.3690003499999079 11.86257635000001   2.0 3.0 1.5 0.7071067811865476 0.6461977499999421 11.921401750000085   3.0 6.0 1.75 0.7071067811865476
"(6, 2)" 1.0 9.0 0.16811390000002296 7.368888500000011   1.0 1.0 1.0 0.0 0.16805554999998412 12.043471199999956   1.0 1.0 1.0 0.0 0.8261628999999289 12.702834949999556   5.0 8.0 1.6 0.5773502691896257
"(6, 2)" 1.0 10.0 0.3555483499999639 7.7235427000000385   2.0 3.0 1.5 0.7071067811865476 0.3543111500001004 12.397638999999925   2.0 3.0 1.5 0.7071067811865476 0.9484506999999383 13.708055549999841   5.0 9.0 1.8 0.7167949692216633
"(6, 2)" 1.0 11.0 0.1674229499998603 7.898881950000003   1.0 1.0 1.0 0.0 0.16638429999994742 12.56345664999995   1.0 1.0 1.0 0.0 0.3379423499999348 14.33896039999999   2.0 2.5 1.125 0.25
"(6, 2)" 1.0 12.0 0.35745359999992843 8.253804799999983   2.0 3.0 1.5 0.7071067811865476 0.3548519000000283 12.923031600000005   2.0 3.0 1.5 0.7071067811865476 0.4153533500002027 15.11995585000011   3.0 4.0 1.5 0.7071067811865476
"(6, 2)" 2.0 1.0 1.810936000000254 1.810936000000254   3.0 6.0 2.0 0.5 2.238457350000182 2.238457350000182   3.0 11.0 3.666666666666667 3.055050463303894 2.966707699999702 2.966707699999702   3.0 11.0 3.666666666666667 3.055050463303894
"(6, 2)" 2.0 2.0 0.5072030500000011 2.3180889500001176   3.0 7.0 2.333333333333333 1.527525231651947 1.017241300000151 3.2589912500003493   3.0 13.0 4.333333333333333 4.932882862316247 1.0351533500000438 3.7613085499993417   3.0 13.0 4.333333333333333 4.932882862316247
"(6, 2)" 2.0 3.0 0.3027194999999665 2.615200450000117   3.0 4.0 1.333333333333333 0.5773502691896257 1.0033299499999084 4.295817349999766   3.0 11.5 3.8333333333333335 4.775842507916627 0.30179424999997195 4.256150099999836   3.0 4.0 1.333333333333333 0.5773502691896257
"(6, 2)" 2.0 4.0 0.2322567000000788 2.861980150000136   3.0 3.0 1.0 0.0 0.3026070999999888 4.632166100000077   3.0 4.0 1.333333333333333 0.5773502691896257 0.45193050000017365 4.693389449999998   3.0 6.0 2.0 0.5773502691896257
"(6, 2)" 2.0 5.0 0.23264544999997838 3.101394849999892   3.0 3.0 1.0 0.0 0.23170285000003335 4.900448249999982   3.0 3.0 1.0 0.0 0.7831271999999387 5.45367774999977   4.0 10.0 2.5 1.0
"(6, 2)" 2.0 6.0 0.23090780000006111 3.335940700000016   3.0 3.0 1.0 0.0 0.2300144500000556 5.1365216000000515   3.0 3.0 1.0 0.0 0.3629212999999538 6.004527450000012   4.0 5.0 1.25 0.5
"(6, 2)" 3.0 1.0 1.3636805500001115 1.3636805500001115   1.0 18.0 1.0 0.0 1.359644299999914 1.359644299999914   1.0 18.0 1.0 0.0 1.8884236500001634 1.8884236500001634   1.0 20.0 1.0 0.0
"(6, 4)" 1.0 1.0 2.07457054999999 2.07457054999999   1.0 2.0 2.0 0.0 2.5804803500001867 2.5804803500001867   2.0 3.0 1.5 0.7071067811865476 3.2585507000001144 3.2585507000001144   2.0 3.0 1.5 0.7071067811865476
"(6, 4)" 1.0 2.0 0.7639846500000012 2.8396522500000714   1.0 2.0 2.0 0.0 1.747620599999692 4.326112149999531   3.0 7.0 2.333333333333333 2.309401076758503 1.7798448000001486 5.03702555000001   3.0 7.0 2.333333333333333 2.309401076758503
"(6, 4)" 1.0 3.0 0.5639620999999977 3.553022299999782   2.0 2.0 1.0 0.0 1.428119199999884 5.752852450000034   3.0 3.0 1.0 0.0 0.8223650499999451 6.101849299999799   3.0 3.0 1.0 0.0
"(6, 4)" 1.0 4.0 1.229385850000142 4.601556749999872   2.0 9.0 4.5 2.121320343559642 1.1606222999999716 6.919095850000254   3.0 8.0 2.666666666666667 2.081665999466133 1.5928335000001965 7.7217240999999746   3.0 8.0 2.666666666666667 1.707825127659933
"(6, 4)" 1.0 5.0 0.3962441500001717 5.000843799999558   1.0 1.0 1.0 0.0 0.5462489999999889 7.54514940000054   3.0 3.0 1.0 0.0 0.9552180500000986 8.544743799999779   3.0 3.0 1.0 0.0
"(6, 4)" 1.0 6.0 0.5715518000000372 5.5913900500000295   2.0 3.0 1.5 0.7071067811865476 0.9837191999999106 8.591480199999275   3.0 7.0 2.333333333333333 0.5773502691896257 1.045297799999986 9.640381799999659   3.0 6.0 2.333333333333333 0.5773502691896257
"(6, 4)" 1.0 7.0 0.45363114999997833 6.056220749999781   2.0 4.0 2.0 1.414213562373095 0.3104379499999723 8.91439839999947   3.0 3.0 1.0 0.0 0.31324089999975513 9.94660779999981   3.0 3.0 1.0 0.0
"(6, 4)" 1.0 8.0 0.5575490500000058 6.615711749999733   2.0 5.0 2.5 2.121320343559642 0.5084948499999769 9.423823699999389   4.0 5.0 1.25 0.5 0.5142522999997823 10.45463180000013   4.0 5.0 1.25 0.5
"(6, 4)" 1.0 9.0 0.16729839999993606 6.7916046999999935   1.0 1.0 1.0 0.0 0.5523941499999943 9.901200899999864   3.0 4.0 1.75 0.7071067811865476 0.2531411499998626 10.774263600000495   1.0 2.0 2.0 0.0
"(6, 4)" 1.0 10.0 0.17026450000003024 7.02277600000015   1.0 1.0 1.0 0.0 0.5213788499998628 10.496226650000095   3.0 5.0 1.666666666666667 0.5773502691896257 0.25357549999989715 11.037870399999745   1.0 2.0 1.0 0.0
"(6, 4)" 1.0 11.0 0.1675264500000111 7.235332049999968   1.0 1.0 1.0 0.0 0.6450897999999654 11.237390949999735   3.0 6.0 2.0 1.0 0.2531506999999351 11.337616299999935   1.0 2.0 1.0 0.0
"(6, 4)" 1.0 12.0 0.16684770000011895 7.411402500000321   1.0 1.0 1.0 0.0 0.758807350000211 12.08123569999901   4.0 7.0 2.0 1.414213562373095 0.34985209999994993 11.65980984999999   2.0 3.0 2.0 0.7071067811865476
"(6, 4)" 1.0 13.0 0.1683544999999924 7.614270149999939   1.0 1.0 1.0 0.0 0.1665075999999885 12.246813449999081   1.0 1.0 1.0 0.0 0.1687723999999804 11.8951988   1.0 1.0 1.0 0.0
"(6, 4)" 1.0 14.0 0.16790565000000865 7.78624014999977   1.0 1.0 1.0 0.0 0.253234149999912 12.47374344999988   1.0 2.0 2.0 0.0 0.25790260000002263 12.194649349999736   2.0 2.0 1.0 0.0
"(6, 4)" 1.0 15.0 0.16810549999995317 7.997194950000164   1.0 1.0 1.0 0.0 0.21393915000004426 12.71805499999987   1.0 1.5 1.0 0.0 0.5618857999998568 12.65209330000039   2.0 5.0 2.0 0.7071067811865476
"(6, 4)" 1.0 16.0 0.16606985000001376 8.190082200000575   1.0 1.0 1.0 0.0 0.17059395000003974 12.88761769999985   1.0 1.0 1.0 0.0 0.454591349999987 13.15316514999975   2.0 4.0 2.0 0.0
"(6, 4)" 1.0 17.0 0.2516187500000342 8.442430200000558   1.0 2.0 2.0 0.0 0.16809479999994892 13.14200614999986   1.0 1.0 1.0 0.0 0.30291409999995267 13.460552199999924   2.0 2.0 1.0 0.0
"(6, 4)" 1.0 18.0 0.16429080000004603 8.606276450000621   1.0 1.0 1.0 0.0 0.25319404999993367 13.33814210000008   1.0 2.0 2.0 0.0 0.45046789999992143 13.91342194999959   2.0 4.0 1.5833333333333335 0.5773502691896257
"(6, 4)" 1.0 19.0 0.16341489999999226 8.770108850000554   1.0 1.0 1.0 0.0 0.16592224999999064 13.50489625000009   1.0 1.0 1.0 0.0 0.45240455000015345 14.388683899999819   2.0 4.0 2.0 0.5773502691896257
"(6, 4)" 1.0 20.0 0.2525554999999926 9.020621200000505   1.0 2.0 2.0 0.0 0.16610939999995367 13.734244650000676   1.0 1.0 1.0 0.0 0.34633915000020465 14.794476299999701   2.0 3.0 1.5 0.5773502691896257
"(6, 4)" 1.0 21.0 0.1641764999999893 9.18445665000047   1.0 1.0 1.0 0.0 0.25486040000004095 13.97210890000011   1.0 2.0 2.0 0.0 0.1681003499999747 15.18982450000047   1.0 1.0 1.0 0.0
"(6, 4)" 1.0 22.0         0.1665890999999533 14.29178169999852   1.0 1.0 1.0 0.0 0.25306474999985085 15.494283000000511   1.0 2.0 1.4166666666666665 0.0
"(6, 4)" 1.0 23.0                 0.2595786499999235 15.592614650000261   2.0 2.0 1.5 0.0
"(6, 4)" 1.0 24.0                 0.2578981999998859 16.28263500000048   2.0 2.0 1.0 0.0
"(6, 4)" 2.0 1.0 1.8160689499999734 1.8160689499999734   3.0 6.0 2.0 1.0 2.227091100000152 2.227091100000152   3.0 11.0 3.666666666666667 3.055050463303894 2.9040672500000255 2.9040672500000255   3.0 11.0 3.666666666666667 3.055050463303894
"(6, 4)" 2.0 2.0 0.5069203500000583 2.3251553999999146   3.0 7.0 2.333333333333333 1.527525231651947 1.0138023499997644 3.240173800000406   3.0 13.0 4.333333333333333 4.932882862316247 1.0320225499999651 3.742576350000178   3.0 13.0 4.333333333333333 4.932882862316247
"(6, 4)" 2.0 3.0 0.3002726500000392 2.6232876499999804   3.0 4.0 1.333333333333333 0.5773502691896257 1.11272850000006 4.351063500000123   3.0 13.0 4.333333333333333 4.932882862316247 0.2380972500000098 4.153039850000376   3.0 3.0 1.0 0.0
"(6, 4)" 2.0 4.0 0.22952964999999637 2.8653184500001174   3.0 3.0 1.0 0.0 0.3023581000001627 4.622333950000325   3.0 4.0 1.333333333333333 0.5773502691896257 0.45091079999994577 4.677393150000121   3.0 6.0 2.0 1.0
"(6, 4)" 2.0 5.0 0.22932739999981777 3.0937065000000246   3.0 3.0 1.0 0.0 0.23049894999999054 4.859142150000189   3.0 3.0 1.0 0.0 0.781113899999994 5.2660979999994595   4.0 10.0 2.5 1.0
"(6, 4)" 2.0 6.0 0.22734059999998024 3.325726750000001   3.0 3.0 1.0 0.0 0.22930815000000843 5.104556950000813   3.0 3.0 1.0 0.0 0.3594835499998794 6.1275563000004425   4.0 5.0 1.25 0.5
"(6, 4)" 3.0 1.0 1.368811700000009 1.368811700000009   1.0 18.0 1.0 0.0 1.3486082999999665 1.3486082999999665   1.0 18.0 1.0 0.0 1.919059999999831 1.919059999999831   1.0 20.0 1.0 0.0
"(6, 6)" 1.0 1.0 2.0730834999998535 2.0730834999998535   1.0 2.0 2.0 0.0 2.5183299500001226 2.5183299500001226   1.0 2.0 2.0 0.0 3.202644550000457 3.202644550000457   1.0 2.0 2.0 0.0
"(6, 6)" 1.0 2.0 0.7617509999999754 2.85211929999997   1.0 2.0 2.0 0.0 1.4837142999999315 4.004336799999834   2.0 4.0 2.0 0.0 1.499559649999867 4.576104499999744   2.0 4.0 2.0 0.0
"(6, 6)" 1.0 3.0 0.46701565000013545 3.313597500000412   1.0 1.0 1.0 0.0 1.3685153999998647 5.352986099999896   2.0 2.0 1.0 0.0 1.076700049999857 5.827614399999362   2.0 2.0 1.0 0.0
"(6, 6)" 1.0 4.0 0.7679177499999952 4.054989549999959   1.0 5.0 5.0 0.0 0.5615369500000185 5.928555999999617   2.0 2.0 1.0 0.0 0.768204400000144 6.565271750000377   2.0 2.0 1.0 0.0
"(6, 6)" 1.0 5.0 0.40081885000000733 4.607083999999816   1.0 1.0 1.0 0.0 0.4944627500000536 6.578030350000432   2.0 2.0 1.0 0.0 1.1002291000000355 7.714207649999651   2.0 4.0 1.666666666666667 0.0
"(6, 6)" 1.0 6.0 0.49412814999988086 5.15142440000011   1.0 2.0 2.0 0.0 1.2387207499999704 7.668896949999748   2.0 9.0 4.5 2.121320343559642 1.0048852999999416 8.786918250000525   2.0 6.0 2.0 1.0
"(6, 6)" 1.0 7.0 0.1659756499999787 5.3170345500005   1.0 1.0 1.0 0.0 0.2567522000000082 7.926791599999788   2.0 2.0 1.0 0.0 0.25680995000004714 9.040414549999333   2.0 2.0 1.0 0.0
"(6, 6)" 1.0 8.0 0.1655162000000132 5.4817773999998565   1.0 1.0 1.0 0.0 0.347555100000136 8.325506999999845   2.0 3.0 1.5 0.7071067811865476 0.35797524999998137 9.493341150000447   2.0 3.0 1.5 0.7071067811865476
"(6, 6)" 1.0 9.0 0.25235374999999743 5.734721949999951   1.0 2.0 2.0 0.0 0.5682513999999799 8.918941749999505   2.0 5.0 2.5 0.7071067811865476 0.5684283499997491 9.963350799999205   2.0 5.0 2.5 0.7071067811865476
"(6, 6)" 1.0 10.0 0.3493700500000614 6.093650399999859   1.0 3.0 3.0 0.0 0.2549826000000337 9.173384199999248   2.0 2.0 1.0 0.0 0.2538121500000443 10.22092894999906   2.0 2.0 1.0 0.0
"(6, 6)" 1.0 11.0 0.165462950000034 6.26096649999997   1.0 1.0 1.0 0.0 0.2581460500000077 9.438578849999438   2.0 2.0 1.0 0.0 0.2572853499998473 10.47389114999862   2.0 2.0 1.0 0.0
"(6, 6)" 1.0 12.0 0.5552845499999819 6.814888449999913   2.0 5.0 2.5 2.121320343559642 0.4301303999999391 9.89917150000025   3.0 4.0 1.333333333333333 0.5773502691896257 0.43121520000005376 10.850742250000394   3.0 4.0 1.333333333333333 0.5773502691896257
"(6, 6)" 1.0 13.0 0.1685679000000313 7.04618885000059   1.0 1.0 1.0 0.0 0.34564390000008416 10.22506610000019   2.0 3.0 1.5 0.7071067811865476 0.25323100000002796 11.106229599999665   1.0 2.0 1.5 0.0
"(6, 6)" 1.0 14.0 0.17011829999992756 7.23986184999972   1.0 1.0 1.0 0.0 0.35276535000014064 10.608719200000156   2.0 3.0 1.5 0.7071067811865476 0.17110044999992624 11.412051299999975   1.0 1.0 1.0 0.0
"(6, 6)" 1.0 15.0 0.16540760000000884 7.407593049999736   1.0 1.0 1.0 0.0 0.45840180000007535 11.149787300000341   2.0 4.0 2.0 1.414213562373095 0.16880995000003196 11.608907800000086   1.0 1.0 1.0 0.0
"(6, 6)" 1.0 16.0 0.1662582999999245 7.576542649999876   1.0 1.0 1.0 0.0 0.5653230500000461 11.738951149999085   2.0 5.0 2.5 0.7071067811865476 0.25275655000007197 11.854747199999451   1.0 2.0 1.0 0.0
"(6, 6)" 1.0 17.0 0.16676165000005486 7.7935504500010495   1.0 1.0 1.0 0.0 0.36327105000005133 12.193682500000119   2.0 3.0 1.5 0.7071067811865476 0.3428193000000519 12.139807549999599   2.0 2.0 1.5 0.0
"(6, 6)" 1.0 18.0 0.16835309999997605 7.9878499499997275   1.0 1.0 1.0 0.0 0.4277701500000717 12.682771150000079   2.5 4.0 1.5 0.7071067811865476 0.35609105000008867 12.45751250000001   2.0 3.0 1.5 0.6422285251880866
"(6, 6)" 1.0 19.0 0.16628429999991565 8.187307799999502   1.0 1.0 1.0 0.0 0.16707130000006032 12.890373599999549   1.0 1.0 1.0 0.0 0.172082600000067 12.785907700000024   1.0 1.0 1.0 0.0
"(6, 6)" 1.0 20.0 0.16524715000002743 8.351263749999504   1.0 1.0 1.0 0.0 0.25424424999971507 13.115811000000019   1.0 2.0 2.0 0.0 0.35490314999995576 13.145017300000005   1.0 3.0 2.25 0.0
"(6, 6)" 1.0 21.0 0.2503521000000788 8.60950674999944   1.0 2.0 2.0 0.0 0.169719850000007 13.366490599999796   1.0 1.0 1.0 0.0 0.17246434999998425 13.507767850000036   1.0 1.0 1.0 0.0
"(6, 6)" 1.0 22.0 0.16308664999999675 8.77469794999945   1.0 1.0 1.0 0.0 0.16809139999995895 13.571223349999656   1.0 1.0 1.0 0.0 0.25225749999987107 13.8498912500003   1.0 2.0 1.25 0.0
"(6, 6)" 1.0 23.0 0.1633970999999974 8.960011549999649   1.0 1.0 1.0 0.0 0.17125615000003336 13.741097549999651   1.0 1.0 1.0 0.0 0.25619995000003826 14.218686199999865   1.0 2.0 1.0 0.0
"(6, 6)" 1.0 24.0 0.2514616000000274 9.222900249999753   1.0 2.0 2.0 0.0 0.16914654999997936 13.95486824999975   1.0 1.0 1.0 0.0 0.255305000000007 14.55212000000142   1.0 2.0 1.0 0.0
"(6, 6)" 1.0 25.0 0.16368340000008175 9.415204750000086   1.0 1.0 1.0 0.0 0.16582125000000755 14.12178589999975   1.0 1.0 1.0 0.0 0.214511350000123 14.86994069999953   1.0 1.5 1.0 0.0
"(6, 6)" 1.0 26.0         0.2524176000001148 14.388734349999751   1.0 2.0 2.0 0.0 0.3043701999999584 15.20647234999967   1.0 2.5 1.5 0.0
"(6, 6)" 1.0 27.0         0.167330199999995 14.56608245000001   1.0 1.0 1.0 0.0 0.2592660000001388 15.546279699999669   1.0 2.0 2.0 0.0
"(6, 6)" 1.0 28.0         0.1653052999998863 14.81641519999964   1.0 1.0 1.0 0.0 0.16937810000001718 15.759520949999626   1.0 1.0 1.0 0.0
"(6, 6)" 1.0 29.0         0.2537333000000217 15.43206730000013   1.0 2.0 2.0 0.0 0.25269864999999214 16.152608650002204   1.0 2.0 1.5 0.0
"(6, 6)" 1.0 30.0         0.1658132000002297 15.60010310000015   1.0 1.0 1.0 0.0 0.2532042000000274 16.64608259999943   1.0 2.0 2.0 0.0
"(6, 6)" 1.0 31.0         0.2573576000000628 15.4185369999999   1.0 2.0 2.0 0.0 0.1671235000000024 16.53885485000248   1.0 1.0 1.0 0.0
"(6, 6)" 1.0 32.0         0.1706066999999791 15.58914369999988   1.0 1.0 1.0 0.0 0.25850315000008095 17.65342644999916   1.0 2.0 2.0 0.0
"(6, 6)" 1.0 33.0                 0.26577514999995344 18.287574799999312   2.0 2.0 1.5 0.0
"(6, 6)" 1.0 34.0                 0.16897189999980355 18.515116749999606   1.0 1.0 1.0 0.0
"(6, 6)" 1.0 35.0                 0.16477770000005876 18.011366599998553   1.0 1.0 1.0 0.0
"(6, 6)" 2.0 1.0 1.818552749999839 1.818552749999839   3.0 6.0 2.0 0.0 2.2619589999999903 2.2619589999999903   3.0 11.0 3.666666666666667 3.055050463303894 2.944524700000272 2.944524700000272   3.0 11.0 3.666666666666667 3.055050463303894
"(6, 6)" 2.0 2.0 0.5056040500000556 2.326700299999999   3.0 7.0 2.333333333333333 1.527525231651947 1.025150750000023 3.2905876500000204   3.0 13.0 4.333333333333333 4.932882862316247 1.0377537500000926 3.8038854499997115   3.0 13.0 4.333333333333333 4.932882862316247
"(6, 6)" 2.0 3.0 0.29971530000000257 2.625130349999779   3.0 4.0 1.333333333333333 0.5773502691896257 1.0753372499996199 4.379506699998842   3.0 12.5 4.166666666666666 5.196152422706632 0.32865120000000303 4.088780149999536   3.0 4.0 1.333333333333333 0.5773502691896257
"(6, 6)" 2.0 4.0 0.2301280000000077 2.867535300000327   3.0 3.0 1.0 0.0 0.3016796500000396 4.6825611499999695   3.0 4.0 1.333333333333333 0.5773502691896257 0.4526889000000551 4.863630200000031   3.0 6.0 2.0 1.0
"(6, 6)" 2.0 5.0 0.22918059999994966 3.1010116999998445   3.0 3.0 1.0 0.0 0.23170839999991694 4.946556899999962   3.0 3.0 1.0 0.0 0.600252450000113 5.49790514999961   4.0 8.0 2.0 0.9574271077563381
"(6, 6)" 2.0 6.0 0.2265767999999788 3.345486050000094   3.0 3.0 1.0 0.0 0.22922225000002075 5.179192750000254   3.0 3.0 1.0 0.0 0.35911780000004256 6.051603649999976   4.0 5.0 1.25 0.5
"(6, 6)" 3.0 1.0 1.3674235000000579 1.3674235000000579   1.0 18.0 1.0 0.0 1.3778070499994328 1.3778070499994328   1.0 18.0 1.0 0.0 1.921411950000163 1.921411950000163   1.0 20.0 1.0 0.0
