 RU AL GT ST OT TT LT CT WT RSS VMS LE AC CF PSG SIZE SGLITS_T HAS_TRAILING TOT_CHOICES PRE_CHOICES FGOALS_ORDER CP_EF_L CP_EF_A SP_ED_L SP_ED_A SP_EB_L SP_EB_A SP_MIN_L SP_MIN_A SP_LOWER_L SP_LOWER_A SP_MED_L SP_MED_A SP_UPPER_L SP_UPPER_A SP_MAX_L SP_MAX_A T_INTER_SP P_INTER_SP T_INTER_Q P_INTER_Q M_CHILD_SPREAD DIV_INDEX_SPREAD DIV_STEP_SPREAD DIVS_T DS_T DS_TD_MEAN DS_TD_STD DS_TD_CD DS_TD_MIN DS_TD_LOWER DS_TD_MED DS_TD_UPPER DS_TD_MAX DS_TS_MEAN DS_TS_STD DS_TS_CD DS_TS_MIN DS_TS_LOWER DS_TS_MED DS_TS_UPPER DS_TS_MAX PR_T PR_TS_MEAN PR_TS_STD PR_TS_CD PR_TS_MIN PR_TS_LOWER PR_TS_MED PR_TS_UPPER PR_TS_MAX PP_LE_MEAN PP_AC_MEAN PP_LE_STD PP_AC_STD PP_LE_CD PP_AC_CD PP_LE_MIN PP_AC_MIN PP_LE_LOWER PP_AC_LOWER PP_LE_MED PP_AC_MED PP_LE_UPPER PP_AC_UPPER PP_LE_MAX PP_AC_MAX
0 0 3 1.1397984999999977 0.7653454000000082 0.0 1.9051439000000059 1.9051439000000059 1.9051439000000059 1.9051439000000059 253.74609375 245.6796875 20 20 1.0 20 1 0 False 0 0 False 1.0 1.0 0.0 0.0 0.0 0.0 0.0 0.0 0.0 0.0 0.0 0.0 0.0 0.0 0.0 0.0 0 0.0 0 0.0 0.0 0.0 0.0 1 1 1.0 0.0 0.0 1.0 1.0 1.0 1.0 1.0 20.0 0.0 0.0 20.0 20.0 20.0 20.0 20.0 1 1.0 0.0 0.0 0.0 0.0 0.0 0.0 0.0 1.0 1.0 0.0 0.0 0.0 0.0 0.0 0.0 0.0 0.0 0.0 0.0 0.0 0.0 0.0 0.0
1 0 2 2.9256429999999867 2.084802900000035 0.0 5.010445900000022 5.330910900000013 6.915589800000028 3.47174475000001 284.64453125 277.22265625 44 44 1.0 44 20 20 False 0 0 False 2.2 2.2 2.142305693455191 2.142305693455191 0.9737753152069049 0.9737753152069049 1.0 1.0 1.0 1.0 1.5 1.5 2.0 2.0 10.0 10.0 0 0.0 0 0.0 5.579426493825327 0.0 2.309401076758503 2 2 1.0 0.0 0.0 1.0 1.0 1.0 1.0 1.0 22.0 5.656854249492381 0.25712973861329 18.0 20.0 22.0 24.0 26.0 2 10.0 0.0 0.0 10.0 10.0 10.0 10.0 10.0 22.0 22.0 5.656854249492381 5.656854249492381 0.25712973861329 0.0 18.0 0.0 20.0 0.0 22.0 0.0 24.0 0.0 26.0 0.0
2 0 1 6.510942400000076 2.972270999999985 0.0 9.48321340000006 9.169541300000049 16.39880320000009 4.132223950000018 311.29296875 304.33203125 75 75 1.0 0 44 44 False 0 0 False 1.7045454545454546 1.7045454545454546 1.1118713631164323 1.1118713631164323 0.6522978663616402 0.6522978663616402 1.0 1.0 1.0 1.0 1.0 1.0 2.0 2.0 6.0 6.0 0 0.0 0 0.0 2.0071540437574535 2.1908902300206643 4.046603514059662 0 0 0.0 0.0 0.0 0.0 0.0 0.0 0.0 0.0 0.0 0.0 0.0 0.0 0.0 0.0 0.0 0.0 4 11.0 2.309401076758503 0.20994555243259116 9.0 9.0 11.0 13.0 13.0 18.75 18.75 4.924428900898052 4.924428900898052 0.2626362080478961 0.0 13.0 0.0 16.75 0.0 18.5 0.0 20.5 0.0 25.0 0.0
3 1 3 1.1488604000000038 0.7708887999999945 0.0 1.9197491999999983 1.9197491999999983 1.9197491999999983 1.9197491999999983 273.89453125 263.74609375 20 20 1.0 20 1 0 False 0 0 False 1.0 1.0 0.0 0.0 0.0 0.0 0.0 0.0 0.0 0.0 0.0 0.0 0.0 0.0 0.0 0.0 0 0.0 0 0.0 0.0 0.0 0.0 1 1 1.0 0.0 0.0 1.0 1.0 1.0 1.0 1.0 20.0 0.0 0.0 20.0 20.0 20.0 20.0 20.0 1 1.0 0.0 0.0 0.0 0.0 0.0 0.0 0.0 1.0 1.0 0.0 0.0 0.0 0.0 0.0 0.0 0.0 0.0 0.0 0.0 0.0 0.0 0.0 0.0
4 1 2 2.995390299999954 3.9422653999999824 0.0 6.937655699999937 7.972003299999955 8.857404899999935 4.442736149999959 306.22265625 296.796875 44 44 1.0 44 20 20 False 0 0 False 2.2 2.2 2.142305693455191 2.142305693455191 0.9737753152069049 0.9737753152069049 1.0 1.0 1.0 1.0 1.5 1.5 2.0 2.0 10.0 10.0 0 0.0 0 0.0 7.263607918933949 0.0 4.618802153517006 2 2 1.0 0.0 0.0 1.0 1.0 1.0 1.0 1.0 22.0 11.313708498984761 0.51425947722658 14.0 18.0 22.0 26.0 30.0 2 10.0 0.0 0.0 10.0 10.0 10.0 10.0 10.0 22.0 22.0 11.313708498984761 11.313708498984761 0.51425947722658 0.0 14.0 0.0 18.0 0.0 22.0 0.0 26.0 0.0 30.0 0.0
5 1 1 6.407188700000063 3.8153976999999912 0.0 10.222586400000054 12.411744999999925 19.07999129999999 4.802882699999998 334.28125 329.2578125 73 73 1.0 0 44 44 False 0 0 False 1.6590909090909092 1.6590909090909092 0.9631146619216513 0.9631146619216513 0.5805074674596254 0.5805074674596254 1.0 1.0 1.0 1.0 1.0 1.0 2.0 2.0 6.0 6.0 0 0.0 0 0.0 2.780493965865573 4.381780460041329 9.174693455369503 0 0 0.0 0.0 0.0 0.0 0.0 0.0 0.0 0.0 0.0 0.0 0.0 0.0 0.0 0.0 0.0 0.0 4 11.0 4.618802153517006 0.41989110486518233 7.0 7.0 11.0 15.0 15.0 18.25 18.25 9.17877987534291 9.17877987534291 0.502946842484543 0.0 9.0 0.0 11.25 0.0 18.0 0.0 25.0 0.0 28.0 0.0
6 2 3 1.1391670000000147 0.7447043000000093 0.0 1.883871300000024 1.883871300000024 1.883871300000024 1.883871300000024 292.43359375 283.16015625 20 20 1.0 20 1 0 False 0 0 False 1.0 1.0 0.0 0.0 0.0 0.0 0.0 0.0 0.0 0.0 0.0 0.0 0.0 0.0 0.0 0.0 0 0.0 0 0.0 0.0 0.0 0.0 1 1 1.0 0.0 0.0 1.0 1.0 1.0 1.0 1.0 20.0 0.0 0.0 20.0 20.0 20.0 20.0 20.0 1 1.0 0.0 0.0 0.0 0.0 0.0 0.0 0.0 1.0 1.0 0.0 0.0 0.0 0.0 0.0 0.0 0.0 0.0 0.0 0.0 0.0 0.0 0.0 0.0
7 2 2 2.9662917000000277 2.2156182999999885 0.0 5.181910000000016 5.917992700000028 7.06578130000004 3.547322950000023 322.26171875 313.9296875 44 44 1.0 44 20 20 False 0 0 False 2.2 2.2 2.0416711421361615 2.0416711421361615 0.9280323373346188 0.9280323373346188 1.0 1.0 1.0 1.0 2.0 2.0 2.25 2.25 10.0 10.0 0 0.0 0 0.0 6.352164985262897 0.0 3.4641016151377544 2 2 1.0 0.0 0.0 1.0 1.0 1.0 1.0 1.0 22.0 8.48528137423857 0.385694607919935 16.0 19.0 22.0 25.0 28.0 2 10.0 0.0 0.0 10.0 10.0 10.0 10.0 10.0 22.0 22.0 8.48528137423857 8.48528137423857 0.385694607919935 0.0 16.0 0.0 19.0 0.0 22.0 0.0 25.0 0.0 28.0 0.0
8 2 1 6.448371000000066 5.832188000000031 0.0 12.280559000000096 10.434560100000027 19.346340300000136 4.869448775000034 346.77734375 344.69921875 73 73 1.0 0 44 44 False 0 0 False 1.6590909090909092 1.6590909090909092 1.0552897060221726 1.0552897060221726 0.6360650282873369 0.6360650282873369 1.0 1.0 1.0 1.0 1.0 1.0 2.0 2.0 6.0 6.0 0 0.0 0 0.0 3.7045803121617142 3.286335345030997 8.085480814398114 0 0 0.0 0.0 0.0 0.0 0.0 0.0 0.0 0.0 0.0 0.0 0.0 0.0 0.0 0.0 0.0 0.0 4 11.0 3.4641016151377544 0.31491832864888675 8.0 8.0 11.0 14.0 14.0 18.25 18.25 8.05708797684788 8.05708797684788 0.44148427270399343 0.0 10.0 0.0 12.25 0.0 18.0 0.0 24.0 0.0 27.0 0.0
9 3 3 1.141679800000034 0.9046337999999992 0.0 2.0463136000000333 2.0463136000000333 2.0463136000000333 2.0463136000000333 315.81640625 306.5078125 20 20 1.0 20 1 0 False 0 0 False 1.0 1.0 0.0 0.0 0.0 0.0 0.0 0.0 0.0 0.0 0.0 0.0 0.0 0.0 0.0 0.0 0 0.0 0 0.0 0.0 0.0 0.0 1 1 1.0 0.0 0.0 1.0 1.0 1.0 1.0 1.0 20.0 0.0 0.0 20.0 20.0 20.0 20.0 20.0 1 1.0 0.0 0.0 0.0 0.0 0.0 0.0 0.0 1.0 1.0 0.0 0.0 0.0 0.0 0.0 0.0 0.0 0.0 0.0 0.0 0.0 0.0 0.0 0.0
10 3 2 2.760545300000004 1.754252699999995 0.0 4.514797999999999 5.560571300000106 6.561111600000032 3.2950842500000164 345.0078125 338.06640625 42 42 1.0 42 20 20 False 0 0 False 2.1 2.1 2.074912807299318 2.074912807299318 0.9880537177615799 0.9880537177615799 1.0 1.0 1.0 1.0 1.0 1.0 2.25 2.25 10.0 10.0 0 0.0 0 0.0 6.621555708441936 0.0 3.4641016151377544 2 2 1.0 0.0 0.0 1.0 1.0 1.0 1.0 1.0 21.0 8.48528137423857 0.40406101782088427 15.0 18.0 21.0 24.0 27.0 2 10.0 0.0 0.0 10.0 10.0 10.0 10.0 10.0 21.0 21.0 8.48528137423857 8.48528137423857 0.40406101782088427 0.0 15.0 0.0 18.0 0.0 21.0 0.0 24.0 0.0 27.0 0.0
11 3 1 5.882266900000076 2.5737613999999382 0.0 8.456028300000014 8.532889600000175 15.017139900000046 3.7874511000000126 363.73046875 361.1015625 69 69 1.0 0 42 42 False 0 0 False 1.6428571428571428 1.6428571428571428 0.9581849857407257 0.9581849857407257 0.5832430347987027 0.5832430347987027 1.0 1.0 1.0 1.0 1.0 1.0 2.0 2.0 6.0 6.0 0 0.0 0 0.0 2.052665431615601 3.1144823004794873 6.6011362658257555 0 0 0.0 0.0 0.0 0.0 0.0 0.0 0.0 0.0 0.0 0.0 0.0 0.0 0.0 0.0 0.0 0.0 4 10.5 3.5118845842842465 0.33446519850326156 7.0 7.75 10.5 13.25 14.0 17.25 17.25 6.751543033509698 6.751543033509698 0.3913937990440405 0.0 10.0 0.0 12.25 0.0 18.0 0.0 23.0 0.0 23.0 0.0
12 4 3 1.152973099999997 0.8874907999999664 0.0 2.0404638999999634 2.0404638999999634 2.0404638999999634 2.0404638999999634 321.3828125 313.0546875 20 20 1.0 20 1 0 False 0 0 False 1.0 1.0 0.0 0.0 0.0 0.0 0.0 0.0 0.0 0.0 0.0 0.0 0.0 0.0 0.0 0.0 0 0.0 0 0.0 0.0 0.0 0.0 1 1 1.0 0.0 0.0 1.0 1.0 1.0 1.0 1.0 20.0 0.0 0.0 20.0 20.0 20.0 20.0 20.0 1 1.0 0.0 0.0 0.0 0.0 0.0 0.0 0.0 1.0 1.0 0.0 0.0 0.0 0.0 0.0 0.0 0.0 0.0 0.0 0.0 0.0 0.0 0.0 0.0
13 4 2 2.90933050000001 1.4246030999999277 0.0 4.333933599999938 4.405611799999974 6.374397499999901 3.2015287499999516 351.55078125 346.3671875 44 44 1.0 44 20 20 False 0 0 False 2.2 2.2 2.142305693455191 2.142305693455191 0.9737753152069049 0.9737753152069049 1.0 1.0 1.0 1.0 1.5 1.5 2.0 2.0 10.0 10.0 0 0.0 0 0.0 5.17880295048962 0.0 1.1547005383792515 2 2 1.0 0.0 0.0 1.0 1.0 1.0 1.0 1.0 22.0 2.8284271247461903 0.128564869306645 20.0 21.0 22.0 23.0 24.0 2 10.0 0.0 0.0 10.0 10.0 10.0 10.0 10.0 22.0 22.0 2.8284271247461903 2.8284271247461903 0.128564869306645 0.0 20.0 0.0 21.0 0.0 22.0 0.0 23.0 0.0 24.0 0.0
14 4 1 5.957299499999948 2.1355227999999613 0.0 8.09282229999991 7.154584099999852 14.46721979999981 3.6498518749999533 366.015625 360.015625 71 71 1.0 0 44 44 False 0 0 False 1.6136363636363635 1.6136363636363635 0.9453905084834814 0.9453905084834814 0.5858758080742702 0.5858758080742702 1.0 1.0 1.0 1.0 1.0 1.0 2.0 2.0 6.0 6.0 0 0.0 0 0.0 2.2844583603121347 1.0954451150103321 3.029026246172192 0 0 0.0 0.0 0.0 0.0 0.0 0.0 0.0 0.0 0.0 0.0 0.0 0.0 0.0 0.0 0.0 0.0 4 11.0 1.1547005383792515 0.10497277621629558 10.0 10.0 11.0 12.0 12.0 17.75 17.75 3.095695936834452 3.095695936834452 0.17440540489208178 0.0 15.0 0.0 15.75 0.0 17.0 0.0 19.0 0.0 22.0 0.0
15 5 3 1.1468295999999896 0.8600694999999803 0.0 2.00689909999997 2.00689909999997 2.00689909999997 2.00689909999997 341.36328125 332.2265625 20 20 1.0 20 1 0 False 0 0 False 1.0 1.0 0.0 0.0 0.0 0.0 0.0 0.0 0.0 0.0 0.0 0.0 0.0 0.0 0.0 0.0 0 0.0 0 0.0 0.0 0.0 0.0 1 1 1.0 0.0 0.0 1.0 1.0 1.0 1.0 1.0 20.0 0.0 0.0 20.0 20.0 20.0 20.0 20.0 1 1.0 0.0 0.0 0.0 0.0 0.0 0.0 0.0 1.0 1.0 0.0 0.0 0.0 0.0 0.0 0.0 0.0 0.0 0.0 0.0 0.0 0.0 0.0 0.0
16 5 2 2.930656299999896 1.4033708000000331 0.0 4.334027099999929 4.359129099999905 6.340926199999899 3.1846363999999454 365.22265625 360.12109375 44 44 1.0 44 20 20 False 0 0 False 2.2 2.2 2.0925934551223877 2.0925934551223877 0.9511788432374488 0.9511788432374488 1.0 1.0 1.0 1.0 2.0 2.0 2.0 2.0 10.0 10.0 0 0.0 0 0.0 5.161395160225576 0.0 1.1547005383792515 2 2 1.0 0.0 0.0 1.0 1.0 1.0 1.0 1.0 22.0 2.8284271247461903 0.128564869306645 20.0 21.0 22.0 23.0 24.0 2 10.0 0.0 0.0 10.0 10.0 10.0 10.0 10.0 22.0 22.0 2.8284271247461903 2.8284271247461903 0.128564869306645 0.0 20.0 0.0 21.0 0.0 22.0 0.0 23.0 0.0 24.0 0.0
17 5 1 5.976961700000032 2.4238515999999777 0.0 8.40081330000001 7.179971799999947 14.741739499999909 3.7184442249999847 377.96875 371.44140625 71 71 1.0 0 44 44 False 0 0 False 1.6136363636363635 1.6136363636363635 0.969677699773297 0.969677699773297 0.6009270252116207 0.6009270252116207 1.0 1.0 1.0 1.0 1.0 1.0 2.0 2.0 6.0 6.0 0 0.0 0 0.0 2.515602141084995 1.0954451150103321 3.029026246172192 0 0 0.0 0.0 0.0 0.0 0.0 0.0 0.0 0.0 0.0 0.0 0.0 0.0 0.0 0.0 0.0 0.0 4 11.0 1.1547005383792515 0.10497277621629558 10.0 10.0 11.0 12.0 12.0 17.75 17.75 3.095695936834452 3.095695936834452 0.17440540489208178 0.0 15.0 0.0 15.75 0.0 17.0 0.0 19.0 0.0 22.0 0.0
18 6 3 1.1375441000000137 0.7353167000000269 0.0 1.8728608000000406 1.8728608000000406 1.8728608000000406 1.8728608000000406 356.328125 347.37109375 20 20 1.0 20 1 0 False 0 0 False 1.0 1.0 0.0 0.0 0.0 0.0 0.0 0.0 0.0 0.0 0.0 0.0 0.0 0.0 0.0 0.0 0 0.0 0 0.0 0.0 0.0 0.0 1 1 1.0 0.0 0.0 1.0 1.0 1.0 1.0 1.0 20.0 0.0 0.0 20.0 20.0 20.0 20.0 20.0 1 1.0 0.0 0.0 0.0 0.0 0.0 0.0 0.0 1.0 1.0 0.0 0.0 0.0 0.0 0.0 0.0 0.0 0.0 0.0 0.0 0.0 0.0 0.0 0.0
19 6 2 2.9321656000000473 2.0420780000000605 0.0 4.974243600000108 5.1319300000000965 6.847104400000148 3.437533500000086 379.49609375 372.6953125 44 44 1.0 44 20 20 False 0 0 False 2.2 2.2 2.0925934551223877 2.0925934551223877 0.9511788432374488 0.9511788432374488 1.0 1.0 1.0 1.0 2.0 2.0 2.0 2.0 10.0 10.0 0 0.0 0 0.0 5.534437640808683 0.0 2.309401076758503 2 2 1.0 0.0 0.0 1.0 1.0 1.0 1.0 1.0 22.0 5.656854249492381 0.25712973861329 18.0 20.0 22.0 24.0 26.0 2 10.0 0.0 0.0 10.0 10.0 10.0 10.0 10.0 22.0 22.0 5.656854249492381 5.656854249492381 0.25712973861329 0.0 18.0 0.0 20.0 0.0 22.0 0.0 24.0 0.0 26.0 0.0
20 6 1 6.209542899999946 2.335746400000005 0.0 8.54528929999995 8.055574100000115 15.392393700000099 3.8806003250000316 398.8515625 394.21484375 73 73 1.0 0 44 44 False 0 0 False 1.6590909090909092 1.6590909090909092 1.098480595846061 1.098480595846061 0.6620978933866669 0.6620978933866669 1.0 1.0 1.0 1.0 1.0 1.0 2.0 2.0 6.0 6.0 0 0.0 0 0.0 1.945473130752347 2.1908902300206643 3.2519225083018197 0 0 0.0 0.0 0.0 0.0 0.0 0.0 0.0 0.0 0.0 0.0 0.0 0.0 0.0 0.0 0.0 0.0 4 11.0 2.309401076758503 0.20994555243259116 9.0 9.0 11.0 13.0 13.0 18.25 18.25 4.112987559751022 4.112987559751022 0.2253691813562204 0.0 13.0 0.0 16.75 0.0 18.5 0.0 20.0 0.0 23.0 0.0
21 7 3 1.1497613000000229 0.9909591999999634 0.0 2.1407204999999863 2.1407204999999863 2.1407204999999863 2.1407204999999863 368.07421875 358.94140625 20 20 1.0 20 1 0 False 0 0 False 1.0 1.0 0.0 0.0 0.0 0.0 0.0 0.0 0.0 0.0 0.0 0.0 0.0 0.0 0.0 0.0 0 0.0 0 0.0 0.0 0.0 0.0 1 1 1.0 0.0 0.0 1.0 1.0 1.0 1.0 1.0 20.0 0.0 0.0 20.0 20.0 20.0 20.0 20.0 1 1.0 0.0 0.0 0.0 0.0 0.0 0.0 0.0 1.0 1.0 0.0 0.0 0.0 0.0 0.0 0.0 0.0 0.0 0.0 0.0 0.0 0.0 0.0 0.0
22 7 2 3.007617200000027 4.5355396000001065 0.0 7.543156800000133 8.804644700000097 9.68387730000012 4.856155900000047 402.4375 394.2890625 44 44 1.0 44 20 20 False 0 0 False 2.2 2.2 2.0925934551223877 2.0925934551223877 0.9511788432374488 0.9511788432374488 1.0 1.0 1.0 1.0 2.0 2.0 2.0 2.0 10.0 10.0 0 0.0 0 0.0 7.364781055808786 0.0 4.618802153517006 2 2 1.0 0.0 0.0 1.0 1.0 1.0 1.0 1.0 22.0 11.313708498984761 0.51425947722658 14.0 18.0 22.0 26.0 30.0 2 10.0 0.0 0.0 10.0 10.0 10.0 10.0 10.0 22.0 22.0 11.313708498984761 11.313708498984761 0.51425947722658 0.0 14.0 0.0 18.0 0.0 22.0 0.0 26.0 0.0 30.0 0.0
23 7 1 6.390389900000002 4.000798399999979 0.0 10.391188299999982 13.475623200000086 20.0750656000001 5.051636300000013 435.82421875 431.51171875 73 73 1.0 0 44 44 False 0 0 False 1.6590909090909092 1.6590909090909092 0.9869657947038658 0.9869657947038658 0.5948834926982205 0.5948834926982205 1.0 1.0 1.0 1.0 1.0 1.0 2.0 2.0 6.0 6.0 0 0.0 0 0.0 2.873494934830381 4.381780460041329 9.174693455369503 0 0 0.0 0.0 0.0 0.0 0.0 0.0 0.0 0.0 0.0 0.0 0.0 0.0 0.0 0.0 0.0 0.0 4 11.0 4.618802153517006 0.41989110486518233 7.0 7.0 11.0 15.0 15.0 18.25 18.25 9.17877987534291 9.17877987534291 0.502946842484543 0.0 9.0 0.0 11.25 0.0 18.0 0.0 25.0 0.0 28.0 0.0
24 8 3 1.1513608999999292 0.8156746000001363 0.0 1.9670355000000654 1.9670355000000654 1.9670355000000654 1.9670355000000654 393.07421875 384.3125 20 20 1.0 20 1 0 False 0 0 False 1.0 1.0 0.0 0.0 0.0 0.0 0.0 0.0 0.0 0.0 0.0 0.0 0.0 0.0 0.0 0.0 0 0.0 0 0.0 0.0 0.0 0.0 1 1 1.0 0.0 0.0 1.0 1.0 1.0 1.0 1.0 20.0 0.0 0.0 20.0 20.0 20.0 20.0 20.0 1 1.0 0.0 0.0 0.0 0.0 0.0 0.0 0.0 1.0 1.0 0.0 0.0 0.0 0.0 0.0 0.0 0.0 0.0 0.0 0.0 0.0 0.0 0.0 0.0
25 8 2 2.945009400000032 1.4517283000000134 0.0 4.396737700000045 4.3505457000001115 6.363773200000111 3.196146400000046 417.12890625 408.484375 44 44 1.0 44 20 20 False 0 0 False 2.2 2.2 1.98944583661936 1.98944583661936 0.904293562099709 0.904293562099709 1.0 1.0 1.0 1.0 2.0 2.0 2.25 2.25 10.0 10.0 0 0.0 0 0.0 5.0199601592044525 0.0 1.1547005383792515 2 2 1.0 0.0 0.0 1.0 1.0 1.0 1.0 1.0 22.0 2.8284271247461903 0.128564869306645 20.0 21.0 22.0 23.0 24.0 2 10.0 0.0 0.0 10.0 10.0 10.0 10.0 10.0 22.0 22.0 2.8284271247461903 2.8284271247461903 0.128564869306645 0.0 20.0 0.0 21.0 0.0 22.0 0.0 23.0 0.0 24.0 0.0
26 8 1 6.213112300000006 3.1391361999999674 0.0 9.352248499999973 8.106492200000105 15.716021700000084 3.961784050000027 435.33984375 427.953125 73 73 1.0 0 44 44 False 0 0 False 1.6590909090909092 1.6590909090909092 1.0102539818394234 1.0102539818394234 0.6089202082319812 0.6089202082319812 1.0 1.0 1.0 1.0 1.0 1.0 2.0 2.0 6.0 6.0 0 0.0 0 0.0 3.172022258215027 1.0954451150103321 3.843826218756514 0 0 0.0 0.0 0.0 0.0 0.0 0.0 0.0 0.0 0.0 0.0 0.0 0.0 0.0 0.0 0.0 0.0 4 11.0 1.1547005383792515 0.10497277621629558 10.0 10.0 11.0 12.0 12.0 18.25 18.25 4.031128874149275 4.031128874149275 0.22088377392598765 0.0 15.0 0.0 15.75 0.0 17.0 0.0 19.5 0.0 24.0 0.0
27 9 3 1.1508342999999286 0.7027099000000305 0.0 1.8535441999999591 1.8535441999999591 1.8535441999999591 1.8535441999999591 407.484375 398.71484375 20 20 1.0 20 1 0 False 0 0 False 1.0 1.0 0.0 0.0 0.0 0.0 0.0 0.0 0.0 0.0 0.0 0.0 0.0 0.0 0.0 0.0 0 0.0 0 0.0 0.0 0.0 0.0 1 1 1.0 0.0 0.0 1.0 1.0 1.0 1.0 1.0 20.0 0.0 0.0 20.0 20.0 20.0 20.0 20.0 1 1.0 0.0 0.0 0.0 0.0 0.0 0.0 0.0 1.0 1.0 0.0 0.0 0.0 0.0 0.0 0.0 0.0 0.0 0.0 0.0 0.0 0.0 0.0 0.0
28 9 2 2.9240791000000286 1.362564800000115 0.0 4.2866439000001435 4.238403100000056 6.140188100000103 3.084452400000046 430.6484375 425.94140625 44 44 1.0 44 20 20 False 0 0 False 2.2 2.2 2.0925934551223877 2.0925934551223877 0.9511788432374488 0.9511788432374488 1.0 1.0 1.0 1.0 1.5 1.5 2.25 2.25 10.0 10.0 0 0.0 0 0.0 5.087238936790761 0.0 1.1547005383792515 2 2 1.0 0.0 0.0 1.0 1.0 1.0 1.0 1.0 22.0 2.8284271247461903 0.128564869306645 20.0 21.0 22.0 23.0 24.0 2 10.0 0.0 0.0 10.0 10.0 10.0 10.0 10.0 22.0 22.0 2.8284271247461903 2.8284271247461903 0.128564869306645 0.0 20.0 0.0 21.0 0.0 22.0 0.0 23.0 0.0 24.0 0.0
29 9 1 5.981824200000233 2.2038991000000294 0.0 8.185723300000262 7.059202400000061 14.325911400000365 3.614848875000092 444.07421875 437.58203125 71 71 1.0 0 44 44 False 0 0 False 1.6136363636363635 1.6136363636363635 0.969677699773297 0.969677699773297 0.6009270252116207 0.6009270252116207 1.0 1.0 1.0 1.0 1.0 1.0 2.0 2.0 6.0 6.0 0 0.0 0 0.0 2.41353577944842 1.0954451150103321 3.029026246172192 0 0 0.0 0.0 0.0 0.0 0.0 0.0 0.0 0.0 0.0 0.0 0.0 0.0 0.0 0.0 0.0 0.0 4 11.0 1.1547005383792515 0.10497277621629558 10.0 10.0 11.0 12.0 12.0 17.75 17.75 3.095695936834452 3.095695936834452 0.17440540489208178 0.0 15.0 0.0 15.75 0.0 17.0 0.0 19.0 0.0 22.0 0.0
30 10 3 1.1372066000001269 0.7126572000001943 0.0 1.8498638000003211 1.8498638000003211 1.8498638000003211 1.8498638000003211 421.30078125 412.37109375 20 20 1.0 20 1 0 False 0 0 False 1.0 1.0 0.0 0.0 0.0 0.0 0.0 0.0 0.0 0.0 0.0 0.0 0.0 0.0 0.0 0.0 0 0.0 0 0.0 0.0 0.0 0.0 1 1 1.0 0.0 0.0 1.0 1.0 1.0 1.0 1.0 20.0 0.0 0.0 20.0 20.0 20.0 20.0 20.0 1 1.0 0.0 0.0 0.0 0.0 0.0 0.0 0.0 1.0 1.0 0.0 0.0 0.0 0.0 0.0 0.0 0.0 0.0 0.0 0.0 0.0 0.0 0.0 0.0
31 10 2 2.7410906000000637 1.56414970000003 0.0 4.305240300000094 5.136292300000321 6.155104100000415 3.091990350000202 444.34375 437.23046875 42 42 1.0 42 20 20 False 0 0 False 2.1 2.1 2.074912807299318 2.074912807299318 0.9880537177615799 0.9880537177615799 1.0 1.0 1.0 1.0 1.0 1.0 2.25 2.25 10.0 10.0 0 0.0 0 0.0 6.507303589045157 0.0 3.4641016151377544 2 2 1.0 0.0 0.0 1.0 1.0 1.0 1.0 1.0 21.0 8.48528137423857 0.40406101782088427 15.0 18.0 21.0 24.0 27.0 2 10.0 0.0 0.0 10.0 10.0 10.0 10.0 10.0 21.0 21.0 8.48528137423857 8.48528137423857 0.40406101782088427 0.0 15.0 0.0 18.0 0.0 21.0 0.0 24.0 0.0 27.0 0.0
32 10 1 5.906107600000269 2.4246452999998382 0.0 8.330752900000107 8.16462010000015 14.485857000000522 3.6545758000001314 464.30078125 461.67578125 69 69 1.0 0 42 42 False 0 0 False 1.6428571428571428 1.6428571428571428 0.9581849857407257 0.9581849857407257 0.5832430347987027 0.5832430347987027 1.0 1.0 1.0 1.0 1.0 1.0 2.0 2.0 6.0 6.0 0 0.0 0 0.0 2.079826981291676 3.1144823004794873 6.6011362658257555 0 0 0.0 0.0 0.0 0.0 0.0 0.0 0.0 0.0 0.0 0.0 0.0 0.0 0.0 0.0 0.0 0.0 4 10.5 3.5118845842842465 0.33446519850326156 7.0 7.75 10.5 13.25 14.0 17.25 17.25 6.751543033509698 6.751543033509698 0.3913937990440405 0.0 10.0 0.0 12.25 0.0 18.0 0.0 23.0 0.0 23.0 0.0
33 11 3 1.1472815999999284 0.8968310999999858 0.0 2.044112699999914 2.044112699999914 2.044112699999914 2.044112699999914 434.94921875 426.30859375 20 20 1.0 20 1 0 False 0 0 False 1.0 1.0 0.0 0.0 0.0 0.0 0.0 0.0 0.0 0.0 0.0 0.0 0.0 0.0 0.0 0.0 0 0.0 0 0.0 0.0 0.0 0.0 1 1 1.0 0.0 0.0 1.0 1.0 1.0 1.0 1.0 20.0 0.0 0.0 20.0 20.0 20.0 20.0 20.0 1 1.0 0.0 0.0 0.0 0.0 0.0 0.0 0.0 1.0 1.0 0.0 0.0 0.0 0.0 0.0 0.0 0.0 0.0 0.0 0.0 0.0 0.0 0.0 0.0
34 11 2 2.9634864000003063 2.3689004999999383 0.0 5.332386900000245 5.6009259999999585 7.376499600000159 3.702501250000097 456.3359375 449.70703125 44 44 1.0 44 20 20 False 0 0 False 2.2 2.2 2.117595458607661 2.117595458607661 0.9625433902762094 0.9625433902762094 1.0 1.0 1.0 1.0 1.5 1.5 2.25 2.25 10.0 10.0 0 0.0 0 0.0 5.848076606885377 0.0 2.309401076758503 2 2 1.0 0.0 0.0 1.0 1.0 1.0 1.0 1.0 22.0 5.656854249492381 0.25712973861329 18.0 20.0 22.0 24.0 26.0 2 10.0 0.0 0.0 10.0 10.0 10.0 10.0 10.0 22.0 22.0 5.656854249492381 5.656854249492381 0.25712973861329 0.0 18.0 0.0 20.0 0.0 22.0 0.0 24.0 0.0 26.0 0.0
35 11 1 6.179389999999955 2.5942446999998765 0.0 8.773634699999832 8.651491299999861 16.15013429999999 4.070544375000011 473.24609375 469.34765625 73 73 1.0 0 44 44 False 0 0 False 1.6590909090909092 1.6590909090909092 1.140036348220648 1.140036348220648 0.6871451961877878 0.6871451961877878 1.0 1.0 1.0 1.0 1.0 1.0 2.0 2.0 6.0 6.0 0 0.0 0 0.0 2.1860163209299013 2.1908902300206643 3.2519225083018197 0 0 0.0 0.0 0.0 0.0 0.0 0.0 0.0 0.0 0.0 0.0 0.0 0.0 0.0 0.0 0.0 0.0 4 11.0 2.309401076758503 0.20994555243259116 9.0 9.0 11.0 13.0 13.0 18.25 18.25 4.112987559751022 4.112987559751022 0.2253691813562204 0.0 13.0 0.0 16.75 0.0 18.5 0.0 20.0 0.0 23.0 0.0
36 12 3 1.1390880999997535 0.815145300000097 0.0 1.9542333999998505 1.9542333999998505 1.9542333999998505 1.9542333999998505 447.56640625 439.0078125 20 20 1.0 20 1 0 False 0 0 False 1.0 1.0 0.0 0.0 0.0 0.0 0.0 0.0 0.0 0.0 0.0 0.0 0.0 0.0 0.0 0.0 0 0.0 0 0.0 0.0 0.0 0.0 1 1 1.0 0.0 0.0 1.0 1.0 1.0 1.0 1.0 20.0 0.0 0.0 20.0 20.0 20.0 20.0 20.0 1 1.0 0.0 0.0 0.0 0.0 0.0 0.0 0.0 1.0 1.0 0.0 0.0 0.0 0.0 0.0 0.0 0.0 0.0 0.0 0.0 0.0 0.0 0.0 0.0
37 12 2 2.792547300000024 1.9055569999999307 0.0 4.6981042999999545 5.393697299999758 6.652337699999805 3.340592999999899 472.453125 465.55078125 42 42 1.0 42 20 20 False 0 0 False 2.1 2.1 2.125038699338017 2.125038699338017 1.0119231901609604 1.0119231901609604 1.0 1.0 1.0 1.0 1.0 1.0 2.0 2.0 10.0 10.0 0 0.0 0 0.0 6.767200307364929 0.0 3.4641016151377544 2 2 1.0 0.0 0.0 1.0 1.0 1.0 1.0 1.0 21.0 8.48528137423857 0.40406101782088427 15.0 18.0 21.0 24.0 27.0 2 10.0 0.0 0.0 10.0 10.0 10.0 10.0 10.0 21.0 21.0 8.48528137423857 8.48528137423857 0.40406101782088427 0.0 15.0 0.0 18.0 0.0 21.0 0.0 24.0 0.0 27.0 0.0
38 12 1 5.900069900000062 2.475950399999988 0.0 8.37602030000005 8.297705799999733 15.028357999999855 3.7899523499999503 492.59765625 490.578125 69 69 1.0 0 42 42 False 0 0 False 1.6428571428571428 1.6428571428571428 0.9833102026847036 0.9833102026847036 0.5985366451124283 0.5985366451124283 1.0 1.0 1.0 1.0 1.0 1.0 2.0 2.0 6.0 6.0 0 0.0 0 0.0 2.1283237311936145 3.1144823004794873 6.6011362658257555 0 0 0.0 0.0 0.0 0.0 0.0 0.0 0.0 0.0 0.0 0.0 0.0 0.0 0.0 0.0 0.0 0.0 4 10.5 3.5118845842842465 0.33446519850326156 7.0 7.75 10.5 13.25 14.0 17.25 17.25 6.751543033509698 6.751543033509698 0.3913937990440405 0.0 10.0 0.0 12.25 0.0 18.0 0.0 23.0 0.0 23.0 0.0
39 13 3 1.1446817999998302 0.724730399999828 0.0 1.8694121999996582 1.8694121999996582 1.8694121999996582 1.8694121999996582 457.48828125 448.98046875 20 20 1.0 20 1 0 False 0 0 False 1.0 1.0 0.0 0.0 0.0 0.0 0.0 0.0 0.0 0.0 0.0 0.0 0.0 0.0 0.0 0.0 0 0.0 0 0.0 0.0 0.0 0.0 1 1 1.0 0.0 0.0 1.0 1.0 1.0 1.0 1.0 20.0 0.0 0.0 20.0 20.0 20.0 20.0 20.0 1 1.0 0.0 0.0 0.0 0.0 0.0 0.0 0.0 1.0 1.0 0.0 0.0 0.0 0.0 0.0 0.0 0.0 0.0 0.0 0.0 0.0 0.0 0.0 0.0
40 13 2 2.93222969999988 1.6341843000001859 0.0 4.566414000000066 4.855180799999744 6.435826199999724 3.2321951499998534 483.4765625 477.3515625 44 44 1.0 44 20 20 False 0 0 False 2.2 2.2 2.142305693455191 2.142305693455191 0.9737753152069049 0.9737753152069049 1.0 1.0 1.0 1.0 1.5 1.5 2.0 2.0 10.0 10.0 0 0.0 0 0.0 5.694734409961537 0.0 2.309401076758503 2 2 1.0 0.0 0.0 1.0 1.0 1.0 1.0 1.0 22.0 5.656854249492381 0.25712973861329 18.0 20.0 22.0 24.0 26.0 2 10.0 0.0 0.0 10.0 10.0 10.0 10.0 10.0 22.0 22.0 5.656854249492381 5.656854249492381 0.25712973861329 0.0 18.0 0.0 20.0 0.0 22.0 0.0 24.0 0.0 26.0 0.0
41 13 1 6.185267699999997 2.2096596000001227 0.0 8.39492730000012 7.789902799999709 14.830753499999844 3.740780074999975 499.4609375 495.52734375 73 73 1.0 0 44 44 False 0 0 False 1.6590909090909092 1.6590909090909092 1.1194513153135752 1.1194513153135752 0.6747377790931138 0.6747377790931138 1.0 1.0 1.0 1.0 1.0 1.0 2.0 2.0 6.0 6.0 0 0.0 0 0.0 1.8613483737857996 2.1908902300206643 3.2519225083018197 0 0 0.0 0.0 0.0 0.0 0.0 0.0 0.0 0.0 0.0 0.0 0.0 0.0 0.0 0.0 0.0 0.0 4 11.0 2.309401076758503 0.20994555243259116 9.0 9.0 11.0 13.0 13.0 18.25 18.25 4.112987559751022 4.112987559751022 0.2253691813562204 0.0 13.0 0.0 16.75 0.0 18.5 0.0 20.0 0.0 23.0 0.0
42 14 3 1.151018800000088 0.8042927000000191 0.0 1.9553115000001071 1.9553115000001071 1.9553115000001071 1.9553115000001071 473.875 465.2734375 20 20 1.0 20 1 0 False 0 0 False 1.0 1.0 0.0 0.0 0.0 0.0 0.0 0.0 0.0 0.0 0.0 0.0 0.0 0.0 0.0 0.0 0 0.0 0 0.0 0.0 0.0 0.0 1 1 1.0 0.0 0.0 1.0 1.0 1.0 1.0 1.0 20.0 0.0 0.0 20.0 20.0 20.0 20.0 20.0 1 1.0 0.0 0.0 0.0 0.0 0.0 0.0 0.0 1.0 1.0 0.0 0.0 0.0 0.0 0.0 0.0 0.0 0.0 0.0 0.0 0.0 0.0 0.0 0.0
43 14 2 2.879173600000172 6.737203599999987 0.0 9.616377200000159 10.95210810000026 11.571688700000266 5.800383850000145 509.2578125 510.29296875 42 42 1.0 42 20 20 False 0 0 False 2.1 2.1 2.0235456115702615 2.0235456115702615 0.9635931483667911 0.9635931483667911 1.0 1.0 1.0 1.0 1.5 1.5 2.25 2.25 10.0 10.0 0 0.0 0 0.0 7.416535579365879 0.0 5.773502691896258 2 2 1.0 0.0 0.0 1.0 1.0 1.0 1.0 1.0 21.0 14.142135623730951 0.6734350297014738 11.0 16.0 21.0 26.0 31.0 2 10.0 0.0 0.0 10.0 10.0 10.0 10.0 10.0 21.0 21.0 14.142135623730951 14.142135623730951 0.6734350297014738 0.0 11.0 0.0 16.0 0.0 21.0 0.0 26.0 0.0 31.0 0.0
44 14 1 6.48409010000006 18.109298299999978 0.0 24.593388400000038 17.676727600000447 36.1650771000003 9.074841125000063 546.3046875 545.4375 71 71 1.0 0 42 42 False 0 0 False 1.6904761904761905 1.6904761904761905 1.0238162763464755 1.0238162763464755 0.6056377972753799 0.6056377972753799 1.0 1.0 1.0 1.0 1.0 1.0 2.0 2.0 6.0 6.0 0 0.0 0 0.0 3.7277812416555105 5.300943312279429 11.894326378572265 0 0 0.0 0.0 0.0 0.0 0.0 0.0 0.0 0.0 0.0 0.0 0.0 0.0 0.0 0.0 0.0 0.0 4 10.5 5.802298395176403 0.5525998471596575 5.0 5.75 10.5 15.25 16.0 17.75 17.75 12.5 12.5 0.704225352112676 0.0 6.0 0.0 7.5 0.0 17.5 0.0 27.75 0.0 30.0 0.0
45 15 3 1.1474318000000494 0.7212217000000578 0.0 1.8686535000001072 1.8686535000001072 1.8686535000001072 1.8686535000001072 502.515625 494.7265625 20 20 1.0 20 1 0 False 0 0 False 1.0 1.0 0.0 0.0 0.0 0.0 0.0 0.0 0.0 0.0 0.0 0.0 0.0 0.0 0.0 0.0 0 0.0 0 0.0 0.0 0.0 0.0 1 1 1.0 0.0 0.0 1.0 1.0 1.0 1.0 1.0 20.0 0.0 0.0 20.0 20.0 20.0 20.0 20.0 1 1.0 0.0 0.0 0.0 0.0 0.0 0.0 0.0 1.0 1.0 0.0 0.0 0.0 0.0 0.0 0.0 0.0 0.0 0.0 0.0 0.0 0.0 0.0 0.0
46 15 2 2.956867499999987 1.9316414999999552 0.0 4.888508999999942 5.18428490000008 6.7571625000000495 3.3930685000000267 522.75 516.8984375 44 44 1.0 44 20 20 False 0 0 False 2.2 2.2 2.0925934551223877 2.0925934551223877 0.9511788432374488 0.9511788432374488 1.0 1.0 1.0 1.0 2.0 2.0 2.0 2.0 10.0 10.0 0 0.0 0 0.0 5.772347875864724 0.0 2.309401076758503 2 2 1.0 0.0 0.0 1.0 1.0 1.0 1.0 1.0 22.0 5.656854249492381 0.25712973861329 18.0 20.0 22.0 24.0 26.0 2 10.0 0.0 0.0 10.0 10.0 10.0 10.0 10.0 22.0 22.0 5.656854249492381 5.656854249492381 0.25712973861329 0.0 18.0 0.0 20.0 0.0 22.0 0.0 24.0 0.0 26.0 0.0
47 15 1 6.438666900000044 3.2076121999999714 0.0 9.646279100000015 9.042306000000167 16.403441600000065 4.134416924999982 543.625 538.18359375 75 75 1.0 0 44 44 False 0 0 False 1.7045454545454546 1.7045454545454546 1.1325941709303338 1.1325941709303338 0.6644552469457958 0.6644552469457958 1.0 1.0 1.0 1.0 1.0 1.0 2.0 2.0 6.0 6.0 0 0.0 0 0.0 2.4802421735930187 2.1908902300206643 4.378926809162263 0 0 0.0 0.0 0.0 0.0 0.0 0.0 0.0 0.0 0.0 0.0 0.0 0.0 0.0 0.0 0.0 0.0 4 11.0 2.309401076758503 0.20994555243259116 9.0 9.0 11.0 13.0 13.0 18.75 18.75 5.377421934967226 5.377421934967226 0.2867958365315854 0.0 12.0 0.0 16.5 0.0 19.0 0.0 21.25 0.0 25.0 0.0
48 16 3 1.1447884000000386 0.7641639000001419 0.0 1.9089523000001805 1.9089523000001805 1.9089523000001805 1.9089523000001805 512.21875 503.9921875 20 20 1.0 20 1 0 False 0 0 False 1.0 1.0 0.0 0.0 0.0 0.0 0.0 0.0 0.0 0.0 0.0 0.0 0.0 0.0 0.0 0.0 0 0.0 0 0.0 0.0 0.0 0.0 1 1 1.0 0.0 0.0 1.0 1.0 1.0 1.0 1.0 20.0 0.0 0.0 20.0 20.0 20.0 20.0 20.0 1 1.0 0.0 0.0 0.0 0.0 0.0 0.0 0.0 1.0 1.0 0.0 0.0 0.0 0.0 0.0 0.0 0.0 0.0 0.0 0.0 0.0 0.0 0.0 0.0
49 16 2 2.9691171000000622 2.350985400000013 0.0 5.3201025000000755 5.782081000000346 7.229054800000256 3.629277050000127 535.75 529.33203125 44 44 1.0 44 20 20 False 0 0 False 2.2 2.2 2.0925934551223877 2.0925934551223877 0.9511788432374488 0.9511788432374488 1.0 1.0 1.0 1.0 1.5 1.5 2.25 2.25 10.0 10.0 0 0.0 0 0.0 5.907622195096771 0.0 2.309401076758503 2 2 1.0 0.0 0.0 1.0 1.0 1.0 1.0 1.0 22.0 5.656854249492381 0.25712973861329 18.0 20.0 22.0 24.0 26.0 2 10.0 0.0 0.0 10.0 10.0 10.0 10.0 10.0 22.0 22.0 5.656854249492381 5.656854249492381 0.25712973861329 0.0 18.0 0.0 20.0 0.0 22.0 0.0 24.0 0.0 26.0 0.0
50 16 1 5.971860199999696 2.450562499999819 0.0 8.422422699999515 8.859675400000185 15.651477499999771 3.9463682499999493 552.14453125 547.80859375 71 71 1.0 0 44 44 False 0 0 False 1.6136363636363635 1.6136363636363635 0.969677699773297 0.969677699773297 0.6009270252116207 0.6009270252116207 1.0 1.0 1.0 1.0 1.0 1.0 2.0 2.0 6.0 6.0 0 0.0 0 0.0 1.961338617769436 2.1908902300206643 4.095729483254479 0 0 0.0 0.0 0.0 0.0 0.0 0.0 0.0 0.0 0.0 0.0 0.0 0.0 0.0 0.0 0.0 0.0 4 11.0 2.309401076758503 0.20994555243259116 9.0 9.0 11.0 13.0 13.0 17.75 17.75 4.112987559751022 4.112987559751022 0.23171760900005758 0.0 14.0 0.0 14.75 0.0 17.0 0.0 20.0 0.0 23.0 0.0
51 17 3 1.1464416999998548 0.7348964999999339 0.0 1.8813381999997887 1.8813381999997887 1.8813381999997887 1.8813381999997887 525.41015625 517.18359375 20 20 1.0 20 1 0 False 0 0 False 1.0 1.0 0.0 0.0 0.0 0.0 0.0 0.0 0.0 0.0 0.0 0.0 0.0 0.0 0.0 0.0 0 0.0 0 0.0 0.0 0.0 0.0 1 1 1.0 0.0 0.0 1.0 1.0 1.0 1.0 1.0 20.0 0.0 0.0 20.0 20.0 20.0 20.0 20.0 1 1.0 0.0 0.0 0.0 0.0 0.0 0.0 0.0 1.0 1.0 0.0 0.0 0.0 0.0 0.0 0.0 0.0 0.0 0.0 0.0 0.0 0.0 0.0 0.0
52 17 2 2.9312201999999274 2.1116453000000774 0.0 5.042865500000005 5.12194849999986 6.924203699999794 3.476518749999883 548.40625 542.15625 44 44 1.0 44 20 20 False 0 0 False 2.2 2.2 2.117595458607661 2.117595458607661 0.9625433902762094 0.9625433902762094 1.0 1.0 1.0 1.0 1.0 1.0 3.0 3.0 10.0 10.0 0 0.0 0 0.0 5.818075283115541 0.0 2.309401076758503 2 2 1.0 0.0 0.0 1.0 1.0 1.0 1.0 1.0 22.0 5.656854249492381 0.25712973861329 18.0 20.0 22.0 24.0 26.0 2 10.0 0.0 0.0 10.0 10.0 10.0 10.0 10.0 22.0 22.0 5.656854249492381 5.656854249492381 0.25712973861329 0.0 18.0 0.0 20.0 0.0 22.0 0.0 24.0 0.0 26.0 0.0
53 17 1 6.229579899999862 3.126917400000025 0.0 9.356497299999887 9.043500999999821 16.28070099999968 4.102944374999922 569.1484375 563.76953125 73 73 1.0 0 44 44 False 0 0 False 1.6590909090909092 1.6590909090909092 0.9869657947038658 0.9869657947038658 0.5948834926982205 0.5948834926982205 1.0 1.0 1.0 1.0 1.0 1.0 2.0 2.0 6.0 6.0 0 0.0 0 0.0 2.512314710901396 2.1908902300206643 4.896427268938036 0 0 0.0 0.0 0.0 0.0 0.0 0.0 0.0 0.0 0.0 0.0 0.0 0.0 0.0 0.0 0.0 0.0 4 11.0 2.309401076758503 0.20994555243259116 9.0 9.0 11.0 13.0 13.0 18.25 18.25 4.9916597106239795 4.9916597106239795 0.27351560058213586 0.0 14.0 0.0 14.75 0.0 17.0 0.0 20.5 0.0 25.0 0.0
54 18 3 1.1512386999999649 0.7999144000000911 0.0 1.951153100000056 1.951153100000056 1.951153100000056 1.951153100000056 524.88671875 518.79296875 20 20 1.0 20 1 0 False 0 0 False 1.0 1.0 0.0 0.0 0.0 0.0 0.0 0.0 0.0 0.0 0.0 0.0 0.0 0.0 0.0 0.0 0 0.0 0 0.0 0.0 0.0 0.0 1 1 1.0 0.0 0.0 1.0 1.0 1.0 1.0 1.0 20.0 0.0 0.0 20.0 20.0 20.0 20.0 20.0 1 1.0 0.0 0.0 0.0 0.0 0.0 0.0 0.0 1.0 1.0 0.0 0.0 0.0 0.0 0.0 0.0 0.0 0.0 0.0 0.0 0.0 0.0 0.0 0.0
55 18 2 2.9820893000002684 2.5050224999999955 0.0 5.487111800000264 5.789801900000214 7.43826490000032 3.733508600000164 558.05859375 551.1953125 44 44 1.0 44 20 20 False 0 0 False 2.2 2.2 2.0925934551223877 2.0925934551223877 0.9511788432374488 0.9511788432374488 1.0 1.0 1.0 1.0 2.0 2.0 2.0 2.0 10.0 10.0 0 0.0 0 0.0 5.5973207876626105 0.0 2.309401076758503 2 2 1.0 0.0 0.0 1.0 1.0 1.0 1.0 1.0 22.0 5.656854249492381 0.25712973861329 18.0 20.0 22.0 24.0 26.0 2 10.0 0.0 0.0 10.0 10.0 10.0 10.0 10.0 22.0 22.0 5.656854249492381 5.656854249492381 0.25712973861329 0.0 18.0 0.0 20.0 0.0 22.0 0.0 24.0 0.0 26.0 0.0
56 18 1 6.438027900000236 3.1592751999999678 0.0 9.597303100000204 9.580174800000236 17.035568000000524 4.291797275000135 577.7890625 572.48046875 75 75 1.0 0 44 44 False 0 0 False 1.7045454545454546 1.7045454545454546 1.1529445710581 1.1529445710581 0.6763941483540854 0.6763941483540854 1.0 1.0 1.0 1.0 1.0 1.0 2.0 2.0 6.0 6.0 0 0.0 0 0.0 2.2612779791908713 2.1908902300206643 4.046603514059662 0 0 0.0 0.0 0.0 0.0 0.0 0.0 0.0 0.0 0.0 0.0 0.0 0.0 0.0 0.0 0.0 0.0 4 11.0 2.309401076758503 0.20994555243259116 9.0 9.0 11.0 13.0 13.0 18.75 18.75 4.924428900898052 4.924428900898052 0.2626362080478961 0.0 13.0 0.0 16.75 0.0 18.5 0.0 20.5 0.0 25.0 0.0
57 19 3 1.1378323000001274 0.7249507000000222 0.0 1.8627830000001495 1.8627830000001495 1.8627830000001495 1.8627830000001495 548.91015625 540.8671875 20 20 1.0 20 1 0 False 0 0 False 1.0 1.0 0.0 0.0 0.0 0.0 0.0 0.0 0.0 0.0 0.0 0.0 0.0 0.0 0.0 0.0 0 0.0 0 0.0 0.0 0.0 0.0 1 1 1.0 0.0 0.0 1.0 1.0 1.0 1.0 1.0 20.0 0.0 0.0 20.0 20.0 20.0 20.0 20.0 1 1.0 0.0 0.0 0.0 0.0 0.0 0.0 0.0 1.0 1.0 0.0 0.0 0.0 0.0 0.0 0.0 0.0 0.0 0.0 0.0 0.0 0.0 0.0 0.0
58 19 2 2.9280262000000903 1.827075099999945 0.0 4.755101300000035 4.9801620000002345 6.617884300000185 3.323283000000089 570.49609375 564.3046875 44 44 1.0 44 20 20 False 0 0 False 2.2 2.2 2.117595458607661 2.117595458607661 0.9625433902762094 0.9625433902762094 1.0 1.0 1.0 1.0 1.5 1.5 2.25 2.25 10.0 10.0 0 0.0 0 0.0 5.840376700179534 0.0 2.309401076758503 2 2 1.0 0.0 0.0 1.0 1.0 1.0 1.0 1.0 22.0 5.656854249492381 0.25712973861329 18.0 20.0 22.0 24.0 26.0 2 10.0 0.0 0.0 10.0 10.0 10.0 10.0 10.0 22.0 22.0 5.656854249492381 5.656854249492381 0.25712973861329 0.0 18.0 0.0 20.0 0.0 22.0 0.0 24.0 0.0 26.0 0.0
59 19 1 6.204756499999917 2.2086710000002654 0.0 8.413427500000182 7.951530400000138 15.031311800000367 3.791045125000096 586.73828125 583.70703125 73 73 1.0 0 44 44 False 0 0 False 1.6590909090909092 1.6590909090909092 1.098480595846061 1.098480595846061 0.6620978933866669 0.6620978933866669 1.0 1.0 1.0 1.0 1.0 1.0 2.0 2.0 6.0 6.0 0 0.0 0 0.0 1.976815516626895 2.1908902300206643 3.602082730865575 0 0 0.0 0.0 0.0 0.0 0.0 0.0 0.0 0.0 0.0 0.0 0.0 0.0 0.0 0.0 0.0 0.0 4 11.0 2.309401076758503 0.20994555243259116 9.0 9.0 11.0 13.0 13.0 18.25 18.25 4.645786621588784 4.645786621588784 0.25456365049801555 0.0 12.0 0.0 16.5 0.0 19.0 0.0 20.75 0.0 23.0 0.0
60 20 3 1.1422115000000304 0.8120342999999366 0.0 1.954245799999967 1.954245799999967 1.954245799999967 1.954245799999967 562.55078125 554.4765625 20 20 1.0 20 1 0 False 0 0 False 1.0 1.0 0.0 0.0 0.0 0.0 0.0 0.0 0.0 0.0 0.0 0.0 0.0 0.0 0.0 0.0 0 0.0 0 0.0 0.0 0.0 0.0 1 1 1.0 0.0 0.0 1.0 1.0 1.0 1.0 1.0 20.0 0.0 0.0 20.0 20.0 20.0 20.0 20.0 1 1.0 0.0 0.0 0.0 0.0 0.0 0.0 0.0 1.0 1.0 0.0 0.0 0.0 0.0 0.0 0.0 0.0 0.0 0.0 0.0 0.0 0.0 0.0 0.0
61 20 2 2.92134950000019 1.93627900000007 0.0 4.85762850000026 4.664068800000166 6.811874300000227 3.4204119500001013 586.07421875 578.578125 44 44 1.0 44 20 20 False 0 0 False 2.2 2.2 2.117595458607661 2.117595458607661 0.9625433902762094 0.9625433902762094 1.0 1.0 1.0 1.0 1.5 1.5 2.25 2.25 10.0 10.0 0 0.0 0 0.0 5.598214000911361 0.0 1.7320508075688772 2 2 1.0 0.0 0.0 1.0 1.0 1.0 1.0 1.0 22.0 4.242640687119285 0.1928473039599675 19.0 20.5 22.0 23.5 25.0 2 10.0 0.0 0.0 10.0 10.0 10.0 10.0 10.0 22.0 22.0 4.242640687119285 4.242640687119285 0.1928473039599675 0.0 19.0 0.0 20.5 0.0 22.0 0.0 23.5 0.0 25.0 0.0
62 20 1 5.9845092999999565 2.205079099999921 0.0 8.189588399999877 7.455148000000065 15.001462700000104 3.783224950000019 598.83984375 596.91015625 71 71 1.0 0 44 44 False 0 0 False 1.6136363636363635 1.6136363636363635 0.9933712646058416 0.9933712646058416 0.6156103611641836 0.6156103611641836 1.0 1.0 1.0 1.0 1.0 1.0 2.0 2.0 6.0 6.0 0 0.0 0 0.0 2.043370150082441 1.4832396974191326 3.4892692644735805 0 0 0.0 0.0 0.0 0.0 0.0 0.0 0.0 0.0 0.0 0.0 0.0 0.0 0.0 0.0 0.0 0.0 4 11.0 1.8257418583505538 0.16597653257732306 9.0 9.75 11.0 12.25 13.0 17.75 17.75 4.349329450233296 4.349329450233296 0.24503264508356598 0.0 12.0 0.0 15.75 0.0 18.5 0.0 20.5 0.0 22.0 0.0
63 21 3 1.1520191999999838 0.7554786000000604 0.0 1.9074978000000442 1.9074978000000442 1.9074978000000442 1.9074978000000442 576.63671875 568.8515625 20 20 1.0 20 1 0 False 0 0 False 1.0 1.0 0.0 0.0 0.0 0.0 0.0 0.0 0.0 0.0 0.0 0.0 0.0 0.0 0.0 0.0 0 0.0 0 0.0 0.0 0.0 0.0 1 1 1.0 0.0 0.0 1.0 1.0 1.0 1.0 1.0 20.0 0.0 0.0 20.0 20.0 20.0 20.0 20.0 1 1.0 0.0 0.0 0.0 0.0 0.0 0.0 0.0 1.0 1.0 0.0 0.0 0.0 0.0 0.0 0.0 0.0 0.0 0.0 0.0 0.0 0.0 0.0 0.0
64 21 2 2.91638579999983 6.272089400000084 0.0 9.188475199999914 10.47101720000012 11.095972999999958 5.562450150000018 611.58203125 613.09375 42 42 1.0 42 20 20 False 0 0 False 2.1 2.1 2.125038699338017 2.125038699338017 1.0119231901609604 1.0119231901609604 1.0 1.0 1.0 1.0 1.0 1.0 2.0 2.0 10.0 10.0 0 0.0 0 0.0 7.596380717157348 0.0 5.773502691896258 2 2 1.0 0.0 0.0 1.0 1.0 1.0 1.0 1.0 21.0 14.142135623730951 0.6734350297014738 11.0 16.0 21.0 26.0 31.0 2 10.0 0.0 0.0 10.0 10.0 10.0 10.0 10.0 21.0 21.0 14.142135623730951 14.142135623730951 0.6734350297014738 0.0 11.0 0.0 16.0 0.0 21.0 0.0 26.0 0.0 31.0 0.0
65 21 1 6.467624999999373 8.533676899999818 0.0 15.001301899999191 15.435460599999885 26.09727489999915 6.557382724999783 637.48828125 635.71875 71 71 1.0 0 42 42 False 0 0 False 1.6904761904761905 1.6904761904761905 0.9750070728472726 0.9750070728472726 0.5767647473181049 0.5767647473181049 1.0 1.0 1.0 1.0 1.0 1.0 2.0 2.0 6.0 6.0 0 0.0 0 0.0 3.0938794331857773 5.300943312279429 11.686530708469473 0 0 0.0 0.0 0.0 0.0 0.0 0.0 0.0 0.0 0.0 0.0 0.0 0.0 0.0 0.0 0.0 0.0 4 10.5 5.802298395176403 0.5525998471596575 5.0 5.75 10.5 15.25 16.0 17.75 17.75 12.419742348374221 12.419742348374221 0.699703794274604 0.0 7.0 0.0 7.0 0.0 17.5 0.0 28.25 0.0 29.0 0.0
66 22 3 1.144291499999781 0.6382118999998738 0.0 1.782503399999655 1.782503399999655 1.782503399999655 1.782503399999655 590.7421875 583.93359375 20 20 1.0 20 1 0 False 0 0 False 1.0 1.0 0.0 0.0 0.0 0.0 0.0 0.0 0.0 0.0 0.0 0.0 0.0 0.0 0.0 0.0 0 0.0 0 0.0 0.0 0.0 0.0 1 1 1.0 0.0 0.0 1.0 1.0 1.0 1.0 1.0 20.0 0.0 0.0 20.0 20.0 20.0 20.0 20.0 1 1.0 0.0 0.0 0.0 0.0 0.0 0.0 0.0 1.0 1.0 0.0 0.0 0.0 0.0 0.0 0.0 0.0 0.0 0.0 0.0 0.0 0.0 0.0 0.0
67 22 2 2.947415300000216 1.3545473000004904 0.0 4.3019626000007065 4.158581799999979 6.084466000000361 3.0566885000001207 616.1953125 609.0078125 44 44 1.0 44 20 20 False 0 0 False 2.2 2.2 2.0925934551223877 2.0925934551223877 0.9511788432374488 0.9511788432374488 1.0 1.0 1.0 1.0 1.5 1.5 2.25 2.25 10.0 10.0 0 0.0 0 0.0 5.095095681142798 0.0 1.1547005383792515 2 2 1.0 0.0 0.0 1.0 1.0 1.0 1.0 1.0 22.0 2.8284271247461903 0.128564869306645 20.0 21.0 22.0 23.0 24.0 2 10.0 0.0 0.0 10.0 10.0 10.0 10.0 10.0 22.0 22.0 2.8284271247461903 2.8284271247461903 0.128564869306645 0.0 20.0 0.0 21.0 0.0 22.0 0.0 23.0 0.0 24.0 0.0
68 22 1 6.228040599999872 2.748967400000083 0.0 8.977007999999955 7.77950219999957 15.061474000000317 3.8947834500000056 632.66796875 626.921875 73 73 1.0 0 44 44 False 0 0 False 1.6590909090909092 1.6590909090909092 0.9631146619216513 0.9631146619216513 0.5805074674596254 0.5805074674596254 1.0 1.0 1.0 1.0 1.0 1.0 2.0 2.0 6.0 6.0 0 0.0 0 0.0 2.806012950377446 1.0954451150103321 3.843826218756514 0 0 0.0 0.0 0.0 0.0 0.0 0.0 0.0 0.0 0.0 0.0 0.0 0.0 0.0 0.0 0.0 0.0 4 11.0 1.1547005383792515 0.10497277621629558 10.0 10.0 11.0 12.0 12.0 18.25 18.25 4.031128874149275 4.031128874149275 0.22088377392598765 0.0 15.0 0.0 15.75 0.0 17.0 0.0 19.5 0.0 24.0 0.0
69 23 3 1.136238999999705 0.6936884999996664 0.0 1.8299274999993713 1.8299274999993713 1.8299274999993713 1.8299274999993713 606.9375 599.55078125 20 20 1.0 20 1 0 False 0 0 False 1.0 1.0 0.0 0.0 0.0 0.0 0.0 0.0 0.0 0.0 0.0 0.0 0.0 0.0 0.0 0.0 0 0.0 0 0.0 0.0 0.0 0.0 1 1 1.0 0.0 0.0 1.0 1.0 1.0 1.0 1.0 20.0 0.0 0.0 20.0 20.0 20.0 20.0 20.0 1 1.0 0.0 0.0 0.0 0.0 0.0 0.0 0.0 1.0 1.0 0.0 0.0 0.0 0.0 0.0 0.0 0.0 0.0 0.0 0.0 0.0 0.0 0.0 0.0
70 23 2 2.924098699999945 1.5619318000002522 0.0 4.486030500000197 4.1376819999997 6.3159579999995685 3.172361949999811 626.7578125 622.90234375 44 44 1.0 44 20 20 False 0 0 False 2.2 2.2 2.0925934551223877 2.0925934551223877 0.9511788432374488 0.9511788432374488 1.0 1.0 1.0 1.0 1.5 1.5 2.25 2.25 10.0 10.0 0 0.0 0 0.0 4.972926703662542 0.0 1.1547005383792515 2 2 1.0 0.0 0.0 1.0 1.0 1.0 1.0 1.0 22.0 2.8284271247461903 0.128564869306645 20.0 21.0 22.0 23.0 24.0 2 10.0 0.0 0.0 10.0 10.0 10.0 10.0 10.0 22.0 22.0 2.8284271247461903 2.8284271247461903 0.128564869306645 0.0 20.0 0.0 21.0 0.0 22.0 0.0 23.0 0.0 24.0 0.0
71 23 1 6.224076399999831 2.9156813000003012 0.0 9.139757700000132 7.907983699999818 15.4557156999997 3.8971168500000033 643.6796875 637.58984375 73 73 1.0 0 44 44 False 0 0 False 1.6590909090909092 1.6590909090909092 1.0102539818394234 1.0102539818394234 0.6089202082319812 0.6089202082319812 1.0 1.0 1.0 1.0 1.0 1.0 2.0 2.0 6.0 6.0 0 0.0 0 0.0 2.927807334017038 1.0954451150103321 3.843826218756514 0 0 0.0 0.0 0.0 0.0 0.0 0.0 0.0 0.0 0.0 0.0 0.0 0.0 0.0 0.0 0.0 0.0 4 11.0 1.1547005383792515 0.10497277621629558 10.0 10.0 11.0 12.0 12.0 18.25 18.25 4.031128874149275 4.031128874149275 0.22088377392598765 0.0 15.0 0.0 15.75 0.0 17.0 0.0 19.5 0.0 24.0 0.0
72 24 3 1.1494215999998687 0.620517299999733 0.0 1.7699388999996017 1.7699388999996017 1.7699388999996017 1.7699388999996017 617.125 609.5625 20 20 1.0 20 1 0 False 0 0 False 1.0 1.0 0.0 0.0 0.0 0.0 0.0 0.0 0.0 0.0 0.0 0.0 0.0 0.0 0.0 0.0 0 0.0 0 0.0 0.0 0.0 0.0 1 1 1.0 0.0 0.0 1.0 1.0 1.0 1.0 1.0 20.0 0.0 0.0 20.0 20.0 20.0 20.0 20.0 1 1.0 0.0 0.0 0.0 0.0 0.0 0.0 0.0 1.0 1.0 0.0 0.0 0.0 0.0 0.0 0.0 0.0 0.0 0.0 0.0 0.0 0.0 0.0 0.0
73 24 2 2.9247203999996145 1.7271776999999702 0.0 4.651898099999585 4.452659099999323 6.4218369999991864 3.2255071499996006 638.56640625 635.03125 44 44 1.0 44 20 20 False 0 0 False 2.2 2.2 2.117595458607661 2.117595458607661 0.9625433902762094 0.9625433902762094 1.0 1.0 1.0 1.0 1.5 1.5 2.25 2.25 10.0 10.0 0 0.0 0 0.0 5.244997616777342 0.0 1.1547005383792515 2 2 1.0 0.0 0.0 1.0 1.0 1.0 1.0 1.0 22.0 2.8284271247461903 0.128564869306645 20.0 21.0 22.0 23.0 24.0 2 10.0 0.0 0.0 10.0 10.0 10.0 10.0 10.0 22.0 22.0 2.8284271247461903 2.8284271247461903 0.128564869306645 0.0 20.0 0.0 21.0 0.0 22.0 0.0 23.0 0.0 24.0 0.0
74 24 1 6.233115599999792 2.80769529999975 0.0 9.040810899999542 8.102487699999074 15.462647899998728 3.8987535999996794 658.2109375 652.18359375 73 73 1.0 0 44 44 False 0 0 False 1.6590909090909092 1.6590909090909092 0.9631146619216513 0.9631146619216513 0.5805074674596254 0.5805074674596254 1.0 1.0 1.0 1.0 1.0 1.0 2.0 2.0 6.0 6.0 0 0.0 0 0.0 3.1254338541808067 1.0954451150103321 3.843826218756514 0 0 0.0 0.0 0.0 0.0 0.0 0.0 0.0 0.0 0.0 0.0 0.0 0.0 0.0 0.0 0.0 0.0 4 11.0 1.1547005383792515 0.10497277621629558 10.0 10.0 11.0 12.0 12.0 18.25 18.25 4.031128874149275 4.031128874149275 0.22088377392598765 0.0 15.0 0.0 15.75 0.0 17.0 0.0 19.5 0.0 24.0 0.0
75 25 3 1.1503812999999354 0.673049800000399 0.0 1.8234311000003345 1.8234311000003345 1.8234311000003345 1.8234311000003345 630.24609375 622.7109375 20 20 1.0 20 1 0 False 0 0 False 1.0 1.0 0.0 0.0 0.0 0.0 0.0 0.0 0.0 0.0 0.0 0.0 0.0 0.0 0.0 0.0 0 0.0 0 0.0 0.0 0.0 0.0 1 1 1.0 0.0 0.0 1.0 1.0 1.0 1.0 1.0 20.0 0.0 0.0 20.0 20.0 20.0 20.0 20.0 1 1.0 0.0 0.0 0.0 0.0 0.0 0.0 0.0 1.0 1.0 0.0 0.0 0.0 0.0 0.0 0.0 0.0 0.0 0.0 0.0 0.0 0.0 0.0 0.0
76 25 2 2.978886300000113 2.8223035000003165 0.0 5.801189800000429 5.697214000000486 7.624620900000764 3.826840750000372 654.3515625 649.15234375 44 44 1.0 44 20 20 False 0 0 False 2.2 2.2 2.117595458607661 2.117595458607661 0.9625433902762094 0.9625433902762094 1.0 1.0 1.0 1.0 1.0 1.0 3.0 3.0 10.0 10.0 0 0.0 0 0.0 6.0016664352494615 0.0 2.309401076758503 2 2 1.0 0.0 0.0 1.0 1.0 1.0 1.0 1.0 22.0 5.656854249492381 0.25712973861329 18.0 20.0 22.0 24.0 26.0 2 10.0 0.0 0.0 10.0 10.0 10.0 10.0 10.0 22.0 22.0 5.656854249492381 5.656854249492381 0.25712973861329 0.0 18.0 0.0 20.0 0.0 22.0 0.0 24.0 0.0 26.0 0.0
77 25 1 6.231153100000142 2.816692699999976 0.0 9.047845800000118 9.425655900000606 16.672466700000882 4.20141005000022 674.2890625 669.17578125 73 73 1.0 0 44 44 False 0 0 False 1.6590909090909092 1.6590909090909092 1.0102539818394234 1.0102539818394234 0.6089202082319812 0.6089202082319812 1.0 1.0 1.0 1.0 1.0 1.0 2.0 2.0 6.0 6.0 0 0.0 0 0.0 2.590261083238297 2.1908902300206643 4.896427268938036 0 0 0.0 0.0 0.0 0.0 0.0 0.0 0.0 0.0 0.0 0.0 0.0 0.0 0.0 0.0 0.0 0.0 4 11.0 2.309401076758503 0.20994555243259116 9.0 9.0 11.0 13.0 13.0 18.25 18.25 4.9916597106239795 4.9916597106239795 0.27351560058213586 0.0 14.0 0.0 14.75 0.0 17.0 0.0 20.5 0.0 25.0 0.0
78 26 3 1.1358741000004784 0.7947168999997984 0.0 1.9305910000002768 1.9305910000002768 1.9305910000002768 1.9305910000002768 643.53125 636.0078125 20 20 1.0 20 1 0 False 0 0 False 1.0 1.0 0.0 0.0 0.0 0.0 0.0 0.0 0.0 0.0 0.0 0.0 0.0 0.0 0.0 0.0 0 0.0 0 0.0 0.0 0.0 0.0 1 1 1.0 0.0 0.0 1.0 1.0 1.0 1.0 1.0 20.0 0.0 0.0 20.0 20.0 20.0 20.0 20.0 1 1.0 0.0 0.0 0.0 0.0 0.0 0.0 0.0 1.0 1.0 0.0 0.0 0.0 0.0 0.0 0.0 0.0 0.0 0.0 0.0 0.0 0.0 0.0 0.0
79 26 2 2.9107342000000926 10.72473570000011 0.0 13.635469900000203 14.943565700000363 15.56606090000048 7.797336100000223 681.796875 684.00390625 42 42 1.0 42 20 20 False 0 0 False 2.1 2.1 2.2219005615155596 2.2219005615155596 1.0580478864359808 1.0580478864359808 1.0 1.0 1.0 1.0 1.0 1.0 2.0 2.0 10.0 10.0 0 0.0 0 0.0 8.132342835862246 0.0 5.773502691896258 2 2 1.0 0.0 0.0 1.0 1.0 1.0 1.0 1.0 21.0 14.142135623730951 0.6734350297014738 11.0 16.0 21.0 26.0 31.0 2 10.0 0.0 0.0 10.0 10.0 10.0 10.0 10.0 21.0 21.0 14.142135623730951 14.142135623730951 0.6734350297014738 0.0 11.0 0.0 16.0 0.0 21.0 0.0 26.0 0.0 31.0 0.0
80 26 1 6.194123800000284 8.321223999999916 0.0 14.5153478000002 18.525904600000217 30.08140870000068 7.553397875000172 709.9609375 707.86328125 69 69 1.0 0 42 42 False 0 0 False 1.6428571428571428 1.6428571428571428 0.9581849857407257 0.9581849857407257 0.5832430347987027 0.5832430347987027 1.0 1.0 1.0 1.0 1.0 1.0 2.0 2.0 6.0 6.0 0 0.0 0 0.0 2.4604006642356917 5.300943312279429 10.792358407688283 0 0 0.0 0.0 0.0 0.0 0.0 0.0 0.0 0.0 0.0 0.0 0.0 0.0 0.0 0.0 0.0 0.0 4 10.5 5.802298395176403 0.5525998471596575 5.0 5.75 10.5 15.25 16.0 17.25 17.25 11.926860441876563 11.926860441876563 0.6914121995290762 0.0 6.0 0.0 7.5 0.0 17.0 0.0 26.75 0.0 29.0 0.0
81 27 3 1.1396486999998388 0.8056669999998576 0.0 1.9453156999996963 1.9453156999996963 1.9453156999996963 1.9453156999996963 662.2421875 654.828125 20 20 1.0 20 1 0 False 0 0 False 1.0 1.0 0.0 0.0 0.0 0.0 0.0 0.0 0.0 0.0 0.0 0.0 0.0 0.0 0.0 0.0 0 0.0 0 0.0 0.0 0.0 0.0 1 1 1.0 0.0 0.0 1.0 1.0 1.0 1.0 1.0 20.0 0.0 0.0 20.0 20.0 20.0 20.0 20.0 1 1.0 0.0 0.0 0.0 0.0 0.0 0.0 0.0 1.0 1.0 0.0 0.0 0.0 0.0 0.0 0.0 0.0 0.0 0.0 0.0 0.0 0.0 0.0 0.0
82 27 2 2.926907099999994 1.8763285999999653 0.0 4.803235699999959 4.730082099999663 6.748551399999656 3.3887806499998305 686.8359375 679.78125 44 44 1.0 44 20 20 False 0 0 False 2.2 2.2 2.117595458607661 2.117595458607661 0.9625433902762094 0.9625433902762094 1.0 1.0 1.0 1.0 1.0 1.0 3.0 3.0 10.0 10.0 0 0.0 0 0.0 5.347896782848373 0.0 1.7320508075688772 2 2 1.0 0.0 0.0 1.0 1.0 1.0 1.0 1.0 22.0 4.242640687119285 0.1928473039599675 19.0 20.5 22.0 23.5 25.0 2 10.0 0.0 0.0 10.0 10.0 10.0 10.0 10.0 22.0 22.0 4.242640687119285 4.242640687119285 0.1928473039599675 0.0 19.0 0.0 20.5 0.0 22.0 0.0 23.5 0.0 25.0 0.0
83 27 1 6.244743199999903 3.4184703000001946 0.0 9.663213500000097 8.940990099999453 16.411764899999753 4.136377824999926 702.05859375 697.72265625 73 73 1.0 0 44 44 False 0 0 False 1.6590909090909092 1.6590909090909092 0.9386576714124697 0.9386576714124697 0.5657662677006666 0.5657662677006666 1.0 1.0 1.0 1.0 1.0 1.0 2.0 2.0 6.0 6.0 0 0.0 0 0.0 2.4473273497889054 1.4832396974191326 4.263214749458442 0 0 0.0 0.0 0.0 0.0 0.0 0.0 0.0 0.0 0.0 0.0 0.0 0.0 0.0 0.0 0.0 0.0 4 11.0 1.8257418583505538 0.16597653257732306 9.0 9.75 11.0 12.25 13.0 18.25 18.25 5.057996968497839 5.057996968497839 0.2771505188217994 0.0 12.0 0.0 15.75 0.0 18.5 0.0 21.0 0.0 24.0 0.0
84 28 3 1.1510738999999148 0.8158763000000135 0.0 1.9669501999999284 1.9669501999999284 1.9669501999999284 1.9669501999999284 674.19921875 666.5546875 20 20 1.0 20 1 0 False 0 0 False 1.0 1.0 0.0 0.0 0.0 0.0 0.0 0.0 0.0 0.0 0.0 0.0 0.0 0.0 0.0 0.0 0 0.0 0 0.0 0.0 0.0 0.0 1 1 1.0 0.0 0.0 1.0 1.0 1.0 1.0 1.0 20.0 0.0 0.0 20.0 20.0 20.0 20.0 20.0 1 1.0 0.0 0.0 0.0 0.0 0.0 0.0 0.0 1.0 1.0 0.0 0.0 0.0 0.0 0.0 0.0 0.0 0.0 0.0 0.0 0.0 0.0 0.0 0.0
85 28 2 2.9814097000001993 2.9151704999998174 0.0 5.896580200000017 6.752371499999867 7.863530399999945 3.946161699999948 701.47265625 695.29296875 44 44 1.0 44 20 20 False 0 0 False 2.2 2.2 2.015727634065883 2.015727634065883 0.9162398336663103 0.9162398336663103 1.0 1.0 1.0 1.0 2.0 2.0 3.0 3.0 10.0 10.0 0 0.0 0 0.0 6.334824385884741 0.0 3.4641016151377544 2 2 1.0 0.0 0.0 1.0 1.0 1.0 1.0 1.0 22.0 8.48528137423857 0.385694607919935 16.0 19.0 22.0 25.0 28.0 2 10.0 0.0 0.0 10.0 10.0 10.0 10.0 10.0 22.0 22.0 8.48528137423857 8.48528137423857 0.385694607919935 0.0 16.0 0.0 19.0 0.0 22.0 0.0 25.0 0.0 28.0 0.0
86 28 1 6.366639500000133 5.710455400000001 0.0 12.077094900000134 11.6300794 19.94062530000008 5.018254849999948 726.08203125 721.5078125 73 73 1.0 0 44 44 False 0 0 False 1.6590909090909092 1.6590909090909092 1.0330172969168459 1.0330172969168459 0.6226405625252222 0.6226405625252222 1.0 1.0 1.0 1.0 1.0 1.0 2.0 2.0 6.0 6.0 0 0.0 0 0.0 3.5064506671264772 3.286335345030997 8.085480814398114 0 0 0.0 0.0 0.0 0.0 0.0 0.0 0.0 0.0 0.0 0.0 0.0 0.0 0.0 0.0 0.0 0.0 4 11.0 3.4641016151377544 0.31491832864888675 8.0 8.0 11.0 14.0 14.0 18.25 18.25 8.05708797684788 8.05708797684788 0.44148427270399343 0.0 10.0 0.0 12.25 0.0 18.0 0.0 24.0 0.0 27.0 0.0
87 29 3 1.150746699999786 0.7209847999998829 0.0 1.8717314999996688 1.8717314999996688 1.8717314999996688 1.8717314999996688 685.83203125 678.33203125 20 20 1.0 20 1 0 False 0 0 False 1.0 1.0 0.0 0.0 0.0 0.0 0.0 0.0 0.0 0.0 0.0 0.0 0.0 0.0 0.0 0.0 0 0.0 0 0.0 0.0 0.0 0.0 1 1 1.0 0.0 0.0 1.0 1.0 1.0 1.0 1.0 20.0 0.0 0.0 20.0 20.0 20.0 20.0 20.0 1 1.0 0.0 0.0 0.0 0.0 0.0 0.0 0.0 1.0 1.0 0.0 0.0 0.0 0.0 0.0 0.0 0.0 0.0 0.0 0.0 0.0 0.0 0.0 0.0
88 29 2 2.9330558000004885 1.399725600000238 0.0 4.3327814000007265 4.176463799999738 6.204512900000395 3.1164641000002007 710.5234375 707.1953125 44 44 1.0 44 20 20 False 0 0 False 2.2 2.2 2.142305693455191 2.142305693455191 0.9737753152069049 0.9737753152069049 1.0 1.0 1.0 1.0 1.5 1.5 2.0 2.0 10.0 10.0 0 0.0 0 0.0 5.043808085167396 0.0 1.1547005383792515 2 2 1.0 0.0 0.0 1.0 1.0 1.0 1.0 1.0 22.0 2.8284271247461903 0.128564869306645 20.0 21.0 22.0 23.0 24.0 2 10.0 0.0 0.0 10.0 10.0 10.0 10.0 10.0 22.0 22.0 2.8284271247461903 2.8284271247461903 0.128564869306645 0.0 20.0 0.0 21.0 0.0 22.0 0.0 23.0 0.0 24.0 0.0
89 29 1 6.222182699999848 2.597165299999574 0.0 8.819347999999422 7.612830399999098 15.023860899999818 3.7889805749999823 726.81640625 721.109375 73 73 1.0 0 44 44 False 0 0 False 1.6590909090909092 1.6590909090909092 0.9631146619216513 0.9631146619216513 0.5805074674596254 0.5805074674596254 1.0 1.0 1.0 1.0 1.0 1.0 2.0 2.0 6.0 6.0 0 0.0 0 0.0 3.011642354168482 1.0954451150103321 3.843826218756514 0 0 0.0 0.0 0.0 0.0 0.0 0.0 0.0 0.0 0.0 0.0 0.0 0.0 0.0 0.0 0.0 0.0 4 11.0 1.1547005383792515 0.10497277621629558 10.0 10.0 11.0 12.0 12.0 18.25 18.25 4.031128874149275 4.031128874149275 0.22088377392598765 0.0 15.0 0.0 15.75 0.0 17.0 0.0 19.5 0.0 24.0 0.0
90 30 3 1.1418281999999635 0.8346804000000247 0.0 1.9765085999999883 1.9765085999999883 1.9765085999999883 1.9765085999999883 699.28515625 691.69921875 20 20 1.0 20 1 0 False 0 0 False 1.0 1.0 0.0 0.0 0.0 0.0 0.0 0.0 0.0 0.0 0.0 0.0 0.0 0.0 0.0 0.0 0 0.0 0 0.0 0.0 0.0 0.0 1 1 1.0 0.0 0.0 1.0 1.0 1.0 1.0 1.0 20.0 0.0 0.0 20.0 20.0 20.0 20.0 20.0 1 1.0 0.0 0.0 0.0 0.0 0.0 0.0 0.0 1.0 1.0 0.0 0.0 0.0 0.0 0.0 0.0 0.0 0.0 0.0 0.0 0.0 0.0 0.0 0.0
91 30 2 2.9126523999996152 11.781041500000015 0.0 14.69369389999963 16.049197699999695 16.67020249999962 8.349486699999773 740.296875 743.109375 42 42 1.0 42 20 20 False 0 0 False 2.1 2.1 2.125038699338017 2.125038699338017 1.0119231901609604 1.0119231901609604 1.0 1.0 1.0 1.0 1.0 1.0 2.0 2.0 10.0 10.0 0 0.0 0 0.0 7.827196177431608 0.0 5.773502691896258 2 2 1.0 0.0 0.0 1.0 1.0 1.0 1.0 1.0 21.0 14.142135623730951 0.6734350297014738 11.0 16.0 21.0 26.0 31.0 2 10.0 0.0 0.0 10.0 10.0 10.0 10.0 10.0 21.0 21.0 14.142135623730951 14.142135623730951 0.6734350297014738 0.0 11.0 0.0 16.0 0.0 21.0 0.0 26.0 0.0 31.0 0.0
92 30 1 6.475072800000021 11.312760900000285 0.0 17.787833700000306 21.158234000000107 34.458036199999924 8.776935399999957 768.2265625 766.48046875 71 71 1.0 0 42 42 False 0 0 False 1.6904761904761905 1.6904761904761905 0.9750070728472726 0.9750070728472726 0.5767647473181049 0.5767647473181049 1.0 1.0 1.0 1.0 1.0 1.0 2.0 2.0 6.0 6.0 0 0.0 0 0.0 3.043073867632857 5.300943312279429 11.509778451386456 0 0 0.0 0.0 0.0 0.0 0.0 0.0 0.0 0.0 0.0 0.0 0.0 0.0 0.0 0.0 0.0 0.0 4 10.5 5.802298395176403 0.5525998471596575 5.0 5.75 10.5 15.25 16.0 17.75 17.75 12.446552400832395 12.446552400832395 0.7012142197652054 0.0 6.0 0.0 7.5 0.0 18.0 0.0 28.25 0.0 29.0 0.0
93 31 3 1.1503982000000406 0.7968607000001384 0.0 1.947258900000179 1.947258900000179 1.947258900000179 1.947258900000179 717.8359375 710.64453125 20 20 1.0 20 1 0 False 0 0 False 1.0 1.0 0.0 0.0 0.0 0.0 0.0 0.0 0.0 0.0 0.0 0.0 0.0 0.0 0.0 0.0 0 0.0 0 0.0 0.0 0.0 0.0 1 1 1.0 0.0 0.0 1.0 1.0 1.0 1.0 1.0 20.0 0.0 0.0 20.0 20.0 20.0 20.0 20.0 1 1.0 0.0 0.0 0.0 0.0 0.0 0.0 0.0 1.0 1.0 0.0 0.0 0.0 0.0 0.0 0.0 0.0 0.0 0.0 0.0 0.0 0.0 0.0 0.0
94 31 2 2.7331864999998743 1.2749383000000307 0.0 4.008124799999905 4.640286100000026 5.955383700000084 2.991783700000042 743.8125 737.6015625 42 42 1.0 42 20 20 False 0 0 False 2.1 2.1 2.125038699338017 2.125038699338017 1.0119231901609604 1.0119231901609604 1.0 1.0 1.0 1.0 1.0 1.0 2.0 2.0 10.0 10.0 0 0.0 0 0.0 6.002915958099029 0.0 2.309401076758503 2 2 1.0 0.0 0.0 1.0 1.0 1.0 1.0 1.0 21.0 5.656854249492381 0.26937401188058957 17.0 19.0 21.0 23.0 25.0 2 10.0 0.0 0.0 10.0 10.0 10.0 10.0 10.0 21.0 21.0 5.656854249492381 5.656854249492381 0.26937401188058957 0.0 17.0 0.0 19.0 0.0 21.0 0.0 23.0 0.0 25.0 0.0
95 31 1 6.38403000000028 3.3743895000001203 0.0 9.7584195000004 7.00284820000013 15.713803200000484 3.961566500000174 767.91796875 762.578125 73 73 1.0 0 42 42 False 0 0 False 1.7380952380952381 1.7380952380952381 1.2699053893993646 1.2699053893993646 0.7306304980105933 0.7306304980105933 1.0 1.0 1.0 1.0 1.0 1.0 2.0 2.0 7.0 7.0 0 0.0 0 0.0 2.7484448980324823 2.0248456731316584 4.719639816765682 0 0 0.0 0.0 0.0 0.0 0.0 0.0 0.0 0.0 0.0 0.0 0.0 0.0 0.0 0.0 0.0 0.0 4 10.5 2.3804761428476167 0.2267120136045349 8.0 8.75 10.5 12.25 13.0 18.25 18.25 6.020797289396148 6.020797289396148 0.32990670078883 0.0 13.0 0.0 13.75 0.0 17.0 0.0 21.5 0.0 26.0 0.0
96 32 3 1.1474255999997922 0.7284184999998615 0.0 1.8758440999996537 1.8758440999996537 1.8758440999996537 1.8758440999996537 732.1875 724.78515625 20 20 1.0 20 1 0 False 0 0 False 1.0 1.0 0.0 0.0 0.0 0.0 0.0 0.0 0.0 0.0 0.0 0.0 0.0 0.0 0.0 0.0 0 0.0 0 0.0 0.0 0.0 0.0 1 1 1.0 0.0 0.0 1.0 1.0 1.0 1.0 1.0 20.0 0.0 0.0 20.0 20.0 20.0 20.0 20.0 1 1.0 0.0 0.0 0.0 0.0 0.0 0.0 0.0 1.0 1.0 0.0 0.0 0.0 0.0 0.0 0.0 0.0 0.0 0.0 0.0 0.0 0.0 0.0 0.0
97 32 2 2.893784700000083 7.61265590000005 0.0 10.506440600000133 11.210811799999647 12.382284699999786 6.206113349999896 764.6875 768.1640625 42 42 1.0 42 20 20 False 0 0 False 2.1 2.1 2.04939015319192 2.04939015319192 0.9759000729485332 0.9759000729485332 1.0 1.0 1.0 1.0 1.5 1.5 2.0 2.0 10.0 10.0 0 0.0 0 0.0 7.327004845091887 0.0 5.773502691896258 2 2 1.0 0.0 0.0 1.0 1.0 1.0 1.0 1.0 21.0 14.142135623730951 0.6734350297014738 11.0 16.0 21.0 26.0 31.0 2 10.0 0.0 0.0 10.0 10.0 10.0 10.0 10.0 21.0 21.0 14.142135623730951 14.142135623730951 0.6734350297014738 0.0 11.0 0.0 16.0 0.0 21.0 0.0 26.0 0.0 31.0 0.0
98 32 1 6.472804499999711 9.711986600000046 0.0 16.184791099999757 16.538799699999345 28.567075799999543 7.174890099999857 792.34765625 791.67578125 71 71 1.0 0 42 42 False 0 0 False 1.6904761904761905 1.6904761904761905 0.9750070728472726 0.9750070728472726 0.5767647473181049 0.5767647473181049 1.0 1.0 1.0 1.0 1.0 1.0 2.0 2.0 6.0 6.0 0 0.0 0 0.0 3.0812105826400344 5.300943312279429 11.686530708469473 0 0 0.0 0.0 0.0 0.0 0.0 0.0 0.0 0.0 0.0 0.0 0.0 0.0 0.0 0.0 0.0 0.0 4 10.5 5.802298395176403 0.5525998471596575 5.0 5.75 10.5 15.25 16.0 17.75 17.75 12.419742348374221 12.419742348374221 0.699703794274604 0.0 7.0 0.0 7.0 0.0 17.5 0.0 28.25 0.0 29.0 0.0
99 33 3 1.1391201999998657 0.844453400000134 0.0 1.9835735999999997 1.9835735999999997 1.9835735999999997 1.9835735999999997 745.3359375 739.83203125 20 20 1.0 20 1 0 False 0 0 False 1.0 1.0 0.0 0.0 0.0 0.0 0.0 0.0 0.0 0.0 0.0 0.0 0.0 0.0 0.0 0.0 0 0.0 0 0.0 0.0 0.0 0.0 1 1 1.0 0.0 0.0 1.0 1.0 1.0 1.0 1.0 20.0 0.0 0.0 20.0 20.0 20.0 20.0 20.0 1 1.0 0.0 0.0 0.0 0.0 0.0 0.0 0.0 1.0 1.0 0.0 0.0 0.0 0.0 0.0 0.0 0.0 0.0 0.0 0.0 0.0 0.0 0.0 0.0
100 33 2 2.94660690000012 1.9389076999999588 0.0 4.885514600000079 5.258523600000103 6.869088200000078 3.4488452000000507 768.0078125 763.19140625 44 44 1.0 44 20 20 False 0 0 False 2.2 2.2 2.015727634065883 2.015727634065883 0.9162398336663103 0.9162398336663103 1.0 1.0 1.0 1.0 2.0 2.0 3.0 3.0 10.0 10.0 0 0.0 0 0.0 5.6736231810017115 0.0 2.309401076758503 2 2 1.0 0.0 0.0 1.0 1.0 1.0 1.0 1.0 22.0 5.656854249492381 0.25712973861329 18.0 20.0 22.0 24.0 26.0 2 10.0 0.0 0.0 10.0 10.0 10.0 10.0 10.0 22.0 22.0 5.656854249492381 5.656854249492381 0.25712973861329 0.0 18.0 0.0 20.0 0.0 22.0 0.0 24.0 0.0 26.0 0.0
101 33 1 6.2121570000000474 2.204329400000347 0.0 8.416486400000394 8.166288100000315 15.285574600000473 3.8544158250001317 783.55078125 782.69140625 73 73 1.0 0 44 44 False 0 0 False 1.6590909090909092 1.6590909090909092 1.0771016625849856 1.0771016625849856 0.6492119610101283 0.6492119610101283 1.0 1.0 1.0 1.0 1.0 1.0 2.0 2.0 6.0 6.0 0 0.0 0 0.0 1.995798789937842 2.1908902300206643 3.2519225083018197 0 0 0.0 0.0 0.0 0.0 0.0 0.0 0.0 0.0 0.0 0.0 0.0 0.0 0.0 0.0 0.0 0.0 4 11.0 2.309401076758503 0.20994555243259116 9.0 9.0 11.0 13.0 13.0 18.25 18.25 4.112987559751022 4.112987559751022 0.2253691813562204 0.0 13.0 0.0 16.75 0.0 18.5 0.0 20.0 0.0 23.0 0.0
102 34 3 1.1618921000000455 0.9574295999998412 0.0 2.1193216999998867 2.1193216999998867 2.1193216999998867 2.1193216999998867 758.1015625 752.04296875 20 20 1.0 20 1 0 False 0 0 False 1.0 1.0 0.0 0.0 0.0 0.0 0.0 0.0 0.0 0.0 0.0 0.0 0.0 0.0 0.0 0.0 0 0.0 0 0.0 0.0 0.0 0.0 1 1 1.0 0.0 0.0 1.0 1.0 1.0 1.0 1.0 20.0 0.0 0.0 20.0 20.0 20.0 20.0 20.0 1 1.0 0.0 0.0 0.0 0.0 0.0 0.0 0.0 1.0 1.0 0.0 0.0 0.0 0.0 0.0 0.0 0.0 0.0 0.0 0.0 0.0 0.0 0.0 0.0
103 34 2 2.881001800000149 4.371520899999723 0.0 7.252522699999872 8.74643449999985 9.371844399999759 4.700264149999896 792.515625 796.16796875 42 42 1.0 42 20 20 False 0 0 False 2.1 2.1 2.125038699338017 2.125038699338017 1.0119231901609604 1.0119231901609604 1.0 1.0 1.0 1.0 1.0 1.0 2.0 2.0 10.0 10.0 0 0.0 0 0.0 7.629875490465095 0.0 5.773502691896258 2 2 1.0 0.0 0.0 1.0 1.0 1.0 1.0 1.0 21.0 14.142135623730951 0.6734350297014738 11.0 16.0 21.0 26.0 31.0 2 10.0 0.0 0.0 10.0 10.0 10.0 10.0 10.0 21.0 21.0 14.142135623730951 14.142135623730951 0.6734350297014738 0.0 11.0 0.0 16.0 0.0 21.0 0.0 26.0 0.0 31.0 0.0
104 34 1 6.169213999999442 8.618724999999927 0.0 14.78793899999937 12.384538399999542 24.159783399999128 6.07322872499978 822.703125 822.25390625 69 69 1.0 0 42 42 False 0 0 False 1.6428571428571428 1.6428571428571428 0.9581849857407257 0.9581849857407257 0.5832430347987027 0.5832430347987027 1.0 1.0 1.0 1.0 1.0 1.0 2.0 2.0 6.0 6.0 0 0.0 0 0.0 2.5653035518092544 5.300943312279429 10.971554128745845 0 0 0.0 0.0 0.0 0.0 0.0 0.0 0.0 0.0 0.0 0.0 0.0 0.0 0.0 0.0 0.0 0.0 4 10.5 5.802298395176403 0.5525998471596575 5.0 5.75 10.5 15.25 16.0 17.25 17.25 11.89887949906769 11.89887949906769 0.689790115887982 0.0 7.0 0.0 7.0 0.0 16.5 0.0 26.75 0.0 29.0 0.0
105 35 3 1.1509645000001 0.7882377000001952 0.0 1.9392022000002953 1.9392022000002953 1.9392022000002953 1.9392022000002953 774.765625 768.82421875 20 20 1.0 20 1 0 False 0 0 False 1.0 1.0 0.0 0.0 0.0 0.0 0.0 0.0 0.0 0.0 0.0 0.0 0.0 0.0 0.0 0.0 0 0.0 0 0.0 0.0 0.0 0.0 1 1 1.0 0.0 0.0 1.0 1.0 1.0 1.0 1.0 20.0 0.0 0.0 20.0 20.0 20.0 20.0 20.0 1 1.0 0.0 0.0 0.0 0.0 0.0 0.0 0.0 1.0 1.0 0.0 0.0 0.0 0.0 0.0 0.0 0.0 0.0 0.0 0.0 0.0 0.0 0.0 0.0
106 35 2 2.935260999999855 1.4666128999997454 0.0 4.4018738999996 4.326103800000055 6.341076099999896 3.185003999999992 795.27734375 792.09375 44 44 1.0 44 20 20 False 0 0 False 2.2 2.2 2.067289096988207 2.067289096988207 0.9396768622673667 0.9396768622673667 1.0 1.0 1.0 1.0 1.5 1.5 3.0 3.0 10.0 10.0 0 0.0 0 0.0 5.064582904840239 0.0 1.1547005383792515 2 2 1.0 0.0 0.0 1.0 1.0 1.0 1.0 1.0 22.0 2.8284271247461903 0.128564869306645 20.0 21.0 22.0 23.0 24.0 2 10.0 0.0 0.0 10.0 10.0 10.0 10.0 10.0 22.0 22.0 2.8284271247461903 2.8284271247461903 0.128564869306645 0.0 20.0 0.0 21.0 0.0 22.0 0.0 23.0 0.0 24.0 0.0
107 35 1 5.964452600000072 2.286250599999903 0.0 8.250703199999975 7.131145699999706 14.591779299999871 3.68087677500003 807.609375 803.81640625 71 71 1.0 0 44 44 False 0 0 False 1.6136363636363635 1.6136363636363635 0.969677699773297 0.969677699773297 0.6009270252116207 0.6009270252116207 1.0 1.0 1.0 1.0 1.0 1.0 2.0 2.0 6.0 6.0 0 0.0 0 0.0 2.437387420583059 1.0954451150103321 3.029026246172192 0 0 0.0 0.0 0.0 0.0 0.0 0.0 0.0 0.0 0.0 0.0 0.0 0.0 0.0 0.0 0.0 0.0 4 11.0 1.1547005383792515 0.10497277621629558 10.0 10.0 11.0 12.0 12.0 17.75 17.75 3.095695936834452 3.095695936834452 0.17440540489208178 0.0 15.0 0.0 15.75 0.0 17.0 0.0 19.0 0.0 22.0 0.0
108 36 3 1.1419036999999435 0.7963799999998855 0.0 1.938283699999829 1.938283699999829 1.938283699999829 1.938283699999829 781.40625 776.59765625 20 20 1.0 20 1 0 False 0 0 False 1.0 1.0 0.0 0.0 0.0 0.0 0.0 0.0 0.0 0.0 0.0 0.0 0.0 0.0 0.0 0.0 0 0.0 0 0.0 0.0 0.0 0.0 1 1 1.0 0.0 0.0 1.0 1.0 1.0 1.0 1.0 20.0 0.0 0.0 20.0 20.0 20.0 20.0 20.0 1 1.0 0.0 0.0 0.0 0.0 0.0 0.0 0.0 1.0 1.0 0.0 0.0 0.0 0.0 0.0 0.0 0.0 0.0 0.0 0.0 0.0 0.0 0.0 0.0
109 36 2 3.0170978999999534 3.8232066999999006 0.0 6.840304599999854 7.8935852999997 8.778588299999683 4.403474499999788 808.26953125 802.6015625 44 44 1.0 44 20 20 False 0 0 False 2.2 2.2 2.117595458607661 2.117595458607661 0.9625433902762094 0.9625433902762094 1.0 1.0 1.0 1.0 1.5 1.5 2.25 2.25 10.0 10.0 0 0.0 0 0.0 7.366138744281157 0.0 4.618802153517006 2 2 1.0 0.0 0.0 1.0 1.0 1.0 1.0 1.0 22.0 11.313708498984761 0.51425947722658 14.0 18.0 22.0 26.0 30.0 2 10.0 0.0 0.0 10.0 10.0 10.0 10.0 10.0 22.0 22.0 11.313708498984761 11.313708498984761 0.51425947722658 0.0 14.0 0.0 18.0 0.0 22.0 0.0 26.0 0.0 30.0 0.0
110 36 1 6.088838499999497 3.4712459999998373 0.0 9.560084499999334 11.385250899999392 18.338672799999017 4.772426949999726 830.640625 830.8125 71 71 1.0 0 44 44 False 0 0 False 1.6136363636363635 1.6136363636363635 0.9204627019188114 0.9204627019188114 0.570427589921517 0.570427589921517 1.0 1.0 1.0 1.0 1.0 1.0 2.0 2.0 6.0 6.0 0 0.0 0 0.0 2.234623768876935 4.381780460041329 8.42466616549285 0 0 0.0 0.0 0.0 0.0 0.0 0.0 0.0 0.0 0.0 0.0 0.0 0.0 0.0 0.0 0.0 0.0 4 11.0 4.618802153517006 0.41989110486518233 7.0 7.0 11.0 15.0 15.0 17.75 17.75 8.5 8.5 0.4788732394366197 0.0 9.0 0.0 11.25 0.0 18.0 0.0 24.5 0.0 26.0 0.0
111 37 3 1.1393881000000192 0.9376348000000689 0.0 2.077022900000088 2.077022900000088 2.077022900000088 2.077022900000088 797.36328125 791.44921875 20 20 1.0 20 1 0 False 0 0 False 1.0 1.0 0.0 0.0 0.0 0.0 0.0 0.0 0.0 0.0 0.0 0.0 0.0 0.0 0.0 0.0 0 0.0 0 0.0 0.0 0.0 0.0 1 1 1.0 0.0 0.0 1.0 1.0 1.0 1.0 1.0 20.0 0.0 0.0 20.0 20.0 20.0 20.0 20.0 1 1.0 0.0 0.0 0.0 0.0 0.0 0.0 0.0 1.0 1.0 0.0 0.0 0.0 0.0 0.0 0.0 0.0 0.0 0.0 0.0 0.0 0.0 0.0 0.0
112 37 2 2.7353607000002285 1.637372100000107 0.0 4.372732800000335 5.088773300000412 6.4497557000004235 3.2389379500002065 818.34765625 814.66015625 42 42 1.0 42 20 20 False 0 0 False 2.1 2.1 2.125038699338017 2.125038699338017 1.0119231901609604 1.0119231901609604 1.0 1.0 1.0 1.0 1.0 1.0 2.0 2.0 10.0 10.0 0 0.0 0 0.0 6.002915958099029 0.0 2.309401076758503 2 2 1.0 0.0 0.0 1.0 1.0 1.0 1.0 1.0 21.0 5.656854249492381 0.26937401188058957 17.0 19.0 21.0 23.0 25.0 2 10.0 0.0 0.0 10.0 10.0 10.0 10.0 10.0 21.0 21.0 5.656854249492381 5.656854249492381 0.26937401188058957 0.0 17.0 0.0 19.0 0.0 21.0 0.0 23.0 0.0 25.0 0.0
113 37 1 5.855323400000202 2.091691100000162 0.0 7.947014500000364 7.870871500000817 14.396770200000788 3.6321037250002064 833.171875 833.3515625 69 69 1.0 0 42 42 False 0 0 False 1.6428571428571428 1.6428571428571428 0.9323829573164005 0.9323829573164005 0.5675374522795482 0.5675374522795482 1.0 1.0 1.0 1.0 1.0 1.0 2.0 2.0 6.0 6.0 0 0.0 0 0.0 1.750364393548979 2.0248456731316584 4.227883631321941 0 0 0.0 0.0 0.0 0.0 0.0 0.0 0.0 0.0 0.0 0.0 0.0 0.0 0.0 0.0 0.0 0.0 4 10.5 2.3804761428476167 0.2267120136045349 8.0 8.75 10.5 12.25 13.0 17.25 17.25 4.425306015783918 4.425306015783918 0.2565394791758793 0.0 13.0 0.0 13.75 0.0 17.0 0.0 20.5 0.0 22.0 0.0
114 38 3 1.1502911000001177 0.6219273999995494 0.0 1.772218499999667 1.772218499999667 1.772218499999667 1.772218499999667 809.71875 803.5078125 20 20 1.0 20 1 0 False 0 0 False 1.0 1.0 0.0 0.0 0.0 0.0 0.0 0.0 0.0 0.0 0.0 0.0 0.0 0.0 0.0 0.0 0 0.0 0 0.0 0.0 0.0 0.0 1 1 1.0 0.0 0.0 1.0 1.0 1.0 1.0 1.0 20.0 0.0 0.0 20.0 20.0 20.0 20.0 20.0 1 1.0 0.0 0.0 0.0 0.0 0.0 0.0 0.0 1.0 1.0 0.0 0.0 0.0 0.0 0.0 0.0 0.0 0.0 0.0 0.0 0.0 0.0 0.0 0.0
115 38 2 2.770783699999697 1.500804500000072 0.0 4.271588199999769 4.6897502999995595 6.043806699999436 3.0363754499996958 831.15625 826.50390625 42 42 1.0 42 20 20 False 0 0 False 2.1 2.1 2.0235456115702615 2.0235456115702615 0.9635931483667911 0.9635931483667911 1.0 1.0 1.0 1.0 1.5 1.5 2.25 2.25 10.0 10.0 0 0.0 0 0.0 5.782300580218914 0.0 2.309401076758503 2 2 1.0 0.0 0.0 1.0 1.0 1.0 1.0 1.0 21.0 5.656854249492381 0.26937401188058957 17.0 19.0 21.0 23.0 25.0 2 10.0 0.0 0.0 10.0 10.0 10.0 10.0 10.0 21.0 21.0 5.656854249492381 5.656854249492381 0.26937401188058957 0.0 17.0 0.0 19.0 0.0 21.0 0.0 23.0 0.0 25.0 0.0
116 38 1 6.38674809999975 3.665781199999401 0.0 10.05252929999915 7.024539599999457 16.096335999998587 4.05736842499968 857.49609375 853.4921875 73 73 1.0 0 42 42 False 0 0 False 1.7380952380952381 1.7380952380952381 1.593577411460841 1.593577411460841 0.91685275727884 0.91685275727884 1.0 1.0 1.0 1.0 1.0 1.0 2.0 2.0 10.0 10.0 0 0.0 0 0.0 3.0596087320682765 2.0248456731316584 4.719639816765682 0 0 0.0 0.0 0.0 0.0 0.0 0.0 0.0 0.0 0.0 0.0 0.0 0.0 0.0 0.0 0.0 0.0 4 10.5 2.3804761428476167 0.2267120136045349 8.0 8.75 10.5 12.25 13.0 18.25 18.25 6.020797289396148 6.020797289396148 0.32990670078883 0.0 13.0 0.0 13.75 0.0 17.0 0.0 21.5 0.0 26.0 0.0
117 39 3 1.147403899999972 0.6630394000000024 0.0 1.8104432999999744 1.8104432999999744 1.8104432999999744 1.8104432999999744 822.921875 816.73046875 20 20 1.0 20 1 0 False 0 0 False 1.0 1.0 0.0 0.0 0.0 0.0 0.0 0.0 0.0 0.0 0.0 0.0 0.0 0.0 0.0 0.0 0 0.0 0 0.0 0.0 0.0 0.0 1 1 1.0 0.0 0.0 1.0 1.0 1.0 1.0 1.0 20.0 0.0 0.0 20.0 20.0 20.0 20.0 20.0 1 1.0 0.0 0.0 0.0 0.0 0.0 0.0 0.0 1.0 1.0 0.0 0.0 0.0 0.0 0.0 0.0 0.0 0.0 0.0 0.0 0.0 0.0 0.0 0.0
118 39 2 2.9309384000006276 2.173445700000343 0.0 5.104384100000971 4.773594900000603 6.914827400000945 3.471625450000488 845.109375 839.25390625 44 44 1.0 44 20 20 False 0 0 False 2.2 2.2 2.067289096988207 2.067289096988207 0.9396768622673667 0.9396768622673667 1.0 1.0 1.0 1.0 2.0 2.0 2.0 2.0 10.0 10.0 0 0.0 0 0.0 4.808326112068523 0.0 1.1547005383792515 2 2 1.0 0.0 0.0 1.0 1.0 1.0 1.0 1.0 22.0 2.8284271247461903 0.128564869306645 20.0 21.0 22.0 23.0 24.0 2 10.0 0.0 0.0 10.0 10.0 10.0 10.0 10.0 22.0 22.0 2.8284271247461903 2.8284271247461903 0.128564869306645 0.0 20.0 0.0 21.0 0.0 22.0 0.0 23.0 0.0 24.0 0.0
119 39 1 5.984516499999813 2.175679799999557 0.0 8.16019629999937 7.591364700000554 15.075023700000315 3.8015758250001284 855.60546875 851.6640625 71 71 1.0 0 44 44 False 0 0 False 1.6136363636363635 1.6136363636363635 0.9453905084834814 0.9453905084834814 0.5858758080742702 0.5858758080742702 1.0 1.0 1.0 1.0 1.0 1.0 2.0 2.0 6.0 6.0 0 0.0 0 0.0 2.3506527139963036 1.0954451150103321 3.029026246172192 0 0 0.0 0.0 0.0 0.0 0.0 0.0 0.0 0.0 0.0 0.0 0.0 0.0 0.0 0.0 0.0 0.0 4 11.0 1.1547005383792515 0.10497277621629558 10.0 10.0 11.0 12.0 12.0 17.75 17.75 3.095695936834452 3.095695936834452 0.17440540489208178 0.0 15.0 0.0 15.75 0.0 17.0 0.0 19.0 0.0 22.0 0.0
120 40 3 1.140789199999972 0.7431355999995048 0.0 1.8839247999994768 1.8839247999994768 1.8839247999994768 1.8839247999994768 834.98828125 828.8203125 20 20 1.0 20 1 0 False 0 0 False 1.0 1.0 0.0 0.0 0.0 0.0 0.0 0.0 0.0 0.0 0.0 0.0 0.0 0.0 0.0 0.0 0 0.0 0 0.0 0.0 0.0 0.0 1 1 1.0 0.0 0.0 1.0 1.0 1.0 1.0 1.0 20.0 0.0 0.0 20.0 20.0 20.0 20.0 20.0 1 1.0 0.0 0.0 0.0 0.0 0.0 0.0 0.0 1.0 1.0 0.0 0.0 0.0 0.0 0.0 0.0 0.0 0.0 0.0 0.0 0.0 0.0 0.0 0.0
121 40 2 2.9502361999999493 2.114267199999972 0.0 5.064503399999921 5.439537299999529 6.948428199999398 3.48853014999969 856.3671875 852.0078125 44 44 1.0 44 20 20 False 0 0 False 2.2 2.2 2.1667341419992585 2.1667341419992585 0.9848791554542083 0.9848791554542083 1.0 1.0 1.0 1.0 1.0 1.0 2.25 2.25 10.0 10.0 0 0.0 0 0.0 6.328506932918694 0.0 2.309401076758503 2 2 1.0 0.0 0.0 1.0 1.0 1.0 1.0 1.0 22.0 5.656854249492381 0.25712973861329 18.0 20.0 22.0 24.0 26.0 2 10.0 0.0 0.0 10.0 10.0 10.0 10.0 10.0 22.0 22.0 5.656854249492381 5.656854249492381 0.25712973861329 0.0 18.0 0.0 20.0 0.0 22.0 0.0 24.0 0.0 26.0 0.0
122 40 1 6.244902300000149 2.8124771000001374 0.0 9.057379400000286 9.26876609999988 16.005807599999684 4.03453102499995 876.99609375 873.24609375 73 73 1.0 0 44 44 False 0 0 False 1.6590909090909092 1.6590909090909092 1.0552897060221726 1.0552897060221726 0.6360650282873369 0.6360650282873369 1.0 1.0 1.0 1.0 1.0 1.0 2.0 2.0 6.0 6.0 0 0.0 0 0.0 2.7853197659060793 2.1908902300206643 4.896427268938036 0 0 0.0 0.0 0.0 0.0 0.0 0.0 0.0 0.0 0.0 0.0 0.0 0.0 0.0 0.0 0.0 0.0 4 11.0 2.309401076758503 0.20994555243259116 9.0 9.0 11.0 13.0 13.0 18.25 18.25 4.9916597106239795 4.9916597106239795 0.27351560058213586 0.0 14.0 0.0 14.75 0.0 17.0 0.0 20.5 0.0 25.0 0.0
123 41 3 1.1514505999999756 0.6502642999998898 0.0 1.8017148999998653 1.8017148999998653 1.8017148999998653 1.8017148999998653 847.69140625 841.5859375 20 20 1.0 20 1 0 False 0 0 False 1.0 1.0 0.0 0.0 0.0 0.0 0.0 0.0 0.0 0.0 0.0 0.0 0.0 0.0 0.0 0.0 0 0.0 0 0.0 0.0 0.0 0.0 1 1 1.0 0.0 0.0 1.0 1.0 1.0 1.0 1.0 20.0 0.0 0.0 20.0 20.0 20.0 20.0 20.0 1 1.0 0.0 0.0 0.0 0.0 0.0 0.0 0.0 1.0 1.0 0.0 0.0 0.0 0.0 0.0 0.0 0.0 0.0 0.0 0.0 0.0 0.0 0.0 0.0
124 41 2 2.9484807000004594 1.4101007000001573 0.0 4.358581400000617 4.230574500000216 6.160296300000482 3.0947973000002094 871.31640625 869.203125 44 44 1.0 44 20 20 False 0 0 False 2.2 2.2 2.067289096988207 2.067289096988207 0.9396768622673667 0.9396768622673667 1.0 1.0 1.0 1.0 1.5 1.5 3.0 3.0 10.0 10.0 0 0.0 0 0.0 4.995998398718718 0.0 1.1547005383792515 2 2 1.0 0.0 0.0 1.0 1.0 1.0 1.0 1.0 22.0 2.8284271247461903 0.128564869306645 20.0 21.0 22.0 23.0 24.0 2 10.0 0.0 0.0 10.0 10.0 10.0 10.0 10.0 22.0 22.0 2.8284271247461903 2.8284271247461903 0.128564869306645 0.0 20.0 0.0 21.0 0.0 22.0 0.0 23.0 0.0 24.0 0.0
125 41 1 5.958130199999573 2.9697020000002112 0.0 8.927832199999784 7.131111700000133 15.088128500000266 3.8053462250001076 882.38671875 878.3359375 71 71 1.0 0 44 44 False 0 0 False 1.6136363636363635 1.6136363636363635 0.9453905084834814 0.9453905084834814 0.5858758080742702 0.5858758080742702 1.0 1.0 1.0 1.0 1.0 1.0 2.0 2.0 6.0 6.0 0 0.0 0 0.0 2.2905550772647834 1.0954451150103321 3.029026246172192 0 0 0.0 0.0 0.0 0.0 0.0 0.0 0.0 0.0 0.0 0.0 0.0 0.0 0.0 0.0 0.0 0.0 4 11.0 1.1547005383792515 0.10497277621629558 10.0 10.0 11.0 12.0 12.0 17.75 17.75 3.095695936834452 3.095695936834452 0.17440540489208178 0.0 15.0 0.0 15.75 0.0 17.0 0.0 19.0 0.0 22.0 0.0
126 42 3 1.1462527000001046 0.799995800000147 0.0 1.9462485000002516 1.9462485000002516 1.9462485000002516 1.9462485000002516 861.10546875 855.2265625 20 20 1.0 20 1 0 False 0 0 False 1.0 1.0 0.0 0.0 0.0 0.0 0.0 0.0 0.0 0.0 0.0 0.0 0.0 0.0 0.0 0.0 0 0.0 0 0.0 0.0 0.0 0.0 1 1 1.0 0.0 0.0 1.0 1.0 1.0 1.0 1.0 20.0 0.0 0.0 20.0 20.0 20.0 20.0 20.0 1 1.0 0.0 0.0 0.0 0.0 0.0 0.0 0.0 1.0 1.0 0.0 0.0 0.0 0.0 0.0 0.0 0.0 0.0 0.0 0.0 0.0 0.0 0.0 0.0
127 42 2 2.973098900000082 1.9148334000000204 0.0 4.887932300000102 5.043471700000396 6.834180800000354 3.4316476500001727 881.83984375 877.96875 44 44 1.0 44 20 20 False 0 0 False 2.2 2.2 2.015727634065883 2.015727634065883 0.9162398336663103 0.9162398336663103 1.0 1.0 1.0 1.0 2.0 2.0 2.0 2.0 10.0 10.0 0 0.0 0 0.0 5.171073389539157 0.0 1.7320508075688772 2 2 1.0 0.0 0.0 1.0 1.0 1.0 1.0 1.0 22.0 4.242640687119285 0.1928473039599675 19.0 20.5 22.0 23.5 25.0 2 10.0 0.0 0.0 10.0 10.0 10.0 10.0 10.0 22.0 22.0 4.242640687119285 4.242640687119285 0.1928473039599675 0.0 19.0 0.0 20.5 0.0 22.0 0.0 23.5 0.0 25.0 0.0
128 42 1 6.236825699999599 2.7804970999998204 0.0 9.01732279999942 8.657910899999933 15.851503599999774 3.9965491749998705 899.58984375 895.05859375 73 73 1.0 0 44 44 False 0 0 False 1.6590909090909092 1.6590909090909092 0.9631146619216513 0.9631146619216513 0.5805074674596254 0.5805074674596254 1.0 1.0 1.0 1.0 1.0 1.0 2.0 2.0 6.0 6.0 0 0.0 0 0.0 2.4635252407008625 1.4832396974191326 4.263214749458442 0 0 0.0 0.0 0.0 0.0 0.0 0.0 0.0 0.0 0.0 0.0 0.0 0.0 0.0 0.0 0.0 0.0 4 11.0 1.8257418583505538 0.16597653257732306 9.0 9.75 11.0 12.25 13.0 18.25 18.25 5.057996968497839 5.057996968497839 0.2771505188217994 0.0 12.0 0.0 15.75 0.0 18.5 0.0 21.0 0.0 24.0 0.0
129 43 3 1.1389137999999548 0.8281805000000304 0.0 1.9670942999999852 1.9670942999999852 1.9670942999999852 1.9670942999999852 872.9921875 867.47265625 20 20 1.0 20 1 0 False 0 0 False 1.0 1.0 0.0 0.0 0.0 0.0 0.0 0.0 0.0 0.0 0.0 0.0 0.0 0.0 0.0 0.0 0 0.0 0 0.0 0.0 0.0 0.0 1 1 1.0 0.0 0.0 1.0 1.0 1.0 1.0 1.0 20.0 0.0 0.0 20.0 20.0 20.0 20.0 20.0 1 1.0 0.0 0.0 0.0 0.0 0.0 0.0 0.0 1.0 1.0 0.0 0.0 0.0 0.0 0.0 0.0 0.0 0.0 0.0 0.0 0.0 0.0 0.0 0.0
130 43 2 2.915269499999681 1.357692099999781 0.0 4.272961599999462 4.317684899999676 6.240055899999447 3.1341899499997794 896.78125 894.8515625 44 44 1.0 44 20 20 False 0 0 False 2.2 2.2 2.142305693455191 2.142305693455191 0.9737753152069049 0.9737753152069049 1.0 1.0 1.0 1.0 1.5 1.5 2.0 2.0 10.0 10.0 0 0.0 0 0.0 5.1058789644878955 0.0 1.1547005383792515 2 2 1.0 0.0 0.0 1.0 1.0 1.0 1.0 1.0 22.0 2.8284271247461903 0.128564869306645 20.0 21.0 22.0 23.0 24.0 2 10.0 0.0 0.0 10.0 10.0 10.0 10.0 10.0 22.0 22.0 2.8284271247461903 2.8284271247461903 0.128564869306645 0.0 20.0 0.0 21.0 0.0 22.0 0.0 23.0 0.0 24.0 0.0
131 43 1 6.234646699999985 3.6601452999996127 0.0 9.894791999999597 8.071761699999911 16.134847899999045 4.066989424999747 909.82421875 905.38671875 73 73 1.0 0 44 44 False 0 0 False 1.6590909090909092 1.6590909090909092 0.9631146619216513 0.9631146619216513 0.5805074674596254 0.5805074674596254 1.0 1.0 1.0 1.0 1.0 1.0 2.0 2.0 6.0 6.0 0 0.0 0 0.0 2.909401616930022 1.0954451150103321 3.843826218756514 0 0 0.0 0.0 0.0 0.0 0.0 0.0 0.0 0.0 0.0 0.0 0.0 0.0 0.0 0.0 0.0 0.0 4 11.0 1.1547005383792515 0.10497277621629558 10.0 10.0 11.0 12.0 12.0 18.25 18.25 4.031128874149275 4.031128874149275 0.22088377392598765 0.0 15.0 0.0 15.75 0.0 17.0 0.0 19.5 0.0 24.0 0.0
132 44 3 1.146832300000142 0.9191043999992417 0.0 2.0659366999993836 2.0659366999993836 2.0659366999993836 2.0659366999993836 885.09765625 879.19921875 20 20 1.0 20 1 0 False 0 0 False 1.0 1.0 0.0 0.0 0.0 0.0 0.0 0.0 0.0 0.0 0.0 0.0 0.0 0.0 0.0 0.0 0 0.0 0 0.0 0.0 0.0 0.0 1 1 1.0 0.0 0.0 1.0 1.0 1.0 1.0 1.0 20.0 0.0 0.0 20.0 20.0 20.0 20.0 20.0 1 1.0 0.0 0.0 0.0 0.0 0.0 0.0 0.0 1.0 1.0 0.0 0.0 0.0 0.0 0.0 0.0 0.0 0.0 0.0 0.0 0.0 0.0 0.0 0.0
133 44 2 2.933030000000599 1.464782499999501 0.0 4.3978125000001 4.329642099999091 6.463749199999484 3.2460883499996953 908.35546875 902.5625 44 44 1.0 44 20 20 False 0 0 False 2.2 2.2 2.0416711421361615 2.0416711421361615 0.9280323373346188 0.9280323373346188 1.0 1.0 1.0 1.0 2.0 2.0 2.25 2.25 10.0 10.0 0 0.0 0 0.0 4.970915408654626 0.0 1.1547005383792515 2 2 1.0 0.0 0.0 1.0 1.0 1.0 1.0 1.0 22.0 2.8284271247461903 0.128564869306645 20.0 21.0 22.0 23.0 24.0 2 10.0 0.0 0.0 10.0 10.0 10.0 10.0 10.0 22.0 22.0 2.8284271247461903 2.8284271247461903 0.128564869306645 0.0 20.0 0.0 21.0 0.0 22.0 0.0 23.0 0.0 24.0 0.0
134 44 1 5.955003500000203 2.2468980999997257 0.0 8.201901599999928 7.203587599999082 14.665650799999412 3.699217324999836 921.1640625 917.63671875 71 71 1.0 0 44 44 False 0 0 False 1.6136363636363635 1.6136363636363635 0.9204627019188114 0.9204627019188114 0.570427589921517 0.570427589921517 1.0 1.0 1.0 1.0 1.0 1.0 2.0 2.0 6.0 6.0 0 0.0 0 0.0 2.157236045353384 1.0954451150103321 3.029026246172192 0 0 0.0 0.0 0.0 0.0 0.0 0.0 0.0 0.0 0.0 0.0 0.0 0.0 0.0 0.0 0.0 0.0 4 11.0 1.1547005383792515 0.10497277621629558 10.0 10.0 11.0 12.0 12.0 17.75 17.75 3.095695936834452 3.095695936834452 0.17440540489208178 0.0 15.0 0.0 15.75 0.0 17.0 0.0 19.0 0.0 22.0 0.0
135 45 3 1.150637700000516 0.7547077000001536 0.0 1.9053454000006695 1.9053454000006695 1.9053454000006695 1.9053454000006695 898.91796875 893.29296875 20 20 1.0 20 1 0 False 0 0 False 1.0 1.0 0.0 0.0 0.0 0.0 0.0 0.0 0.0 0.0 0.0 0.0 0.0 0.0 0.0 0.0 0 0.0 0 0.0 0.0 0.0 0.0 1 1 1.0 0.0 0.0 1.0 1.0 1.0 1.0 1.0 20.0 0.0 0.0 20.0 20.0 20.0 20.0 20.0 1 1.0 0.0 0.0 0.0 0.0 0.0 0.0 0.0 1.0 1.0 0.0 0.0 0.0 0.0 0.0 0.0 0.0 0.0 0.0 0.0 0.0 0.0 0.0 0.0
136 45 2 2.97528580000062 2.2088128000000324 0.0 5.184098600000652 4.964884500000835 7.089444000001322 3.559093100000723 921.046875 916.29296875 44 44 1.0 44 20 20 False 0 0 False 2.2 2.2 2.1667341419992585 2.1667341419992585 0.9848791554542083 0.9848791554542083 1.0 1.0 1.0 1.0 1.0 1.0 2.25 2.25 10.0 10.0 0 0.0 0 0.0 5.522680508593629 0.0 1.7320508075688772 2 2 1.0 0.0 0.0 1.0 1.0 1.0 1.0 1.0 22.0 4.242640687119285 0.1928473039599675 19.0 20.5 22.0 23.5 25.0 2 10.0 0.0 0.0 10.0 10.0 10.0 10.0 10.0 22.0 22.0 4.242640687119285 4.242640687119285 0.1928473039599675 0.0 19.0 0.0 20.5 0.0 22.0 0.0 23.5 0.0 25.0 0.0
137 45 1 6.247027099999968 3.0623852000005627 0.0 9.309412300000531 8.822361600000932 16.398856300001853 4.132519775000503 937.98046875 935.796875 73 73 1.0 0 44 44 False 0 0 False 1.6590909090909092 1.6590909090909092 0.9631146619216513 0.9631146619216513 0.5805074674596254 0.5805074674596254 1.0 1.0 1.0 1.0 1.0 1.0 2.0 2.0 6.0 6.0 0 0.0 0 0.0 2.585470767753734 1.4832396974191326 4.263214749458442 0 0 0.0 0.0 0.0 0.0 0.0 0.0 0.0 0.0 0.0 0.0 0.0 0.0 0.0 0.0 0.0 0.0 4 11.0 1.8257418583505538 0.16597653257732306 9.0 9.75 11.0 12.25 13.0 18.25 18.25 5.057996968497839 5.057996968497839 0.2771505188217994 0.0 12.0 0.0 15.75 0.0 18.5 0.0 21.0 0.0 24.0 0.0
138 46 3 1.14018240000064 0.7296175999997558 0.0 1.8698000000003958 1.8698000000003958 1.8698000000003958 1.8698000000003958 911.8828125 905.96875 20 20 1.0 20 1 0 False 0 0 False 1.0 1.0 0.0 0.0 0.0 0.0 0.0 0.0 0.0 0.0 0.0 0.0 0.0 0.0 0.0 0.0 0 0.0 0 0.0 0.0 0.0 0.0 1 1 1.0 0.0 0.0 1.0 1.0 1.0 1.0 1.0 20.0 0.0 0.0 20.0 20.0 20.0 20.0 20.0 1 1.0 0.0 0.0 0.0 0.0 0.0 0.0 0.0 1.0 1.0 0.0 0.0 0.0 0.0 0.0 0.0 0.0 0.0 0.0 0.0 0.0 0.0 0.0 0.0
139 46 2 3.0180534999997235 6.335477399999036 0.0 9.35353089999876 10.338293599999815 11.223330899999155 5.626303699999539 943.94140625 938.671875 44 44 1.0 44 20 20 False 0 0 False 2.2 2.2 2.117595458607661 2.117595458607661 0.9625433902762094 0.9625433902762094 1.0 1.0 1.0 1.0 1.0 1.0 3.0 3.0 10.0 10.0 0 0.0 0 0.0 7.255342858886821 0.0 4.618802153517006 2 2 1.0 0.0 0.0 1.0 1.0 1.0 1.0 1.0 22.0 11.313708498984761 0.51425947722658 14.0 18.0 22.0 26.0 30.0 2 10.0 0.0 0.0 10.0 10.0 10.0 10.0 10.0 22.0 22.0 11.313708498984761 11.313708498984761 0.51425947722658 0.0 14.0 0.0 18.0 0.0 22.0 0.0 26.0 0.0 30.0 0.0
140 46 1 6.3553302999985135 4.870718400000214 0.0 11.226048699998728 14.978543199999194 22.449379599997883 5.645623349999369 968.8046875 967.38671875 73 73 1.0 0 44 44 False 0 0 False 1.6590909090909092 1.6590909090909092 1.0102539818394234 1.0102539818394234 0.6089202082319812 0.6089202082319812 1.0 1.0 1.0 1.0 1.0 1.0 2.0 2.0 6.0 6.0 0 0.0 0 0.0 2.767086288666403 4.381780460041329 9.174693455369503 0 0 0.0 0.0 0.0 0.0 0.0 0.0 0.0 0.0 0.0 0.0 0.0 0.0 0.0 0.0 0.0 0.0 4 11.0 4.618802153517006 0.41989110486518233 7.0 7.0 11.0 15.0 15.0 18.25 18.25 9.17877987534291 9.17877987534291 0.502946842484543 0.0 9.0 0.0 11.25 0.0 18.0 0.0 25.0 0.0 28.0 0.0
141 47 3 1.139141299999892 0.9004179000000931 0.0 2.039559199999985 2.039559199999985 2.039559199999985 2.039559199999985 932.56640625 926.84765625 20 20 1.0 20 1 0 False 0 0 False 1.0 1.0 0.0 0.0 0.0 0.0 0.0 0.0 0.0 0.0 0.0 0.0 0.0 0.0 0.0 0.0 0 0.0 0 0.0 0.0 0.0 0.0 1 1 1.0 0.0 0.0 1.0 1.0 1.0 1.0 1.0 20.0 0.0 0.0 20.0 20.0 20.0 20.0 20.0 1 1.0 0.0 0.0 0.0 0.0 0.0 0.0 0.0 1.0 1.0 0.0 0.0 0.0 0.0 0.0 0.0 0.0 0.0 0.0 0.0 0.0 0.0 0.0 0.0
142 47 2 2.9336684999998397 1.7319439000002603 0.0 4.6656124000001 5.25219919999995 6.705171600000085 3.367038050000019 954.37109375 950.4609375 44 44 1.0 44 20 20 False 0 0 False 2.2 2.2 2.0925934551223877 2.0925934551223877 0.9511788432374488 0.9511788432374488 1.0 1.0 1.0 1.0 2.0 2.0 2.0 2.0 10.0 10.0 0 0.0 0 0.0 6.187891401761991 0.0 2.309401076758503 2 2 1.0 0.0 0.0 1.0 1.0 1.0 1.0 1.0 22.0 5.656854249492381 0.25712973861329 18.0 20.0 22.0 24.0 26.0 2 10.0 0.0 0.0 10.0 10.0 10.0 10.0 10.0 22.0 22.0 5.656854249492381 5.656854249492381 0.25712973861329 0.0 18.0 0.0 20.0 0.0 22.0 0.0 24.0 0.0 26.0 0.0
143 47 1 6.228687099999888 2.797143400000323 0.0 9.025830500000211 9.052610999999615 15.731002100000296 3.9660765250000054 974.44921875 971.26171875 73 73 1.0 0 44 44 False 0 0 False 1.6590909090909092 1.6590909090909092 0.9631146619216513 0.9631146619216513 0.5805074674596254 0.5805074674596254 1.0 1.0 1.0 1.0 1.0 1.0 2.0 2.0 6.0 6.0 0 0.0 0 0.0 2.428045076303563 2.1908902300206643 4.896427268938036 0 0 0.0 0.0 0.0 0.0 0.0 0.0 0.0 0.0 0.0 0.0 0.0 0.0 0.0 0.0 0.0 0.0 4 11.0 2.309401076758503 0.20994555243259116 9.0 9.0 11.0 13.0 13.0 18.25 18.25 4.9916597106239795 4.9916597106239795 0.27351560058213586 0.0 14.0 0.0 14.75 0.0 17.0 0.0 20.5 0.0 25.0 0.0
144 48 3 1.1530479999992167 0.8355945000002976 0.0 1.9886424999995143 1.9886424999995143 1.9886424999995143 1.9886424999995143 945.671875 939.87109375 20 20 1.0 20 1 0 False 0 0 False 1.0 1.0 0.0 0.0 0.0 0.0 0.0 0.0 0.0 0.0 0.0 0.0 0.0 0.0 0.0 0.0 0 0.0 0 0.0 0.0 0.0 0.0 1 1 1.0 0.0 0.0 1.0 1.0 1.0 1.0 1.0 20.0 0.0 0.0 20.0 20.0 20.0 20.0 20.0 1 1.0 0.0 0.0 0.0 0.0 0.0 0.0 0.0 1.0 1.0 0.0 0.0 0.0 0.0 0.0 0.0 0.0 0.0 0.0 0.0 0.0 0.0 0.0 0.0
145 48 2 2.948348999999098 1.8398269999997865 0.0 4.788175999998884 5.204726299998811 6.776818499998399 3.40263019999918 967.21484375 963.28125 44 44 1.0 44 20 20 False 0 0 False 2.2 2.2 2.015727634065883 2.015727634065883 0.9162398336663103 0.9162398336663103 1.0 1.0 1.0 1.0 2.0 2.0 3.0 3.0 10.0 10.0 0 0.0 0 0.0 5.6008927859761775 0.0 2.309401076758503 2 2 1.0 0.0 0.0 1.0 1.0 1.0 1.0 1.0 22.0 5.656854249492381 0.25712973861329 18.0 20.0 22.0 24.0 26.0 2 10.0 0.0 0.0 10.0 10.0 10.0 10.0 10.0 22.0 22.0 5.656854249492381 5.656854249492381 0.25712973861329 0.0 18.0 0.0 20.0 0.0 22.0 0.0 24.0 0.0 26.0 0.0
146 48 1 6.455344000000196 3.3077138000001014 0.0 9.763057800000297 9.539966399999685 16.539876299998696 4.168129499999679 988.45703125 985.03125 75 75 1.0 0 44 44 False 0 0 False 1.7045454545454546 1.7045454545454546 1.1325941709303338 1.1325941709303338 0.6644552469457958 0.6644552469457958 1.0 1.0 1.0 1.0 1.0 1.0 2.0 2.0 6.0 6.0 0 0.0 0 0.0 2.393765576735457 2.1908902300206643 4.046603514059662 0 0 0.0 0.0 0.0 0.0 0.0 0.0 0.0 0.0 0.0 0.0 0.0 0.0 0.0 0.0 0.0 0.0 4 11.0 2.309401076758503 0.20994555243259116 9.0 9.0 11.0 13.0 13.0 18.75 18.75 4.924428900898052 4.924428900898052 0.2626362080478961 0.0 13.0 0.0 16.75 0.0 18.5 0.0 20.5 0.0 25.0 0.0
147 49 3 1.1436784000004536 0.7859945000009247 0.0 1.9296729000013784 1.9296729000013784 1.9296729000013784 1.9296729000013784 958.16015625 952.34375 20 20 1.0 20 1 0 False 0 0 False 1.0 1.0 0.0 0.0 0.0 0.0 0.0 0.0 0.0 0.0 0.0 0.0 0.0 0.0 0.0 0.0 0 0.0 0 0.0 0.0 0.0 0.0 1 1 1.0 0.0 0.0 1.0 1.0 1.0 1.0 1.0 20.0 0.0 0.0 20.0 20.0 20.0 20.0 20.0 1 1.0 0.0 0.0 0.0 0.0 0.0 0.0 0.0 1.0 1.0 0.0 0.0 0.0 0.0 0.0 0.0 0.0 0.0 0.0 0.0 0.0 0.0 0.0 0.0
148 49 2 2.9407542999999805 1.4641601000005267 0.0 4.404914400000507 4.3541168000015205 6.3345873000018855 3.18149285000095 981.734375 976.078125 44 44 1.0 44 20 20 False 0 0 False 2.2 2.2 2.0925934551223877 2.0925934551223877 0.9511788432374488 0.9511788432374488 1.0 1.0 1.0 1.0 1.5 1.5 2.25 2.25 10.0 10.0 0 0.0 0 0.0 4.812483766206385 0.0 1.1547005383792515 2 2 1.0 0.0 0.0 1.0 1.0 1.0 1.0 1.0 22.0 2.8284271247461903 0.128564869306645 20.0 21.0 22.0 23.0 24.0 2 10.0 0.0 0.0 10.0 10.0 10.0 10.0 10.0 22.0 22.0 2.8284271247461903 2.8284271247461903 0.128564869306645 0.0 20.0 0.0 21.0 0.0 22.0 0.0 23.0 0.0 24.0 0.0
149 49 1 5.949153499999738 2.88620310000033 0.0 8.835356600000068 7.912998200001539 15.169943900001954 3.8256857000005198 991.65625 988.30859375 71 71 1.0 0 44 44 False 0 0 False 1.6136363636363635 1.6136363636363635 0.9453905084834814 0.9453905084834814 0.5858758080742702 0.5858758080742702 1.0 1.0 1.0 1.0 1.0 1.0 2.0 2.0 6.0 6.0 0 0.0 0 0.0 2.379915530829677 1.0954451150103321 3.029026246172192 0 0 0.0 0.0 0.0 0.0 0.0 0.0 0.0 0.0 0.0 0.0 0.0 0.0 0.0 0.0 0.0 0.0 4 11.0 1.1547005383792515 0.10497277621629558 10.0 10.0 11.0 12.0 12.0 17.75 17.75 3.095695936834452 3.095695936834452 0.17440540489208178 0.0 15.0 0.0 15.75 0.0 17.0 0.0 19.0 0.0 22.0 0.0
