 RU AL GT ST OT TT LT CT WT RSS VMS LE AC CF PSG SIZE SGLITS_T HAS_TRAILING TOT_CHOICES PRE_CHOICES FGOALS_ORDER CP_EF_L CP_EF_A SP_ED_L SP_ED_A SP_EB_L SP_EB_A SP_MIN_L SP_MIN_A SP_LOWER_L SP_LOWER_A SP_MED_L SP_MED_A SP_UPPER_L SP_UPPER_A SP_MAX_L SP_MAX_A T_INTER_SP P_INTER_SP T_INTER_Q P_INTER_Q M_CHILD_SPREAD DIV_INDEX_SPREAD DIV_STEP_SPREAD DIVS_T DS_T DS_TD_MEAN DS_TD_STD DS_TD_CD DS_TD_MIN DS_TD_LOWER DS_TD_MED DS_TD_UPPER DS_TD_MAX DS_TS_MEAN DS_TS_STD DS_TS_CD DS_TS_MIN DS_TS_LOWER DS_TS_MED DS_TS_UPPER DS_TS_MAX PR_T PR_TS_MEAN PR_TS_STD PR_TS_CD PR_TS_MIN PR_TS_LOWER PR_TS_MED PR_TS_UPPER PR_TS_MAX PP_LE_MEAN PP_AC_MEAN PP_LE_STD PP_AC_STD PP_LE_CD PP_AC_CD PP_LE_MIN PP_AC_MIN PP_LE_LOWER PP_AC_LOWER PP_LE_MED PP_AC_MED PP_LE_UPPER PP_AC_UPPER PP_LE_MAX PP_AC_MAX
0 0 3 1.0016158000000033 0.39620550000000065 0.0 1.397821300000004 1.397821300000004 1.397821300000004 1.397821300000004 239.9765625 232.27734375 18 18 1.0 18 1 0 False 0 0 False 1.0 1.0 0.0 0.0 0.0 0.0 0.0 0.0 0.0 0.0 0.0 0.0 0.0 0.0 0.0 0.0 0 0.0 0 0.0 0.0 0.0 0.0 1 1 1.0 0.0 0.0 1.0 1.0 1.0 1.0 1.0 18.0 0.0 0.0 18.0 18.0 18.0 18.0 18.0 1 1.0 0.0 0.0 0.0 0.0 0.0 0.0 0.0 1.0 1.0 0.0 0.0 0.0 0.0 0.0 0.0 0.0 0.0 0.0 0.0 0.0 0.0 0.0 0.0
1 0 2 1.415370599999985 0.36656330000001347 0.0 1.7819338999999985 2.7122195999999974 3.1797552000000024 1.604257699999998 257.1171875 249.3671875 26 26 1.0 26 18 18 False 0 0 False 1.4444444444444444 1.4444444444444444 0.8555852638929972 0.8555852638929972 0.5923282596182288 0.5923282596182288 1.0 1.0 1.0 1.0 1.0 1.0 1.75 1.75 4.0 4.0 0 0.0 0 0.0 3.1965773877515895 0.0 2.309401076758503 6 2 3.0 0.0 0.0 3.0 3.0 3.0 3.0 3.0 13.0 5.656854249492381 0.43514263457633695 9.0 11.0 13.0 15.0 17.0 2 9.0 0.0 0.0 9.0 9.0 9.0 9.0 9.0 13.0 13.0 5.656854249492381 5.656854249492381 0.43514263457633695 0.0 9.0 0.0 11.0 0.0 13.0 0.0 15.0 0.0 17.0 0.0
2 0 1 5.278955600000032 1.2028679000000153 0.0 6.481823500000047 3.543694500000001 9.66157870000005 1.2409699375000054 272.6875 264.41015625 57 57 1.0 0 26 26 True 0 0 False 2.1923076923076925 2.1923076923076925 2.046009248794796 2.046009248794796 0.96720437215754 0.96720437215754 1.0 1.0 1.0 1.0 2.0 2.0 2.0 2.0 11.0 11.0 0 0.0 0 0.0 5.863902713175401 1.9364916731037085 4.483767017438201 0 0 0.0 0.0 0.0 0.0 0.0 0.0 0.0 0.0 0.0 0.0 0.0 0.0 0.0 0.0 0.0 0.0 8 3.25 1.164964745021435 0.3584506907758262 2.0 2.0 3.5 4.0 5.0 7.125 7.125 5.330170192940773 5.330170192940773 0.7480940621671262 0.0 2.0 0.0 3.0 0.0 6.0 0.0 8.75 0.0 18.0 0.0
3 1 3 1.0040109999999842 0.32246310000002154 0.0 1.3264741000000058 1.3264741000000058 1.3264741000000058 1.3264741000000058 238.65234375 229.48828125 18 18 1.0 18 1 0 False 0 0 False 1.0 1.0 0.0 0.0 0.0 0.0 0.0 0.0 0.0 0.0 0.0 0.0 0.0 0.0 0.0 0.0 0 0.0 0 0.0 0.0 0.0 0.0 1 1 1.0 0.0 0.0 1.0 1.0 1.0 1.0 1.0 18.0 0.0 0.0 18.0 18.0 18.0 18.0 18.0 1 1.0 0.0 0.0 0.0 0.0 0.0 0.0 0.0 1.0 1.0 0.0 0.0 0.0 0.0 0.0 0.0 0.0 0.0 0.0 0.0 0.0 0.0 0.0 0.0
4 1 2 1.4194868000000085 0.4123017999999945 0.0 1.831788600000003 2.6407674000000085 3.1582627000000087 1.5930811000000062 256.4296875 248.00390625 26 26 1.0 26 18 18 False 0 0 False 1.4444444444444444 1.4444444444444444 0.7838233761296739 0.7838233761296739 0.5426469527051588 0.5426469527051588 1.0 1.0 1.0 1.0 1.0 1.0 1.75 1.75 3.0 3.0 0 0.0 0 0.0 3.234014183120649 0.0 2.309401076758503 6 2 3.0 0.0 0.0 3.0 3.0 3.0 3.0 3.0 13.0 5.656854249492381 0.43514263457633695 9.0 11.0 13.0 15.0 17.0 2 9.0 0.0 0.0 9.0 9.0 9.0 9.0 9.0 13.0 13.0 5.656854249492381 5.656854249492381 0.43514263457633695 0.0 9.0 0.0 11.0 0.0 13.0 0.0 15.0 0.0 17.0 0.0
5 1 1 4.475086800000028 0.7178241000000014 0.0 5.1929109000000295 3.4666776000000254 8.351173600000038 1.0770106000000084 262.0859375 254.80859375 50 50 1.0 0 26 26 False 0 0 False 1.9230769230769231 1.9230769230769231 1.5211331808379416 1.5211331808379416 0.7909892540357296 0.7909892540357296 1.0 1.0 1.0 1.0 2.0 2.0 2.0 2.0 8.0 8.0 0 0.0 0 0.0 2.153846153846154 1.9364916731037085 2.852873794770615 0 0 0.0 0.0 0.0 0.0 0.0 0.0 0.0 0.0 0.0 0.0 0.0 0.0 0.0 0.0 0.0 0.0 8 3.25 1.164964745021435 0.3584506907758262 2.0 2.0 3.5 4.0 5.0 6.25 6.25 3.575711717366808 3.575711717366808 0.5721138747786892 0.0 2.0 0.0 3.0 0.0 6.0 0.0 8.75 0.0 11.0 0.0
6 2 3 0.996787000000019 0.3952306000000121 0.0 1.392017600000031 1.392017600000031 1.392017600000031 1.392017600000031 257.6796875 248.15625 18 18 1.0 18 1 0 False 0 0 False 1.0 1.0 0.0 0.0 0.0 0.0 0.0 0.0 0.0 0.0 0.0 0.0 0.0 0.0 0.0 0.0 0 0.0 0 0.0 0.0 0.0 0.0 1 1 1.0 0.0 0.0 1.0 1.0 1.0 1.0 1.0 18.0 0.0 0.0 18.0 18.0 18.0 18.0 18.0 1 1.0 0.0 0.0 0.0 0.0 0.0 0.0 0.0 1.0 1.0 0.0 0.0 0.0 0.0 0.0 0.0 0.0 0.0 0.0 0.0 0.0 0.0 0.0 0.0
7 2 2 1.412167199999999 0.36549230000001387 0.0 1.7776595000000128 2.6992240000000507 3.169677100000044 1.5987973000000224 274.640625 265.03515625 26 26 1.0 26 18 18 False 0 0 False 1.4444444444444444 1.4444444444444444 0.8555852638929972 0.8555852638929972 0.5923282596182288 0.5923282596182288 1.0 1.0 1.0 1.0 1.0 1.0 1.75 1.75 4.0 4.0 0 0.0 0 0.0 2.9796981093804233 0.0 2.309401076758503 6 2 3.0 0.0 0.0 3.0 3.0 3.0 3.0 3.0 13.0 5.656854249492381 0.43514263457633695 9.0 11.0 13.0 15.0 17.0 2 9.0 0.0 0.0 9.0 9.0 9.0 9.0 9.0 13.0 13.0 5.656854249492381 5.656854249492381 0.43514263457633695 0.0 9.0 0.0 11.0 0.0 13.0 0.0 15.0 0.0 17.0 0.0
8 2 1 4.460717000000031 0.7832991000000078 0.0 5.244016100000039 3.299926400000068 8.413693200000083 1.0849391375000117 273.76953125 264.546875 50 50 1.0 0 26 26 False 0 0 False 1.9230769230769231 1.9230769230769231 1.6473755351607458 1.6473755351607458 0.8566352782835878 0.8566352782835878 1.0 1.0 1.0 1.0 1.0 1.0 2.0 2.0 8.0 8.0 0 0.0 0 0.0 2.4031537464328174 1.9364916731037085 3.7675515184857717 0 0 0.0 0.0 0.0 0.0 0.0 0.0 0.0 0.0 0.0 0.0 0.0 0.0 0.0 0.0 0.0 0.0 8 3.25 1.164964745021435 0.3584506907758262 2.0 2.0 3.5 4.0 5.0 6.25 6.25 3.5355339059327378 3.5355339059327378 0.565685424949238 0.0 2.0 0.0 3.0 0.0 6.0 0.0 8.75 0.0 11.0 0.0
9 3 3 1.0051091000000412 0.35524899999997217 0.0 1.3603581000000133 1.3603581000000133 1.3603581000000133 1.3603581000000133 263.58984375 253.91015625 18 18 1.0 18 1 0 False 0 0 False 1.0 1.0 0.0 0.0 0.0 0.0 0.0 0.0 0.0 0.0 0.0 0.0 0.0 0.0 0.0 0.0 0 0.0 0 0.0 0.0 0.0 0.0 1 1 1.0 0.0 0.0 1.0 1.0 1.0 1.0 1.0 18.0 0.0 0.0 18.0 18.0 18.0 18.0 18.0 1 1.0 0.0 0.0 0.0 0.0 0.0 0.0 0.0 1.0 1.0 0.0 0.0 0.0 0.0 0.0 0.0 0.0 0.0 0.0 0.0 0.0 0.0 0.0 0.0
10 3 2 1.4099630999999988 0.38058420000001547 0.0 1.7905473000000143 2.6749872000000323 3.1509054000000276 1.5894891500000128 284.140625 274.515625 26 26 1.0 26 18 18 False 0 0 False 1.4444444444444444 1.4444444444444444 0.9835244081556433 0.9835244081556433 0.6809015133385223 0.6809015133385223 1.0 1.0 1.0 1.0 1.0 1.0 1.75 1.75 5.0 5.0 0 0.0 0 0.0 3.3308632823580915 0.0 2.309401076758503 6 2 3.0 0.0 0.0 3.0 3.0 3.0 3.0 3.0 13.0 5.656854249492381 0.43514263457633695 9.0 11.0 13.0 15.0 17.0 2 9.0 0.0 0.0 9.0 9.0 9.0 9.0 9.0 13.0 13.0 5.656854249492381 5.656854249492381 0.43514263457633695 0.0 9.0 0.0 11.0 0.0 13.0 0.0 15.0 0.0 17.0 0.0
11 3 1 4.071747400000078 0.7905679000000703 0.0 4.862315300000148 3.5079521000000398 8.013220700000176 1.0348389500000241 286.296875 277.73046875 46 46 1.0 0 26 26 False 0 0 False 1.7692307692307692 1.7692307692307692 1.3944946699845735 1.3944946699845735 0.7881926395564981 0.7881926395564981 1.0 1.0 1.0 1.0 1.5 1.5 2.0 2.0 8.0 8.0 0 0.0 0 0.0 2.439807927254416 1.9364916731037085 2.8431203515386634 0 0 0.0 0.0 0.0 0.0 0.0 0.0 0.0 0.0 0.0 0.0 0.0 0.0 0.0 0.0 0.0 0.0 8 3.25 1.164964745021435 0.3584506907758262 2.0 2.0 3.5 4.0 5.0 5.75 5.75 3.1052950170405937 3.1052950170405937 0.5400513073114076 0.0 2.0 0.0 3.0 0.0 5.5 0.0 8.0 0.0 11.0 0.0
12 4 3 1.0024383999999884 0.42470900000003553 0.0 1.427147400000024 1.427147400000024 1.427147400000024 1.427147400000024 280.01953125 270.11328125 18 18 1.0 18 1 0 False 0 0 False 1.0 1.0 0.0 0.0 0.0 0.0 0.0 0.0 0.0 0.0 0.0 0.0 0.0 0.0 0.0 0.0 0 0.0 0 0.0 0.0 0.0 0.0 1 1 1.0 0.0 0.0 1.0 1.0 1.0 1.0 1.0 18.0 0.0 0.0 18.0 18.0 18.0 18.0 18.0 1 1.0 0.0 0.0 0.0 0.0 0.0 0.0 0.0 1.0 1.0 0.0 0.0 0.0 0.0 0.0 0.0 0.0 0.0 0.0 0.0 0.0 0.0 0.0 0.0
13 4 2 1.4127474000000007 0.36415300000004436 0.0 1.776900400000045 2.730831200000054 3.204047800000069 1.6160307000000316 293.47265625 283.7890625 26 26 1.0 26 18 18 False 0 0 False 1.4444444444444444 1.4444444444444444 0.7047921864945659 0.7047921864945659 0.4879330521885456 0.4879330521885456 1.0 1.0 1.0 1.0 1.0 1.0 2.0 2.0 3.0 3.0 0 0.0 0 0.0 2.9745145192979656 0.0 2.309401076758503 6 2 3.0 0.0 0.0 3.0 3.0 3.0 3.0 3.0 13.0 5.656854249492381 0.43514263457633695 9.0 11.0 13.0 15.0 17.0 2 9.0 0.0 0.0 9.0 9.0 9.0 9.0 9.0 13.0 13.0 5.656854249492381 5.656854249492381 0.43514263457633695 0.0 9.0 0.0 11.0 0.0 13.0 0.0 15.0 0.0 17.0 0.0
14 4 1 3.34628469999997 0.6924423000000104 0.0 4.03872699999998 3.6318048000000687 7.242774800000049 0.9386323250000039 292.1171875 283.890625 39 39 1.0 0 26 26 False 0 0 False 1.5 1.5 0.5830951894845301 0.5830951894845301 0.38873012632302006 0.38873012632302006 1.0 1.0 1.0 1.0 1.0 1.0 2.0 2.0 3.0 3.0 0 0.0 0 0.0 1.8631032838127484 1.9364916731037085 4.179147972706612 0 0 0.0 0.0 0.0 0.0 0.0 0.0 0.0 0.0 0.0 0.0 0.0 0.0 0.0 0.0 0.0 0.0 8 3.25 1.164964745021435 0.3584506907758262 2.0 2.0 3.5 4.0 5.0 4.875 4.875 2.295181287579947 2.295181287579947 0.4708064179651173 0.0 2.0 0.0 3.0 0.0 4.5 0.0 6.5 0.0 8.0 0.0
15 5 3 0.9986852999999911 0.2953940999999958 0.0 1.294079399999987 1.294079399999987 1.294079399999987 1.294079399999987 289.43359375 279.375 18 18 1.0 18 1 0 False 0 0 False 1.0 1.0 0.0 0.0 0.0 0.0 0.0 0.0 0.0 0.0 0.0 0.0 0.0 0.0 0.0 0.0 0 0.0 0 0.0 0.0 0.0 0.0 1 1 1.0 0.0 0.0 1.0 1.0 1.0 1.0 1.0 18.0 0.0 0.0 18.0 18.0 18.0 18.0 18.0 1 1.0 0.0 0.0 0.0 0.0 0.0 0.0 0.0 1.0 1.0 0.0 0.0 0.0 0.0 0.0 0.0 0.0 0.0 0.0 0.0 0.0 0.0 0.0 0.0
16 5 2 1.4157701999999688 0.4520471000000015 0.0 1.8678172999999703 2.602184199999968 3.161896699999957 1.5949139499999774 302.01953125 292.0234375 26 26 1.0 26 18 18 False 0 0 False 1.4444444444444444 1.4444444444444444 1.0416176459053668 1.0416176459053668 0.7211199087037155 0.7211199087037155 1.0 1.0 1.0 1.0 1.0 1.0 1.0 1.0 5.0 5.0 0 0.0 0 0.0 3.4177580310559934 0.0 2.309401076758503 6 2 3.0 0.0 0.0 3.0 3.0 3.0 3.0 3.0 13.0 5.656854249492381 0.43514263457633695 9.0 11.0 13.0 15.0 17.0 2 9.0 0.0 0.0 9.0 9.0 9.0 9.0 9.0 13.0 13.0 5.656854249492381 5.656854249492381 0.43514263457633695 0.0 9.0 0.0 11.0 0.0 13.0 0.0 15.0 0.0 17.0 0.0
17 5 1 3.7537851000000018 0.5965175999999985 0.0 4.3503027 3.42162909999999 7.5121993999999574 0.9722088124999946 305.11328125 296.34375 43 43 1.0 0 26 26 False 0 0 False 1.6538461538461537 1.6538461538461537 0.891843380524078 0.891843380524078 0.5392541370610704 0.5392541370610704 1.0 1.0 1.0 1.0 1.5 1.5 2.0 2.0 5.0 5.0 0 0.0 0 0.0 1.952278292801614 1.9364916731037085 4.520785330006281 0 0 0.0 0.0 0.0 0.0 0.0 0.0 0.0 0.0 0.0 0.0 0.0 0.0 0.0 0.0 0.0 0.0 8 3.25 1.164964745021435 0.3584506907758262 2.0 2.0 3.5 4.0 5.0 5.375 5.375 3.0676887530703447 3.0676887530703447 0.5707327912689013 0.0 2.0 0.0 3.0 0.0 4.5 0.0 7.25 0.0 11.0 0.0
18 6 3 1.0024376000000217 0.36159199999997327 0.0 1.364029599999995 1.364029599999995 1.364029599999995 1.364029599999995 298.5390625 288.1171875 18 18 1.0 18 1 0 False 0 0 False 1.0 1.0 0.0 0.0 0.0 0.0 0.0 0.0 0.0 0.0 0.0 0.0 0.0 0.0 0.0 0.0 0 0.0 0 0.0 0.0 0.0 0.0 1 1 1.0 0.0 0.0 1.0 1.0 1.0 1.0 1.0 18.0 0.0 0.0 18.0 18.0 18.0 18.0 18.0 1 1.0 0.0 0.0 0.0 0.0 0.0 0.0 0.0 1.0 1.0 0.0 0.0 0.0 0.0 0.0 0.0 0.0 0.0 0.0 0.0 0.0 0.0 0.0 0.0
19 6 2 1.4185822999999829 0.4610179999999957 0.0 1.8796002999999786 2.772815699999981 3.2436298999999735 1.635743799999986 311.9921875 301.78515625 26 26 1.0 26 18 18 False 0 0 False 1.4444444444444444 1.4444444444444444 1.0416176459053668 1.0416176459053668 0.7211199087037155 0.7211199087037155 1.0 1.0 1.0 1.0 1.0 1.0 1.0 1.0 5.0 5.0 0 0.0 0 0.0 3.4177580310559934 0.0 2.309401076758503 6 2 3.0 0.0 0.0 3.0 3.0 3.0 3.0 3.0 13.0 5.656854249492381 0.43514263457633695 9.0 11.0 13.0 15.0 17.0 2 9.0 0.0 0.0 9.0 9.0 9.0 9.0 9.0 13.0 13.0 5.656854249492381 5.656854249492381 0.43514263457633695 0.0 9.0 0.0 11.0 0.0 13.0 0.0 15.0 0.0 17.0 0.0
20 6 1 6.06080340000004 4.737554799999941 0.0 10.798358199999981 3.611953099999994 14.041988099999955 1.7886103124999941 349.45703125 342.5625 63 63 1.0 0 26 26 True 0 0 False 2.423076923076923 2.423076923076923 2.409276942282764 2.409276942282764 1.061715262700879 1.061715262700879 1.0 1.0 1.0 1.0 2.0 2.0 2.0 2.0 12.0 12.0 0 0.0 0 0.0 8.625895031169655 1.9364916731037085 7.181670341145497 0 0 0.0 0.0 0.0 0.0 0.0 0.0 0.0 0.0 0.0 0.0 0.0 0.0 0.0 0.0 0.0 0.0 8 3.25 1.164964745021435 0.3584506907758262 2.0 2.0 3.5 4.0 5.0 7.875 7.875 7.180081575342402 7.180081575342402 0.9117563905196701 0.0 2.0 0.0 3.0 0.0 6.0 0.0 8.75 0.0 24.0 0.0
21 7 3 1.0045955000000077 0.3294813999999775 0.0 1.3340768999999852 1.3340768999999852 1.3340768999999852 1.3340768999999852 306.44921875 300.5 18 18 1.0 18 1 0 False 0 0 False 1.0 1.0 0.0 0.0 0.0 0.0 0.0 0.0 0.0 0.0 0.0 0.0 0.0 0.0 0.0 0.0 0 0.0 0 0.0 0.0 0.0 0.0 1 1 1.0 0.0 0.0 1.0 1.0 1.0 1.0 1.0 18.0 0.0 0.0 18.0 18.0 18.0 18.0 18.0 1 1.0 0.0 0.0 0.0 0.0 0.0 0.0 0.0 1.0 1.0 0.0 0.0 0.0 0.0 0.0 0.0 0.0 0.0 0.0 0.0 0.0 0.0 0.0 0.0
22 7 2 1.416237900000013 0.37773709999996186 0.0 1.7939749999999748 2.651237999999964 3.12805189999996 1.578048449999983 334.19921875 327.12890625 26 26 1.0 26 18 18 False 0 0 False 1.4444444444444444 1.4444444444444444 0.7838233761296739 0.7838233761296739 0.5426469527051588 0.5426469527051588 1.0 1.0 1.0 1.0 1.0 1.0 2.0 2.0 4.0 4.0 0 0.0 0 0.0 2.933768205699568 0.0 2.309401076758503 6 2 3.0 0.0 0.0 3.0 3.0 3.0 3.0 3.0 13.0 5.656854249492381 0.43514263457633695 9.0 11.0 13.0 15.0 17.0 2 9.0 0.0 0.0 9.0 9.0 9.0 9.0 9.0 13.0 13.0 5.656854249492381 5.656854249492381 0.43514263457633695 0.0 9.0 0.0 11.0 0.0 13.0 0.0 15.0 0.0 17.0 0.0
23 7 1 3.35242430000001 0.6450171999999981 0.0 3.997441500000008 3.4767498999999447 7.125493399999968 0.9240800875000001 334.734375 329.56640625 39 39 1.0 0 26 26 False 0 0 False 1.5 1.5 0.5830951894845301 0.5830951894845301 0.38873012632302006 0.38873012632302006 1.0 1.0 1.0 1.0 1.0 1.0 2.0 2.0 3.0 3.0 0 0.0 0 0.0 1.8213477680848578 1.9364916731037085 4.179147972706612 0 0 0.0 0.0 0.0 0.0 0.0 0.0 0.0 0.0 0.0 0.0 0.0 0.0 0.0 0.0 0.0 0.0 8 3.25 1.164964745021435 0.3584506907758262 2.0 2.0 3.5 4.0 5.0 4.875 4.875 2.295181287579947 2.295181287579947 0.4708064179651173 0.0 2.0 0.0 3.0 0.0 4.5 0.0 6.5 0.0 8.0 0.0
24 8 3 0.9990921999999784 0.347239700000074 0.0 1.3463319000000524 1.3463319000000524 1.3463319000000524 1.3463319000000524 335.87109375 327.2109375 18 18 1.0 18 1 0 False 0 0 False 1.0 1.0 0.0 0.0 0.0 0.0 0.0 0.0 0.0 0.0 0.0 0.0 0.0 0.0 0.0 0.0 0 0.0 0 0.0 0.0 0.0 0.0 1 1 1.0 0.0 0.0 1.0 1.0 1.0 1.0 1.0 18.0 0.0 0.0 18.0 18.0 18.0 18.0 18.0 1 1.0 0.0 0.0 0.0 0.0 0.0 0.0 0.0 1.0 1.0 0.0 0.0 0.0 0.0 0.0 0.0 0.0 0.0 0.0 0.0 0.0 0.0 0.0 0.0
25 8 2 1.3974651999999708 0.34032399999989593 0.0 1.7377891999998667 2.5354063999999426 3.084121099999919 1.5560360999999716 348.75 340.68359375 26 26 1.0 26 18 18 False 0 0 False 1.4444444444444444 1.4444444444444444 0.9835244081556433 0.9835244081556433 0.6809015133385223 0.6809015133385223 1.0 1.0 1.0 1.0 1.0 1.0 1.75 1.75 5.0 5.0 0 0.0 0 0.0 3.0401970912935017 0.0 1.7320508075688772 6 2 3.0 0.0 0.0 3.0 3.0 3.0 3.0 3.0 13.0 4.242640687119285 0.32635697593225266 10.0 11.5 13.0 14.5 16.0 2 9.0 0.0 0.0 9.0 9.0 9.0 9.0 9.0 13.0 13.0 4.242640687119285 4.242640687119285 0.32635697593225266 0.0 10.0 0.0 11.5 0.0 13.0 0.0 14.5 0.0 16.0 0.0
26 8 1 5.6238868000000934 3.813784400000003 0.0 9.437671200000096 3.3594616999999687 12.521792300000016 1.5983298875000003 371.3359375 363.8125 59 59 1.0 0 26 26 False 0 0 False 2.269230769230769 2.269230769230769 2.807955730529843 2.807955730529843 1.2374042202334903 1.2374042202334903 1.0 1.0 1.0 1.0 1.5 1.5 2.0 2.0 13.0 13.0 0 0.0 0 0.0 8.840675561216926 1.5 7.800908066800087 0 0 0.0 0.0 0.0 0.0 0.0 0.0 0.0 0.0 0.0 0.0 0.0 0.0 0.0 0.0 0.0 0.0 8 3.25 0.8864052604279183 0.2727400801316672 2.0 2.75 3.5 4.0 4.0 7.375 7.375 7.049569389078213 7.049569389078213 0.9558738154682322 0.0 2.0 0.0 3.75 0.0 5.0 0.0 8.0 0.0 24.0 0.0
27 9 3 0.9999684999998806 0.37072890000001735 0.0 1.370697399999898 1.370697399999898 1.370697399999898 1.370697399999898 353.55859375 343.328125 18 18 1.0 18 1 0 False 0 0 False 1.0 1.0 0.0 0.0 0.0 0.0 0.0 0.0 0.0 0.0 0.0 0.0 0.0 0.0 0.0 0.0 0 0.0 0 0.0 0.0 0.0 0.0 1 1 1.0 0.0 0.0 1.0 1.0 1.0 1.0 1.0 18.0 0.0 0.0 18.0 18.0 18.0 18.0 18.0 1 1.0 0.0 0.0 0.0 0.0 0.0 0.0 0.0 1.0 1.0 0.0 0.0 0.0 0.0 0.0 0.0 0.0 0.0 0.0 0.0 0.0 0.0 0.0 0.0
28 9 2 1.405550699999992 0.346371199999993 0.0 1.751921899999985 2.65112649999989 3.122619299999883 1.575302199999939 368.64453125 358.6796875 26 26 1.0 26 18 18 False 0 0 False 1.4444444444444444 1.4444444444444444 0.9217771979249536 0.9217771979249536 0.6381534447172755 0.6381534447172755 1.0 1.0 1.0 1.0 1.0 1.0 1.0 1.0 4.0 4.0 0 0.0 0 0.0 3.2244564412570047 0.0 2.309401076758503 6 2 3.0 0.0 0.0 3.0 3.0 3.0 3.0 3.0 13.0 5.656854249492381 0.43514263457633695 9.0 11.0 13.0 15.0 17.0 2 9.0 0.0 0.0 9.0 9.0 9.0 9.0 9.0 13.0 13.0 5.656854249492381 5.656854249492381 0.43514263457633695 0.0 9.0 0.0 11.0 0.0 13.0 0.0 15.0 0.0 17.0 0.0
29 9 1 4.882518499999918 0.9117840000000399 0.0 5.794302499999958 3.2519530999998096 8.916921799999841 1.1478591749999865 370.40625 361.44921875 54 54 1.0 0 26 26 False 0 0 False 2.076923076923077 2.076923076923077 1.9580209789085903 1.9580209789085903 0.9427508416967286 0.9427508416967286 1.0 1.0 1.0 1.0 1.0 1.0 2.0 2.0 8.0 8.0 0 0.0 0 0.0 1.9422124881465541 1.9364916731037085 3.760171390892826 0 0 0.0 0.0 0.0 0.0 0.0 0.0 0.0 0.0 0.0 0.0 0.0 0.0 0.0 0.0 0.0 0.0 8 3.25 1.164964745021435 0.3584506907758262 2.0 2.0 3.5 4.0 5.0 6.75 6.75 3.882193783343198 3.882193783343198 0.5751398197545479 0.0 2.0 0.0 3.0 0.0 6.5 0.0 11.0 0.0 11.0 0.0
30 10 3 1.003096099999965 0.330632200000025 0.0 1.33372829999999 1.33372829999999 1.33372829999999 1.33372829999999 364.1015625 353.578125 18 18 1.0 18 1 0 False 0 0 False 1.0 1.0 0.0 0.0 0.0 0.0 0.0 0.0 0.0 0.0 0.0 0.0 0.0 0.0 0.0 0.0 0 0.0 0 0.0 0.0 0.0 0.0 1 1 1.0 0.0 0.0 1.0 1.0 1.0 1.0 1.0 18.0 0.0 0.0 18.0 18.0 18.0 18.0 18.0 1 1.0 0.0 0.0 0.0 0.0 0.0 0.0 0.0 1.0 1.0 0.0 0.0 0.0 0.0 0.0 0.0 0.0 0.0 0.0 0.0 0.0 0.0 0.0 0.0
31 10 2 1.412093299999981 0.5093282999999644 0.0 1.9214215999999453 2.7847209999999905 3.2551498999999353 1.6416325999999657 377.29296875 367.15625 26 26 1.0 26 18 18 False 0 0 False 1.4444444444444444 1.4444444444444444 0.7838233761296739 0.7838233761296739 0.5426469527051588 0.5426469527051588 1.0 1.0 1.0 1.0 1.0 1.0 1.75 1.75 3.0 3.0 0 0.0 0 0.0 3.234014183120649 0.0 2.309401076758503 6 2 3.0 0.0 0.0 3.0 3.0 3.0 3.0 3.0 13.0 5.656854249492381 0.43514263457633695 9.0 11.0 13.0 15.0 17.0 2 9.0 0.0 0.0 9.0 9.0 9.0 9.0 9.0 13.0 13.0 5.656854249492381 5.656854249492381 0.43514263457633695 0.0 9.0 0.0 11.0 0.0 13.0 0.0 15.0 0.0 17.0 0.0
32 10 1 6.055909599999978 4.0039695999999765 0.0 10.059879199999955 3.614093699999927 13.31502909999989 1.6974866124999899 394.01171875 386.30859375 63 63 1.0 0 26 26 False 0 0 False 2.423076923076923 2.423076923076923 2.8167083899200773 2.8167083899200773 1.1624510815543176 1.1624510815543176 1.0 1.0 1.0 1.0 2.0 2.0 2.0 2.0 12.0 12.0 0 0.0 0 0.0 8.553391313308415 1.9364916731037085 6.96369553868889 0 0 0.0 0.0 0.0 0.0 0.0 0.0 0.0 0.0 0.0 0.0 0.0 0.0 0.0 0.0 0.0 0.0 8 3.25 1.164964745021435 0.3584506907758262 2.0 2.0 3.5 4.0 5.0 7.875 7.875 7.180081575342402 7.180081575342402 0.9117563905196701 0.0 2.0 0.0 3.0 0.0 6.0 0.0 8.75 0.0 24.0 0.0
33 11 3 1.004490899999979 0.3486277000000939 0.0 1.353118600000073 1.353118600000073 1.353118600000073 1.353118600000073 378.41015625 368.09765625 18 18 1.0 18 1 0 False 0 0 False 1.0 1.0 0.0 0.0 0.0 0.0 0.0 0.0 0.0 0.0 0.0 0.0 0.0 0.0 0.0 0.0 0 0.0 0 0.0 0.0 0.0 0.0 1 1 1.0 0.0 0.0 1.0 1.0 1.0 1.0 1.0 18.0 0.0 0.0 18.0 18.0 18.0 18.0 18.0 1 1.0 0.0 0.0 0.0 0.0 0.0 0.0 0.0 1.0 1.0 0.0 0.0 0.0 0.0 0.0 0.0 0.0 0.0 0.0 0.0 0.0 0.0 0.0 0.0
34 11 2 1.4173187000000382 0.3702515999999605 0.0 1.7875702999999987 2.6664929000000654 3.1406889000000717 1.5845565500000305 390.6875 380.66015625 26 26 1.0 26 18 18 False 0 0 False 1.4444444444444444 1.4444444444444444 0.8555852638929972 0.8555852638929972 0.5923282596182288 0.5923282596182288 1.0 1.0 1.0 1.0 1.0 1.0 1.75 1.75 4.0 4.0 0 0.0 0 0.0 3.1312180934855363 0.0 2.309401076758503 6 2 3.0 0.0 0.0 3.0 3.0 3.0 3.0 3.0 13.0 5.656854249492381 0.43514263457633695 9.0 11.0 13.0 15.0 17.0 2 9.0 0.0 0.0 9.0 9.0 9.0 9.0 9.0 13.0 13.0 5.656854249492381 5.656854249492381 0.43514263457633695 0.0 9.0 0.0 11.0 0.0 13.0 0.0 15.0 0.0 17.0 0.0
35 11 1 3.356397100000038 0.7009307999999237 0.0 4.057327899999962 3.501186500000074 7.198016800000033 0.9330562875000084 388.17578125 379.7734375 39 39 1.0 0 26 26 False 0 0 False 1.5 1.5 0.5830951894845301 0.5830951894845301 0.38873012632302006 0.38873012632302006 1.0 1.0 1.0 1.0 1.0 1.0 2.0 2.0 3.0 3.0 0 0.0 0 0.0 1.6899021364473241 1.9364916731037085 4.179147972706612 0 0 0.0 0.0 0.0 0.0 0.0 0.0 0.0 0.0 0.0 0.0 0.0 0.0 0.0 0.0 0.0 0.0 8 3.25 1.164964745021435 0.3584506907758262 2.0 2.0 3.5 4.0 5.0 4.875 4.875 2.295181287579947 2.295181287579947 0.4708064179651173 0.0 2.0 0.0 3.0 0.0 4.5 0.0 6.5 0.0 8.0 0.0
36 12 3 1.003216999999978 0.3695558000000574 0.0 1.3727728000000354 1.3727728000000354 1.3727728000000354 1.3727728000000354 385.7578125 375.26171875 18 18 1.0 18 1 0 False 0 0 False 1.0 1.0 0.0 0.0 0.0 0.0 0.0 0.0 0.0 0.0 0.0 0.0 0.0 0.0 0.0 0.0 0 0.0 0 0.0 0.0 0.0 0.0 1 1 1.0 0.0 0.0 1.0 1.0 1.0 1.0 1.0 18.0 0.0 0.0 18.0 18.0 18.0 18.0 18.0 1 1.0 0.0 0.0 0.0 0.0 0.0 0.0 0.0 1.0 1.0 0.0 0.0 0.0 0.0 0.0 0.0 0.0 0.0 0.0 0.0 0.0 0.0 0.0 0.0
37 12 2 1.4132066999999893 0.3789013000000523 0.0 1.7921080000000416 2.6933875000001137 3.164880800000077 1.59663180000004 401.671875 391.69140625 26 26 1.0 26 18 18 False 0 0 False 1.4444444444444444 1.4444444444444444 0.8555852638929972 0.8555852638929972 0.5923282596182288 0.5923282596182288 1.0 1.0 1.0 1.0 1.0 1.0 1.75 1.75 4.0 4.0 0 0.0 0 0.0 3.1965773877515895 0.0 2.309401076758503 6 2 3.0 0.0 0.0 3.0 3.0 3.0 3.0 3.0 13.0 5.656854249492381 0.43514263457633695 9.0 11.0 13.0 15.0 17.0 2 9.0 0.0 0.0 9.0 9.0 9.0 9.0 9.0 13.0 13.0 5.656854249492381 5.656854249492381 0.43514263457633695 0.0 9.0 0.0 11.0 0.0 13.0 0.0 15.0 0.0 17.0 0.0
38 12 1 5.287193700000103 1.28596260000009 0.0 6.573156300000193 3.5257461000001626 9.73803710000027 1.250871650000029 409.2734375 399.6796875 57 57 1.0 0 26 26 True 0 0 False 2.1923076923076925 2.1923076923076925 2.1151468397835065 2.1151468397835065 1.0184040339698364 1.0184040339698364 1.0 1.0 1.0 1.0 1.5 1.5 2.0 2.0 11.0 11.0 0 0.0 0 0.0 6.020244446471115 1.9364916731037085 4.545296714431547 0 0 0.0 0.0 0.0 0.0 0.0 0.0 0.0 0.0 0.0 0.0 0.0 0.0 0.0 0.0 0.0 0.0 8 3.25 1.164964745021435 0.3584506907758262 2.0 2.0 3.5 4.0 5.0 7.125 7.125 5.330170192940773 5.330170192940773 0.7480940621671262 0.0 2.0 0.0 3.0 0.0 6.0 0.0 8.75 0.0 18.0 0.0
39 13 3 1.002210699999921 0.4069197000000031 0.0 1.409130399999924 1.409130399999924 1.409130399999924 1.409130399999924 396.1328125 385.92578125 18 18 1.0 18 1 0 False 0 0 False 1.0 1.0 0.0 0.0 0.0 0.0 0.0 0.0 0.0 0.0 0.0 0.0 0.0 0.0 0.0 0.0 0 0.0 0 0.0 0.0 0.0 0.0 1 1 1.0 0.0 0.0 1.0 1.0 1.0 1.0 1.0 18.0 0.0 0.0 18.0 18.0 18.0 18.0 18.0 1 1.0 0.0 0.0 0.0 0.0 0.0 0.0 0.0 1.0 1.0 0.0 0.0 0.0 0.0 0.0 0.0 0.0 0.0 0.0 0.0 0.0 0.0 0.0 0.0
40 13 2 1.4176554000000294 0.38657829999996807 0.0 1.8042336999999975 2.741341399999925 3.2133640999999216 1.6208595999999602 408.54296875 398.578125 26 26 1.0 26 18 18 False 0 0 False 1.4444444444444444 1.4444444444444444 1.0416176459053668 1.0416176459053668 0.7211199087037155 0.7211199087037155 1.0 1.0 1.0 1.0 1.0 1.0 1.0 1.0 5.0 5.0 0 0.0 0 0.0 3.4177580310559934 0.0 2.309401076758503 6 2 3.0 0.0 0.0 3.0 3.0 3.0 3.0 3.0 13.0 5.656854249492381 0.43514263457633695 9.0 11.0 13.0 15.0 17.0 2 9.0 0.0 0.0 9.0 9.0 9.0 9.0 9.0 13.0 13.0 5.656854249492381 5.656854249492381 0.43514263457633695 0.0 9.0 0.0 11.0 0.0 13.0 0.0 15.0 0.0 17.0 0.0
41 13 1 4.469361699999894 0.9132958000000428 0.0 5.382657499999937 3.575741699999895 8.596021599999858 1.1079075374999867 411.97265625 402.984375 50 50 1.0 0 26 26 False 0 0 False 1.9230769230769231 1.9230769230769231 1.5211331808379416 1.5211331808379416 0.7909892540357296 0.7909892540357296 1.0 1.0 1.0 1.0 2.0 2.0 2.0 2.0 8.0 8.0 0 0.0 0 0.0 2.191295312806787 1.9364916731037085 2.852873794770615 0 0 0.0 0.0 0.0 0.0 0.0 0.0 0.0 0.0 0.0 0.0 0.0 0.0 0.0 0.0 0.0 0.0 8 3.25 1.164964745021435 0.3584506907758262 2.0 2.0 3.5 4.0 5.0 6.25 6.25 3.575711717366808 3.575711717366808 0.5721138747786892 0.0 2.0 0.0 3.0 0.0 6.0 0.0 8.75 0.0 11.0 0.0
42 14 3 1.000049899999965 0.31263370000002055 0.0 1.3126835999999855 1.3126835999999855 1.3126835999999855 1.3126835999999855 405.51171875 395.36328125 18 18 1.0 18 1 0 False 0 0 False 1.0 1.0 0.0 0.0 0.0 0.0 0.0 0.0 0.0 0.0 0.0 0.0 0.0 0.0 0.0 0.0 0 0.0 0 0.0 0.0 0.0 0.0 1 1 1.0 0.0 0.0 1.0 1.0 1.0 1.0 1.0 18.0 0.0 0.0 18.0 18.0 18.0 18.0 18.0 1 1.0 0.0 0.0 0.0 0.0 0.0 0.0 0.0 1.0 1.0 0.0 0.0 0.0 0.0 0.0 0.0 0.0 0.0 0.0 0.0 0.0 0.0 0.0 0.0
43 14 2 1.4197749999999871 0.37172129999996173 0.0 1.7914962999999489 2.631969599999934 3.1041798999999344 1.5660383499999568 419.0703125 409.03515625 26 26 1.0 26 18 18 False 0 0 False 1.4444444444444444 1.4444444444444444 1.0416176459053668 1.0416176459053668 0.7211199087037155 0.7211199087037155 1.0 1.0 1.0 1.0 1.0 1.0 1.0 1.0 5.0 5.0 0 0.0 0 0.0 3.4177580310559934 0.0 2.309401076758503 6 2 3.0 0.0 0.0 3.0 3.0 3.0 3.0 3.0 13.0 5.656854249492381 0.43514263457633695 9.0 11.0 13.0 15.0 17.0 2 9.0 0.0 0.0 9.0 9.0 9.0 9.0 9.0 13.0 13.0 5.656854249492381 5.656854249492381 0.43514263457633695 0.0 9.0 0.0 11.0 0.0 13.0 0.0 15.0 0.0 17.0 0.0
44 14 1 3.762146400000063 0.7938839999999061 0.0 4.556030399999969 3.6571916999999132 7.660210299999903 0.9909878124999771 422.68359375 414.2265625 43 43 1.0 0 26 26 False 0 0 False 1.6538461538461537 1.6538461538461537 1.0561177090573832 1.0561177090573832 0.6385828008253945 0.6385828008253945 1.0 1.0 1.0 1.0 1.0 1.0 2.0 2.0 6.0 6.0 0 0.0 0 0.0 2.029552374351717 1.9364916731037085 4.520785330006281 0 0 0.0 0.0 0.0 0.0 0.0 0.0 0.0 0.0 0.0 0.0 0.0 0.0 0.0 0.0 0.0 0.0 8 3.25 1.164964745021435 0.3584506907758262 2.0 2.0 3.5 4.0 5.0 5.375 5.375 3.0676887530703447 3.0676887530703447 0.5707327912689013 0.0 2.0 0.0 3.0 0.0 4.5 0.0 7.25 0.0 11.0 0.0
45 15 3 1.0025805000000503 0.378526199999925 0.0 1.3811066999999753 1.3811066999999753 1.3811066999999753 1.3811066999999753 416.12890625 405.99609375 18 18 1.0 18 1 0 False 0 0 False 1.0 1.0 0.0 0.0 0.0 0.0 0.0 0.0 0.0 0.0 0.0 0.0 0.0 0.0 0.0 0.0 0 0.0 0 0.0 0.0 0.0 0.0 1 1 1.0 0.0 0.0 1.0 1.0 1.0 1.0 1.0 18.0 0.0 0.0 18.0 18.0 18.0 18.0 18.0 1 1.0 0.0 0.0 0.0 0.0 0.0 0.0 0.0 1.0 1.0 0.0 0.0 0.0 0.0 0.0 0.0 0.0 0.0 0.0 0.0 0.0 0.0 0.0 0.0
46 15 2 1.4142037999999957 0.37038269999996487 0.0 1.7845864999999606 2.6930688999999006 3.165693199999936 1.5974629999999763 429.63671875 419.66015625 26 26 1.0 26 18 18 False 0 0 False 1.4444444444444444 1.4444444444444444 0.8555852638929972 0.8555852638929972 0.5923282596182288 0.5923282596182288 1.0 1.0 1.0 1.0 1.0 1.0 1.75 1.75 4.0 4.0 0 0.0 0 0.0 2.9796981093804233 0.0 2.309401076758503 6 2 3.0 0.0 0.0 3.0 3.0 3.0 3.0 3.0 13.0 5.656854249492381 0.43514263457633695 9.0 11.0 13.0 15.0 17.0 2 9.0 0.0 0.0 9.0 9.0 9.0 9.0 9.0 13.0 13.0 5.656854249492381 5.656854249492381 0.43514263457633695 0.0 9.0 0.0 11.0 0.0 13.0 0.0 15.0 0.0 17.0 0.0
47 15 1 5.640379800000005 4.293740199999974 0.0 9.934119999999979 3.518849599999868 13.099813199999915 1.6709217374999774 445.70703125 439.4921875 59 59 1.0 0 26 26 True 0 0 False 2.269230769230769 2.269230769230769 2.642842292800572 2.642842292800572 1.1847224071174978 1.1847224071174978 1.0 1.0 1.0 1.0 1.5 1.5 2.0 2.0 11.0 11.0 0 0.0 0 0.0 8.81520505925338 1.9364916731037085 7.346106300468145 0 0 0.0 0.0 0.0 0.0 0.0 0.0 0.0 0.0 0.0 0.0 0.0 0.0 0.0 0.0 0.0 0.0 8 3.25 1.164964745021435 0.3584506907758262 2.0 2.0 3.5 4.0 5.0 7.375 7.375 7.089982873241454 7.089982873241454 0.9613536099310447 0.0 2.0 0.0 3.0 0.0 5.5 0.0 8.0 0.0 24.0 0.0
48 16 3 0.998575100000096 0.3393557000000271 0.0 1.337930800000123 1.337930800000123 1.337930800000123 1.337930800000123 429.90625 420.33984375 18 18 1.0 18 1 0 False 0 0 False 1.0 1.0 0.0 0.0 0.0 0.0 0.0 0.0 0.0 0.0 0.0 0.0 0.0 0.0 0.0 0.0 0 0.0 0 0.0 0.0 0.0 0.0 1 1 1.0 0.0 0.0 1.0 1.0 1.0 1.0 1.0 18.0 0.0 0.0 18.0 18.0 18.0 18.0 18.0 1 1.0 0.0 0.0 0.0 0.0 0.0 0.0 0.0 1.0 1.0 0.0 0.0 0.0 0.0 0.0 0.0 0.0 0.0 0.0 0.0 0.0 0.0 0.0 0.0
49 16 2 1.4429797999999892 0.37168819999999414 0.0 1.8146679999999833 2.686330300000094 3.1525988000001064 1.5906652000000463 443.10546875 433.58203125 26 26 1.0 26 18 18 False 0 0 False 1.4444444444444444 1.4444444444444444 0.7838233761296739 0.7838233761296739 0.5426469527051588 0.5426469527051588 1.0 1.0 1.0 1.0 1.0 1.0 1.75 1.75 3.0 3.0 0 0.0 0 0.0 3.234014183120649 0.0 2.309401076758503 6 2 3.0 0.0 0.0 3.0 3.0 3.0 3.0 3.0 13.0 5.656854249492381 0.43514263457633695 9.0 11.0 13.0 15.0 17.0 2 9.0 0.0 0.0 9.0 9.0 9.0 9.0 9.0 13.0 13.0 5.656854249492381 5.656854249492381 0.43514263457633695 0.0 9.0 0.0 11.0 0.0 13.0 0.0 15.0 0.0 17.0 0.0
50 16 1 3.732994999999846 0.6017446000001314 0.0 4.334739599999978 3.508189300000083 7.487338400000084 0.9692209500000111 444.83984375 436.36328125 43 43 1.0 0 26 26 False 0 0 False 1.6538461538461537 1.6538461538461537 0.891843380524078 0.891843380524078 0.5392541370610704 0.5392541370610704 1.0 1.0 1.0 1.0 1.5 1.5 2.0 2.0 5.0 5.0 0 0.0 0 0.0 1.8527526299245436 1.9364916731037085 4.520785330006281 0 0 0.0 0.0 0.0 0.0 0.0 0.0 0.0 0.0 0.0 0.0 0.0 0.0 0.0 0.0 0.0 0.0 8 3.25 1.164964745021435 0.3584506907758262 2.0 2.0 3.5 4.0 5.0 5.375 5.375 3.0676887530703447 3.0676887530703447 0.5707327912689013 0.0 2.0 0.0 3.0 0.0 4.5 0.0 7.25 0.0 11.0 0.0
51 17 3 0.9959029000000328 0.36002670000002013 0.0 1.355929600000053 1.355929600000053 1.355929600000053 1.355929600000053 438.14453125 428.125 18 18 1.0 18 1 0 False 0 0 False 1.0 1.0 0.0 0.0 0.0 0.0 0.0 0.0 0.0 0.0 0.0 0.0 0.0 0.0 0.0 0.0 0 0.0 0 0.0 0.0 0.0 0.0 1 1 1.0 0.0 0.0 1.0 1.0 1.0 1.0 1.0 18.0 0.0 0.0 18.0 18.0 18.0 18.0 18.0 1 1.0 0.0 0.0 0.0 0.0 0.0 0.0 0.0 1.0 1.0 0.0 0.0 0.0 0.0 0.0 0.0 0.0 0.0 0.0 0.0 0.0 0.0 0.0 0.0
52 17 2 1.4030253000000812 0.37985040000000936 0.0 1.7828757000000905 2.67166540000008 3.1388053000001435 1.58362170000008 451.66796875 441.8046875 26 26 1.0 26 18 18 False 0 0 False 1.4444444444444444 1.4444444444444444 0.7838233761296739 0.7838233761296739 0.5426469527051588 0.5426469527051588 1.0 1.0 1.0 1.0 1.0 1.0 1.75 1.75 3.0 3.0 0 0.0 0 0.0 3.234014183120649 0.0 2.309401076758503 6 2 3.0 0.0 0.0 3.0 3.0 3.0 3.0 3.0 13.0 5.656854249492381 0.43514263457633695 9.0 11.0 13.0 15.0 17.0 2 9.0 0.0 0.0 9.0 9.0 9.0 9.0 9.0 13.0 13.0 5.656854249492381 5.656854249492381 0.43514263457633695 0.0 9.0 0.0 11.0 0.0 13.0 0.0 15.0 0.0 17.0 0.0
53 17 1 5.254650099999907 1.3698709000000235 0.0 6.62452099999993 3.495396300000067 9.763326300000074 1.2537413625000084 461.9453125 452.5703125 57 57 1.0 0 26 26 True 0 0 False 2.1923076923076925 2.1923076923076925 1.5748015748023623 1.5748015748023623 0.7874007874011811 0.7874007874011811 1.0 1.0 1.0 1.0 1.5 1.5 2.0 2.0 6.0 6.0 0 0.0 0 0.0 5.778518165529045 1.9364916731037085 4.736823830374104 0 0 0.0 0.0 0.0 0.0 0.0 0.0 0.0 0.0 0.0 0.0 0.0 0.0 0.0 0.0 0.0 0.0 8 3.25 1.164964745021435 0.3584506907758262 2.0 2.0 3.5 4.0 5.0 7.125 7.125 5.330170192940773 5.330170192940773 0.7480940621671262 0.0 2.0 0.0 3.0 0.0 6.0 0.0 8.75 0.0 18.0 0.0
54 18 3 0.9970149000000674 0.3693697999999017 0.0 1.3663846999999691 1.3663846999999691 1.3663846999999691 1.3663846999999691 449.21484375 439.0 18 18 1.0 18 1 0 False 0 0 False 1.0 1.0 0.0 0.0 0.0 0.0 0.0 0.0 0.0 0.0 0.0 0.0 0.0 0.0 0.0 0.0 0 0.0 0 0.0 0.0 0.0 0.0 1 1 1.0 0.0 0.0 1.0 1.0 1.0 1.0 1.0 18.0 0.0 0.0 18.0 18.0 18.0 18.0 18.0 1 1.0 0.0 0.0 0.0 0.0 0.0 0.0 0.0 1.0 1.0 0.0 0.0 0.0 0.0 0.0 0.0 0.0 0.0 0.0 0.0 0.0 0.0 0.0 0.0
55 18 2 1.405756800000006 0.3778880000000413 0.0 1.7836448000000473 2.680233600000008 3.1500295000000165 1.5892828000000065 462.61328125 452.67578125 26 26 1.0 26 18 18 False 0 0 False 1.4444444444444444 1.4444444444444444 0.8555852638929972 0.8555852638929972 0.5923282596182288 0.5923282596182288 1.0 1.0 1.0 1.0 1.0 1.0 1.75 1.75 4.0 4.0 0 0.0 0 0.0 3.1965773877515895 0.0 2.309401076758503 6 2 3.0 0.0 0.0 3.0 3.0 3.0 3.0 3.0 13.0 5.656854249492381 0.43514263457633695 9.0 11.0 13.0 15.0 17.0 2 9.0 0.0 0.0 9.0 9.0 9.0 9.0 9.0 13.0 13.0 5.656854249492381 5.656854249492381 0.43514263457633695 0.0 9.0 0.0 11.0 0.0 13.0 0.0 15.0 0.0 17.0 0.0
56 18 1 5.263223400000129 1.3393581000000836 0.0 6.602581500000213 3.5040828999999007 9.752611000000229 1.2522466000000492 471.08984375 461.57421875 57 57 1.0 0 26 26 False 0 0 False 2.1923076923076925 2.1923076923076925 2.383597797770937 2.383597797770937 1.0872551358253395 1.0872551358253395 1.0 1.0 1.0 1.0 2.0 2.0 2.0 2.0 13.0 13.0 0 0.0 0 0.0 5.878012887273948 1.9364916731037085 4.433928531474343 0 0 0.0 0.0 0.0 0.0 0.0 0.0 0.0 0.0 0.0 0.0 0.0 0.0 0.0 0.0 0.0 0.0 8 3.25 1.164964745021435 0.3584506907758262 2.0 2.0 3.5 4.0 5.0 7.125 7.125 5.330170192940773 5.330170192940773 0.7480940621671262 0.0 2.0 0.0 3.0 0.0 6.0 0.0 8.75 0.0 18.0 0.0
57 19 3 0.9971678000000566 0.34616340000007995 0.0 1.3433312000001365 1.3433312000001365 1.3433312000001365 1.3433312000001365 458.375 448.0859375 18 18 1.0 18 1 0 False 0 0 False 1.0 1.0 0.0 0.0 0.0 0.0 0.0 0.0 0.0 0.0 0.0 0.0 0.0 0.0 0.0 0.0 0 0.0 0 0.0 0.0 0.0 0.0 1 1 1.0 0.0 0.0 1.0 1.0 1.0 1.0 1.0 18.0 0.0 0.0 18.0 18.0 18.0 18.0 18.0 1 1.0 0.0 0.0 0.0 0.0 0.0 0.0 0.0 1.0 1.0 0.0 0.0 0.0 0.0 0.0 0.0 0.0 0.0 0.0 0.0 0.0 0.0 0.0 0.0
58 19 2 1.4127115000001709 0.37855669999993324 0.0 1.7912682000001041 2.666312100000198 3.1345994000002406 1.5816367000001321 472.66015625 462.67578125 26 26 1.0 26 18 18 False 0 0 False 1.4444444444444444 1.4444444444444444 0.7838233761296739 0.7838233761296739 0.5426469527051588 0.5426469527051588 1.0 1.0 1.0 1.0 1.0 1.0 1.75 1.75 3.0 3.0 0 0.0 0 0.0 3.234014183120649 0.0 2.309401076758503 6 2 3.0 0.0 0.0 3.0 3.0 3.0 3.0 3.0 13.0 5.656854249492381 0.43514263457633695 9.0 11.0 13.0 15.0 17.0 2 9.0 0.0 0.0 9.0 9.0 9.0 9.0 9.0 13.0 13.0 5.656854249492381 5.656854249492381 0.43514263457633695 0.0 9.0 0.0 11.0 0.0 13.0 0.0 15.0 0.0 17.0 0.0
59 19 1 3.7382765000000404 0.5940499000001296 0.0 4.33232640000017 3.4913052000002267 7.466925800000411 0.966467725000058 475.43359375 466.93359375 43 43 1.0 0 26 26 False 0 0 False 1.6538461538461537 1.6538461538461537 1.0561177090573832 1.0561177090573832 0.6385828008253945 0.6385828008253945 1.0 1.0 1.0 1.0 1.0 1.0 2.0 2.0 6.0 6.0 0 0.0 0 0.0 2.0635251621132613 1.9364916731037085 4.520785330006281 0 0 0.0 0.0 0.0 0.0 0.0 0.0 0.0 0.0 0.0 0.0 0.0 0.0 0.0 0.0 0.0 0.0 8 3.25 1.164964745021435 0.3584506907758262 2.0 2.0 3.5 4.0 5.0 5.375 5.375 3.0676887530703447 3.0676887530703447 0.5707327912689013 0.0 2.0 0.0 3.0 0.0 4.5 0.0 7.25 0.0 11.0 0.0
60 20 3 0.9961419000000546 0.36835429999990765 0.0 1.3644961999999623 1.3644961999999623 1.3644961999999623 1.3644961999999623 468.8671875 458.69921875 18 18 1.0 18 1 0 False 0 0 False 1.0 1.0 0.0 0.0 0.0 0.0 0.0 0.0 0.0 0.0 0.0 0.0 0.0 0.0 0.0 0.0 0 0.0 0 0.0 0.0 0.0 0.0 1 1 1.0 0.0 0.0 1.0 1.0 1.0 1.0 1.0 18.0 0.0 0.0 18.0 18.0 18.0 18.0 18.0 1 1.0 0.0 0.0 0.0 0.0 0.0 0.0 0.0 1.0 1.0 0.0 0.0 0.0 0.0 0.0 0.0 0.0 0.0 0.0 0.0 0.0 0.0 0.0 0.0
61 20 2 1.4080924000001005 0.36489499999999 0.0 1.7729874000000905 2.6674921999999697 3.1374836000000528 1.5829622500000369 482.41796875 472.37109375 26 26 1.0 26 18 18 False 0 0 False 1.4444444444444444 1.4444444444444444 0.7838233761296739 0.7838233761296739 0.5426469527051588 0.5426469527051588 1.0 1.0 1.0 1.0 1.0 1.0 2.0 2.0 4.0 4.0 0 0.0 0 0.0 3.0157337756773757 0.0 2.309401076758503 6 2 3.0 0.0 0.0 3.0 3.0 3.0 3.0 3.0 13.0 5.656854249492381 0.43514263457633695 9.0 11.0 13.0 15.0 17.0 2 9.0 0.0 0.0 9.0 9.0 9.0 9.0 9.0 13.0 13.0 5.656854249492381 5.656854249492381 0.43514263457633695 0.0 9.0 0.0 11.0 0.0 13.0 0.0 15.0 0.0 17.0 0.0
62 20 1 5.60429600000009 3.0461233999998854 0.0 8.650419399999976 3.487543799999912 11.787903000000028 1.506911350000017 495.42578125 487.69921875 59 59 1.0 0 26 26 True 0 0 False 2.269230769230769 2.269230769230769 2.702705197504046 2.702705197504046 1.2115575023293998 1.2115575023293998 1.0 1.0 1.0 1.0 1.5 1.5 2.0 2.0 13.0 13.0 0 0.0 0 0.0 8.8670739254841 1.9364916731037085 7.346106300468145 0 0 0.0 0.0 0.0 0.0 0.0 0.0 0.0 0.0 0.0 0.0 0.0 0.0 0.0 0.0 0.0 0.0 8 3.25 1.164964745021435 0.3584506907758262 2.0 2.0 3.5 4.0 5.0 7.375 7.375 7.089982873241454 7.089982873241454 0.9613536099310447 0.0 2.0 0.0 3.0 0.0 5.5 0.0 8.0 0.0 24.0 0.0
63 21 3 0.9979932000001668 0.41692119999987654 0.0 1.4149144000000433 1.4149144000000433 1.4149144000000433 1.4149144000000433 478.46875 468.41796875 18 18 1.0 18 1 0 False 0 0 False 1.0 1.0 0.0 0.0 0.0 0.0 0.0 0.0 0.0 0.0 0.0 0.0 0.0 0.0 0.0 0.0 0 0.0 0 0.0 0.0 0.0 0.0 1 1 1.0 0.0 0.0 1.0 1.0 1.0 1.0 1.0 18.0 0.0 0.0 18.0 18.0 18.0 18.0 18.0 1 1.0 0.0 0.0 0.0 0.0 0.0 0.0 0.0 1.0 1.0 0.0 0.0 0.0 0.0 0.0 0.0 0.0 0.0 0.0 0.0 0.0 0.0 0.0 0.0
64 21 2 1.402779800000019 0.3644257000000266 0.0 1.7672055000000455 2.7170783000000824 3.182119900000089 1.6053723000000275 490.9296875 481.16015625 26 26 1.0 26 18 18 False 0 0 False 1.4444444444444444 1.4444444444444444 0.7838233761296739 0.7838233761296739 0.5426469527051588 0.5426469527051588 1.0 1.0 1.0 1.0 1.0 1.0 1.75 1.75 3.0 3.0 0 0.0 0 0.0 3.261573252635073 0.0 2.309401076758503 6 2 3.0 0.0 0.0 3.0 3.0 3.0 3.0 3.0 13.0 5.656854249492381 0.43514263457633695 9.0 11.0 13.0 15.0 17.0 2 9.0 0.0 0.0 9.0 9.0 9.0 9.0 9.0 13.0 13.0 5.656854249492381 5.656854249492381 0.43514263457633695 0.0 9.0 0.0 11.0 0.0 13.0 0.0 15.0 0.0 17.0 0.0
65 21 1 4.136535199999969 0.938571799999977 0.0 5.075106999999946 3.31245389999998 8.257226900000035 1.0654063624999992 494.3359375 485.73828125 47 47 1.0 0 26 26 False 0 0 False 1.8076923076923077 1.8076923076923077 1.3861956793824102 1.3861956793824102 0.766831652424312 0.766831652424312 1.0 1.0 1.0 1.0 1.0 1.0 2.0 2.0 7.0 7.0 0 0.0 0 0.0 3.130896803297644 1.9364916731037085 5.782516753110189 0 0 0.0 0.0 0.0 0.0 0.0 0.0 0.0 0.0 0.0 0.0 0.0 0.0 0.0 0.0 0.0 0.0 8 3.25 1.164964745021435 0.3584506907758262 2.0 2.0 3.5 4.0 5.0 5.875 5.875 3.563204817496262 3.563204817496262 0.6065029476589382 0.0 2.0 0.0 3.0 0.0 5.0 0.0 8.0 0.0 11.0 0.0
66 22 3 0.9990335999999616 0.3078578000002494 0.0 1.306891400000211 1.306891400000211 1.306891400000211 1.306891400000211 487.57421875 477.5 18 18 1.0 18 1 0 False 0 0 False 1.0 1.0 0.0 0.0 0.0 0.0 0.0 0.0 0.0 0.0 0.0 0.0 0.0 0.0 0.0 0.0 0 0.0 0 0.0 0.0 0.0 0.0 1 1 1.0 0.0 0.0 1.0 1.0 1.0 1.0 1.0 18.0 0.0 0.0 18.0 18.0 18.0 18.0 18.0 1 1.0 0.0 0.0 0.0 0.0 0.0 0.0 0.0 1.0 1.0 0.0 0.0 0.0 0.0 0.0 0.0 0.0 0.0 0.0 0.0 0.0 0.0 0.0 0.0
67 22 2 1.397421999999949 0.3522244999998634 0.0 1.7496464999998125 2.5909324000000424 3.0565379000000235 1.5423548500000095 502.0546875 492.09375 26 26 1.0 26 18 18 False 0 0 False 1.4444444444444444 1.4444444444444444 0.7047921864945659 0.7047921864945659 0.4879330521885456 0.4879330521885456 1.0 1.0 1.0 1.0 1.0 1.0 2.0 2.0 3.0 3.0 0 0.0 0 0.0 3.084542639060299 0.0 2.309401076758503 6 2 3.0 0.0 0.0 3.0 3.0 3.0 3.0 3.0 13.0 5.656854249492381 0.43514263457633695 9.0 11.0 13.0 15.0 17.0 2 9.0 0.0 0.0 9.0 9.0 9.0 9.0 9.0 13.0 13.0 5.656854249492381 5.656854249492381 0.43514263457633695 0.0 9.0 0.0 11.0 0.0 13.0 0.0 15.0 0.0 17.0 0.0
68 22 1 5.235718400000053 1.4173415000002478 0.0 6.653059900000301 3.1883383000001118 9.709597800000324 1.246991487500047 510.5390625 500.9921875 57 57 1.0 0 26 26 True 0 0 False 2.1923076923076925 2.1923076923076925 2.795600939938427 2.795600939938427 1.297957579257127 1.297957579257127 1.0 1.0 1.0 1.0 1.0 1.0 2.0 2.0 14.0 14.0 0 0.0 0 0.0 5.442341668825719 1.9364916731037085 4.662944944512594 0 0 0.0 0.0 0.0 0.0 0.0 0.0 0.0 0.0 0.0 0.0 0.0 0.0 0.0 0.0 0.0 0.0 8 3.25 1.164964745021435 0.3584506907758262 2.0 2.0 3.5 4.0 5.0 7.125 7.125 5.303300858899107 5.303300858899107 0.7443229275647869 0.0 2.0 0.0 3.0 0.0 6.0 0.0 8.75 0.0 18.0 0.0
69 23 3 0.997645499999976 0.33172530000001643 0.0 1.3293707999999924 1.3293707999999924 1.3293707999999924 1.3293707999999924 499.203125 488.94140625 18 18 1.0 18 1 0 False 0 0 False 1.0 1.0 0.0 0.0 0.0 0.0 0.0 0.0 0.0 0.0 0.0 0.0 0.0 0.0 0.0 0.0 0 0.0 0 0.0 0.0 0.0 0.0 1 1 1.0 0.0 0.0 1.0 1.0 1.0 1.0 1.0 18.0 0.0 0.0 18.0 18.0 18.0 18.0 18.0 1 1.0 0.0 0.0 0.0 0.0 0.0 0.0 0.0 1.0 1.0 0.0 0.0 0.0 0.0 0.0 0.0 0.0 0.0 0.0 0.0 0.0 0.0 0.0 0.0
70 23 2 1.4151511999999684 0.389802799999984 0.0 1.8049539999999524 2.6619468999999754 3.134324799999945 1.5814486499999703 512.31640625 502.36328125 26 26 1.0 26 18 18 False 0 0 False 1.4444444444444444 1.4444444444444444 0.7047921864945659 0.7047921864945659 0.4879330521885456 0.4879330521885456 1.0 1.0 1.0 1.0 1.0 1.0 2.0 2.0 3.0 3.0 0 0.0 0 0.0 2.899907760701387 0.0 2.309401076758503 6 2 3.0 0.0 0.0 3.0 3.0 3.0 3.0 3.0 13.0 5.656854249492381 0.43514263457633695 9.0 11.0 13.0 15.0 17.0 2 9.0 0.0 0.0 9.0 9.0 9.0 9.0 9.0 13.0 13.0 5.656854249492381 5.656854249492381 0.43514263457633695 0.0 9.0 0.0 11.0 0.0 13.0 0.0 15.0 0.0 17.0 0.0
71 23 1 4.051254399999948 0.6598144000000161 0.0 4.711068799999964 3.4951204000000757 7.845393599999909 1.0142460624999998 514.515625 505.57421875 46 46 1.0 0 26 26 False 0 0 False 1.7692307692307692 1.7692307692307692 1.3944946699845735 1.3944946699845735 0.7881926395564981 0.7881926395564981 1.0 1.0 1.0 1.0 1.5 1.5 2.0 2.0 8.0 8.0 0 0.0 0 0.0 2.447677319491895 1.9364916731037085 2.8431203515386634 0 0 0.0 0.0 0.0 0.0 0.0 0.0 0.0 0.0 0.0 0.0 0.0 0.0 0.0 0.0 0.0 0.0 8 3.25 1.164964745021435 0.3584506907758262 2.0 2.0 3.5 4.0 5.0 5.75 5.75 3.1052950170405937 3.1052950170405937 0.5400513073114076 0.0 2.0 0.0 3.0 0.0 5.5 0.0 8.0 0.0 11.0 0.0
72 24 3 0.9982868999998686 0.3437672999999677 0.0 1.3420541999998363 1.3420541999998363 1.3420541999998363 1.3420541999998363 508.0859375 497.95703125 18 18 1.0 18 1 0 False 0 0 False 1.0 1.0 0.0 0.0 0.0 0.0 0.0 0.0 0.0 0.0 0.0 0.0 0.0 0.0 0.0 0.0 0 0.0 0 0.0 0.0 0.0 0.0 1 1 1.0 0.0 0.0 1.0 1.0 1.0 1.0 1.0 18.0 0.0 0.0 18.0 18.0 18.0 18.0 18.0 1 1.0 0.0 0.0 0.0 0.0 0.0 0.0 0.0 1.0 1.0 0.0 0.0 0.0 0.0 0.0 0.0 0.0 0.0 0.0 0.0 0.0 0.0 0.0 0.0
73 24 2 1.4119206000000872 0.6739587000000142 0.0 2.0858793000001015 2.9554862999999614 3.427933499999938 1.7283079499999587 521.46484375 511.62890625 26 26 1.0 26 18 18 False 0 0 False 1.4444444444444444 1.4444444444444444 0.8555852638929972 0.8555852638929972 0.5923282596182288 0.5923282596182288 1.0 1.0 1.0 1.0 1.0 1.0 1.75 1.75 4.0 4.0 0 0.0 0 0.0 3.045268879990785 0.0 2.309401076758503 6 2 3.0 0.0 0.0 3.0 3.0 3.0 3.0 3.0 13.0 5.656854249492381 0.43514263457633695 9.0 11.0 13.0 15.0 17.0 2 9.0 0.0 0.0 9.0 9.0 9.0 9.0 9.0 13.0 13.0 5.656854249492381 5.656854249492381 0.43514263457633695 0.0 9.0 0.0 11.0 0.0 13.0 0.0 15.0 0.0 17.0 0.0
74 24 1 6.01779869999973 4.110709299999883 0.0 10.128507999999613 3.5576505999998744 13.55644149999955 1.728027087499946 539.31640625 533.24609375 63 63 1.0 0 26 26 True 0 0 False 2.423076923076923 2.423076923076923 2.829514772209865 2.829514772209865 1.1865707109267176 1.1865707109267176 1.0 1.0 1.0 1.0 1.0 1.0 2.0 2.0 12.0 12.0 0 0.0 0 0.0 7.876684566701498 1.9364916731037085 6.86122357082823 0 0 0.0 0.0 0.0 0.0 0.0 0.0 0.0 0.0 0.0 0.0 0.0 0.0 0.0 0.0 0.0 0.0 8 3.25 1.164964745021435 0.3584506907758262 2.0 2.0 3.5 4.0 5.0 7.875 7.875 7.160157619972981 7.160157619972981 0.9092263644410135 0.0 2.0 0.0 3.0 0.0 6.0 0.0 8.75 0.0 24.0 0.0
75 25 3 0.9945734999999445 0.35827599999981885 0.0 1.3528494999997633 1.3528494999997633 1.3528494999997633 1.3528494999997633 521.81640625 512.15234375 18 18 1.0 18 1 0 False 0 0 False 1.0 1.0 0.0 0.0 0.0 0.0 0.0 0.0 0.0 0.0 0.0 0.0 0.0 0.0 0.0 0.0 0 0.0 0 0.0 0.0 0.0 0.0 1 1 1.0 0.0 0.0 1.0 1.0 1.0 1.0 1.0 18.0 0.0 0.0 18.0 18.0 18.0 18.0 18.0 1 1.0 0.0 0.0 0.0 0.0 0.0 0.0 0.0 1.0 1.0 0.0 0.0 0.0 0.0 0.0 0.0 0.0 0.0 0.0 0.0 0.0 0.0 0.0 0.0
76 25 2 1.403773000000058 0.3815623999998934 0.0 1.7853353999999513 2.670105399999727 3.1381848999997146 1.5830822999998588 535.98828125 526.64453125 26 26 1.0 26 18 18 False 0 0 False 1.4444444444444444 1.4444444444444444 0.7838233761296739 0.7838233761296739 0.5426469527051588 0.5426469527051588 1.0 1.0 1.0 1.0 1.0 1.0 2.0 2.0 4.0 4.0 0 0.0 0 0.0 3.0157337756773757 0.0 2.309401076758503 6 2 3.0 0.0 0.0 3.0 3.0 3.0 3.0 3.0 13.0 5.656854249492381 0.43514263457633695 9.0 11.0 13.0 15.0 17.0 2 9.0 0.0 0.0 9.0 9.0 9.0 9.0 9.0 13.0 13.0 5.656854249492381 5.656854249492381 0.43514263457633695 0.0 9.0 0.0 11.0 0.0 13.0 0.0 15.0 0.0 17.0 0.0
77 25 1 4.046703100000002 0.9684282999998004 0.0 5.015131399999802 3.8225415999996812 8.153316299999517 1.0523811874999254 538.2421875 529.60546875 46 46 1.0 0 26 26 False 0 0 False 1.7692307692307692 1.7692307692307692 1.3944946699845735 1.3944946699845735 0.7881926395564981 0.7881926395564981 1.0 1.0 1.0 1.0 1.5 1.5 2.0 2.0 8.0 8.0 0 0.0 0 0.0 2.4294787226698085 1.9364916731037085 2.8431203515386634 0 0 0.0 0.0 0.0 0.0 0.0 0.0 0.0 0.0 0.0 0.0 0.0 0.0 0.0 0.0 0.0 0.0 8 3.25 1.164964745021435 0.3584506907758262 2.0 2.0 3.5 4.0 5.0 5.75 5.75 3.1052950170405937 3.1052950170405937 0.5400513073114076 0.0 2.0 0.0 3.0 0.0 5.5 0.0 8.0 0.0 11.0 0.0
78 26 3 0.9957976000000031 0.3327177999999549 0.0 1.328515399999958 1.328515399999958 1.328515399999958 1.328515399999958 531.91015625 521.98828125 18 18 1.0 18 1 0 False 0 0 False 1.0 1.0 0.0 0.0 0.0 0.0 0.0 0.0 0.0 0.0 0.0 0.0 0.0 0.0 0.0 0.0 0 0.0 0 0.0 0.0 0.0 0.0 1 1 1.0 0.0 0.0 1.0 1.0 1.0 1.0 1.0 18.0 0.0 0.0 18.0 18.0 18.0 18.0 18.0 1 1.0 0.0 0.0 0.0 0.0 0.0 0.0 0.0 1.0 1.0 0.0 0.0 0.0 0.0 0.0 0.0 0.0 0.0 0.0 0.0 0.0 0.0 0.0 0.0
79 26 2 1.4021522999999547 0.7079843000000778 0.0 2.1101366000000326 2.6367297000000463 3.4386519999999905 1.7337719499999764 545.1171875 535.53125 26 26 1.0 26 18 18 False 0 0 False 1.4444444444444444 1.4444444444444444 0.9217771979249536 0.9217771979249536 0.6381534447172755 0.6381534447172755 1.0 1.0 1.0 1.0 1.0 1.0 1.0 1.0 4.0 4.0 0 0.0 0 0.0 3.2244564412570047 0.0 2.309401076758503 6 2 3.0 0.0 0.0 3.0 3.0 3.0 3.0 3.0 13.0 5.656854249492381 0.43514263457633695 9.0 11.0 13.0 15.0 17.0 2 9.0 0.0 0.0 9.0 9.0 9.0 9.0 9.0 13.0 13.0 5.656854249492381 5.656854249492381 0.43514263457633695 0.0 9.0 0.0 11.0 0.0 13.0 0.0 15.0 0.0 17.0 0.0
80 26 1 4.857482599999912 0.790054000000282 0.0 5.647536600000194 3.2311297999999624 9.086188600000185 1.1691668750000446 547.93359375 539.5 54 54 1.0 0 26 26 False 0 0 False 2.076923076923077 2.076923076923077 1.7417939470115729 1.7417939470115729 0.8386415300426091 0.8386415300426091 1.0 1.0 1.0 1.0 1.5 1.5 2.0 2.0 8.0 8.0 0 0.0 0 0.0 1.9107295920575729 1.9364916731037085 3.760171390892826 0 0 0.0 0.0 0.0 0.0 0.0 0.0 0.0 0.0 0.0 0.0 0.0 0.0 0.0 0.0 0.0 0.0 8 3.25 1.164964745021435 0.3584506907758262 2.0 2.0 3.5 4.0 5.0 6.75 6.75 3.882193783343198 3.882193783343198 0.5751398197545479 0.0 2.0 0.0 3.0 0.0 6.5 0.0 11.0 0.0 11.0 0.0
81 27 3 0.9978900999998928 0.3111838000000944 0.0 1.3090738999999871 1.3090738999999871 1.3090738999999871 1.3090738999999871 541.5859375 531.88671875 18 18 1.0 18 1 0 False 0 0 False 1.0 1.0 0.0 0.0 0.0 0.0 0.0 0.0 0.0 0.0 0.0 0.0 0.0 0.0 0.0 0.0 0 0.0 0 0.0 0.0 0.0 0.0 1 1 1.0 0.0 0.0 1.0 1.0 1.0 1.0 1.0 18.0 0.0 0.0 18.0 18.0 18.0 18.0 18.0 1 1.0 0.0 0.0 0.0 0.0 0.0 0.0 0.0 1.0 1.0 0.0 0.0 0.0 0.0 0.0 0.0 0.0 0.0 0.0 0.0 0.0 0.0 0.0 0.0
82 27 2 1.4140904999999293 0.36001189999996086 0.0 1.7741023999998902 2.614266099999952 3.0831762999998773 1.5555320999999083 555.859375 546.46875 26 26 1.0 26 18 18 False 0 0 False 1.4444444444444444 1.4444444444444444 0.7047921864945659 0.7047921864945659 0.4879330521885456 0.4879330521885456 1.0 1.0 1.0 1.0 1.0 1.0 2.0 2.0 3.0 3.0 0 0.0 0 0.0 3.1420420085573486 0.0 2.309401076758503 6 2 3.0 0.0 0.0 3.0 3.0 3.0 3.0 3.0 13.0 5.656854249492381 0.43514263457633695 9.0 11.0 13.0 15.0 17.0 2 9.0 0.0 0.0 9.0 9.0 9.0 9.0 9.0 13.0 13.0 5.656854249492381 5.656854249492381 0.43514263457633695 0.0 9.0 0.0 11.0 0.0 13.0 0.0 15.0 0.0 17.0 0.0
83 27 1 4.874240199999804 1.4731826999998816 0.0 6.347422899999685 3.445143799999755 9.430599199999563 1.2121486749999448 564.09765625 554.875 53 53 1.0 0 26 26 True 0 0 False 2.0384615384615383 2.0384615384615383 2.513961017995307 2.513961017995307 1.2569805089976536 1.2569805089976536 1.0 1.0 1.0 1.0 1.5 1.5 2.0 2.0 14.0 14.0 0 0.0 0 0.0 6.214901447328025 1.9364916731037085 4.757304325397361 0 0 0.0 0.0 0.0 0.0 0.0 0.0 0.0 0.0 0.0 0.0 0.0 0.0 0.0 0.0 0.0 0.0 8 3.25 1.164964745021435 0.3584506907758262 2.0 2.0 3.5 4.0 5.0 6.625 6.625 5.125217765408329 5.125217765408329 0.7736177759106911 0.0 2.0 0.0 3.0 0.0 5.5 0.0 8.0 0.0 18.0 0.0
84 28 3 0.9947284000000423 0.3401489999999967 0.0 1.334877400000039 1.334877400000039 1.334877400000039 1.334877400000039 551.3125 541.30859375 18 18 1.0 18 1 0 False 0 0 False 1.0 1.0 0.0 0.0 0.0 0.0 0.0 0.0 0.0 0.0 0.0 0.0 0.0 0.0 0.0 0.0 0 0.0 0 0.0 0.0 0.0 0.0 1 1 1.0 0.0 0.0 1.0 1.0 1.0 1.0 1.0 18.0 0.0 0.0 18.0 18.0 18.0 18.0 18.0 1 1.0 0.0 0.0 0.0 0.0 0.0 0.0 0.0 1.0 1.0 0.0 0.0 0.0 0.0 0.0 0.0 0.0 0.0 0.0 0.0 0.0 0.0 0.0 0.0
85 28 2 1.4107935000001248 0.37031960000012987 0.0 1.7811131000002547 2.6479712000002564 3.1159905000002937 1.5720374500001242 564.76171875 554.98046875 26 26 1.0 26 18 18 False 0 0 False 1.4444444444444444 1.4444444444444444 0.7838233761296739 0.7838233761296739 0.5426469527051588 0.5426469527051588 1.0 1.0 1.0 1.0 1.0 1.0 1.75 1.75 3.0 3.0 0 0.0 0 0.0 3.234014183120649 0.0 2.309401076758503 6 2 3.0 0.0 0.0 3.0 3.0 3.0 3.0 3.0 13.0 5.656854249492381 0.43514263457633695 9.0 11.0 13.0 15.0 17.0 2 9.0 0.0 0.0 9.0 9.0 9.0 9.0 9.0 13.0 13.0 5.656854249492381 5.656854249492381 0.43514263457633695 0.0 9.0 0.0 11.0 0.0 13.0 0.0 15.0 0.0 17.0 0.0
86 28 1 6.022464299999967 3.550643099999945 0.0 9.573107399999913 3.4741665000002513 12.689097900000206 1.6195042125000185 580.4296875 573.40234375 63 63 1.0 0 26 26 False 0 0 False 2.423076923076923 2.423076923076923 2.8449685681648846 2.8449685681648846 1.1741140122585239 1.1741140122585239 1.0 1.0 1.0 1.0 2.0 2.0 2.0 2.0 13.0 13.0 0 0.0 0 0.0 8.626409498070581 1.9364916731037085 6.96369553868889 0 0 0.0 0.0 0.0 0.0 0.0 0.0 0.0 0.0 0.0 0.0 0.0 0.0 0.0 0.0 0.0 0.0 8 3.25 1.164964745021435 0.3584506907758262 2.0 2.0 3.5 4.0 5.0 7.875 7.875 7.180081575342402 7.180081575342402 0.9117563905196701 0.0 2.0 0.0 3.0 0.0 6.0 0.0 8.75 0.0 24.0 0.0
87 29 3 0.9985569999999484 0.37842009999991433 0.0 1.3769770999998627 1.3769770999998627 1.3769770999998627 1.3769770999998627 562.37890625 552.40234375 18 18 1.0 18 1 0 False 0 0 False 1.0 1.0 0.0 0.0 0.0 0.0 0.0 0.0 0.0 0.0 0.0 0.0 0.0 0.0 0.0 0.0 0 0.0 0 0.0 0.0 0.0 0.0 1 1 1.0 0.0 0.0 1.0 1.0 1.0 1.0 1.0 18.0 0.0 0.0 18.0 18.0 18.0 18.0 18.0 1 1.0 0.0 0.0 0.0 0.0 0.0 0.0 0.0 1.0 1.0 0.0 0.0 0.0 0.0 0.0 0.0 0.0 0.0 0.0 0.0 0.0 0.0 0.0 0.0
88 29 2 1.4103485999999634 0.3614271999999801 0.0 1.7717757999999435 2.6785388999998645 3.1487528999998062 1.5885919999999203 576.75 566.9921875 26 26 1.0 26 18 18 False 0 0 False 1.4444444444444444 1.4444444444444444 0.8555852638929972 0.8555852638929972 0.5923282596182288 0.5923282596182288 1.0 1.0 1.0 1.0 1.0 1.0 1.75 1.75 4.0 4.0 0 0.0 0 0.0 3.1312180934855363 0.0 2.309401076758503 6 2 3.0 0.0 0.0 3.0 3.0 3.0 3.0 3.0 13.0 5.656854249492381 0.43514263457633695 9.0 11.0 13.0 15.0 17.0 2 9.0 0.0 0.0 9.0 9.0 9.0 9.0 9.0 13.0 13.0 5.656854249492381 5.656854249492381 0.43514263457633695 0.0 9.0 0.0 11.0 0.0 13.0 0.0 15.0 0.0 17.0 0.0
89 29 1 5.25078289999999 1.5089190000000485 0.0 6.759701900000039 3.6518975999998133 9.908454799999845 1.271938187499984 585.0625 575.89453125 57 57 1.0 0 26 26 True 0 0 False 2.1923076923076925 2.1923076923076925 1.8547236990991407 1.8547236990991407 0.9273618495495703 0.9273618495495703 1.0 1.0 1.0 1.0 1.0 1.0 2.0 2.0 8.0 8.0 0 0.0 0 0.0 5.417277313478081 1.9364916731037085 4.940619619260546 0 0 0.0 0.0 0.0 0.0 0.0 0.0 0.0 0.0 0.0 0.0 0.0 0.0 0.0 0.0 0.0 0.0 8 3.25 1.164964745021435 0.3584506907758262 2.0 2.0 3.5 4.0 5.0 7.125 7.125 5.303300858899107 5.303300858899107 0.7443229275647869 0.0 2.0 0.0 3.0 0.0 6.0 0.0 8.75 0.0 18.0 0.0
90 30 3 0.996386500000142 0.3813545999999519 0.0 1.3777411000000939 1.3777411000000939 1.3777411000000939 1.3777411000000939 573.61328125 563.59375 18 18 1.0 18 1 0 False 0 0 False 1.0 1.0 0.0 0.0 0.0 0.0 0.0 0.0 0.0 0.0 0.0 0.0 0.0 0.0 0.0 0.0 0 0.0 0 0.0 0.0 0.0 0.0 1 1 1.0 0.0 0.0 1.0 1.0 1.0 1.0 1.0 18.0 0.0 0.0 18.0 18.0 18.0 18.0 18.0 1 1.0 0.0 0.0 0.0 0.0 0.0 0.0 0.0 1.0 1.0 0.0 0.0 0.0 0.0 0.0 0.0 0.0 0.0 0.0 0.0 0.0 0.0 0.0 0.0
91 30 2 1.4081166999999368 0.3686513000000673 0.0 1.7767680000000041 2.6873235000001046 3.154509100000098 1.591432400000059 587.03515625 577.265625 26 26 1.0 26 18 18 False 0 0 False 1.4444444444444444 1.4444444444444444 0.7838233761296739 0.7838233761296739 0.5426469527051588 0.5426469527051588 1.0 1.0 1.0 1.0 1.0 1.0 1.75 1.75 3.0 3.0 0 0.0 0 0.0 3.234014183120649 0.0 2.309401076758503 6 2 3.0 0.0 0.0 3.0 3.0 3.0 3.0 3.0 13.0 5.656854249492381 0.43514263457633695 9.0 11.0 13.0 15.0 17.0 2 9.0 0.0 0.0 9.0 9.0 9.0 9.0 9.0 13.0 13.0 5.656854249492381 5.656854249492381 0.43514263457633695 0.0 9.0 0.0 11.0 0.0 13.0 0.0 15.0 0.0 17.0 0.0
92 30 1 6.028628100000162 4.767303600000048 0.0 10.79593170000021 3.516425700000127 13.950440800000308 1.777114762500048 602.28515625 594.98828125 63 63 1.0 0 26 26 True 0 0 False 2.423076923076923 2.423076923076923 2.354700699582727 2.354700699582727 1.055555486019843 1.055555486019843 1.0 1.0 1.0 1.0 1.5 1.5 2.0 2.0 12.0 12.0 0 0.0 0 0.0 8.636863678511048 1.9364916731037085 7.160365446912143 0 0 0.0 0.0 0.0 0.0 0.0 0.0 0.0 0.0 0.0 0.0 0.0 0.0 0.0 0.0 0.0 0.0 8 3.25 1.164964745021435 0.3584506907758262 2.0 2.0 3.5 4.0 5.0 7.875 7.875 7.180081575342402 7.180081575342402 0.9117563905196701 0.0 2.0 0.0 3.0 0.0 6.0 0.0 8.75 0.0 24.0 0.0
93 31 3 0.9955514000001244 0.3545974000000456 0.0 1.35014880000017 1.35014880000017 1.35014880000017 1.35014880000017 585.80078125 576.28515625 18 18 1.0 18 1 0 False 0 0 False 1.0 1.0 0.0 0.0 0.0 0.0 0.0 0.0 0.0 0.0 0.0 0.0 0.0 0.0 0.0 0.0 0 0.0 0 0.0 0.0 0.0 0.0 1 1 1.0 0.0 0.0 1.0 1.0 1.0 1.0 1.0 18.0 0.0 0.0 18.0 18.0 18.0 18.0 18.0 1 1.0 0.0 0.0 0.0 0.0 0.0 0.0 0.0 1.0 1.0 0.0 0.0 0.0 0.0 0.0 0.0 0.0 0.0 0.0 0.0 0.0 0.0 0.0 0.0
94 31 2 1.4044507000000976 0.3796101999998882 0.0 1.7840608999999858 2.66518850000017 3.134209700000156 1.5811091500000884 598.8515625 589.40625 26 26 1.0 26 18 18 False 0 0 False 1.4444444444444444 1.4444444444444444 0.7838233761296739 0.7838233761296739 0.5426469527051588 0.5426469527051588 1.0 1.0 1.0 1.0 1.0 1.0 2.0 2.0 4.0 4.0 0 0.0 0 0.0 2.933768205699568 0.0 2.309401076758503 6 2 3.0 0.0 0.0 3.0 3.0 3.0 3.0 3.0 13.0 5.656854249492381 0.43514263457633695 9.0 11.0 13.0 15.0 17.0 2 9.0 0.0 0.0 9.0 9.0 9.0 9.0 9.0 13.0 13.0 5.656854249492381 5.656854249492381 0.43514263457633695 0.0 9.0 0.0 11.0 0.0 13.0 0.0 15.0 0.0 17.0 0.0
95 31 1 4.042712800000061 0.6491601000000742 0.0 4.691872900000135 3.491603800000064 7.826082600000291 1.0115489750000464 601.03515625 592.55859375 46 46 1.0 0 26 26 False 0 0 False 1.7692307692307692 1.7692307692307692 1.3944946699845735 1.3944946699845735 0.7881926395564981 0.7881926395564981 1.0 1.0 1.0 1.0 1.5 1.5 2.0 2.0 8.0 8.0 0 0.0 0 0.0 2.3839949565094973 1.9364916731037085 2.8431203515386634 0 0 0.0 0.0 0.0 0.0 0.0 0.0 0.0 0.0 0.0 0.0 0.0 0.0 0.0 0.0 0.0 0.0 8 3.25 1.164964745021435 0.3584506907758262 2.0 2.0 3.5 4.0 5.0 5.75 5.75 3.1052950170405937 3.1052950170405937 0.5400513073114076 0.0 2.0 0.0 3.0 0.0 5.5 0.0 8.0 0.0 11.0 0.0
96 32 3 1.0050377000000594 0.27563209999988203 0.0 1.2806697999999415 1.2806697999999415 1.2806697999999415 1.2806697999999415 595.6796875 585.6796875 18 18 1.0 18 1 0 False 0 0 False 1.0 1.0 0.0 0.0 0.0 0.0 0.0 0.0 0.0 0.0 0.0 0.0 0.0 0.0 0.0 0.0 0 0.0 0 0.0 0.0 0.0 0.0 1 1 1.0 0.0 0.0 1.0 1.0 1.0 1.0 1.0 18.0 0.0 0.0 18.0 18.0 18.0 18.0 18.0 1 1.0 0.0 0.0 0.0 0.0 0.0 0.0 0.0 1.0 1.0 0.0 0.0 0.0 0.0 0.0 0.0 0.0 0.0 0.0 0.0 0.0 0.0 0.0 0.0
97 32 2 1.4104073999999969 0.36474629999992203 0.0 1.775153699999919 2.5864259999999035 3.0558234999998604 1.5419207499999459 609.0859375 599.34375 26 26 1.0 26 18 18 False 0 0 False 1.4444444444444444 1.4444444444444444 1.0416176459053668 1.0416176459053668 0.7211199087037155 0.7211199087037155 1.0 1.0 1.0 1.0 1.0 1.0 1.0 1.0 5.0 5.0 0 0.0 0 0.0 3.4177580310559934 0.0 2.309401076758503 6 2 3.0 0.0 0.0 3.0 3.0 3.0 3.0 3.0 13.0 5.656854249492381 0.43514263457633695 9.0 11.0 13.0 15.0 17.0 2 9.0 0.0 0.0 9.0 9.0 9.0 9.0 9.0 13.0 13.0 5.656854249492381 5.656854249492381 0.43514263457633695 0.0 9.0 0.0 11.0 0.0 13.0 0.0 15.0 0.0 17.0 0.0
98 32 1 6.033900599999754 4.335063399999967 0.0 10.368963999999721 3.4098220999998716 13.424787499999582 1.7113252624999618 623.84765625 616.6796875 63 63 1.0 0 26 26 False 0 0 False 2.423076923076923 2.423076923076923 2.9006630541733305 2.9006630541733305 1.1970990382302635 1.1970990382302635 1.0 1.0 1.0 1.0 2.0 2.0 2.0 2.0 14.0 14.0 0 0.0 0 0.0 8.695923346041905 1.9364916731037085 6.96369553868889 0 0 0.0 0.0 0.0 0.0 0.0 0.0 0.0 0.0 0.0 0.0 0.0 0.0 0.0 0.0 0.0 0.0 8 3.25 1.164964745021435 0.3584506907758262 2.0 2.0 3.5 4.0 5.0 7.875 7.875 7.180081575342402 7.180081575342402 0.9117563905196701 0.0 2.0 0.0 3.0 0.0 6.0 0.0 8.75 0.0 24.0 0.0
99 33 3 1.0008124999999382 0.33003519999999753 0.0 1.3308476999999357 1.3308476999999357 1.3308476999999357 1.3308476999999357 588.15625 581.6484375 18 18 1.0 18 1 0 False 0 0 False 1.0 1.0 0.0 0.0 0.0 0.0 0.0 0.0 0.0 0.0 0.0 0.0 0.0 0.0 0.0 0.0 0 0.0 0 0.0 0.0 0.0 0.0 1 1 1.0 0.0 0.0 1.0 1.0 1.0 1.0 1.0 18.0 0.0 0.0 18.0 18.0 18.0 18.0 18.0 1 1.0 0.0 0.0 0.0 0.0 0.0 0.0 0.0 1.0 1.0 0.0 0.0 0.0 0.0 0.0 0.0 0.0 0.0 0.0 0.0 0.0 0.0 0.0 0.0
100 33 2 1.4084939000000531 0.38201570000018137 0.0 1.7905096000002345 2.6511692000000835 3.12135730000017 1.5747022000000754 611.99609375 604.85546875 26 26 1.0 26 18 18 False 0 0 False 1.4444444444444444 1.4444444444444444 0.7838233761296739 0.7838233761296739 0.5426469527051588 0.5426469527051588 1.0 1.0 1.0 1.0 1.0 1.0 2.0 2.0 4.0 4.0 0 0.0 0 0.0 3.0157337756773757 0.0 2.309401076758503 6 2 3.0 0.0 0.0 3.0 3.0 3.0 3.0 3.0 13.0 5.656854249492381 0.43514263457633695 9.0 11.0 13.0 15.0 17.0 2 9.0 0.0 0.0 9.0 9.0 9.0 9.0 9.0 13.0 13.0 5.656854249492381 5.656854249492381 0.43514263457633695 0.0 9.0 0.0 11.0 0.0 13.0 0.0 15.0 0.0 17.0 0.0
101 33 1 4.0496241000001305 1.0692734999999516 0.0 5.118897600000082 3.4774563000000285 8.240254900000252 1.0634663375000386 620.625 613.14453125 46 46 1.0 0 26 26 False 0 0 False 1.7692307692307692 1.7692307692307692 1.3944946699845735 1.3944946699845735 0.7881926395564981 0.7881926395564981 1.0 1.0 1.0 1.0 1.5 1.5 2.0 2.0 8.0 8.0 0 0.0 0 0.0 2.3759146479200766 1.9364916731037085 2.8431203515386634 0 0 0.0 0.0 0.0 0.0 0.0 0.0 0.0 0.0 0.0 0.0 0.0 0.0 0.0 0.0 0.0 0.0 8 3.25 1.164964745021435 0.3584506907758262 2.0 2.0 3.5 4.0 5.0 5.75 5.75 3.1052950170405937 3.1052950170405937 0.5400513073114076 0.0 2.0 0.0 3.0 0.0 5.5 0.0 8.0 0.0 11.0 0.0
102 34 3 0.9980004999998755 0.3701455000001488 0.0 1.3681460000000243 1.3681460000000243 1.3681460000000243 1.3681460000000243 614.93359375 606.1015625 18 18 1.0 18 1 0 False 0 0 False 1.0 1.0 0.0 0.0 0.0 0.0 0.0 0.0 0.0 0.0 0.0 0.0 0.0 0.0 0.0 0.0 0 0.0 0 0.0 0.0 0.0 0.0 1 1 1.0 0.0 0.0 1.0 1.0 1.0 1.0 1.0 18.0 0.0 0.0 18.0 18.0 18.0 18.0 18.0 1 1.0 0.0 0.0 0.0 0.0 0.0 0.0 0.0 1.0 1.0 0.0 0.0 0.0 0.0 0.0 0.0 0.0 0.0 0.0 0.0 0.0 0.0 0.0 0.0
103 34 2 1.4044179000001122 0.35633929999994507 0.0 1.7607572000000573 2.6603123000001005 3.1289032000000816 1.5788773000000447 627.49609375 618.78125 26 26 1.0 26 18 18 False 0 0 False 1.4444444444444444 1.4444444444444444 0.8555852638929972 0.8555852638929972 0.5923282596182288 0.5923282596182288 1.0 1.0 1.0 1.0 1.0 1.0 1.75 1.75 4.0 4.0 0 0.0 0 0.0 3.1312180934855363 0.0 2.309401076758503 6 2 3.0 0.0 0.0 3.0 3.0 3.0 3.0 3.0 13.0 5.656854249492381 0.43514263457633695 9.0 11.0 13.0 15.0 17.0 2 9.0 0.0 0.0 9.0 9.0 9.0 9.0 9.0 13.0 13.0 5.656854249492381 5.656854249492381 0.43514263457633695 0.0 9.0 0.0 11.0 0.0 13.0 0.0 15.0 0.0 17.0 0.0
104 34 1 6.01962600000013 3.4164427000000046 0.0 9.436068700000135 3.2557203000002346 12.564971900000216 1.6039082250000263 644.84375 637.55078125 63 63 1.0 0 26 26 False 0 0 False 2.423076923076923 2.423076923076923 3.10062028533746 3.10062028533746 1.2796210701392694 1.2796210701392694 1.0 1.0 1.0 1.0 1.0 1.0 2.0 2.0 14.0 14.0 0 0.0 0 0.0 7.933385750576836 1.9364916731037085 6.853121754191864 0 0 0.0 0.0 0.0 0.0 0.0 0.0 0.0 0.0 0.0 0.0 0.0 0.0 0.0 0.0 0.0 0.0 8 3.25 1.164964745021435 0.3584506907758262 2.0 2.0 3.5 4.0 5.0 7.875 7.875 7.160157619972981 7.160157619972981 0.9092263644410135 0.0 2.0 0.0 3.0 0.0 6.0 0.0 8.75 0.0 24.0 0.0
105 35 3 0.9967763000001355 0.3292553999997949 0.0 1.3260316999999304 1.3260316999999304 1.3260316999999304 1.3260316999999304 627.59375 617.75 18 18 1.0 18 1 0 False 0 0 False 1.0 1.0 0.0 0.0 0.0 0.0 0.0 0.0 0.0 0.0 0.0 0.0 0.0 0.0 0.0 0.0 0 0.0 0 0.0 0.0 0.0 0.0 1 1 1.0 0.0 0.0 1.0 1.0 1.0 1.0 1.0 18.0 0.0 0.0 18.0 18.0 18.0 18.0 18.0 1 1.0 0.0 0.0 0.0 0.0 0.0 0.0 0.0 1.0 1.0 0.0 0.0 0.0 0.0 0.0 0.0 0.0 0.0 0.0 0.0 0.0 0.0 0.0 0.0
106 35 2 1.4071986999999808 0.3769168999999124 0.0 1.7841155999998932 2.641921799999807 3.1101472999998236 1.5690778499998999 641.9453125 632.3515625 26 26 1.0 26 18 18 False 0 0 False 1.4444444444444444 1.4444444444444444 0.8555852638929972 0.8555852638929972 0.5923282596182288 0.5923282596182288 1.0 1.0 1.0 1.0 1.0 1.0 1.75 1.75 4.0 4.0 0 0.0 0 0.0 2.9796981093804233 0.0 2.309401076758503 6 2 3.0 0.0 0.0 3.0 3.0 3.0 3.0 3.0 13.0 5.656854249492381 0.43514263457633695 9.0 11.0 13.0 15.0 17.0 2 9.0 0.0 0.0 9.0 9.0 9.0 9.0 9.0 13.0 13.0 5.656854249492381 5.656854249492381 0.43514263457633695 0.0 9.0 0.0 11.0 0.0 13.0 0.0 15.0 0.0 17.0 0.0
107 35 1 4.4407507000000805 1.1608628999998132 0.0 5.601613599999894 3.2361340999999015 8.711760899999717 1.1223649124999753 644.3125 635.78515625 50 50 1.0 0 26 26 False 0 0 False 1.9230769230769231 1.9230769230769231 1.6473755351607458 1.6473755351607458 0.8566352782835878 0.8566352782835878 1.0 1.0 1.0 1.0 1.0 1.0 2.0 2.0 8.0 8.0 0 0.0 0 0.0 2.451300826019722 1.9364916731037085 3.7006005518624194 0 0 0.0 0.0 0.0 0.0 0.0 0.0 0.0 0.0 0.0 0.0 0.0 0.0 0.0 0.0 0.0 0.0 8 3.25 1.164964745021435 0.3584506907758262 2.0 2.0 3.5 4.0 5.0 6.25 6.25 3.5355339059327378 3.5355339059327378 0.565685424949238 0.0 2.0 0.0 3.0 0.0 6.0 0.0 8.75 0.0 11.0 0.0
108 36 3 0.9974074999998948 0.3458169000000453 0.0 1.34322439999994 1.34322439999994 1.34322439999994 1.34322439999994 638.0234375 628.171875 18 18 1.0 18 1 0 False 0 0 False 1.0 1.0 0.0 0.0 0.0 0.0 0.0 0.0 0.0 0.0 0.0 0.0 0.0 0.0 0.0 0.0 0 0.0 0 0.0 0.0 0.0 0.0 1 1 1.0 0.0 0.0 1.0 1.0 1.0 1.0 1.0 18.0 0.0 0.0 18.0 18.0 18.0 18.0 18.0 1 1.0 0.0 0.0 0.0 0.0 0.0 0.0 0.0 1.0 1.0 0.0 0.0 0.0 0.0 0.0 0.0 0.0 0.0 0.0 0.0 0.0 0.0 0.0 0.0
109 36 2 1.4064043000000765 0.3754953999997497 0.0 1.7818996999998262 2.6588345999998637 3.1251240999997663 1.5766454499998872 651.3359375 641.84375 26 26 1.0 26 18 18 False 0 0 False 1.4444444444444444 1.4444444444444444 0.7838233761296739 0.7838233761296739 0.5426469527051588 0.5426469527051588 1.0 1.0 1.0 1.0 1.0 1.0 2.0 2.0 4.0 4.0 0 0.0 0 0.0 3.1034959711264904 0.0 2.309401076758503 6 2 3.0 0.0 0.0 3.0 3.0 3.0 3.0 3.0 13.0 5.656854249492381 0.43514263457633695 9.0 11.0 13.0 15.0 17.0 2 9.0 0.0 0.0 9.0 9.0 9.0 9.0 9.0 13.0 13.0 5.656854249492381 5.656854249492381 0.43514263457633695 0.0 9.0 0.0 11.0 0.0 13.0 0.0 15.0 0.0 17.0 0.0
110 36 1 5.615389599999958 3.668678800000521 0.0 9.284068400000479 3.480002399999762 12.409192500000245 1.584426925000031 666.40234375 659.35546875 59 59 1.0 0 26 26 True 0 0 False 2.269230769230769 2.269230769230769 2.189485362784176 2.189485362784176 1.054196656155344 1.054196656155344 1.0 1.0 1.0 1.0 1.5 1.5 2.0 2.0 11.0 11.0 0 0.0 0 0.0 8.925936212975449 1.9364916731037085 7.633533476269907 0 0 0.0 0.0 0.0 0.0 0.0 0.0 0.0 0.0 0.0 0.0 0.0 0.0 0.0 0.0 0.0 0.0 8 3.25 1.164964745021435 0.3584506907758262 2.0 2.0 3.5 4.0 5.0 7.375 7.375 7.089982873241454 7.089982873241454 0.9613536099310447 0.0 2.0 0.0 3.0 0.0 5.5 0.0 8.0 0.0 24.0 0.0
111 37 3 1.0002402000002348 0.36616559999981746 0.0 1.3664058000000523 1.3664058000000523 1.3664058000000523 1.3664058000000523 631.296875 625.65234375 18 18 1.0 18 1 0 False 0 0 False 1.0 1.0 0.0 0.0 0.0 0.0 0.0 0.0 0.0 0.0 0.0 0.0 0.0 0.0 0.0 0.0 0 0.0 0 0.0 0.0 0.0 0.0 1 1 1.0 0.0 0.0 1.0 1.0 1.0 1.0 1.0 18.0 0.0 0.0 18.0 18.0 18.0 18.0 18.0 1 1.0 0.0 0.0 0.0 0.0 0.0 0.0 0.0 1.0 1.0 0.0 0.0 0.0 0.0 0.0 0.0 0.0 0.0 0.0 0.0 0.0 0.0 0.0 0.0
112 37 2 1.411508900000058 0.8396935999999187 0.0 2.2512024999999767 3.150009400000158 3.617608300000029 1.8227829500000325 653.328125 645.5234375 26 26 1.0 26 18 18 False 0 0 False 1.4444444444444444 1.4444444444444444 0.7047921864945659 0.7047921864945659 0.4879330521885456 0.4879330521885456 1.0 1.0 1.0 1.0 1.0 1.0 2.0 2.0 3.0 3.0 0 0.0 0 0.0 3.0044548542445133 0.0 2.309401076758503 6 2 3.0 0.0 0.0 3.0 3.0 3.0 3.0 3.0 13.0 5.656854249492381 0.43514263457633695 9.0 11.0 13.0 15.0 17.0 2 9.0 0.0 0.0 9.0 9.0 9.0 9.0 9.0 13.0 13.0 5.656854249492381 5.656854249492381 0.43514263457633695 0.0 9.0 0.0 11.0 0.0 13.0 0.0 15.0 0.0 17.0 0.0
113 37 1 4.455879400000299 0.7035042999997358 0.0 5.159383700000035 3.746461700000282 8.776992000000064 1.1304679875000119 662.62890625 654.9453125 50 50 1.0 0 26 26 False 0 0 False 1.9230769230769231 1.9230769230769231 1.8745255810060726 1.8745255810060726 0.9747533021231577 0.9747533021231577 1.0 1.0 1.0 1.0 1.0 1.0 2.0 2.0 8.0 8.0 0 0.0 0 0.0 2.5091548354307833 1.9364916731037085 3.7675515184857717 0 0 0.0 0.0 0.0 0.0 0.0 0.0 0.0 0.0 0.0 0.0 0.0 0.0 0.0 0.0 0.0 0.0 8 3.25 1.164964745021435 0.3584506907758262 2.0 2.0 3.5 4.0 5.0 6.25 6.25 3.5355339059327378 3.5355339059327378 0.565685424949238 0.0 2.0 0.0 3.0 0.0 6.0 0.0 8.75 0.0 11.0 0.0
114 38 3 1.003574300000082 0.37308850000022176 0.0 1.3766628000003038 1.3766628000003038 1.3766628000003038 1.3766628000003038 656.64453125 647.7734375 18 18 1.0 18 1 0 False 0 0 False 1.0 1.0 0.0 0.0 0.0 0.0 0.0 0.0 0.0 0.0 0.0 0.0 0.0 0.0 0.0 0.0 0 0.0 0 0.0 0.0 0.0 0.0 1 1 1.0 0.0 0.0 1.0 1.0 1.0 1.0 1.0 18.0 0.0 0.0 18.0 18.0 18.0 18.0 18.0 1 1.0 0.0 0.0 0.0 0.0 0.0 0.0 0.0 1.0 1.0 0.0 0.0 0.0 0.0 0.0 0.0 0.0 0.0 0.0 0.0 0.0 0.0 0.0 0.0
115 38 2 1.3924872999999707 0.3346176000001151 0.0 1.7271049000000858 2.5526025000003756 3.1037677000003896 1.565980000000252 669.671875 661.2578125 26 26 1.0 26 18 18 False 0 0 False 1.4444444444444444 1.4444444444444444 0.7838233761296739 0.7838233761296739 0.5426469527051588 0.5426469527051588 1.0 1.0 1.0 1.0 1.0 1.0 2.0 2.0 4.0 4.0 0 0.0 0 0.0 2.7892356284377455 0.0 1.7320508075688772 6 2 3.0 0.0 0.0 3.0 3.0 3.0 3.0 3.0 13.0 4.242640687119285 0.32635697593225266 10.0 11.5 13.0 14.5 16.0 2 9.0 0.0 0.0 9.0 9.0 9.0 9.0 9.0 13.0 13.0 4.242640687119285 4.242640687119285 0.32635697593225266 0.0 10.0 0.0 11.5 0.0 13.0 0.0 14.5 0.0 16.0 0.0
116 38 1 4.038604300000088 1.1450971999998956 0.0 5.183701499999984 3.3859883000003492 8.287469200000373 1.0691858875000975 672.66015625 664.8671875 46 46 1.0 0 26 26 False 0 0 False 1.7692307692307692 1.7692307692307692 1.3944946699845735 1.3944946699845735 0.7881926395564981 0.7881926395564981 1.0 1.0 1.0 1.0 1.5 1.5 2.0 2.0 8.0 8.0 0 0.0 0 0.0 2.2643363122361575 1.5 2.7938424357067015 0 0 0.0 0.0 0.0 0.0 0.0 0.0 0.0 0.0 0.0 0.0 0.0 0.0 0.0 0.0 0.0 0.0 8 3.25 0.8864052604279183 0.2727400801316672 2.0 2.75 3.5 4.0 4.0 5.75 5.75 3.011881234615431 3.011881234615431 0.5238054321070315 0.0 2.0 0.0 3.75 0.0 5.0 0.0 8.0 0.0 11.0 0.0
117 39 3 0.9959617000000662 0.3073378999998795 0.0 1.3032995999999457 1.3032995999999457 1.3032995999999457 1.3032995999999457 666.3828125 657.25 18 18 1.0 18 1 0 False 0 0 False 1.0 1.0 0.0 0.0 0.0 0.0 0.0 0.0 0.0 0.0 0.0 0.0 0.0 0.0 0.0 0.0 0 0.0 0 0.0 0.0 0.0 0.0 1 1 1.0 0.0 0.0 1.0 1.0 1.0 1.0 1.0 18.0 0.0 0.0 18.0 18.0 18.0 18.0 18.0 1 1.0 0.0 0.0 0.0 0.0 0.0 0.0 0.0 1.0 1.0 0.0 0.0 0.0 0.0 0.0 0.0 0.0 0.0 0.0 0.0 0.0 0.0 0.0 0.0
118 39 2 1.3954293000000462 0.3400741999996626 0.0 1.7355034999997088 2.4929850999996006 3.0388030999996545 1.5336251999997899 678.875 670.43359375 26 26 1.0 26 18 18 False 0 0 False 1.4444444444444444 1.4444444444444444 0.7047921864945659 0.7047921864945659 0.4879330521885456 0.4879330521885456 1.0 1.0 1.0 1.0 1.0 1.0 2.0 2.0 3.0 3.0 0 0.0 0 0.0 2.832062169460135 0.0 1.7320508075688772 6 2 3.0 0.0 0.0 3.0 3.0 3.0 3.0 3.0 13.0 4.242640687119285 0.32635697593225266 10.0 11.5 13.0 14.5 16.0 2 9.0 0.0 0.0 9.0 9.0 9.0 9.0 9.0 13.0 13.0 4.242640687119285 4.242640687119285 0.32635697593225266 0.0 10.0 0.0 11.5 0.0 13.0 0.0 14.5 0.0 16.0 0.0
119 39 1 4.038524599999732 0.6512991999996984 0.0 4.689823799999431 3.3239498999996613 7.728626899999085 0.9993465874998719 681.8671875 673.87109375 46 46 1.0 0 26 26 False 0 0 False 1.7692307692307692 1.7692307692307692 1.3944946699845735 1.3944946699845735 0.7881926395564981 0.7881926395564981 1.0 1.0 1.0 1.0 1.5 1.5 2.0 2.0 8.0 8.0 0 0.0 0 0.0 2.4392015378012193 1.5 2.8037673068767868 0 0 0.0 0.0 0.0 0.0 0.0 0.0 0.0 0.0 0.0 0.0 0.0 0.0 0.0 0.0 0.0 0.0 8 3.25 0.8864052604279183 0.2727400801316672 2.0 2.75 3.5 4.0 4.0 5.75 5.75 3.011881234615431 3.011881234615431 0.5238054321070315 0.0 2.0 0.0 3.75 0.0 5.0 0.0 8.0 0.0 11.0 0.0
120 40 3 1.00010339999983 0.3518117000000984 0.0 1.3519150999999283 1.3519150999999283 1.3519150999999283 1.3519150999999283 675.3828125 666.29296875 18 18 1.0 18 1 0 False 0 0 False 1.0 1.0 0.0 0.0 0.0 0.0 0.0 0.0 0.0 0.0 0.0 0.0 0.0 0.0 0.0 0.0 0 0.0 0 0.0 0.0 0.0 0.0 1 1 1.0 0.0 0.0 1.0 1.0 1.0 1.0 1.0 18.0 0.0 0.0 18.0 18.0 18.0 18.0 18.0 1 1.0 0.0 0.0 0.0 0.0 0.0 0.0 0.0 1.0 1.0 0.0 0.0 0.0 0.0 0.0 0.0 0.0 0.0 0.0 0.0 0.0 0.0 0.0 0.0
121 40 2 1.4090229000000818 0.37734839999995984 0.0 1.7863713000000416 2.6705443999998124 3.13828639999997 1.5833410000000185 689.80859375 680.921875 26 26 1.0 26 18 18 False 0 0 False 1.4444444444444444 1.4444444444444444 0.7047921864945659 0.7047921864945659 0.4879330521885456 0.4879330521885456 1.0 1.0 1.0 1.0 1.0 1.0 2.0 2.0 3.0 3.0 0 0.0 0 0.0 3.170400657522344 0.0 2.309401076758503 6 2 3.0 0.0 0.0 3.0 3.0 3.0 3.0 3.0 13.0 5.656854249492381 0.43514263457633695 9.0 11.0 13.0 15.0 17.0 2 9.0 0.0 0.0 9.0 9.0 9.0 9.0 9.0 13.0 13.0 5.656854249492381 5.656854249492381 0.43514263457633695 0.0 9.0 0.0 11.0 0.0 13.0 0.0 15.0 0.0 17.0 0.0
122 40 1 3.7228288999999677 1.0888715000002094 0.0 4.811700400000177 3.27146179999977 7.949986800000147 1.0270344625000405 688.84765625 680.33984375 43 43 1.0 0 26 26 False 0 0 False 1.6538461538461537 1.6538461538461537 1.4125808349912636 1.4125808349912636 0.8541186444133223 0.8541186444133223 1.0 1.0 1.0 1.0 1.0 1.0 2.0 2.0 8.0 8.0 0 0.0 0 0.0 3.356636982802807 1.9364916731037085 5.529592108726365 0 0 0.0 0.0 0.0 0.0 0.0 0.0 0.0 0.0 0.0 0.0 0.0 0.0 0.0 0.0 0.0 0.0 8 3.25 1.164964745021435 0.3584506907758262 2.0 2.0 3.5 4.0 5.0 5.375 5.375 3.020761493398643 3.020761493398643 0.5620021383067243 0.0 2.0 0.0 3.0 0.0 5.0 0.0 6.5 0.0 11.0 0.0
123 41 3 0.9968968999999106 0.31625129999986257 0.0 1.3131481999997732 1.3131481999997732 1.3131481999997732 1.3131481999997732 685.06640625 676.078125 18 18 1.0 18 1 0 False 0 0 False 1.0 1.0 0.0 0.0 0.0 0.0 0.0 0.0 0.0 0.0 0.0 0.0 0.0 0.0 0.0 0.0 0 0.0 0 0.0 0.0 0.0 0.0 1 1 1.0 0.0 0.0 1.0 1.0 1.0 1.0 1.0 18.0 0.0 0.0 18.0 18.0 18.0 18.0 18.0 1 1.0 0.0 0.0 0.0 0.0 0.0 0.0 0.0 1.0 1.0 0.0 0.0 0.0 0.0 0.0 0.0 0.0 0.0 0.0 0.0 0.0 0.0 0.0 0.0
124 41 2 1.4053613999998333 0.37142249999988053 0.0 1.7767838999997139 2.6232450999996217 3.089932099999487 1.5588927999997395 698.640625 689.7421875 26 26 1.0 26 18 18 False 0 0 False 1.4444444444444444 1.4444444444444444 0.9217771979249536 0.9217771979249536 0.6381534447172755 0.6381534447172755 1.0 1.0 1.0 1.0 1.0 1.0 1.0 1.0 4.0 4.0 0 0.0 0 0.0 3.2244564412570047 0.0 2.309401076758503 6 2 3.0 0.0 0.0 3.0 3.0 3.0 3.0 3.0 13.0 5.656854249492381 0.43514263457633695 9.0 11.0 13.0 15.0 17.0 2 9.0 0.0 0.0 9.0 9.0 9.0 9.0 9.0 13.0 13.0 5.656854249492381 5.656854249492381 0.43514263457633695 0.0 9.0 0.0 11.0 0.0 13.0 0.0 15.0 0.0 17.0 0.0
125 41 1 4.183725400000071 0.6816063999997368 0.0 4.865331799999808 3.225552299999663 7.955263899999295 1.028040949999891 700.23828125 692.68359375 47 47 1.0 0 26 26 False 0 0 False 1.8076923076923077 1.8076923076923077 1.649708598976941 1.649708598976941 0.9126047568808611 0.9126047568808611 1.0 1.0 1.0 1.0 1.0 1.0 2.0 2.0 8.0 8.0 0 0.0 0 0.0 3.3504614183685706 1.9364916731037085 5.6242283421323185 0 0 0.0 0.0 0.0 0.0 0.0 0.0 0.0 0.0 0.0 0.0 0.0 0.0 0.0 0.0 0.0 0.0 8 3.25 1.164964745021435 0.3584506907758262 2.0 2.0 3.5 4.0 5.0 5.875 5.875 3.563204817496262 3.563204817496262 0.6065029476589382 0.0 2.0 0.0 3.0 0.0 5.0 0.0 8.0 0.0 11.0 0.0
126 42 3 1.0023377999995091 0.3479189000001952 0.0 1.3502566999997043 1.3502566999997043 1.3502566999997043 1.3502566999997043 693.8203125 684.53515625 18 18 1.0 18 1 0 False 0 0 False 1.0 1.0 0.0 0.0 0.0 0.0 0.0 0.0 0.0 0.0 0.0 0.0 0.0 0.0 0.0 0.0 0 0.0 0 0.0 0.0 0.0 0.0 1 1 1.0 0.0 0.0 1.0 1.0 1.0 1.0 1.0 18.0 0.0 0.0 18.0 18.0 18.0 18.0 18.0 1 1.0 0.0 0.0 0.0 0.0 0.0 0.0 0.0 1.0 1.0 0.0 0.0 0.0 0.0 0.0 0.0 0.0 0.0 0.0 0.0 0.0 0.0 0.0 0.0
127 42 2 1.4067371000001003 0.3550106999998661 0.0 1.7617477999999664 2.645492699999636 3.1120044999996708 1.570007849999854 706.41796875 697.3046875 26 26 1.0 26 18 18 False 0 0 False 1.4444444444444444 1.4444444444444444 0.8555852638929972 0.8555852638929972 0.5923282596182288 0.5923282596182288 1.0 1.0 1.0 1.0 1.0 1.0 1.75 1.75 4.0 4.0 0 0.0 0 0.0 3.0523552263757803 0.0 2.309401076758503 6 2 3.0 0.0 0.0 3.0 3.0 3.0 3.0 3.0 13.0 5.656854249492381 0.43514263457633695 9.0 11.0 13.0 15.0 17.0 2 9.0 0.0 0.0 9.0 9.0 9.0 9.0 9.0 13.0 13.0 5.656854249492381 5.656854249492381 0.43514263457633695 0.0 9.0 0.0 11.0 0.0 13.0 0.0 15.0 0.0 17.0 0.0
128 42 1 6.02358100000049 3.437041600000157 0.0 9.460622600000647 3.2435312999996313 12.572627100000318 1.6047477125 723.88671875 717.28125 63 63 1.0 0 26 26 True 0 0 False 2.423076923076923 2.423076923076923 2.43815819515785 2.43815819515785 1.0929674667948983 1.0929674667948983 1.0 1.0 1.0 1.0 1.0 1.0 2.0 2.0 9.0 9.0 0 0.0 0 0.0 8.096542106531663 1.9364916731037085 7.052875694038252 0 0 0.0 0.0 0.0 0.0 0.0 0.0 0.0 0.0 0.0 0.0 0.0 0.0 0.0 0.0 0.0 0.0 8 3.25 1.164964745021435 0.3584506907758262 2.0 2.0 3.5 4.0 5.0 7.875 7.875 7.160157619972981 7.160157619972981 0.9092263644410135 0.0 2.0 0.0 3.0 0.0 6.0 0.0 8.75 0.0 24.0 0.0
129 43 3 0.9978722999998126 0.36972679999985303 0.0 1.3675990999996657 1.3675990999996657 1.3675990999996657 1.3675990999996657 704.8203125 695.2578125 18 18 1.0 18 1 0 False 0 0 False 1.0 1.0 0.0 0.0 0.0 0.0 0.0 0.0 0.0 0.0 0.0 0.0 0.0 0.0 0.0 0.0 0 0.0 0 0.0 0.0 0.0 0.0 1 1 1.0 0.0 0.0 1.0 1.0 1.0 1.0 1.0 18.0 0.0 0.0 18.0 18.0 18.0 18.0 18.0 1 1.0 0.0 0.0 0.0 0.0 0.0 0.0 0.0 1.0 1.0 0.0 0.0 0.0 0.0 0.0 0.0 0.0 0.0 0.0 0.0 0.0 0.0 0.0 0.0
130 43 2 1.4037147000000232 0.35277140000005147 0.0 1.7564861000000747 2.6556396999997105 3.1240851999997403 1.5760692499998754 718.84375 709.8515625 26 26 1.0 26 18 18 False 0 0 False 1.4444444444444444 1.4444444444444444 0.8555852638929972 0.8555852638929972 0.5923282596182288 0.5923282596182288 1.0 1.0 1.0 1.0 1.0 1.0 1.75 1.75 4.0 4.0 0 0.0 0 0.0 2.9796981093804233 0.0 2.309401076758503 6 2 3.0 0.0 0.0 3.0 3.0 3.0 3.0 3.0 13.0 5.656854249492381 0.43514263457633695 9.0 11.0 13.0 15.0 17.0 2 9.0 0.0 0.0 9.0 9.0 9.0 9.0 9.0 13.0 13.0 5.656854249492381 5.656854249492381 0.43514263457633695 0.0 9.0 0.0 11.0 0.0 13.0 0.0 15.0 0.0 17.0 0.0
131 43 1 4.439398899999787 0.7148202000000765 0.0 5.154219099999864 3.254160699999602 8.278304299999604 1.0681581624999694 722.56640625 714.3125 50 50 1.0 0 26 26 False 0 0 False 1.9230769230769231 1.9230769230769231 1.8745255810060726 1.8745255810060726 0.9747533021231577 0.9747533021231577 1.0 1.0 1.0 1.0 1.0 1.0 2.0 2.0 8.0 8.0 0 0.0 0 0.0 2.55530542182663 1.9364916731037085 3.7006005518624194 0 0 0.0 0.0 0.0 0.0 0.0 0.0 0.0 0.0 0.0 0.0 0.0 0.0 0.0 0.0 0.0 0.0 8 3.25 1.164964745021435 0.3584506907758262 2.0 2.0 3.5 4.0 5.0 6.25 6.25 3.5355339059327378 3.5355339059327378 0.565685424949238 0.0 2.0 0.0 3.0 0.0 6.0 0.0 8.75 0.0 11.0 0.0
132 44 3 0.9967882999999347 0.39401349999980084 0.0 1.3908017999997355 1.3908017999997355 1.3908017999997355 1.3908017999997355 716.2890625 706.6953125 18 18 1.0 18 1 0 False 0 0 False 1.0 1.0 0.0 0.0 0.0 0.0 0.0 0.0 0.0 0.0 0.0 0.0 0.0 0.0 0.0 0.0 0 0.0 0 0.0 0.0 0.0 0.0 1 1 1.0 0.0 0.0 1.0 1.0 1.0 1.0 1.0 18.0 0.0 0.0 18.0 18.0 18.0 18.0 18.0 1 1.0 0.0 0.0 0.0 0.0 0.0 0.0 0.0 1.0 1.0 0.0 0.0 0.0 0.0 0.0 0.0 0.0 0.0 0.0 0.0 0.0 0.0 0.0 0.0
133 44 2 1.4077250000000276 0.37484549999999217 0.0 1.7825705000000198 2.7067127999997638 3.1733722999997553 1.6009284999998386 729.625 720.3671875 26 26 1.0 26 18 18 False 0 0 False 1.4444444444444444 1.4444444444444444 1.0416176459053668 1.0416176459053668 0.7211199087037155 0.7211199087037155 1.0 1.0 1.0 1.0 1.0 1.0 1.0 1.0 5.0 5.0 0 0.0 0 0.0 3.4177580310559934 0.0 2.309401076758503 6 2 3.0 0.0 0.0 3.0 3.0 3.0 3.0 3.0 13.0 5.656854249492381 0.43514263457633695 9.0 11.0 13.0 15.0 17.0 2 9.0 0.0 0.0 9.0 9.0 9.0 9.0 9.0 13.0 13.0 5.656854249492381 5.656854249492381 0.43514263457633695 0.0 9.0 0.0 11.0 0.0 13.0 0.0 15.0 0.0 17.0 0.0
134 44 1 4.1366745000000265 1.2095674999999346 0.0 5.346241999999961 3.3030567999998084 8.519614299999716 1.0983830874999256 732.875 725.1328125 47 47 1.0 0 26 26 False 0 0 False 1.8076923076923077 1.8076923076923077 1.5496897952617683 1.5496897952617683 0.8572752058894888 0.8572752058894888 1.0 1.0 1.0 1.0 1.0 1.0 2.0 2.0 8.0 8.0 0 0.0 0 0.0 3.185233124776207 1.9364916731037085 5.782516753110189 0 0 0.0 0.0 0.0 0.0 0.0 0.0 0.0 0.0 0.0 0.0 0.0 0.0 0.0 0.0 0.0 0.0 8 3.25 1.164964745021435 0.3584506907758262 2.0 2.0 3.5 4.0 5.0 5.875 5.875 3.563204817496262 3.563204817496262 0.6065029476589382 0.0 2.0 0.0 3.0 0.0 5.0 0.0 8.0 0.0 11.0 0.0
135 45 3 0.999369999999999 0.2992689999996401 0.0 1.298638999999639 1.298638999999639 1.298638999999639 1.298638999999639 726.11328125 716.640625 18 18 1.0 18 1 0 False 0 0 False 1.0 1.0 0.0 0.0 0.0 0.0 0.0 0.0 0.0 0.0 0.0 0.0 0.0 0.0 0.0 0.0 0 0.0 0 0.0 0.0 0.0 0.0 1 1 1.0 0.0 0.0 1.0 1.0 1.0 1.0 1.0 18.0 0.0 0.0 18.0 18.0 18.0 18.0 18.0 1 1.0 0.0 0.0 0.0 0.0 0.0 0.0 0.0 1.0 1.0 0.0 0.0 0.0 0.0 0.0 0.0 0.0 0.0 0.0 0.0 0.0 0.0 0.0 0.0
136 45 2 1.4071592999996483 0.3816023000001678 0.0 1.788761599999816 2.6189905999995062 3.087400599999455 1.557711899999731 739.69140625 730.31640625 26 26 1.0 26 18 18 False 0 0 False 1.4444444444444444 1.4444444444444444 0.8555852638929972 0.8555852638929972 0.5923282596182288 0.5923282596182288 1.0 1.0 1.0 1.0 1.0 1.0 1.75 1.75 4.0 4.0 0 0.0 0 0.0 3.215830186127407 0.0 2.309401076758503 6 2 3.0 0.0 0.0 3.0 3.0 3.0 3.0 3.0 13.0 5.656854249492381 0.43514263457633695 9.0 11.0 13.0 15.0 17.0 2 9.0 0.0 0.0 9.0 9.0 9.0 9.0 9.0 13.0 13.0 5.656854249492381 5.656854249492381 0.43514263457633695 0.0 9.0 0.0 11.0 0.0 13.0 0.0 15.0 0.0 17.0 0.0
137 45 1 5.625830099999575 5.113837700000204 0.0 10.73966779999978 3.4431726999994225 13.827068399999234 1.761762137499872 757.73046875 752.13671875 59 59 1.0 0 26 26 True 0 0 False 2.269230769230769 2.269230769230769 2.189485362784176 2.189485362784176 1.054196656155344 1.054196656155344 1.0 1.0 1.0 1.0 1.5 1.5 2.0 2.0 11.0 11.0 0 0.0 0 0.0 8.991490059557663 1.9364916731037085 7.633533476269907 0 0 0.0 0.0 0.0 0.0 0.0 0.0 0.0 0.0 0.0 0.0 0.0 0.0 0.0 0.0 0.0 0.0 8 3.25 1.164964745021435 0.3584506907758262 2.0 2.0 3.5 4.0 5.0 7.375 7.375 7.089982873241454 7.089982873241454 0.9613536099310447 0.0 2.0 0.0 3.0 0.0 5.5 0.0 8.0 0.0 24.0 0.0
138 46 3 1.0006166000001713 0.3157485000001543 0.0 1.3163651000003256 1.3163651000003256 1.3163651000003256 1.3163651000003256 737.3125 728.90625 18 18 1.0 18 1 0 False 0 0 False 1.0 1.0 0.0 0.0 0.0 0.0 0.0 0.0 0.0 0.0 0.0 0.0 0.0 0.0 0.0 0.0 0 0.0 0 0.0 0.0 0.0 0.0 1 1 1.0 0.0 0.0 1.0 1.0 1.0 1.0 1.0 18.0 0.0 0.0 18.0 18.0 18.0 18.0 18.0 1 1.0 0.0 0.0 0.0 0.0 0.0 0.0 0.0 1.0 1.0 0.0 0.0 0.0 0.0 0.0 0.0 0.0 0.0 0.0 0.0 0.0 0.0 0.0 0.0
139 46 2 1.3993761999997787 0.3643475000001217 0.0 1.7637236999999004 2.6126320000001897 3.080088800000226 1.5540778000001865 752.96484375 745.046875 26 26 1.0 26 18 18 False 0 0 False 1.4444444444444444 1.4444444444444444 0.7047921864945659 0.7047921864945659 0.4879330521885456 0.4879330521885456 1.0 1.0 1.0 1.0 1.0 1.0 2.0 2.0 3.0 3.0 0 0.0 0 0.0 2.899907760701387 0.0 2.309401076758503 6 2 3.0 0.0 0.0 3.0 3.0 3.0 3.0 3.0 13.0 5.656854249492381 0.43514263457633695 9.0 11.0 13.0 15.0 17.0 2 9.0 0.0 0.0 9.0 9.0 9.0 9.0 9.0 13.0 13.0 5.656854249492381 5.656854249492381 0.43514263457633695 0.0 9.0 0.0 11.0 0.0 13.0 0.0 15.0 0.0 17.0 0.0
140 46 1 4.846323200000256 1.013946999999689 0.0 5.860270199999945 3.4376908000000412 8.940359000000171 1.150813450000058 759.33203125 751.69140625 53 53 1.0 0 26 26 False 0 0 False 2.0384615384615383 2.0384615384615383 2.904903017049199 2.904903017049199 1.4250467630807393 1.4250467630807393 1.0 1.0 1.0 1.0 1.0 1.0 2.0 2.0 16.0 16.0 0 0.0 0 0.0 6.256416824292473 1.9364916731037085 4.745612008301283 0 0 0.0 0.0 0.0 0.0 0.0 0.0 0.0 0.0 0.0 0.0 0.0 0.0 0.0 0.0 0.0 0.0 8 3.25 1.164964745021435 0.3584506907758262 2.0 2.0 3.5 4.0 5.0 6.625 6.625 5.125217765408329 5.125217765408329 0.7736177759106911 0.0 2.0 0.0 3.0 0.0 5.5 0.0 8.0 0.0 18.0 0.0
141 47 3 0.9991962000002559 0.9268410000000813 0.0 1.9260372000003372 1.9260372000003372 1.9260372000003372 1.9260372000003372 747.6171875 739.12890625 18 18 1.0 18 1 0 False 0 0 False 1.0 1.0 0.0 0.0 0.0 0.0 0.0 0.0 0.0 0.0 0.0 0.0 0.0 0.0 0.0 0.0 0 0.0 0 0.0 0.0 0.0 0.0 1 1 1.0 0.0 0.0 1.0 1.0 1.0 1.0 1.0 18.0 0.0 0.0 18.0 18.0 18.0 18.0 18.0 1 1.0 0.0 0.0 0.0 0.0 0.0 0.0 0.0 1.0 1.0 0.0 0.0 0.0 0.0 0.0 0.0 0.0 0.0 0.0 0.0 0.0 0.0 0.0 0.0
142 47 2 1.4091495999998642 0.3650884999998425 0.0 1.7742380999997067 3.230846700000143 3.700275300000044 1.8644108999999958 762.359375 754.48046875 26 26 1.0 26 18 18 False 0 0 False 1.4444444444444444 1.4444444444444444 0.7838233761296739 0.7838233761296739 0.5426469527051588 0.5426469527051588 1.0 1.0 1.0 1.0 1.0 1.0 1.75 1.75 3.0 3.0 0 0.0 0 0.0 3.234014183120649 0.0 2.309401076758503 6 2 3.0 0.0 0.0 3.0 3.0 3.0 3.0 3.0 13.0 5.656854249492381 0.43514263457633695 9.0 11.0 13.0 15.0 17.0 2 9.0 0.0 0.0 9.0 9.0 9.0 9.0 9.0 13.0 13.0 5.656854249492381 5.656854249492381 0.43514263457633695 0.0 9.0 0.0 11.0 0.0 13.0 0.0 15.0 0.0 17.0 0.0
143 47 1 3.7435023999995565 0.6177711999999929 0.0 4.361273599999549 4.06865560000017 8.061548899999593 1.0410527499999347 765.3828125 758.78515625 43 43 1.0 0 26 26 False 0 0 False 1.6538461538461537 1.6538461538461537 1.0561177090573832 1.0561177090573832 0.6385828008253945 0.6385828008253945 1.0 1.0 1.0 1.0 1.0 1.0 2.0 2.0 6.0 6.0 0 0.0 0 0.0 2.011983330715473 1.9364916731037085 4.520785330006281 0 0 0.0 0.0 0.0 0.0 0.0 0.0 0.0 0.0 0.0 0.0 0.0 0.0 0.0 0.0 0.0 0.0 8 3.25 1.164964745021435 0.3584506907758262 2.0 2.0 3.5 4.0 5.0 5.375 5.375 3.0676887530703447 3.0676887530703447 0.5707327912689013 0.0 2.0 0.0 3.0 0.0 4.5 0.0 7.25 0.0 11.0 0.0
144 48 3 0.9975600999998733 0.3297487000000956 0.0 1.3273087999999689 1.3273087999999689 1.3273087999999689 1.3273087999999689 757.97265625 749.64453125 18 18 1.0 18 1 0 False 0 0 False 1.0 1.0 0.0 0.0 0.0 0.0 0.0 0.0 0.0 0.0 0.0 0.0 0.0 0.0 0.0 0.0 0 0.0 0 0.0 0.0 0.0 0.0 1 1 1.0 0.0 0.0 1.0 1.0 1.0 1.0 1.0 18.0 0.0 0.0 18.0 18.0 18.0 18.0 18.0 1 1.0 0.0 0.0 0.0 0.0 0.0 0.0 0.0 1.0 1.0 0.0 0.0 0.0 0.0 0.0 0.0 0.0 0.0 0.0 0.0 0.0 0.0 0.0 0.0
145 48 2 1.409271700000204 0.3574060000001964 0.0 1.7666777000004004 2.6290076000003637 3.0939865000003692 1.5618596000002185 771.578125 763.3203125 26 26 1.0 26 18 18 False 0 0 False 1.4444444444444444 1.4444444444444444 0.7047921864945659 0.7047921864945659 0.4879330521885456 0.4879330521885456 1.0 1.0 1.0 1.0 1.0 1.0 2.0 2.0 3.0 3.0 0 0.0 0 0.0 3.055387200749205 0.0 2.309401076758503 6 2 3.0 0.0 0.0 3.0 3.0 3.0 3.0 3.0 13.0 5.656854249492381 0.43514263457633695 9.0 11.0 13.0 15.0 17.0 2 9.0 0.0 0.0 9.0 9.0 9.0 9.0 9.0 13.0 13.0 5.656854249492381 5.656854249492381 0.43514263457633695 0.0 9.0 0.0 11.0 0.0 13.0 0.0 15.0 0.0 17.0 0.0
146 48 1 3.344006999999692 0.5336743000003707 0.0 3.877681300000063 3.4605917000005775 6.971667800000432 0.9048922000000204 769.03125 762.67578125 39 39 1.0 0 26 26 False 0 0 False 1.5 1.5 0.5830951894845301 0.5830951894845301 0.38873012632302006 0.38873012632302006 1.0 1.0 1.0 1.0 1.0 1.0 2.0 2.0 3.0 3.0 0 0.0 0 0.0 1.8631032838127484 1.9364916731037085 4.179147972706612 0 0 0.0 0.0 0.0 0.0 0.0 0.0 0.0 0.0 0.0 0.0 0.0 0.0 0.0 0.0 0.0 0.0 8 3.25 1.164964745021435 0.3584506907758262 2.0 2.0 3.5 4.0 5.0 4.875 4.875 2.295181287579947 2.295181287579947 0.4708064179651173 0.0 2.0 0.0 3.0 0.0 4.5 0.0 6.5 0.0 8.0 0.0
147 49 3 0.9980792999997448 0.3529196999998021 0.0 1.3509989999995469 1.3509989999995469 1.3509989999995469 1.3509989999995469 766.48046875 758.1640625 18 18 1.0 18 1 0 False 0 0 False 1.0 1.0 0.0 0.0 0.0 0.0 0.0 0.0 0.0 0.0 0.0 0.0 0.0 0.0 0.0 0.0 0 0.0 0 0.0 0.0 0.0 0.0 1 1 1.0 0.0 0.0 1.0 1.0 1.0 1.0 1.0 18.0 0.0 0.0 18.0 18.0 18.0 18.0 18.0 1 1.0 0.0 0.0 0.0 0.0 0.0 0.0 0.0 1.0 1.0 0.0 0.0 0.0 0.0 0.0 0.0 0.0 0.0 0.0 0.0 0.0 0.0 0.0 0.0
148 49 2 1.4068220999999994 0.36539189999996324 0.0 1.7722139999999627 2.657242099999621 3.1232129999995095 1.5756381499997474 779.94921875 771.828125 26 26 1.0 26 18 18 False 0 0 False 1.4444444444444444 1.4444444444444444 0.7838233761296739 0.7838233761296739 0.5426469527051588 0.5426469527051588 1.0 1.0 1.0 1.0 1.0 1.0 1.75 1.75 3.0 3.0 0 0.0 0 0.0 3.261573252635073 0.0 2.309401076758503 6 2 3.0 0.0 0.0 3.0 3.0 3.0 3.0 3.0 13.0 5.656854249492381 0.43514263457633695 9.0 11.0 13.0 15.0 17.0 2 9.0 0.0 0.0 9.0 9.0 9.0 9.0 9.0 13.0 13.0 5.656854249492381 5.656854249492381 0.43514263457633695 0.0 9.0 0.0 11.0 0.0 13.0 0.0 15.0 0.0 17.0 0.0
149 49 1 5.673487299999692 1.7383313000003682 0.0 7.4118186000000605 3.2585212999997566 10.53503159999957 1.3501588124999415 789.55859375 781.94140625 61 61 1.0 0 26 26 False 0 0 False 2.3461538461538463 2.3461538461538463 2.4810047592426367 2.4810047592426367 1.057477438365714 1.057477438365714 1.0 1.0 1.0 1.0 1.0 1.0 2.0 2.0 11.0 11.0 0 0.0 0 0.0 4.910515826313301 1.9364916731037085 4.335736513109522 0 0 0.0 0.0 0.0 0.0 0.0 0.0 0.0 0.0 0.0 0.0 0.0 0.0 0.0 0.0 0.0 0.0 8 3.25 1.164964745021435 0.3584506907758262 2.0 2.0 3.5 4.0 5.0 7.625 7.625 5.44944295973713 5.44944295973713 0.7146810438999515 0.0 2.0 0.0 3.0 0.0 6.5 0.0 11.0 0.0 18.0 0.0
