 RU AL GT ST OT TT LT CT WT RSS VMS LE AC CF PSG SIZE SGLITS_T HAS_TRAILING TOT_CHOICES PRE_CHOICES FGOALS_ORDER CP_EF_L CP_EF_A SP_ED_L SP_ED_A SP_EB_L SP_EB_A SP_MIN_L SP_MIN_A SP_LOWER_L SP_LOWER_A SP_MED_L SP_MED_A SP_UPPER_L SP_UPPER_A SP_MAX_L SP_MAX_A T_INTER_SP P_INTER_SP T_INTER_Q P_INTER_Q M_CHILD_SPREAD DIV_INDEX_SPREAD DIV_STEP_SPREAD DIVS_T DS_T DS_TD_MEAN DS_TD_STD DS_TD_CD DS_TD_MIN DS_TD_LOWER DS_TD_MED DS_TD_UPPER DS_TD_MAX DS_TS_MEAN DS_TS_STD DS_TS_CD DS_TS_MIN DS_TS_LOWER DS_TS_MED DS_TS_UPPER DS_TS_MAX PR_T PR_TS_MEAN PR_TS_STD PR_TS_CD PR_TS_MIN PR_TS_LOWER PR_TS_MED PR_TS_UPPER PR_TS_MAX PP_LE_MEAN PP_AC_MEAN PP_LE_STD PP_AC_STD PP_LE_CD PP_AC_CD PP_LE_MIN PP_AC_MIN PP_LE_LOWER PP_AC_LOWER PP_LE_MED PP_AC_MED PP_LE_UPPER PP_AC_UPPER PP_LE_MAX PP_AC_MAX
0 0 3 1.1279135999999852 0.7532720000000239 0.0 1.8811856000000091 1.8811856000000091 1.8811856000000091 1.8811856000000091 250.08984375 240.30078125 20 20 1.0 20 1 0 False 0 0 False 1.0 1.0 0.0 0.0 0.0 0.0 0.0 0.0 0.0 0.0 0.0 0.0 0.0 0.0 0.0 0.0 0 0.0 0 0.0 0.0 0.0 0.0 3 1 3.0 0.0 0.0 3.0 3.0 3.0 3.0 3.0 20.0 0.0 0.0 20.0 20.0 20.0 20.0 20.0 1 1.0 0.0 0.0 0.0 0.0 0.0 0.0 0.0 1.0 1.0 0.0 0.0 0.0 0.0 0.0 0.0 0.0 0.0 0.0 0.0 0.0 0.0 0.0 0.0
1 0 2 2.790865900000007 0.718194699999998 0.0 3.509060600000005 3.7323172000000113 5.390246200000014 1.3822231000000045 262.51171875 252.6171875 44 44 1.0 44 20 20 False 0 0 False 2.2 2.2 2.0416711421361615 2.0416711421361615 0.9280323373346188 0.9280323373346188 1.0 1.0 1.0 1.0 2.0 2.0 2.25 2.25 10.0 10.0 0 0.0 0 0.0 5.444263035526479 0.0 4.427188724235731 4 4 1.0 0.0 0.0 1.0 1.0 1.0 1.0 1.0 11.0 6.2182527020592095 0.5652957001872009 6.0 7.5 9.0 12.5 20.0 4 5.0 0.0 0.0 5.0 5.0 5.0 5.0 5.0 11.0 11.0 6.2182527020592095 6.2182527020592095 0.5652957001872009 0.0 6.0 0.0 7.5 0.0 9.0 0.0 12.5 0.0 20.0 0.0
2 0 1 7.6701509999999615 2.0407635999999556 0.0 9.710914599999917 6.113762599999994 15.101160799999931 1.9348622499999912 286.4296875 277.96875 85 85 1.0 0 44 44 False 0 0 False 1.9318181818181819 1.9318181818181819 1.7035902891100625 1.7035902891100625 0.88185850259815 0.88185850259815 1.0 1.0 1.0 1.0 1.0 1.0 2.0 2.0 10.0 10.0 0 0.0 0 0.0 5.6199127592416955 4.307615994440028 7.949056547792323 0 0 0.0 0.0 0.0 0.0 0.0 0.0 0.0 0.0 0.0 0.0 0.0 0.0 0.0 0.0 0.0 0.0 8 5.5 2.878491668515698 0.5233621215483087 3.0 3.75 4.5 6.25 10.0 10.625 10.625 7.029275516418053 7.029275516418053 0.6615788721334639 0.0 3.0 0.0 4.75 0.0 8.5 0.0 17.5 0.0 20.0 0.0
3 1 3 1.1251041000000441 0.651564399999998 0.0 1.7766685000000422 1.7766685000000422 1.7766685000000422 1.7766685000000422 267.0234375 257.4453125 20 20 1.0 20 1 0 False 0 0 False 1.0 1.0 0.0 0.0 0.0 0.0 0.0 0.0 0.0 0.0 0.0 0.0 0.0 0.0 0.0 0.0 0 0.0 0 0.0 0.0 0.0 0.0 3 1 3.0 0.0 0.0 3.0 3.0 3.0 3.0 3.0 20.0 0.0 0.0 20.0 20.0 20.0 20.0 20.0 1 1.0 0.0 0.0 0.0 0.0 0.0 0.0 0.0 1.0 1.0 0.0 0.0 0.0 0.0 0.0 0.0 0.0 0.0 0.0 0.0 0.0 0.0 0.0 0.0
4 1 2 2.7569868000000213 0.5914985999999658 0.0 3.348485399999987 3.296534100000059 5.125153900000029 1.3026908500000047 273.09765625 265.60546875 44 44 1.0 44 20 20 False 0 0 False 2.2 2.2 2.0925934551223877 2.0925934551223877 0.9511788432374488 0.9511788432374488 1.0 1.0 1.0 1.0 1.5 1.5 2.25 2.25 10.0 10.0 0 0.0 0 0.0 6.515366451704768 0.0 4.919349550499537 4 4 1.0 0.0 0.0 1.0 1.0 1.0 1.0 1.0 11.0 5.354126134736337 0.48673873952148516 5.0 8.75 10.5 12.75 18.0 4 5.0 0.0 0.0 5.0 5.0 5.0 5.0 5.0 11.0 11.0 5.354126134736337 5.354126134736337 0.48673873952148516 0.0 5.0 0.0 8.75 0.0 10.5 0.0 12.75 0.0 18.0 0.0
5 1 1 6.862923100000046 1.5329716999999903 0.0 8.395894800000036 5.20390830000008 13.521048700000065 1.7305045250000077 287.4453125 279.20703125 78 78 1.0 0 44 44 False 0 0 False 1.7727272727272727 1.7727272727272727 1.3270641905162421 1.3270641905162421 0.7486003125989058 0.7486003125989058 1.0 1.0 1.0 1.0 1.0 1.0 2.0 2.0 8.0 8.0 0 0.0 0 0.0 2.342783891791209 4.853406592853679 7.174414416676961 0 0 0.0 0.0 0.0 0.0 0.0 0.0 0.0 0.0 0.0 0.0 0.0 0.0 0.0 0.0 0.0 0.0 8 5.5 2.5071326821120348 0.4558423058385518 2.0 4.5 5.0 6.75 9.0 9.75 9.75 4.920801328471382 4.920801328471382 0.5046975721509109 0.0 3.0 0.0 6.5 0.0 9.5 0.0 12.25 0.0 17.0 0.0
6 2 3 1.1269170000000628 0.8202392000000032 0.0 1.947156200000066 1.947156200000066 1.947156200000066 1.947156200000066 280.68359375 270.56640625 20 20 1.0 20 1 0 False 0 0 False 1.0 1.0 0.0 0.0 0.0 0.0 0.0 0.0 0.0 0.0 0.0 0.0 0.0 0.0 0.0 0.0 0 0.0 0 0.0 0.0 0.0 0.0 3 1 3.0 0.0 0.0 3.0 3.0 3.0 3.0 3.0 20.0 0.0 0.0 20.0 20.0 20.0 20.0 20.0 1 1.0 0.0 0.0 0.0 0.0 0.0 0.0 0.0 1.0 1.0 0.0 0.0 0.0 0.0 0.0 0.0 0.0 0.0 0.0 0.0 0.0 0.0 0.0 0.0
7 2 2 2.8133829000000077 0.6583821999999628 0.0 3.4717650999999705 3.78702310000007 5.4189213000000365 1.3759542750000087 296.46875 291.52734375 44 44 1.0 44 20 20 False 0 0 False 2.2 2.2 1.98944583661936 1.98944583661936 0.904293562099709 0.904293562099709 1.0 1.0 1.0 1.0 2.0 2.0 2.25 2.25 10.0 10.0 0 0.0 0 0.0 5.88812364000621 0.0 4.9396356140913875 4 4 1.0 0.0 0.0 1.0 1.0 1.0 1.0 1.0 11.0 6.6332495807108 0.6030226891555273 6.0 6.0 9.0 14.0 20.0 4 5.0 0.0 0.0 5.0 5.0 5.0 5.0 5.0 11.0 11.0 6.6332495807108 6.6332495807108 0.6030226891555273 0.0 6.0 0.0 6.0 0.0 9.0 0.0 14.0 0.0 20.0 0.0
8 2 1 8.005177499999974 2.153952399999966 0.0 10.15912989999994 6.152096400000076 15.578051199999976 1.9881013749999923 314.203125 304.98828125 89 89 1.0 0 44 44 True 0 0 False 2.022727272727273 2.022727272727273 1.9409899176618914 1.9409899176618914 0.9704949588309457 0.9704949588309457 1.0 1.0 1.0 1.0 1.0 1.0 2.0 2.0 12.0 12.0 0 0.0 0 0.0 6.817935601614952 4.8419463487779835 6.761307401514723 0 0 0.0 0.0 0.0 0.0 0.0 0.0 0.0 0.0 0.0 0.0 0.0 0.0 0.0 0.0 0.0 0.0 8 5.5 3.070597894314954 0.5582905262390825 3.0 3.0 4.5 7.0 10.0 11.125 11.125 7.199950396654529 7.199950396654529 0.6471865525082723 0.0 3.0 0.0 3.75 0.0 12.0 0.0 17.25 0.0 20.0 0.0
9 3 3 1.1242646999999835 0.7503363999999948 0.0 1.8746010999999783 1.8746010999999783 1.8746010999999783 1.8746010999999783 297.05078125 287.11328125 20 20 1.0 20 1 0 False 0 0 False 1.0 1.0 0.0 0.0 0.0 0.0 0.0 0.0 0.0 0.0 0.0 0.0 0.0 0.0 0.0 0.0 0 0.0 0 0.0 0.0 0.0 0.0 3 1 3.0 0.0 0.0 3.0 3.0 3.0 3.0 3.0 20.0 0.0 0.0 20.0 20.0 20.0 20.0 20.0 1 1.0 0.0 0.0 0.0 0.0 0.0 0.0 0.0 1.0 1.0 0.0 0.0 0.0 0.0 0.0 0.0 0.0 0.0 0.0 0.0 0.0 0.0 0.0 0.0
10 3 2 2.7662896999999873 0.7212220000000116 0.0 3.487511699999999 3.672127799999899 5.362112799999977 1.3619876749999946 310.75 301.88671875 44 44 1.0 44 20 20 False 0 0 False 2.2 2.2 2.117595458607661 2.117595458607661 0.9625433902762094 0.9625433902762094 1.0 1.0 1.0 1.0 1.5 1.5 2.25 2.25 10.0 10.0 0 0.0 0 0.0 7.426304599193329 0.0 6.016643582596529 4 4 1.0 0.0 0.0 1.0 1.0 1.0 1.0 1.0 11.0 6.377042156569663 0.5797311051426967 5.0 8.0 9.5 12.5 20.0 4 5.0 0.0 0.0 5.0 5.0 5.0 5.0 5.0 11.0 11.0 6.377042156569663 6.377042156569663 0.5797311051426967 0.0 5.0 0.0 8.0 0.0 9.5 0.0 12.5 0.0 20.0 0.0
11 3 1 8.750955000000019 5.376403099999962 0.0 14.12735809999998 6.025955999999866 19.489470899999958 2.476853824999994 361.140625 356.2578125 95 95 1.0 0 44 44 False 0 0 False 2.159090909090909 2.159090909090909 2.3421633988456434 2.3421633988456434 1.0847914689390348 1.0847914689390348 1.0 1.0 1.0 1.0 1.0 1.0 2.0 2.0 12.0 12.0 0 0.0 0 0.0 9.39968513188141 5.981452814975453 7.150660420160116 0 0 0.0 0.0 0.0 0.0 0.0 0.0 0.0 0.0 0.0 0.0 0.0 0.0 0.0 0.0 0.0 0.0 8 5.5 2.9760952365713798 0.54110822483116 2.0 3.75 5.0 6.25 10.0 11.875 11.875 7.567552916422662 7.567552916422662 0.63726761401454 0.0 3.0 0.0 6.5 0.0 9.5 0.0 17.75 0.0 24.0 0.0
12 4 3 1.1278148999999758 0.7147022000000334 0.0 1.8425171000000091 1.8425171000000091 1.8425171000000091 1.8425171000000091 335.78515625 327.109375 20 20 1.0 20 1 0 False 0 0 False 1.0 1.0 0.0 0.0 0.0 0.0 0.0 0.0 0.0 0.0 0.0 0.0 0.0 0.0 0.0 0.0 0 0.0 0 0.0 0.0 0.0 0.0 3 1 3.0 0.0 0.0 3.0 3.0 3.0 3.0 3.0 20.0 0.0 0.0 20.0 20.0 20.0 20.0 20.0 1 1.0 0.0 0.0 0.0 0.0 0.0 0.0 0.0 1.0 1.0 0.0 0.0 0.0 0.0 0.0 0.0 0.0 0.0 0.0 0.0 0.0 0.0 0.0 0.0
13 4 2 2.783608700000059 0.5744707000000062 0.0 3.358079400000065 3.48831160000006 5.200596500000074 1.32135377500002 351.25390625 341.95703125 44 44 1.0 44 20 20 False 0 0 False 2.2 2.2 2.0925934551223877 2.0925934551223877 0.9511788432374488 0.9511788432374488 1.0 1.0 1.0 1.0 1.5 1.5 2.25 2.25 10.0 10.0 0 0.0 0 0.0 5.087238936790761 0.0 4.09878030638384 4 4 1.0 0.0 0.0 1.0 1.0 1.0 1.0 1.0 11.0 6.324555320336759 0.574959574576069 5.0 6.5 10.0 14.5 19.0 4 5.0 0.0 0.0 5.0 5.0 5.0 5.0 5.0 11.0 11.0 6.324555320336759 6.324555320336759 0.574959574576069 0.0 5.0 0.0 6.5 0.0 10.0 0.0 14.5 0.0 19.0 0.0
14 4 1 7.230170300000026 1.8606070000000159 0.0 9.090777300000042 5.423940800000082 14.291373800000116 1.8268431250000141 362.828125 357.3046875 82 82 1.0 0 44 44 False 0 0 False 1.8636363636363635 1.8636363636363635 1.6508054283796938 1.6508054283796938 0.8857980347403236 0.8857980347403236 1.0 1.0 1.0 1.0 1.0 1.0 2.0 2.0 10.0 10.0 0 0.0 0 0.0 3.6802746483928743 3.7267799624996494 5.7081812631812365 0 0 0.0 0.0 0.0 0.0 0.0 0.0 0.0 0.0 0.0 0.0 0.0 0.0 0.0 0.0 0.0 0.0 8 5.5 2.9760952365713798 0.54110822483116 2.0 3.0 5.0 7.5 10.0 10.25 10.25 6.250714244902623 6.250714244902623 0.6098257799904998 0.0 3.0 0.0 3.75 0.0 11.5 0.0 15.5 0.0 17.0 0.0
15 5 3 1.128935600000034 0.9674707000000637 0.0 2.0964063000000976 2.0964063000000976 2.0964063000000976 2.0964063000000976 352.26171875 342.765625 20 20 1.0 20 1 0 False 0 0 False 1.0 1.0 0.0 0.0 0.0 0.0 0.0 0.0 0.0 0.0 0.0 0.0 0.0 0.0 0.0 0.0 0 0.0 0 0.0 0.0 0.0 0.0 3 1 3.0 0.0 0.0 3.0 3.0 3.0 3.0 3.0 20.0 0.0 0.0 20.0 20.0 20.0 20.0 20.0 1 1.0 0.0 0.0 0.0 0.0 0.0 0.0 0.0 1.0 1.0 0.0 0.0 0.0 0.0 0.0 0.0 0.0 0.0 0.0 0.0 0.0 0.0 0.0 0.0
16 5 2 2.6388617000000067 0.7492850999999234 0.0 3.38814679999993 3.901048800000069 5.484553100000028 1.3925854250000143 364.47265625 355.48046875 42 42 1.0 42 20 20 False 0 0 False 2.1 2.1 2.125038699338017 2.125038699338017 1.0119231901609604 1.0119231901609604 1.0 1.0 1.0 1.0 1.0 1.0 2.0 2.0 10.0 10.0 0 0.0 0 0.0 7.773995111909961 0.0 6.640783086353597 4 4 1.0 0.0 0.0 1.0 1.0 1.0 1.0 1.0 10.5 6.855654600401044 0.6529194857524804 5.0 5.75 8.5 13.25 20.0 4 5.0 0.0 0.0 5.0 5.0 5.0 5.0 5.0 10.5 10.5 6.855654600401044 6.855654600401044 0.6529194857524804 0.0 5.0 0.0 5.75 0.0 8.5 0.0 13.25 0.0 20.0 0.0
17 5 1 6.344714300000078 1.586948800000016 0.0 7.931663100000094 6.221888299999989 13.416216200000122 1.7179204875000202 381.69140625 373.19921875 73 73 1.0 0 42 42 False 0 0 False 1.7380952380952381 1.7380952380952381 1.1056291401670486 1.1056291401670486 0.6361153957125485 0.6361153957125485 1.0 1.0 1.0 1.0 1.0 1.0 2.0 2.0 6.0 6.0 0 0.0 0 0.0 2.9800134177157127 6.614378277661476 13.910178128103016 0 0 0.0 0.0 0.0 0.0 0.0 0.0 0.0 0.0 0.0 0.0 0.0 0.0 0.0 0.0 0.0 0.0 8 5.25 3.1959796173138706 0.6087580223454991 2.0 3.0 4.0 7.0 10.0 9.125 9.125 6.8959097607619135 6.8959097607619135 0.7557161381656892 0.0 3.0 0.0 3.75 0.0 6.0 0.0 14.75 0.0 20.0 0.0
18 6 3 1.1412670999999648 0.8312887999999532 0.0 1.972555899999918 1.972555899999918 1.972555899999918 1.972555899999918 365.28125 356.19921875 20 20 1.0 20 1 0 False 0 0 False 1.0 1.0 0.0 0.0 0.0 0.0 0.0 0.0 0.0 0.0 0.0 0.0 0.0 0.0 0.0 0.0 0 0.0 0 0.0 0.0 0.0 0.0 3 1 3.0 0.0 0.0 3.0 3.0 3.0 3.0 3.0 20.0 0.0 0.0 20.0 20.0 20.0 20.0 20.0 1 1.0 0.0 0.0 0.0 0.0 0.0 0.0 0.0 1.0 1.0 0.0 0.0 0.0 0.0 0.0 0.0 0.0 0.0 0.0 0.0 0.0 0.0 0.0 0.0
19 6 2 2.7792426000000034 0.562888399999963 0.0 3.3421309999999664 3.5154367999998897 5.314686899999884 1.3500732749999713 382.38671875 373.55078125 44 44 1.0 44 20 20 False 0 0 False 2.2 2.2 2.117595458607661 2.117595458607661 0.9625433902762094 0.9625433902762094 1.0 1.0 1.0 1.0 1.5 1.5 2.25 2.25 10.0 10.0 0 0.0 0 0.0 5.160426338976266 0.0 3.714835124201342 4 4 1.0 0.0 0.0 1.0 1.0 1.0 1.0 1.0 11.0 5.597618541248888 0.508874412840808 6.0 6.75 10.0 14.25 18.0 4 5.0 0.0 0.0 5.0 5.0 5.0 5.0 5.0 11.0 11.0 5.597618541248888 5.597618541248888 0.508874412840808 0.0 6.0 0.0 6.75 0.0 10.0 0.0 14.25 0.0 18.0 0.0
20 6 1 8.27828629999999 4.392486699999921 0.0 12.670772999999912 5.397169099999843 17.985459899999796 2.2890938874999875 411.78125 411.12109375 91 91 1.0 0 44 44 False 0 0 False 2.0681818181818183 2.0681818181818183 2.0276888811480673 2.0276888811480673 0.9804209974781863 0.9804209974781863 1.0 1.0 1.0 1.0 1.0 1.0 2.0 2.0 11.0 11.0 0 0.0 0 0.0 7.865130572699979 3.496029493900505 6.586497130071829 0 0 0.0 0.0 0.0 0.0 0.0 0.0 0.0 0.0 0.0 0.0 0.0 0.0 0.0 0.0 0.0 0.0 8 5.5 2.6186146828319083 0.4761117605148924 3.0 3.0 5.0 7.5 9.0 11.375 11.375 7.424621202458749 7.424621202458749 0.6527139518645053 0.0 3.0 0.0 4.0 0.0 12.0 0.0 16.25 0.0 23.0 0.0
21 7 3 1.1421600000000751 0.8023595000000228 0.0 1.9445195000000979 1.9445195000000979 1.9445195000000979 1.9445195000000979 389.74609375 381.88671875 20 20 1.0 20 1 0 False 0 0 False 1.0 1.0 0.0 0.0 0.0 0.0 0.0 0.0 0.0 0.0 0.0 0.0 0.0 0.0 0.0 0.0 0 0.0 0 0.0 0.0 0.0 0.0 3 1 3.0 0.0 0.0 3.0 3.0 3.0 3.0 3.0 20.0 0.0 0.0 20.0 20.0 20.0 20.0 20.0 1 1.0 0.0 0.0 0.0 0.0 0.0 0.0 0.0 1.0 1.0 0.0 0.0 0.0 0.0 0.0 0.0 0.0 0.0 0.0 0.0 0.0 0.0 0.0 0.0
22 7 2 2.7823789999999633 0.6125875999999835 0.0 3.3949665999999468 3.745368800000108 5.339486100000045 1.3565991750000137 401.0546875 392.72265625 44 44 1.0 44 20 20 False 0 0 False 2.2 2.2 2.117595458607661 2.117595458607661 0.9625433902762094 0.9625433902762094 1.0 1.0 1.0 1.0 1.5 1.5 2.25 2.25 10.0 10.0 0 0.0 0 0.0 7.2532751223154355 0.0 5.830951894845301 4 4 1.0 0.0 0.0 1.0 1.0 1.0 1.0 1.0 11.0 6.2182527020592095 0.5652957001872009 6.0 7.5 9.0 12.5 20.0 4 5.0 0.0 0.0 5.0 5.0 5.0 5.0 5.0 11.0 11.0 6.2182527020592095 6.2182527020592095 0.5652957001872009 0.0 6.0 0.0 7.5 0.0 9.0 0.0 12.5 0.0 20.0 0.0
23 7 1 7.338887700000015 1.7167833000000883 0.0 9.055671000000103 5.736574600000182 14.395157100000148 1.86094257500001 415.0 408.94921875 84 84 1.0 0 44 44 False 0 0 False 1.9090909090909092 1.9090909090909092 2.043915324079854 2.043915324079854 1.070622312613257 1.070622312613257 1.0 1.0 1.0 1.0 1.0 1.0 2.0 2.0 13.0 13.0 0 0.0 0 0.0 5.093343573756889 5.878397362849466 6.97614984548545 0 0 0.0 0.0 0.0 0.0 0.0 0.0 0.0 0.0 0.0 0.0 0.0 0.0 0.0 0.0 0.0 0.0 8 5.5 2.878491668515698 0.5233621215483087 3.0 3.75 4.5 6.25 10.0 10.5 10.5 5.606119105813881 5.606119105813881 0.5339161053156077 0.0 3.0 0.0 6.5 0.0 9.5 0.0 15.5 0.0 18.0 0.0
24 8 3 1.1392510999999672 0.790136399999966 0.0 1.9293874999999332 1.9293874999999332 1.9293874999999332 1.9293874999999332 404.69140625 395.86328125 20 20 1.0 20 1 0 False 0 0 False 1.0 1.0 0.0 0.0 0.0 0.0 0.0 0.0 0.0 0.0 0.0 0.0 0.0 0.0 0.0 0.0 0 0.0 0 0.0 0.0 0.0 0.0 3 1 3.0 0.0 0.0 3.0 3.0 3.0 3.0 3.0 20.0 0.0 0.0 20.0 20.0 20.0 20.0 20.0 1 1.0 0.0 0.0 0.0 0.0 0.0 0.0 0.0 1.0 1.0 0.0 0.0 0.0 0.0 0.0 0.0 0.0 0.0 0.0 0.0 0.0 0.0 0.0 0.0
25 8 2 2.630745300000143 0.535365000000013 0.0 3.166110300000156 3.4471741000000122 5.095497800000089 1.2954262000000227 416.0078125 407.73046875 42 42 1.0 42 20 20 False 0 0 False 2.1 2.1 2.074912807299318 2.074912807299318 0.9880537177615799 0.9880537177615799 1.0 1.0 1.0 1.0 1.0 1.0 2.25 2.25 10.0 10.0 0 0.0 0 0.0 7.540888541809909 0.0 6.107372593840988 4 4 1.0 0.0 0.0 1.0 1.0 1.0 1.0 1.0 10.5 6.137317546507322 0.5845064330006974 5.0 5.75 9.5 14.25 18.0 4 5.0 0.0 0.0 5.0 5.0 5.0 5.0 5.0 10.5 10.5 6.137317546507322 6.137317546507322 0.5845064330006974 0.0 5.0 0.0 5.75 0.0 9.5 0.0 14.25 0.0 18.0 0.0
26 8 1 7.6045013000000665 2.313168799999943 0.0 9.91767010000001 5.508574300000049 15.013167900000099 1.9175127375000152 430.34765625 421.921875 85 85 1.0 0 42 42 True 0 0 False 2.0238095238095237 2.0238095238095237 1.386218881510581 1.386218881510581 0.7187801607832641 0.7187801607832641 1.0 1.0 1.0 1.0 2.0 2.0 2.0 2.0 8.0 8.0 0 0.0 0 0.0 5.130450570239021 6.089608635481704 8.840798732140792 0 0 0.0 0.0 0.0 0.0 0.0 0.0 0.0 0.0 0.0 0.0 0.0 0.0 0.0 0.0 0.0 0.0 8 5.25 2.866057521105554 0.5459157183058198 2.0 3.0 4.5 7.5 9.0 10.625 10.625 6.523309852258394 6.523309852258394 0.6139585743302017 0.0 3.0 0.0 3.75 0.0 11.5 0.0 17.0 0.0 18.0 0.0
27 9 3 1.1355298000000005 0.8021881000000235 0.0 1.937717900000024 1.937717900000024 1.937717900000024 1.937717900000024 419.73828125 410.55078125 20 20 1.0 20 1 0 False 0 0 False 1.0 1.0 0.0 0.0 0.0 0.0 0.0 0.0 0.0 0.0 0.0 0.0 0.0 0.0 0.0 0.0 0 0.0 0 0.0 0.0 0.0 0.0 3 1 3.0 0.0 0.0 3.0 3.0 3.0 3.0 3.0 20.0 0.0 0.0 20.0 20.0 20.0 20.0 20.0 1 1.0 0.0 0.0 0.0 0.0 0.0 0.0 0.0 1.0 1.0 0.0 0.0 0.0 0.0 0.0 0.0 0.0 0.0 0.0 0.0 0.0 0.0 0.0 0.0
28 9 2 2.786144300000103 0.6397698000000673 0.0 3.4259141000001705 3.7638971000000936 5.3636320000001945 1.3622344500000594 432.5078125 425.08203125 44 44 1.0 44 20 20 False 0 0 False 2.2 2.2 2.1667341419992585 2.1667341419992585 0.9848791554542083 0.9848791554542083 1.0 1.0 1.0 1.0 1.0 1.0 2.25 2.25 10.0 10.0 0 0.0 0 0.0 7.43572457800852 0.0 6.016643582596529 4 4 1.0 0.0 0.0 1.0 1.0 1.0 1.0 1.0 11.0 6.377042156569663 0.5797311051426967 5.0 8.0 9.5 12.5 20.0 4 5.0 0.0 0.0 5.0 5.0 5.0 5.0 5.0 11.0 11.0 6.377042156569663 6.377042156569663 0.5797311051426967 0.0 5.0 0.0 8.0 0.0 9.5 0.0 12.5 0.0 20.0 0.0
29 9 1 7.985180700000058 2.2108877999999095 0.0 10.196068499999967 6.1174313000000495 15.559700500000162 1.9857620250000174 446.2734375 438.8203125 89 89 1.0 0 44 44 True 0 0 False 2.022727272727273 2.022727272727273 1.5089584495727502 1.5089584495727502 0.7720252532697791 0.7720252532697791 1.0 1.0 1.0 1.0 1.5 1.5 2.0 2.0 8.0 8.0 0 0.0 0 0.0 6.4266964831047115 5.981452814975453 7.425088850946125 0 0 0.0 0.0 0.0 0.0 0.0 0.0 0.0 0.0 0.0 0.0 0.0 0.0 0.0 0.0 0.0 0.0 8 5.5 2.9760952365713798 0.54110822483116 2.0 3.75 5.0 6.25 10.0 11.125 11.125 6.401729676981281 6.401729676981281 0.5754363754589916 0.0 3.0 0.0 6.5 0.0 9.5 0.0 17.25 0.0 20.0 0.0
30 10 3 1.1395619999999838 0.7120539000000008 0.0 1.8516158999999845 1.8516158999999845 1.8516158999999845 1.8516158999999845 435.01953125 426.171875 20 20 1.0 20 1 0 False 0 0 False 1.0 1.0 0.0 0.0 0.0 0.0 0.0 0.0 0.0 0.0 0.0 0.0 0.0 0.0 0.0 0.0 0 0.0 0 0.0 0.0 0.0 0.0 3 1 3.0 0.0 0.0 3.0 3.0 3.0 3.0 3.0 20.0 0.0 0.0 20.0 20.0 20.0 20.0 20.0 1 1.0 0.0 0.0 0.0 0.0 0.0 0.0 0.0 1.0 1.0 0.0 0.0 0.0 0.0 0.0 0.0 0.0 0.0 0.0 0.0 0.0 0.0 0.0 0.0
31 10 2 2.8124095999999668 0.6398625000000493 0.0 3.452272100000016 3.6806056999999157 5.303888000000001 1.3474070000000111 449.06640625 440.828125 44 44 1.0 44 20 20 False 0 0 False 2.2 2.2 2.142305693455191 2.142305693455191 0.9737753152069049 0.9737753152069049 1.0 1.0 1.0 1.0 1.5 1.5 2.0 2.0 10.0 10.0 0 0.0 0 0.0 6.225752966509351 0.0 4.9396356140913875 4 4 1.0 0.0 0.0 1.0 1.0 1.0 1.0 1.0 11.0 6.6332495807108 0.6030226891555273 6.0 6.0 9.0 14.0 20.0 4 5.0 0.0 0.0 5.0 5.0 5.0 5.0 5.0 11.0 11.0 6.6332495807108 6.6332495807108 0.6030226891555273 0.0 6.0 0.0 6.0 0.0 9.0 0.0 14.0 0.0 20.0 0.0
32 10 1 6.218666700000199 1.580508699999939 0.0 7.799175400000138 5.685902600000048 13.103063400000138 1.6787178875000244 459.1953125 452.40625 73 73 1.0 0 44 44 False 0 0 False 1.6590909090909092 1.6590909090909092 1.1194513153135752 1.1194513153135752 0.6747377790931138 0.6747377790931138 1.0 1.0 1.0 1.0 1.0 1.0 2.0 2.0 6.0 6.0 0 0.0 0 0.0 2.1601074162149376 4.8419463487779835 8.859630666994846 0 0 0.0 0.0 0.0 0.0 0.0 0.0 0.0 0.0 0.0 0.0 0.0 0.0 0.0 0.0 0.0 0.0 8 5.5 3.070597894314954 0.5582905262390825 3.0 3.0 4.5 7.0 10.0 9.125 9.125 6.577830732305077 6.577830732305077 0.7208581624443919 0.0 3.0 0.0 3.75 0.0 6.5 0.0 15.5 0.0 18.0 0.0
33 11 3 1.125879300000065 0.7137112999999999 0.0 1.839590600000065 1.839590600000065 1.839590600000065 1.839590600000065 448.18359375 439.82421875 20 20 1.0 20 1 0 False 0 0 False 1.0 1.0 0.0 0.0 0.0 0.0 0.0 0.0 0.0 0.0 0.0 0.0 0.0 0.0 0.0 0.0 0 0.0 0 0.0 0.0 0.0 0.0 3 1 3.0 0.0 0.0 3.0 3.0 3.0 3.0 3.0 20.0 0.0 0.0 20.0 20.0 20.0 20.0 20.0 1 1.0 0.0 0.0 0.0 0.0 0.0 0.0 0.0 1.0 1.0 0.0 0.0 0.0 0.0 0.0 0.0 0.0 0.0 0.0 0.0 0.0 0.0 0.0 0.0
34 11 2 2.629993099999922 0.5495934999997871 0.0 3.179586599999709 3.3606991999999423 5.019177199999774 1.2764724249999375 459.453125 451.75390625 42 42 1.0 42 20 20 False 0 0 False 2.1 2.1 2.04939015319192 2.04939015319192 0.9759000729485332 0.9759000729485332 1.0 1.0 1.0 1.0 1.5 1.5 2.0 2.0 10.0 10.0 0 0.0 0 0.0 7.3576490810584305 0.0 6.107372593840988 4 4 1.0 0.0 0.0 1.0 1.0 1.0 1.0 1.0 10.5 6.137317546507322 0.5845064330006974 5.0 5.75 9.5 14.25 18.0 4 5.0 0.0 0.0 5.0 5.0 5.0 5.0 5.0 10.5 10.5 6.137317546507322 6.137317546507322 0.5845064330006974 0.0 5.0 0.0 5.75 0.0 9.5 0.0 14.25 0.0 18.0 0.0
35 11 1 7.608370499999808 2.4000516000000403 0.0 10.008422099999848 5.473875699999894 15.027599299999622 1.91935916249993 473.421875 465.29296875 85 85 1.0 0 42 42 True 0 0 False 2.0238095238095237 2.0238095238095237 1.7305413948137047 1.7305413948137047 0.8973177602737729 0.8973177602737729 1.0 1.0 1.0 1.0 1.5 1.5 2.0 2.0 11.0 11.0 0 0.0 0 0.0 5.201123127154809 6.089608635481704 8.840798732140792 0 0 0.0 0.0 0.0 0.0 0.0 0.0 0.0 0.0 0.0 0.0 0.0 0.0 0.0 0.0 0.0 0.0 8 5.25 2.866057521105554 0.5459157183058198 2.0 3.0 4.5 7.5 9.0 10.625 10.625 6.523309852258394 6.523309852258394 0.6139585743302017 0.0 3.0 0.0 3.75 0.0 11.5 0.0 17.0 0.0 18.0 0.0
36 12 3 1.1266196999998783 0.7760975999998436 0.0 1.902717299999722 1.902717299999722 1.902717299999722 1.902717299999722 463.74609375 455.30078125 20 20 1.0 20 1 0 False 0 0 False 1.0 1.0 0.0 0.0 0.0 0.0 0.0 0.0 0.0 0.0 0.0 0.0 0.0 0.0 0.0 0.0 0 0.0 0 0.0 0.0 0.0 0.0 3 1 3.0 0.0 0.0 3.0 3.0 3.0 3.0 3.0 20.0 0.0 0.0 20.0 20.0 20.0 20.0 20.0 1 1.0 0.0 0.0 0.0 0.0 0.0 0.0 0.0 1.0 1.0 0.0 0.0 0.0 0.0 0.0 0.0 0.0 0.0 0.0 0.0 0.0 0.0 0.0 0.0
37 12 2 2.7658544999998753 0.6292807999999468 0.0 3.395135299999822 3.7048239999996326 5.297852599999544 1.3456649249998662 476.47265625 467.640625 44 44 1.0 44 20 20 False 0 0 False 2.2 2.2 2.117595458607661 2.117595458607661 0.9625433902762094 0.9625433902762094 1.0 1.0 1.0 1.0 1.5 1.5 2.25 2.25 10.0 10.0 0 0.0 0 0.0 7.231873892705817 0.0 5.830951894845301 4 4 1.0 0.0 0.0 1.0 1.0 1.0 1.0 1.0 11.0 6.2182527020592095 0.5652957001872009 6.0 7.5 9.0 12.5 20.0 4 5.0 0.0 0.0 5.0 5.0 5.0 5.0 5.0 11.0 11.0 6.2182527020592095 6.2182527020592095 0.5652957001872009 0.0 6.0 0.0 7.5 0.0 9.0 0.0 12.5 0.0 20.0 0.0
38 12 1 8.65023199999979 6.48104600000039 0.0 15.13127800000018 5.726654199999587 20.429130599999723 2.5943318124999806 527.99609375 528.765625 94 94 1.0 0 44 44 False 0 0 False 2.1363636363636362 2.1363636363636362 3.12224508588313 3.12224508588313 1.4614764231793376 1.4614764231793376 1.0 1.0 1.0 1.0 1.0 1.0 2.0 2.0 21.0 21.0 0 0.0 0 0.0 10.248412495488552 5.878397362849466 6.681234084275815 0 0 0.0 0.0 0.0 0.0 0.0 0.0 0.0 0.0 0.0 0.0 0.0 0.0 0.0 0.0 0.0 0.0 8 5.5 2.878491668515698 0.5233621215483087 3.0 3.75 4.5 6.25 10.0 11.75 11.75 7.535629654230248 7.535629654230248 0.6413301833387445 0.0 3.0 0.0 6.5 0.0 9.5 0.0 17.25 0.0 25.0 0.0
39 13 3 1.127571999999816 0.844341399999962 0.0 1.971913399999778 1.971913399999778 1.971913399999778 1.971913399999778 499.62109375 491.00390625 20 20 1.0 20 1 0 False 0 0 False 1.0 1.0 0.0 0.0 0.0 0.0 0.0 0.0 0.0 0.0 0.0 0.0 0.0 0.0 0.0 0.0 0 0.0 0 0.0 0.0 0.0 0.0 3 1 3.0 0.0 0.0 3.0 3.0 3.0 3.0 3.0 20.0 0.0 0.0 20.0 20.0 20.0 20.0 20.0 1 1.0 0.0 0.0 0.0 0.0 0.0 0.0 0.0 1.0 1.0 0.0 0.0 0.0 0.0 0.0 0.0 0.0 0.0 0.0 0.0 0.0 0.0 0.0 0.0
40 13 2 2.781241500000192 0.6332469999998125 0.0 3.4144885000000045 3.7857715999996344 5.3864018999997825 1.3684141499999356 512.04296875 503.48828125 44 44 1.0 44 20 20 False 0 0 False 2.2 2.2 2.067289096988207 2.067289096988207 0.9396768622673667 0.9396768622673667 1.0 1.0 1.0 1.0 1.5 1.5 3.0 3.0 10.0 10.0 0 0.0 0 0.0 7.130217387990353 0.0 6.016643582596529 4 4 1.0 0.0 0.0 1.0 1.0 1.0 1.0 1.0 11.0 6.377042156569663 0.5797311051426967 5.0 8.0 9.5 12.5 20.0 4 5.0 0.0 0.0 5.0 5.0 5.0 5.0 5.0 11.0 11.0 6.377042156569663 6.377042156569663 0.5797311051426967 0.0 5.0 0.0 8.0 0.0 9.5 0.0 12.5 0.0 20.0 0.0
41 13 1 6.479868700000111 1.5779148999999961 0.0 8.057783600000107 6.12138179999971 13.44418549999989 1.7553539499999644 521.66015625 513.671875 75 75 1.0 0 44 44 False 0 0 False 1.7045454545454546 1.7045454545454546 1.1729419473440803 1.1729419473440803 0.6881259424418604 0.6881259424418604 1.0 1.0 1.0 1.0 1.0 1.0 2.0 2.0 6.0 6.0 0 0.0 0 0.0 2.736301343295784 5.981452814975453 11.366067921669305 0 0 0.0 0.0 0.0 0.0 0.0 0.0 0.0 0.0 0.0 0.0 0.0 0.0 0.0 0.0 0.0 0.0 8 5.5 2.9760952365713798 0.54110822483116 2.0 3.75 5.0 6.25 10.0 9.375 9.375 6.162965427222747 6.162965427222747 0.6573829789037596 0.0 3.0 0.0 4.75 0.0 8.0 0.0 11.75 0.0 20.0 0.0
42 14 3 1.1323721000000546 0.7264103999999634 0.0 1.858782500000018 1.858782500000018 1.858782500000018 1.858782500000018 513.33203125 504.62890625 20 20 1.0 20 1 0 False 0 0 False 1.0 1.0 0.0 0.0 0.0 0.0 0.0 0.0 0.0 0.0 0.0 0.0 0.0 0.0 0.0 0.0 0 0.0 0 0.0 0.0 0.0 0.0 3 1 3.0 0.0 0.0 3.0 3.0 3.0 3.0 3.0 20.0 0.0 0.0 20.0 20.0 20.0 20.0 20.0 1 1.0 0.0 0.0 0.0 0.0 0.0 0.0 0.0 1.0 1.0 0.0 0.0 0.0 0.0 0.0 0.0 0.0 0.0 0.0 0.0 0.0 0.0 0.0 0.0
43 14 2 2.771652700000061 0.8569761000001108 0.0 3.628628800000172 3.6833497000002353 5.48741130000019 1.3935348750000571 528.46875 520.07421875 44 44 1.0 44 20 20 False 0 0 False 2.2 2.2 2.0925934551223877 2.0925934551223877 0.9511788432374488 0.9511788432374488 1.0 1.0 1.0 1.0 1.5 1.5 2.25 2.25 10.0 10.0 0 0.0 0 0.0 4.812483766206385 0.0 3.714835124201342 4 4 1.0 0.0 0.0 1.0 1.0 1.0 1.0 1.0 11.0 5.597618541248888 0.508874412840808 6.0 6.75 10.0 14.25 18.0 4 5.0 0.0 0.0 5.0 5.0 5.0 5.0 5.0 11.0 11.0 5.597618541248888 5.597618541248888 0.508874412840808 0.0 6.0 0.0 6.75 0.0 10.0 0.0 14.25 0.0 18.0 0.0
44 14 1 7.415204200000176 2.0915423999998097 0.0 9.506746599999985 5.576118200000167 14.994157900000175 1.9153814000000153 539.0078125 534.359375 84 84 1.0 0 44 44 False 0 0 False 1.9090909090909092 1.9090909090909092 2.1654601725696088 2.1654601725696088 1.134288661822176 1.134288661822176 1.0 1.0 1.0 1.0 1.0 1.0 2.0 2.0 13.0 13.0 0 0.0 0 0.0 4.584829457790639 3.496029493900505 5.41602560309064 0 0 0.0 0.0 0.0 0.0 0.0 0.0 0.0 0.0 0.0 0.0 0.0 0.0 0.0 0.0 0.0 0.0 8 5.5 2.6186146828319083 0.4761117605148924 3.0 3.0 5.0 7.5 9.0 10.5 10.5 6.164414002968976 6.164414002968976 0.5870870479018072 0.0 3.0 0.0 4.0 0.0 12.0 0.0 16.0 0.0 17.0 0.0
45 15 3 1.1390122999999903 0.7667564999998717 0.0 1.905768799999862 1.905768799999862 1.905768799999862 1.905768799999862 527.41796875 518.671875 20 20 1.0 20 1 0 False 0 0 False 1.0 1.0 0.0 0.0 0.0 0.0 0.0 0.0 0.0 0.0 0.0 0.0 0.0 0.0 0.0 0.0 0 0.0 0 0.0 0.0 0.0 0.0 3 1 3.0 0.0 0.0 3.0 3.0 3.0 3.0 3.0 20.0 0.0 0.0 20.0 20.0 20.0 20.0 20.0 1 1.0 0.0 0.0 0.0 0.0 0.0 0.0 0.0 1.0 1.0 0.0 0.0 0.0 0.0 0.0 0.0 0.0 0.0 0.0 0.0 0.0 0.0 0.0 0.0
46 15 2 2.797708400000033 0.9393327000000227 0.0 3.737041100000056 3.6904888000000255 5.642809899999918 1.4319599249999726 543.3359375 535.36328125 44 44 1.0 44 20 20 False 0 0 False 2.2 2.2 2.015727634065883 2.015727634065883 0.9162398336663103 0.9162398336663103 1.0 1.0 1.0 1.0 2.0 2.0 2.0 2.0 10.0 10.0 0 0.0 0 0.0 5.820652884342097 0.0 4.9396356140913875 4 4 1.0 0.0 0.0 1.0 1.0 1.0 1.0 1.0 11.0 6.6332495807108 0.6030226891555273 6.0 6.0 9.0 14.0 20.0 4 5.0 0.0 0.0 5.0 5.0 5.0 5.0 5.0 11.0 11.0 6.6332495807108 6.6332495807108 0.6030226891555273 0.0 6.0 0.0 6.0 0.0 9.0 0.0 14.0 0.0 20.0 0.0
47 15 1 6.470762299999819 1.5985022999997796 0.0 8.069264599999599 6.018999399999984 13.712074499999517 1.7550173624999275 552.2578125 545.54296875 75 75 1.0 0 44 44 False 0 0 False 1.7045454545454546 1.7045454545454546 1.1729419473440803 1.1729419473440803 0.6881259424418604 0.6881259424418604 1.0 1.0 1.0 1.0 1.0 1.0 2.0 2.0 6.0 6.0 0 0.0 0 0.0 2.7737982283450693 4.8419463487779835 9.76636802728857 0 0 0.0 0.0 0.0 0.0 0.0 0.0 0.0 0.0 0.0 0.0 0.0 0.0 0.0 0.0 0.0 0.0 8 5.5 3.070597894314954 0.5582905262390825 3.0 3.0 4.5 7.0 10.0 9.375 9.375 6.988510979764267 6.988510979764267 0.7454411711748551 0.0 3.0 0.0 3.75 0.0 6.5 0.0 15.5 0.0 20.0 0.0
48 16 3 1.1406210000001806 0.6416262000001893 0.0 1.78224720000037 1.78224720000037 1.78224720000037 1.78224720000037 541.1015625 532.453125 20 20 1.0 20 1 0 False 0 0 False 1.0 1.0 0.0 0.0 0.0 0.0 0.0 0.0 0.0 0.0 0.0 0.0 0.0 0.0 0.0 0.0 0 0.0 0 0.0 0.0 0.0 0.0 3 1 3.0 0.0 0.0 3.0 3.0 3.0 3.0 3.0 20.0 0.0 0.0 20.0 20.0 20.0 20.0 20.0 1 1.0 0.0 0.0 0.0 0.0 0.0 0.0 0.0 1.0 1.0 0.0 0.0 0.0 0.0 0.0 0.0 0.0 0.0 0.0 0.0 0.0 0.0 0.0 0.0
49 16 2 2.780321799999797 0.5469901999998683 0.0 3.327311999999665 3.312147300000049 5.109559200000035 1.2988516749999945 556.2890625 547.90625 44 44 1.0 44 20 20 False 0 0 False 2.2 2.2 2.117595458607661 2.117595458607661 0.9625433902762094 0.9625433902762094 1.0 1.0 1.0 1.0 1.5 1.5 2.25 2.25 10.0 10.0 0 0.0 0 0.0 5.099019513592784 0.0 3.714835124201342 4 4 1.0 0.0 0.0 1.0 1.0 1.0 1.0 1.0 11.0 5.597618541248888 0.508874412840808 6.0 6.75 10.0 14.25 18.0 4 5.0 0.0 0.0 5.0 5.0 5.0 5.0 5.0 11.0 11.0 5.597618541248888 5.597618541248888 0.508874412840808 0.0 6.0 0.0 6.75 0.0 10.0 0.0 14.25 0.0 18.0 0.0
50 16 1 7.422880399999883 2.1216696999997 0.0 9.544550099999583 5.20511440000007 14.654109299999618 1.872609449999942 566.65625 562.28515625 84 84 1.0 0 44 44 False 0 0 False 1.9090909090909092 1.9090909090909092 1.4913421739880601 1.4913421739880601 0.7811792339937458 0.7811792339937458 1.0 1.0 1.0 1.0 1.0 1.0 2.0 2.0 8.0 8.0 0 0.0 0 0.0 3.0240086142690736 3.496029493900505 5.811865258054231 0 0 0.0 0.0 0.0 0.0 0.0 0.0 0.0 0.0 0.0 0.0 0.0 0.0 0.0 0.0 0.0 0.0 8 5.5 2.6186146828319083 0.4761117605148924 3.0 3.0 5.0 7.5 9.0 10.5 10.5 6.25642526870234 6.25642526870234 0.595850025590699 0.0 3.0 0.0 4.0 0.0 11.5 0.0 15.5 0.0 18.0 0.0
51 17 3 1.1357063999999468 0.6850562999998147 0.0 1.8207626999997615 1.8207626999997615 1.8207626999997615 1.8207626999997615 555.82421875 547.2734375 20 20 1.0 20 1 0 False 0 0 False 1.0 1.0 0.0 0.0 0.0 0.0 0.0 0.0 0.0 0.0 0.0 0.0 0.0 0.0 0.0 0.0 0 0.0 0 0.0 0.0 0.0 0.0 3 1 3.0 0.0 0.0 3.0 3.0 3.0 3.0 3.0 20.0 0.0 0.0 20.0 20.0 20.0 20.0 20.0 1 1.0 0.0 0.0 0.0 0.0 0.0 0.0 0.0 1.0 1.0 0.0 0.0 0.0 0.0 0.0 0.0 0.0 0.0 0.0 0.0 0.0 0.0 0.0 0.0
52 17 2 2.7745074999999133 0.5732966999999576 0.0 3.347804199999871 3.368556999999896 5.168566899999632 1.3134197249999318 571.99609375 563.453125 44 44 1.0 44 20 20 False 0 0 False 2.2 2.2 2.0416711421361615 2.0416711421361615 0.9280323373346188 0.9280323373346188 1.0 1.0 1.0 1.0 2.0 2.0 2.25 2.25 10.0 10.0 0 0.0 0 0.0 4.888762624632125 0.0 3.714835124201342 4 4 1.0 0.0 0.0 1.0 1.0 1.0 1.0 1.0 11.0 5.597618541248888 0.508874412840808 6.0 6.75 10.0 14.25 18.0 4 5.0 0.0 0.0 5.0 5.0 5.0 5.0 5.0 11.0 11.0 5.597618541248888 5.597618541248888 0.508874412840808 0.0 6.0 0.0 6.75 0.0 10.0 0.0 14.25 0.0 18.0 0.0
53 17 1 7.188691400000039 1.7399833000000626 0.0 8.928674700000101 5.271499399999755 14.097241599999734 1.802891487499977 582.58203125 577.8671875 82 82 1.0 0 44 44 False 0 0 False 1.8636363636363635 1.8636363636363635 1.6648333821361347 1.6648333821361347 0.8933252294389016 0.8933252294389016 1.0 1.0 1.0 1.0 1.0 1.0 2.0 2.0 9.0 9.0 0 0.0 0 0.0 3.6228441865473577 3.496029493900505 5.330728530573158 0 0 0.0 0.0 0.0 0.0 0.0 0.0 0.0 0.0 0.0 0.0 0.0 0.0 0.0 0.0 0.0 0.0 8 5.5 2.6186146828319083 0.4761117605148924 3.0 3.0 5.0 7.5 9.0 10.25 10.25 5.946187253790689 5.946187253790689 0.580115829638116 0.0 3.0 0.0 4.0 0.0 11.5 0.0 15.25 0.0 17.0 0.0
54 18 3 1.1294861000000083 0.8124586999998655 0.0 1.9419447999998738 1.9419447999998738 1.9419447999998738 1.9419447999998738 571.3984375 562.9609375 20 20 1.0 20 1 0 False 0 0 False 1.0 1.0 0.0 0.0 0.0 0.0 0.0 0.0 0.0 0.0 0.0 0.0 0.0 0.0 0.0 0.0 0 0.0 0 0.0 0.0 0.0 0.0 3 1 3.0 0.0 0.0 3.0 3.0 3.0 3.0 3.0 20.0 0.0 0.0 20.0 20.0 20.0 20.0 20.0 1 1.0 0.0 0.0 0.0 0.0 0.0 0.0 0.0 1.0 1.0 0.0 0.0 0.0 0.0 0.0 0.0 0.0 0.0 0.0 0.0 0.0 0.0 0.0 0.0
55 18 2 2.794113300000049 0.6168139999999767 0.0 3.4109273000000258 3.7541315999998233 5.3528720999998995 1.3597052249999564 585.30859375 576.88671875 44 44 1.0 44 20 20 False 0 0 False 2.2 2.2 2.117595458607661 2.117595458607661 0.9625433902762094 0.9625433902762094 1.0 1.0 1.0 1.0 1.5 1.5 2.25 2.25 10.0 10.0 0 0.0 0 0.0 5.716642371182579 0.0 4.427188724235731 4 4 1.0 0.0 0.0 1.0 1.0 1.0 1.0 1.0 11.0 6.2182527020592095 0.5652957001872009 6.0 7.5 9.0 12.5 20.0 4 5.0 0.0 0.0 5.0 5.0 5.0 5.0 5.0 11.0 11.0 6.2182527020592095 6.2182527020592095 0.5652957001872009 0.0 6.0 0.0 7.5 0.0 9.0 0.0 12.5 0.0 20.0 0.0
56 18 1 5.999326800000119 1.7950365000000374 0.0 7.794363300000157 5.753536599999904 13.147235400000056 1.6843901499999916 595.47265625 589.0078125 71 71 1.0 0 44 44 False 0 0 False 1.6136363636363635 1.6136363636363635 0.969677699773297 0.969677699773297 0.6009270252116207 0.6009270252116207 1.0 1.0 1.0 1.0 1.0 1.0 2.0 2.0 6.0 6.0 0 0.0 0 0.0 2.021002840012563 4.307615994440028 8.009976418331219 0 0 0.0 0.0 0.0 0.0 0.0 0.0 0.0 0.0 0.0 0.0 0.0 0.0 0.0 0.0 0.0 0.0 8 5.5 2.878491668515698 0.5233621215483087 3.0 3.75 4.5 6.25 10.0 8.875 8.875 5.743008171432708 5.743008171432708 0.6470995122741079 0.0 3.0 0.0 4.75 0.0 7.0 0.0 11.75 0.0 18.0 0.0
57 19 3 1.1288985999999 0.7544408000001113 0.0 1.8833394000000112 1.8833394000000112 1.8833394000000112 1.8833394000000112 584.8984375 576.6328125 20 20 1.0 20 1 0 False 0 0 False 1.0 1.0 0.0 0.0 0.0 0.0 0.0 0.0 0.0 0.0 0.0 0.0 0.0 0.0 0.0 0.0 0 0.0 0 0.0 0.0 0.0 0.0 3 1 3.0 0.0 0.0 3.0 3.0 3.0 3.0 3.0 20.0 0.0 0.0 20.0 20.0 20.0 20.0 20.0 1 1.0 0.0 0.0 0.0 0.0 0.0 0.0 0.0 1.0 1.0 0.0 0.0 0.0 0.0 0.0 0.0 0.0 0.0 0.0 0.0 0.0 0.0 0.0 0.0
58 19 2 2.7422545000002856 0.5359404000000723 0.0 3.278194900000358 3.4959337000003075 5.161534300000369 1.312132750000103 599.6640625 592.80859375 44 44 1.0 44 20 20 False 0 0 False 2.2 2.2 1.9628121608924702 1.9628121608924702 0.8921873458602136 0.8921873458602136 1.0 1.0 1.0 1.0 2.0 2.0 2.0 2.0 10.0 10.0 0 0.0 0 0.0 6.402343321003645 0.0 5.0 4 4 1.0 0.0 0.0 1.0 1.0 1.0 1.0 1.0 11.0 5.597618541248888 0.508874412840808 6.0 8.25 9.5 12.25 19.0 4 5.0 0.0 0.0 5.0 5.0 5.0 5.0 5.0 11.0 11.0 5.597618541248888 5.597618541248888 0.508874412840808 0.0 6.0 0.0 8.25 0.0 9.5 0.0 12.25 0.0 19.0 0.0
59 19 1 6.020801599999913 1.4522930999998493 0.0 7.473094699999763 5.402619600000378 12.634629000000132 1.6202284500000204 607.88671875 601.70703125 71 71 1.0 0 44 44 False 0 0 False 1.6136363636363635 1.6136363636363635 0.969677699773297 0.969677699773297 0.6009270252116207 0.6009270252116207 1.0 1.0 1.0 1.0 1.0 1.0 2.0 2.0 6.0 6.0 0 0.0 0 0.0 2.5415452935839746 4.898979485566356 9.820259670701178 0 0 0.0 0.0 0.0 0.0 0.0 0.0 0.0 0.0 0.0 0.0 0.0 0.0 0.0 0.0 0.0 0.0 8 5.5 2.6186146828319083 0.4761117605148924 3.0 3.75 5.0 6.0 10.0 8.875 8.875 5.5917669070569405 5.5917669070569405 0.6300582430486693 0.0 3.0 0.0 4.0 0.0 8.0 0.0 11.75 0.0 17.0 0.0
60 20 3 1.143196200000034 0.6891567999999779 0.0 1.8323530000000119 1.8323530000000119 1.8323530000000119 1.8323530000000119 597.46484375 588.9140625 20 20 1.0 20 1 0 False 0 0 False 1.0 1.0 0.0 0.0 0.0 0.0 0.0 0.0 0.0 0.0 0.0 0.0 0.0 0.0 0.0 0.0 0 0.0 0 0.0 0.0 0.0 0.0 3 1 3.0 0.0 0.0 3.0 3.0 3.0 3.0 3.0 20.0 0.0 0.0 20.0 20.0 20.0 20.0 20.0 1 1.0 0.0 0.0 0.0 0.0 0.0 0.0 0.0 1.0 1.0 0.0 0.0 0.0 0.0 0.0 0.0 0.0 0.0 0.0 0.0 0.0 0.0 0.0 0.0
61 20 2 2.779929899999786 0.5913408000001823 0.0 3.371270699999968 3.485047399999985 5.20362369999998 1.3224079250000074 613.57421875 605.26953125 44 44 1.0 44 20 20 False 0 0 False 2.2 2.2 2.067289096988207 2.067289096988207 0.9396768622673667 0.9396768622673667 1.0 1.0 1.0 1.0 1.5 1.5 3.0 3.0 10.0 10.0 0 0.0 0 0.0 5.113707070218237 0.0 4.09878030638384 4 4 1.0 0.0 0.0 1.0 1.0 1.0 1.0 1.0 11.0 6.324555320336759 0.574959574576069 5.0 6.5 10.0 14.5 19.0 4 5.0 0.0 0.0 5.0 5.0 5.0 5.0 5.0 11.0 11.0 6.324555320336759 6.324555320336759 0.574959574576069 0.0 5.0 0.0 6.5 0.0 10.0 0.0 14.5 0.0 19.0 0.0
62 20 1 8.318744199999799 4.023675999999739 0.0 12.342420199999538 5.364978300000018 17.546043899999518 2.234079349999952 635.546875 634.578125 91 91 1.0 0 44 44 False 0 0 False 2.0681818181818183 2.0681818181818183 2.0618091770220714 2.0618091770220714 0.9969187229557268 0.9969187229557268 1.0 1.0 1.0 1.0 1.0 1.0 2.0 2.0 9.0 9.0 0 0.0 0 0.0 7.805734674049134 3.7267799624996494 6.726295827240693 0 0 0.0 0.0 0.0 0.0 0.0 0.0 0.0 0.0 0.0 0.0 0.0 0.0 0.0 0.0 0.0 0.0 8 5.5 2.9760952365713798 0.54110822483116 2.0 3.0 5.0 7.5 10.0 11.375 11.375 7.6892782496148495 7.6892782496148495 0.6759805054606461 0.0 2.0 0.0 4.0 0.0 12.0 0.0 17.0 0.0 23.0 0.0
63 21 3 1.1422706999998695 0.759904199999994 0.0 1.9021748999998636 1.9021748999998636 1.9021748999998636 1.9021748999998636 611.87109375 603.390625 20 20 1.0 20 1 0 False 0 0 False 1.0 1.0 0.0 0.0 0.0 0.0 0.0 0.0 0.0 0.0 0.0 0.0 0.0 0.0 0.0 0.0 0 0.0 0 0.0 0.0 0.0 0.0 3 1 3.0 0.0 0.0 3.0 3.0 3.0 3.0 3.0 20.0 0.0 0.0 20.0 20.0 20.0 20.0 20.0 1 1.0 0.0 0.0 0.0 0.0 0.0 0.0 0.0 1.0 1.0 0.0 0.0 0.0 0.0 0.0 0.0 0.0 0.0 0.0 0.0 0.0 0.0 0.0 0.0
64 21 2 2.7504676000001496 0.5458800000002952 0.0 3.296347600000445 3.431089799999995 5.198522500000308 1.3210273000000683 629.07421875 622.3359375 44 44 1.0 44 20 20 False 0 0 False 2.2 2.2 2.0416711421361615 2.0416711421361615 0.9280323373346188 0.9280323373346188 1.0 1.0 1.0 1.0 2.0 2.0 2.25 2.25 10.0 10.0 0 0.0 0 0.0 6.408587988004844 0.0 4.69041575982343 4 4 1.0 0.0 0.0 1.0 1.0 1.0 1.0 1.0 11.0 5.033222956847166 0.4575657233497424 6.0 9.0 10.0 12.0 18.0 4 5.0 0.0 0.0 5.0 5.0 5.0 5.0 5.0 11.0 11.0 5.033222956847166 5.033222956847166 0.4575657233497424 0.0 6.0 0.0 9.0 0.0 10.0 0.0 12.0 0.0 18.0 0.0
65 21 1 6.262023200000215 1.517305700000236 0.0 7.779328900000451 5.335173000000111 12.977851400000759 1.6629708250000732 637.83203125 629.6953125 73 73 1.0 0 44 44 False 0 0 False 1.6590909090909092 1.6590909090909092 0.9386576714124697 0.9386576714124697 0.5657662677006666 0.5657662677006666 1.0 1.0 1.0 1.0 1.0 1.0 2.0 2.0 6.0 6.0 0 0.0 0 0.0 3.0940408599395055 4.725815626252608 10.362525968336312 0 0 0.0 0.0 0.0 0.0 0.0 0.0 0.0 0.0 0.0 0.0 0.0 0.0 0.0 0.0 0.0 0.0 8 5.5 2.32992949004287 0.4236235436441582 3.0 4.5 5.0 6.0 9.0 9.125 9.125 5.693040864574423 5.693040864574423 0.6238948892684298 0.0 3.0 0.0 4.75 0.0 8.0 0.0 11.75 0.0 18.0 0.0
66 22 3 1.1383271999999351 0.6446853000000488 0.0 1.783012499999984 1.783012499999984 1.783012499999984 1.783012499999984 627.15234375 618.6875 20 20 1.0 20 1 0 False 0 0 False 1.0 1.0 0.0 0.0 0.0 0.0 0.0 0.0 0.0 0.0 0.0 0.0 0.0 0.0 0.0 0.0 0 0.0 0 0.0 0.0 0.0 0.0 3 1 3.0 0.0 0.0 3.0 3.0 3.0 3.0 3.0 20.0 0.0 0.0 20.0 20.0 20.0 20.0 20.0 1 1.0 0.0 0.0 0.0 0.0 0.0 0.0 0.0 1.0 1.0 0.0 0.0 0.0 0.0 0.0 0.0 0.0 0.0 0.0 0.0 0.0 0.0 0.0 0.0
67 22 2 2.7914372000000185 1.0639731000001689 0.0 3.8554103000001874 4.032767800000045 5.638422800000171 1.4310455500000643 640.578125 632.76171875 44 44 1.0 44 20 20 False 0 0 False 2.2 2.2 2.067289096988207 2.067289096988207 0.9396768622673667 0.9396768622673667 1.0 1.0 1.0 1.0 1.5 1.5 3.0 3.0 10.0 10.0 0 0.0 0 0.0 5.394441583704469 0.0 4.427188724235731 4 4 1.0 0.0 0.0 1.0 1.0 1.0 1.0 1.0 11.0 6.2182527020592095 0.5652957001872009 6.0 7.5 9.0 12.5 20.0 4 5.0 0.0 0.0 5.0 5.0 5.0 5.0 5.0 11.0 11.0 6.2182527020592095 6.2182527020592095 0.5652957001872009 0.0 6.0 0.0 7.5 0.0 9.0 0.0 12.5 0.0 20.0 0.0
68 22 1 6.258198700000207 1.5892203999997605 0.0 7.847419099999968 6.4271175000000085 13.485841900000139 1.7269011125000304 652.625 644.8828125 73 73 1.0 0 44 44 False 0 0 False 1.6590909090909092 1.6590909090909092 1.0330172969168459 1.0330172969168459 0.6226405625252222 0.6226405625252222 1.0 1.0 1.0 1.0 1.0 1.0 2.0 2.0 6.0 6.0 0 0.0 0 0.0 2.5441859663564204 4.307615994440028 9.001157332995204 0 0 0.0 0.0 0.0 0.0 0.0 0.0 0.0 0.0 0.0 0.0 0.0 0.0 0.0 0.0 0.0 0.0 8 5.5 2.878491668515698 0.5233621215483087 3.0 3.75 4.5 6.25 10.0 9.125 9.125 6.2206453500765155 6.2206453500765155 0.6817145589124949 0.0 3.0 0.0 4.75 0.0 7.0 0.0 11.75 0.0 20.0 0.0
69 23 3 1.1292622999999367 0.8251018999998223 0.0 1.954364199999759 1.954364199999759 1.954364199999759 1.954364199999759 641.33203125 633.01171875 20 20 1.0 20 1 0 False 0 0 False 1.0 1.0 0.0 0.0 0.0 0.0 0.0 0.0 0.0 0.0 0.0 0.0 0.0 0.0 0.0 0.0 0 0.0 0 0.0 0.0 0.0 0.0 3 1 3.0 0.0 0.0 3.0 3.0 3.0 3.0 3.0 20.0 0.0 0.0 20.0 20.0 20.0 20.0 20.0 1 1.0 0.0 0.0 0.0 0.0 0.0 0.0 0.0 1.0 1.0 0.0 0.0 0.0 0.0 0.0 0.0 0.0 0.0 0.0 0.0 0.0 0.0 0.0 0.0
70 23 2 2.7817268999998532 0.6316811999998322 0.0 3.4134080999996854 3.7698245999995947 5.367772299999444 1.3633905499998917 655.1796875 647.234375 44 44 1.0 44 20 20 False 0 0 False 2.2 2.2 2.117595458607661 2.117595458607661 0.9625433902762094 0.9625433902762094 1.0 1.0 1.0 1.0 1.5 1.5 2.25 2.25 10.0 10.0 0 0.0 0 0.0 7.535914012248281 0.0 6.016643582596529 4 4 1.0 0.0 0.0 1.0 1.0 1.0 1.0 1.0 11.0 6.377042156569663 0.5797311051426967 5.0 8.0 9.5 12.5 20.0 4 5.0 0.0 0.0 5.0 5.0 5.0 5.0 5.0 11.0 11.0 6.377042156569663 6.377042156569663 0.5797311051426967 0.0 5.0 0.0 8.0 0.0 9.5 0.0 12.5 0.0 20.0 0.0
71 23 1 6.943914600000198 1.6080578999998352 0.0 8.551972500000034 5.783947199999659 13.919744799999478 1.780812312499954 665.3515625 659.3046875 80 80 1.0 0 44 44 False 0 0 False 1.8181818181818181 1.8181818181818181 1.4984135373667908 1.4984135373667908 0.824127445551735 0.824127445551735 1.0 1.0 1.0 1.0 1.0 1.0 2.0 2.0 8.0 8.0 0 0.0 0 0.0 3.3116373818339957 5.981452814975453 7.993052538854532 0 0 0.0 0.0 0.0 0.0 0.0 0.0 0.0 0.0 0.0 0.0 0.0 0.0 0.0 0.0 0.0 0.0 8 5.5 2.9760952365713798 0.54110822483116 2.0 3.75 5.0 6.25 10.0 10.0 10.0 5.31843156256751 5.31843156256751 0.531843156256751 0.0 3.0 0.0 6.5 0.0 9.5 0.0 12.5 0.0 18.0 0.0
72 24 3 1.1305099999998447 0.6961005999999088 0.0 1.8266105999997535 1.8266105999997535 1.8266105999997535 1.8266105999997535 656.73046875 648.4921875 20 20 1.0 20 1 0 False 0 0 False 1.0 1.0 0.0 0.0 0.0 0.0 0.0 0.0 0.0 0.0 0.0 0.0 0.0 0.0 0.0 0.0 0 0.0 0 0.0 0.0 0.0 0.0 3 1 3.0 0.0 0.0 3.0 3.0 3.0 3.0 3.0 20.0 0.0 0.0 20.0 20.0 20.0 20.0 20.0 1 1.0 0.0 0.0 0.0 0.0 0.0 0.0 0.0 1.0 1.0 0.0 0.0 0.0 0.0 0.0 0.0 0.0 0.0 0.0 0.0 0.0 0.0 0.0 0.0
73 24 2 2.6559801000001926 1.107221399999844 0.0 3.7632015000000365 3.6643089999998892 5.58981209999979 1.4190053249999721 670.61328125 663.15625 42 42 1.0 42 20 20 False 0 0 False 2.1 2.1 2.125038699338017 2.125038699338017 1.0119231901609604 1.0119231901609604 1.0 1.0 1.0 1.0 1.0 1.0 2.0 2.0 10.0 10.0 0 0.0 0 0.0 7.655390257850998 0.0 6.488451279003334 4 4 1.0 0.0 0.0 1.0 1.0 1.0 1.0 1.0 10.5 6.855654600401044 0.6529194857524804 5.0 5.75 8.5 13.25 20.0 4 5.0 0.0 0.0 5.0 5.0 5.0 5.0 5.0 10.5 10.5 6.855654600401044 6.855654600401044 0.6529194857524804 0.0 5.0 0.0 5.75 0.0 8.5 0.0 13.25 0.0 20.0 0.0
74 24 1 7.519161300000519 1.8282746000000998 0.0 9.347435900000619 6.009874999999965 14.937248000000409 1.908141800000081 681.640625 674.796875 84 84 1.0 0 42 42 False 0 0 False 2.0 2.0 1.9254394493649318 1.9254394493649318 0.9627197246824659 0.9627197246824659 1.0 1.0 1.0 1.0 1.0 1.0 2.0 2.0 12.0 12.0 0 0.0 0 0.0 3.501700267285132 6.405292950191878 10.203485243342644 0 0 0.0 0.0 0.0 0.0 0.0 0.0 0.0 0.0 0.0 0.0 0.0 0.0 0.0 0.0 0.0 0.0 8 5.25 3.1959796173138706 0.6087580223454991 2.0 3.0 4.0 7.0 10.0 10.5 10.5 6.824326235712107 6.824326235712107 0.6499358319725816 0.0 3.0 0.0 3.75 0.0 11.0 0.0 15.5 0.0 20.0 0.0
75 25 3 1.13213570000039 0.831555000000094 0.0 1.963690700000484 1.963690700000484 1.963690700000484 1.963690700000484 671.37109375 663.29296875 20 20 1.0 20 1 0 False 0 0 False 1.0 1.0 0.0 0.0 0.0 0.0 0.0 0.0 0.0 0.0 0.0 0.0 0.0 0.0 0.0 0.0 0 0.0 0 0.0 0.0 0.0 0.0 3 1 3.0 0.0 0.0 3.0 3.0 3.0 3.0 3.0 20.0 0.0 0.0 20.0 20.0 20.0 20.0 20.0 1 1.0 0.0 0.0 0.0 0.0 0.0 0.0 0.0 1.0 1.0 0.0 0.0 0.0 0.0 0.0 0.0 0.0 0.0 0.0 0.0 0.0 0.0 0.0 0.0
76 25 2 2.7888964999999644 0.6210303000000295 0.0 3.409926799999994 3.7561175000003004 5.373617500000478 1.36504440000013 687.3046875 679.7265625 44 44 1.0 44 20 20 False 0 0 False 2.2 2.2 2.015727634065883 2.015727634065883 0.9162398336663103 0.9162398336663103 1.0 1.0 1.0 1.0 2.0 2.0 2.0 2.0 10.0 10.0 0 0.0 0 0.0 5.881326381013043 0.0 4.9396356140913875 4 4 1.0 0.0 0.0 1.0 1.0 1.0 1.0 1.0 11.0 6.6332495807108 0.6030226891555273 6.0 6.0 9.0 14.0 20.0 4 5.0 0.0 0.0 5.0 5.0 5.0 5.0 5.0 11.0 11.0 6.6332495807108 6.6332495807108 0.6030226891555273 0.0 6.0 0.0 6.0 0.0 9.0 0.0 14.0 0.0 20.0 0.0
77 25 1 6.922881899999652 1.6392777999998316 0.0 8.562159699999484 5.782966100000408 13.935777199999961 1.7830816875000153 695.3125 689.65234375 80 80 1.0 0 44 44 False 0 0 False 1.8181818181818181 1.8181818181818181 1.4511058697569688 1.4511058697569688 0.7981082283663329 0.7981082283663329 1.0 1.0 1.0 1.0 1.0 1.0 2.0 2.0 8.0 8.0 0 0.0 0 0.0 3.4066658041003137 4.8419463487779835 6.531972647421808 0 0 0.0 0.0 0.0 0.0 0.0 0.0 0.0 0.0 0.0 0.0 0.0 0.0 0.0 0.0 0.0 0.0 8 5.5 3.070597894314954 0.5582905262390825 3.0 3.0 4.5 7.0 10.0 10.0 10.0 6.0 6.0 0.6 0.0 3.0 0.0 4.0 0.0 10.0 0.0 14.75 0.0 18.0 0.0
78 26 3 1.1420687999998336 1.3622536999999966 0.0 2.50432249999983 2.50432249999983 2.50432249999983 2.50432249999983 686.0703125 677.8203125 20 20 1.0 20 1 0 False 0 0 False 1.0 1.0 0.0 0.0 0.0 0.0 0.0 0.0 0.0 0.0 0.0 0.0 0.0 0.0 0.0 0.0 0 0.0 0 0.0 0.0 0.0 0.0 3 1 3.0 0.0 0.0 3.0 3.0 3.0 3.0 3.0 20.0 0.0 0.0 20.0 20.0 20.0 20.0 20.0 1 1.0 0.0 0.0 0.0 0.0 0.0 0.0 0.0 1.0 1.0 0.0 0.0 0.0 0.0 0.0 0.0 0.0 0.0 0.0 0.0 0.0 0.0 0.0 0.0
79 26 2 2.798487600000044 0.6283884999999145 0.0 3.4268760999999586 4.302084899999613 5.931198599999789 1.5043288999999618 701.17578125 693.7734375 44 44 1.0 44 20 20 False 0 0 False 2.2 2.2 2.0925934551223877 2.0925934551223877 0.9511788432374488 0.9511788432374488 1.0 1.0 1.0 1.0 2.0 2.0 2.0 2.0 10.0 10.0 0 0.0 0 0.0 6.244997998398396 0.0 4.9396356140913875 4 4 1.0 0.0 0.0 1.0 1.0 1.0 1.0 1.0 11.0 6.6332495807108 0.6030226891555273 6.0 6.0 9.0 14.0 20.0 4 5.0 0.0 0.0 5.0 5.0 5.0 5.0 5.0 11.0 11.0 6.6332495807108 6.6332495807108 0.6030226891555273 0.0 6.0 0.0 6.0 0.0 9.0 0.0 14.0 0.0 20.0 0.0
80 26 1 6.921243899999581 1.654431300000283 0.0 8.575675199999864 6.301385699999514 14.506873799999653 1.8544163249999173 710.82421875 704.875 80 80 1.0 0 44 44 False 0 0 False 1.8181818181818181 1.8181818181818181 1.4511058697569688 1.4511058697569688 0.7981082283663329 0.7981082283663329 1.0 1.0 1.0 1.0 1.0 1.0 2.0 2.0 8.0 8.0 0 0.0 0 0.0 3.340213285613423 4.8419463487779835 6.674994798166929 0 0 0.0 0.0 0.0 0.0 0.0 0.0 0.0 0.0 0.0 0.0 0.0 0.0 0.0 0.0 0.0 0.0 8 5.5 3.070597894314954 0.5582905262390825 3.0 3.0 4.5 7.0 10.0 10.0 10.0 6.0 6.0 0.6 0.0 3.0 0.0 4.0 0.0 10.0 0.0 14.75 0.0 18.0 0.0
81 27 3 1.14282060000005 0.6546971000000212 0.0 1.7975177000000713 1.7975177000000713 1.7975177000000713 1.7975177000000713 700.078125 691.86328125 20 20 1.0 20 1 0 False 0 0 False 1.0 1.0 0.0 0.0 0.0 0.0 0.0 0.0 0.0 0.0 0.0 0.0 0.0 0.0 0.0 0.0 0 0.0 0 0.0 0.0 0.0 0.0 3 1 3.0 0.0 0.0 3.0 3.0 3.0 3.0 3.0 20.0 0.0 0.0 20.0 20.0 20.0 20.0 20.0 1 1.0 0.0 0.0 0.0 0.0 0.0 0.0 0.0 1.0 1.0 0.0 0.0 0.0 0.0 0.0 0.0 0.0 0.0 0.0 0.0 0.0 0.0 0.0 0.0
82 27 2 2.7913071000002674 0.6129535999996278 0.0 3.4042606999998952 3.5972056999997903 5.2017783999999665 1.321921624999959 711.69140625 704.359375 44 44 1.0 44 20 20 False 0 0 False 2.2 2.2 2.1667341419992585 2.1667341419992585 0.9848791554542083 0.9848791554542083 1.0 1.0 1.0 1.0 1.0 1.0 2.25 2.25 10.0 10.0 0 0.0 0 0.0 5.741950887982235 0.0 4.266145801540309 4 4 1.0 0.0 0.0 1.0 1.0 1.0 1.0 1.0 11.0 6.377042156569663 0.5797311051426967 5.0 8.0 9.5 12.5 20.0 4 5.0 0.0 0.0 5.0 5.0 5.0 5.0 5.0 11.0 11.0 6.377042156569663 6.377042156569663 0.5797311051426967 0.0 5.0 0.0 8.0 0.0 9.5 0.0 12.5 0.0 20.0 0.0
83 27 1 6.235302200000092 1.5517423999996254 0.0 7.787044599999717 5.908508799999822 12.988822999999684 1.6644200124999173 724.46875 717.4296875 73 73 1.0 0 44 44 False 0 0 False 1.6590909090909092 1.6590909090909092 0.9631146619216513 0.9631146619216513 0.5805074674596254 0.5805074674596254 1.0 1.0 1.0 1.0 1.0 1.0 2.0 2.0 6.0 6.0 0 0.0 0 0.0 2.3587690269108683 4.0 8.801436120189578 0 0 0.0 0.0 0.0 0.0 0.0 0.0 0.0 0.0 0.0 0.0 0.0 0.0 0.0 0.0 0.0 0.0 8 5.5 2.9760952365713798 0.54110822483116 2.0 3.75 5.0 6.25 10.0 9.125 9.125 6.2891630149465385 6.2891630149465385 0.6892233441037302 0.0 3.0 0.0 4.0 0.0 7.5 0.0 11.75 0.0 20.0 0.0
84 28 3 1.1361414999998942 0.7744404000000031 0.0 1.9105818999998974 1.9105818999998974 1.9105818999998974 1.9105818999998974 714.234375 706.16015625 20 20 1.0 20 1 0 False 0 0 False 1.0 1.0 0.0 0.0 0.0 0.0 0.0 0.0 0.0 0.0 0.0 0.0 0.0 0.0 0.0 0.0 0 0.0 0 0.0 0.0 0.0 0.0 3 1 3.0 0.0 0.0 3.0 3.0 3.0 3.0 3.0 20.0 0.0 0.0 20.0 20.0 20.0 20.0 20.0 1 1.0 0.0 0.0 0.0 0.0 0.0 0.0 0.0 1.0 1.0 0.0 0.0 0.0 0.0 0.0 0.0 0.0 0.0 0.0 0.0 0.0 0.0 0.0 0.0
85 28 2 2.790884300000016 0.6245714000002636 0.0 3.4154557000002796 3.7124705000002223 5.326037600000177 1.3529910000000314 728.22265625 720.86328125 44 44 1.0 44 20 20 False 0 0 False 2.2 2.2 2.1667341419992585 2.1667341419992585 0.9848791554542083 0.9848791554542083 1.0 1.0 1.0 1.0 1.0 1.0 2.25 2.25 10.0 10.0 0 0.0 0 0.0 5.665686189686116 0.0 4.266145801540309 4 4 1.0 0.0 0.0 1.0 1.0 1.0 1.0 1.0 11.0 6.377042156569663 0.5797311051426967 5.0 8.0 9.5 12.5 20.0 4 5.0 0.0 0.0 5.0 5.0 5.0 5.0 5.0 11.0 11.0 6.377042156569663 6.377042156569663 0.5797311051426967 0.0 5.0 0.0 8.0 0.0 9.5 0.0 12.5 0.0 20.0 0.0
86 28 1 7.596854300000132 2.0088505999993913 0.0 9.605704899999523 6.052286999999865 14.9317424999997 1.9074037249999378 745.93359375 738.859375 85 85 1.0 0 44 44 False 0 0 False 1.9318181818181819 1.9318181818181819 1.860204130743136 1.860204130743136 0.9629291970905646 0.9629291970905646 1.0 1.0 1.0 1.0 1.0 1.0 2.0 2.0 12.0 12.0 0 0.0 0 0.0 5.254745002502245 4.0 7.892946921848082 0 0 0.0 0.0 0.0 0.0 0.0 0.0 0.0 0.0 0.0 0.0 0.0 0.0 0.0 0.0 0.0 0.0 8 5.5 2.9760952365713798 0.54110822483116 2.0 3.75 5.0 6.25 10.0 10.625 10.625 7.089982873241454 7.089982873241454 0.6672925057168427 0.0 3.0 0.0 4.0 0.0 9.0 0.0 17.5 0.0 20.0 0.0
87 29 3 1.129714599999943 1.4105353999997305 0.0 2.5402499999996735 2.5402499999996735 2.5402499999996735 2.5402499999996735 731.8359375 723.99609375 20 20 1.0 20 1 0 False 0 0 False 1.0 1.0 0.0 0.0 0.0 0.0 0.0 0.0 0.0 0.0 0.0 0.0 0.0 0.0 0.0 0.0 0 0.0 0 0.0 0.0 0.0 0.0 3 1 3.0 0.0 0.0 3.0 3.0 3.0 3.0 3.0 20.0 0.0 0.0 20.0 20.0 20.0 20.0 20.0 1 1.0 0.0 0.0 0.0 0.0 0.0 0.0 0.0 1.0 1.0 0.0 0.0 0.0 0.0 0.0 0.0 0.0 0.0 0.0 0.0 0.0 0.0 0.0 0.0
88 29 2 2.8017988999999943 0.643107100000293 0.0 3.4449060000002873 4.364795399999707 5.985155999999961 1.5177243750000002 745.96484375 738.5546875 44 44 1.0 44 20 20 False 0 0 False 2.2 2.2 2.0416711421361615 2.0416711421361615 0.9280323373346188 0.9280323373346188 1.0 1.0 1.0 1.0 2.0 2.0 2.25 2.25 10.0 10.0 0 0.0 0 0.0 6.090976933136423 0.0 4.9396356140913875 4 4 1.0 0.0 0.0 1.0 1.0 1.0 1.0 1.0 11.0 6.6332495807108 0.6030226891555273 6.0 6.0 9.0 14.0 20.0 4 5.0 0.0 0.0 5.0 5.0 5.0 5.0 5.0 11.0 11.0 6.6332495807108 6.6332495807108 0.6030226891555273 0.0 6.0 0.0 6.0 0.0 9.0 0.0 14.0 0.0 20.0 0.0
89 29 1 6.474632500000098 1.6120481999998901 0.0 8.086680699999988 6.730402399999889 14.071836699999949 1.7999730874999784 758.3515625 751.52734375 75 75 1.0 0 44 44 False 0 0 False 1.7045454545454546 1.7045454545454546 1.1325941709303338 1.1325941709303338 0.6644552469457958 0.6644552469457958 1.0 1.0 1.0 1.0 1.0 1.0 2.0 2.0 6.0 6.0 0 0.0 0 0.0 2.420161100436521 4.8419463487779835 9.637527921850314 0 0 0.0 0.0 0.0 0.0 0.0 0.0 0.0 0.0 0.0 0.0 0.0 0.0 0.0 0.0 0.0 0.0 8 5.5 3.070597894314954 0.5582905262390825 3.0 3.0 4.5 7.0 10.0 9.375 9.375 6.759913355319621 6.759913355319621 0.7210574245674263 0.0 3.0 0.0 4.0 0.0 6.5 0.0 14.75 0.0 20.0 0.0
90 30 3 1.1300600000000713 0.7048138999999765 0.0 1.8348739000000478 1.8348739000000478 1.8348739000000478 1.8348739000000478 742.87890625 735.94140625 20 20 1.0 20 1 0 False 0 0 False 1.0 1.0 0.0 0.0 0.0 0.0 0.0 0.0 0.0 0.0 0.0 0.0 0.0 0.0 0.0 0.0 0 0.0 0 0.0 0.0 0.0 0.0 3 1 3.0 0.0 0.0 3.0 3.0 3.0 3.0 3.0 20.0 0.0 0.0 20.0 20.0 20.0 20.0 20.0 1 1.0 0.0 0.0 0.0 0.0 0.0 0.0 0.0 1.0 1.0 0.0 0.0 0.0 0.0 0.0 0.0 0.0 0.0 0.0 0.0 0.0 0.0 0.0 0.0
91 30 2 2.7865926000000627 0.6284159999999019 0.0 3.4150085999999646 3.64198150000027 5.249882500000012 1.3340219499999932 756.4296875 750.01953125 44 44 1.0 44 20 20 False 0 0 False 2.2 2.2 2.142305693455191 2.142305693455191 0.9737753152069049 0.9737753152069049 1.0 1.0 1.0 1.0 1.0 1.0 3.0 3.0 10.0 10.0 0 0.0 0 0.0 5.5398555937858145 0.0 4.266145801540309 4 4 1.0 0.0 0.0 1.0 1.0 1.0 1.0 1.0 11.0 6.377042156569663 0.5797311051426967 5.0 8.0 9.5 12.5 20.0 4 5.0 0.0 0.0 5.0 5.0 5.0 5.0 5.0 11.0 11.0 6.377042156569663 6.377042156569663 0.5797311051426967 0.0 5.0 0.0 8.0 0.0 9.5 0.0 12.5 0.0 20.0 0.0
92 30 1 7.370107700000176 2.568596599999296 0.0 9.938704299999472 5.6522851000000855 15.188586799999484 1.9394001874999418 772.1484375 766.60546875 83 83 1.0 0 44 44 False 0 0 False 1.8863636363636365 1.8863636363636365 1.3332232160306892 1.3332232160306892 0.7067689337994014 0.7067689337994014 1.0 1.0 1.0 1.0 1.0 1.0 2.0 2.0 7.0 7.0 0 0.0 0 0.0 6.01158918635119 4.0 7.346106300468145 0 0 0.0 0.0 0.0 0.0 0.0 0.0 0.0 0.0 0.0 0.0 0.0 0.0 0.0 0.0 0.0 0.0 8 5.5 2.9760952365713798 0.54110822483116 2.0 3.75 5.0 6.25 10.0 10.375 10.375 6.738747234146291 6.738747234146291 0.6495178057008473 0.0 3.0 0.0 4.0 0.0 9.0 0.0 17.25 0.0 19.0 0.0
93 31 3 1.1381812999999283 0.7136699999999792 0.0 1.8518512999999075 1.8518512999999075 1.8518512999999075 1.8518512999999075 757.6953125 750.66015625 20 20 1.0 20 1 0 False 0 0 False 1.0 1.0 0.0 0.0 0.0 0.0 0.0 0.0 0.0 0.0 0.0 0.0 0.0 0.0 0.0 0.0 0 0.0 0 0.0 0.0 0.0 0.0 3 1 3.0 0.0 0.0 3.0 3.0 3.0 3.0 3.0 20.0 0.0 0.0 20.0 20.0 20.0 20.0 20.0 1 1.0 0.0 0.0 0.0 0.0 0.0 0.0 0.0 1.0 1.0 0.0 0.0 0.0 0.0 0.0 0.0 0.0 0.0 0.0 0.0 0.0 0.0 0.0 0.0
94 31 2 2.648569699999598 0.5608056000004353 0.0 3.2093753000000333 3.3921699999999646 5.061226599999941 1.2866207999999801 771.48046875 764.828125 42 42 1.0 42 20 20 False 0 0 False 2.1 2.1 2.125038699338017 2.125038699338017 1.0119231901609604 1.0119231901609604 1.0 1.0 1.0 1.0 1.0 1.0 2.0 2.0 10.0 10.0 0 0.0 0 0.0 7.675610724886977 0.0 6.107372593840988 4 4 1.0 0.0 0.0 1.0 1.0 1.0 1.0 1.0 10.5 6.137317546507322 0.5845064330006974 5.0 5.75 9.5 14.25 18.0 4 5.0 0.0 0.0 5.0 5.0 5.0 5.0 5.0 10.5 10.5 6.137317546507322 6.137317546507322 0.5845064330006974 0.0 5.0 0.0 5.75 0.0 9.5 0.0 14.25 0.0 18.0 0.0
95 31 1 6.117970900000159 1.468277300000068 0.0 7.586248200000227 5.279042900000036 12.647474800000168 1.6218933000000249 783.12890625 777.14453125 71 71 1.0 0 42 42 False 0 0 False 1.6904761904761905 1.6904761904761905 0.9997095977868197 0.9997095977868197 0.5913775085499496 0.5913775085499496 1.0 1.0 1.0 1.0 1.0 1.0 2.0 2.0 6.0 6.0 0 0.0 0 0.0 3.4591204060239256 6.089608635481704 12.967641351542008 0 0 0.0 0.0 0.0 0.0 0.0 0.0 0.0 0.0 0.0 0.0 0.0 0.0 0.0 0.0 0.0 0.0 8 5.25 2.866057521105554 0.5459157183058198 2.0 3.0 4.5 7.5 9.0 8.875 8.875 6.128096884724607 6.128096884724607 0.6904897898281247 0.0 3.0 0.0 3.75 0.0 7.5 0.0 13.25 0.0 17.0 0.0
96 32 3 1.1379656000001432 0.6846370999999181 0.0 1.8226027000000613 1.8226027000000613 1.8226027000000613 1.8226027000000613 770.06640625 763.1953125 20 20 1.0 20 1 0 False 0 0 False 1.0 1.0 0.0 0.0 0.0 0.0 0.0 0.0 0.0 0.0 0.0 0.0 0.0 0.0 0.0 0.0 0 0.0 0 0.0 0.0 0.0 0.0 3 1 3.0 0.0 0.0 3.0 3.0 3.0 3.0 3.0 20.0 0.0 0.0 20.0 20.0 20.0 20.0 20.0 1 1.0 0.0 0.0 0.0 0.0 0.0 0.0 0.0 1.0 1.0 0.0 0.0 0.0 0.0 0.0 0.0 0.0 0.0 0.0 0.0 0.0 0.0 0.0 0.0
97 32 2 2.7676451999998335 0.546908099999996 0.0 3.3145532999998295 3.341517000000067 5.137155999999891 1.3058731499999965 786.45703125 779.59765625 44 44 1.0 44 20 20 False 0 0 False 2.2 2.2 2.1667341419992585 2.1667341419992585 0.9848791554542083 0.9848791554542083 1.0 1.0 1.0 1.0 1.0 1.0 2.25 2.25 10.0 10.0 0 0.0 0 0.0 5.1478150704934995 0.0 3.714835124201342 4 4 1.0 0.0 0.0 1.0 1.0 1.0 1.0 1.0 11.0 5.597618541248888 0.508874412840808 6.0 6.75 10.0 14.25 18.0 4 5.0 0.0 0.0 5.0 5.0 5.0 5.0 5.0 11.0 11.0 5.597618541248888 5.597618541248888 0.508874412840808 0.0 6.0 0.0 6.75 0.0 10.0 0.0 14.25 0.0 18.0 0.0
98 32 1 7.422337600000105 2.3941884999999274 0.0 9.816526100000033 5.233969299999899 14.953682099999924 1.9102241499999906 799.03125 796.65625 84 84 1.0 0 44 44 False 0 0 False 1.9090909090909092 1.9090909090909092 1.6398834589644475 1.6398834589644475 0.858986573743282 0.858986573743282 1.0 1.0 1.0 1.0 1.0 1.0 2.0 2.0 10.0 10.0 0 0.0 0 0.0 3.301639963151797 3.496029493900505 5.811865258054231 0 0 0.0 0.0 0.0 0.0 0.0 0.0 0.0 0.0 0.0 0.0 0.0 0.0 0.0 0.0 0.0 0.0 8 5.5 2.6186146828319083 0.4761117605148924 3.0 3.0 5.0 7.5 9.0 10.5 10.5 6.25642526870234 6.25642526870234 0.595850025590699 0.0 3.0 0.0 4.0 0.0 11.5 0.0 15.5 0.0 18.0 0.0
99 33 3 1.1349492000002783 0.7001364999999851 0.0 1.8350857000002634 1.8350857000002634 1.8350857000002634 1.8350857000002634 786.12109375 779.0625 20 20 1.0 20 1 0 False 0 0 False 1.0 1.0 0.0 0.0 0.0 0.0 0.0 0.0 0.0 0.0 0.0 0.0 0.0 0.0 0.0 0.0 0 0.0 0 0.0 0.0 0.0 0.0 3 1 3.0 0.0 0.0 3.0 3.0 3.0 3.0 3.0 20.0 0.0 0.0 20.0 20.0 20.0 20.0 20.0 1 1.0 0.0 0.0 0.0 0.0 0.0 0.0 0.0 1.0 1.0 0.0 0.0 0.0 0.0 0.0 0.0 0.0 0.0 0.0 0.0 0.0 0.0 0.0 0.0
100 33 2 2.7939841999994997 0.6958137999997689 0.0 3.4897979999992685 3.72133899999983 5.324883699999532 1.3526651749999132 799.76953125 793.02734375 44 44 1.0 44 20 20 False 0 0 False 2.2 2.2 2.1667341419992585 2.1667341419992585 0.9848791554542083 0.9848791554542083 1.0 1.0 1.0 1.0 1.0 1.0 2.25 2.25 10.0 10.0 0 0.0 0 0.0 5.798275605729689 0.0 4.427188724235731 4 4 1.0 0.0 0.0 1.0 1.0 1.0 1.0 1.0 11.0 6.2182527020592095 0.5652957001872009 6.0 7.5 9.0 12.5 20.0 4 5.0 0.0 0.0 5.0 5.0 5.0 5.0 5.0 11.0 11.0 6.2182527020592095 6.2182527020592095 0.5652957001872009 0.0 6.0 0.0 7.5 0.0 9.0 0.0 12.5 0.0 20.0 0.0
101 33 1 6.222721300000217 1.5479100999992852 0.0 7.770631399999502 6.049092299999529 13.095515099999034 1.6779006874998856 815.29296875 809.265625 73 73 1.0 0 44 44 False 0 0 False 1.6590909090909092 1.6590909090909092 0.9869657947038658 0.9869657947038658 0.5948834926982205 0.5948834926982205 1.0 1.0 1.0 1.0 1.0 1.0 2.0 2.0 6.0 6.0 0 0.0 0 0.0 2.485650969826948 4.307615994440028 9.001157332995204 0 0 0.0 0.0 0.0 0.0 0.0 0.0 0.0 0.0 0.0 0.0 0.0 0.0 0.0 0.0 0.0 0.0 8 5.5 2.878491668515698 0.5233621215483087 3.0 3.75 4.5 6.25 10.0 9.125 9.125 6.2206453500765155 6.2206453500765155 0.6817145589124949 0.0 3.0 0.0 4.75 0.0 7.0 0.0 11.75 0.0 20.0 0.0
102 34 3 1.1329492999998365 0.6506528000001026 0.0 1.7836020999999391 1.7836020999999391 1.7836020999999391 1.7836020999999391 801.09765625 794.42578125 20 20 1.0 20 1 0 False 0 0 False 1.0 1.0 0.0 0.0 0.0 0.0 0.0 0.0 0.0 0.0 0.0 0.0 0.0 0.0 0.0 0.0 0 0.0 0 0.0 0.0 0.0 0.0 3 1 3.0 0.0 0.0 3.0 3.0 3.0 3.0 3.0 20.0 0.0 0.0 20.0 20.0 20.0 20.0 20.0 1 1.0 0.0 0.0 0.0 0.0 0.0 0.0 0.0 1.0 1.0 0.0 0.0 0.0 0.0 0.0 0.0 0.0 0.0 0.0 0.0 0.0 0.0 0.0 0.0
103 34 2 2.7719298999998045 0.6459321000000955 0.0 3.4178619999999 3.597622999999885 5.201464099999839 1.321790524999983 815.44140625 808.67578125 44 44 1.0 44 20 20 False 0 0 False 2.2 2.2 2.015727634065883 2.015727634065883 0.9162398336663103 0.9162398336663103 1.0 1.0 1.0 1.0 2.0 2.0 2.0 2.0 10.0 10.0 0 0.0 0 0.0 7.174259543674175 0.0 6.016643582596529 4 4 1.0 0.0 0.0 1.0 1.0 1.0 1.0 1.0 11.0 6.377042156569663 0.5797311051426967 5.0 8.0 9.5 12.5 20.0 4 5.0 0.0 0.0 5.0 5.0 5.0 5.0 5.0 11.0 11.0 6.377042156569663 6.377042156569663 0.5797311051426967 0.0 5.0 0.0 8.0 0.0 9.5 0.0 12.5 0.0 20.0 0.0
104 34 1 7.176466699999992 1.7312008999998625 0.0 8.907667599999854 5.996829499999876 14.109131699999693 1.804627599999975 829.67578125 825.96875 82 82 1.0 0 44 44 False 0 0 False 1.8636363636363635 1.8636363636363635 1.4238975187011225 1.4238975187011225 0.7640425710103584 0.7640425710103584 1.0 1.0 1.0 1.0 1.0 1.0 2.0 2.0 8.0 8.0 0 0.0 0 0.0 2.8551461440935424 5.981452814975453 8.930285549745875 0 0 0.0 0.0 0.0 0.0 0.0 0.0 0.0 0.0 0.0 0.0 0.0 0.0 0.0 0.0 0.0 0.0 8 5.5 2.9760952365713798 0.54110822483116 2.0 3.75 5.0 6.25 10.0 10.25 10.25 5.775564289066727 5.775564289066727 0.5634696867382173 0.0 3.0 0.0 6.5 0.0 9.5 0.0 12.5 0.0 20.0 0.0
105 35 3 1.1312377000002698 0.7668510000000879 0.0 1.8980887000003577 1.8980887000003577 1.8980887000003577 1.8980887000003577 818.35546875 811.4296875 20 20 1.0 20 1 0 False 0 0 False 1.0 1.0 0.0 0.0 0.0 0.0 0.0 0.0 0.0 0.0 0.0 0.0 0.0 0.0 0.0 0.0 0 0.0 0 0.0 0.0 0.0 0.0 3 1 3.0 0.0 0.0 3.0 3.0 3.0 3.0 3.0 20.0 0.0 0.0 20.0 20.0 20.0 20.0 20.0 1 1.0 0.0 0.0 0.0 0.0 0.0 0.0 0.0 1.0 1.0 0.0 0.0 0.0 0.0 0.0 0.0 0.0 0.0 0.0 0.0 0.0 0.0 0.0 0.0
106 35 2 2.6370337999999265 1.2835890000002337 0.0 3.92062280000016 3.70375610000076 5.818711500000518 1.4761511500001632 831.921875 825.3125 42 42 1.0 42 20 20 False 0 0 False 2.1 2.1 2.04939015319192 2.04939015319192 0.9759000729485332 0.9759000729485332 1.0 1.0 1.0 1.0 1.0 1.0 3.0 3.0 10.0 10.0 0 0.0 0 0.0 5.815926409438139 0.0 4.868264577855234 4 4 1.0 0.0 0.0 1.0 1.0 1.0 1.0 1.0 10.5 6.658328118479393 0.634126487474228 5.0 6.5 8.5 12.5 20.0 4 5.0 0.0 0.0 5.0 5.0 5.0 5.0 5.0 10.5 10.5 6.658328118479393 6.658328118479393 0.634126487474228 0.0 5.0 0.0 6.5 0.0 8.5 0.0 12.5 0.0 20.0 0.0
107 35 1 6.150852500000269 1.5929427999993777 0.0 7.743795299999647 6.047236900000712 13.562506800000165 1.7361005125000162 843.98046875 839.54296875 71 71 1.0 0 42 42 False 0 0 False 1.6904761904761905 1.6904761904761905 1.0929506993120033 1.0929506993120033 0.6465342164944244 0.6465342164944244 1.0 1.0 1.0 1.0 1.0 1.0 2.0 2.0 6.0 6.0 0 0.0 0 0.0 2.6520824259919755 4.663689526544408 9.97322805202898 0 0 0.0 0.0 0.0 0.0 0.0 0.0 0.0 0.0 0.0 0.0 0.0 0.0 0.0 0.0 0.0 0.0 8 5.25 3.1052950170405937 0.5914847651505892 2.0 3.0 4.5 6.25 10.0 8.875 8.875 6.424006315599102 6.424006315599102 0.7238316975322932 0.0 3.0 0.0 4.0 0.0 6.5 0.0 11.75 0.0 20.0 0.0
108 36 3 1.1371567999998433 0.660966300000382 0.0 1.7981231000002253 1.7981231000002253 1.7981231000002253 1.7981231000002253 827.71875 820.8515625 20 20 1.0 20 1 0 False 0 0 False 1.0 1.0 0.0 0.0 0.0 0.0 0.0 0.0 0.0 0.0 0.0 0.0 0.0 0.0 0.0 0.0 0 0.0 0 0.0 0.0 0.0 0.0 3 1 3.0 0.0 0.0 3.0 3.0 3.0 3.0 3.0 20.0 0.0 0.0 20.0 20.0 20.0 20.0 20.0 1 1.0 0.0 0.0 0.0 0.0 0.0 0.0 0.0 1.0 1.0 0.0 0.0 0.0 0.0 0.0 0.0 0.0 0.0 0.0 0.0 0.0 0.0 0.0 0.0
109 36 2 2.7678432999998677 0.6026553000003787 0.0 3.3704986000002464 3.5688358000002154 5.168621700000472 1.3137003750001384 842.796875 836.15234375 44 44 1.0 44 20 20 False 0 0 False 2.2 2.2 2.117595458607661 2.117595458607661 0.9625433902762094 0.9625433902762094 1.0 1.0 1.0 1.0 1.5 1.5 2.25 2.25 10.0 10.0 0 0.0 0 0.0 5.781003373117851 0.0 4.427188724235731 4 4 1.0 0.0 0.0 1.0 1.0 1.0 1.0 1.0 11.0 6.2182527020592095 0.5652957001872009 6.0 7.5 9.0 12.5 20.0 4 5.0 0.0 0.0 5.0 5.0 5.0 5.0 5.0 11.0 11.0 6.2182527020592095 6.2182527020592095 0.5652957001872009 0.0 6.0 0.0 7.5 0.0 9.0 0.0 12.5 0.0 20.0 0.0
110 36 1 6.247348400000419 1.6024441999999226 0.0 7.849792600000342 5.921306500000242 13.018414300000813 1.668144775000087 859.41015625 853.9296875 73 73 1.0 0 44 44 False 0 0 False 1.6590909090909092 1.6590909090909092 1.0771016625849856 1.0771016625849856 0.6492119610101283 0.6492119610101283 1.0 1.0 1.0 1.0 1.0 1.0 2.0 2.0 6.0 6.0 0 0.0 0 0.0 2.756987741169458 4.307615994440028 9.001157332995204 0 0 0.0 0.0 0.0 0.0 0.0 0.0 0.0 0.0 0.0 0.0 0.0 0.0 0.0 0.0 0.0 0.0 8 5.5 2.878491668515698 0.5233621215483087 3.0 3.75 4.5 6.25 10.0 9.125 9.125 6.2206453500765155 6.2206453500765155 0.6817145589124949 0.0 3.0 0.0 4.75 0.0 7.0 0.0 11.75 0.0 20.0 0.0
111 37 3 1.138687799999957 0.7069007999998576 0.0 1.8455885999998145 1.8455885999998145 1.8455885999998145 1.8455885999998145 845.59375 839.05078125 20 20 1.0 20 1 0 False 0 0 False 1.0 1.0 0.0 0.0 0.0 0.0 0.0 0.0 0.0 0.0 0.0 0.0 0.0 0.0 0.0 0.0 0 0.0 0 0.0 0.0 0.0 0.0 3 1 3.0 0.0 0.0 3.0 3.0 3.0 3.0 3.0 20.0 0.0 0.0 20.0 20.0 20.0 20.0 20.0 1 1.0 0.0 0.0 0.0 0.0 0.0 0.0 0.0 1.0 1.0 0.0 0.0 0.0 0.0 0.0 0.0 0.0 0.0 0.0 0.0 0.0 0.0 0.0 0.0
112 37 2 2.80268030000002 1.374745800000369 0.0 4.177426100000389 3.6683884999997645 6.0230147000002034 1.5269630000000518 859.1328125 852.87890625 44 44 1.0 44 20 20 False 0 0 False 2.2 2.2 2.067289096988207 2.067289096988207 0.9396768622673667 0.9396768622673667 1.0 1.0 1.0 1.0 1.5 1.5 3.0 3.0 10.0 10.0 0 0.0 0 0.0 5.49181208709839 0.0 4.266145801540309 4 4 1.0 0.0 0.0 1.0 1.0 1.0 1.0 1.0 11.0 6.377042156569663 0.5797311051426967 5.0 8.0 9.5 12.5 20.0 4 5.0 0.0 0.0 5.0 5.0 5.0 5.0 5.0 11.0 11.0 6.377042156569663 6.377042156569663 0.5797311051426967 0.0 5.0 0.0 8.0 0.0 9.5 0.0 12.5 0.0 20.0 0.0
113 37 1 6.023209899999756 1.4954861999992772 0.0 7.518696099999033 5.686611599999878 13.541710799999237 1.7336537624998698 872.19140625 868.13671875 71 71 1.0 0 44 44 False 0 0 False 1.6136363636363635 1.6136363636363635 1.016512713767804 1.016512713767804 0.6299515409265265 0.6299515409265265 1.0 1.0 1.0 1.0 1.0 1.0 2.0 2.0 6.0 6.0 0 0.0 0 0.0 2.064744896495281 4.0 7.882381901712479 0 0 0.0 0.0 0.0 0.0 0.0 0.0 0.0 0.0 0.0 0.0 0.0 0.0 0.0 0.0 0.0 0.0 8 5.5 2.9760952365713798 0.54110822483116 2.0 3.75 5.0 6.25 10.0 8.875 8.875 5.817154434453817 5.817154434453817 0.6554540207835287 0.0 3.0 0.0 4.0 0.0 7.5 0.0 11.75 0.0 18.0 0.0
114 38 3 1.130203399999914 0.8518569999999954 0.0 1.9820603999999094 1.9820603999999094 1.9820603999999094 1.9820603999999094 858.984375 852.12890625 20 20 1.0 20 1 0 False 0 0 False 1.0 1.0 0.0 0.0 0.0 0.0 0.0 0.0 0.0 0.0 0.0 0.0 0.0 0.0 0.0 0.0 0 0.0 0 0.0 0.0 0.0 0.0 3 1 3.0 0.0 0.0 3.0 3.0 3.0 3.0 3.0 20.0 0.0 0.0 20.0 20.0 20.0 20.0 20.0 1 1.0 0.0 0.0 0.0 0.0 0.0 0.0 0.0 1.0 1.0 0.0 0.0 0.0 0.0 0.0 0.0 0.0 0.0 0.0 0.0 0.0 0.0 0.0 0.0
115 38 2 2.7665622999999187 0.6413699000000861 0.0 3.4079322000000047 3.793898100000206 5.389992599999914 1.3690118749999556 872.48046875 866.2109375 44 44 1.0 44 20 20 False 0 0 False 2.2 2.2 2.142305693455191 2.142305693455191 0.9737753152069049 0.9737753152069049 1.0 1.0 1.0 1.0 1.5 1.5 2.0 2.0 10.0 10.0 0 0.0 0 0.0 7.317786550590279 0.0 6.016643582596529 4 4 1.0 0.0 0.0 1.0 1.0 1.0 1.0 1.0 11.0 6.377042156569663 0.5797311051426967 5.0 8.0 9.5 12.5 20.0 4 5.0 0.0 0.0 5.0 5.0 5.0 5.0 5.0 11.0 11.0 6.377042156569663 6.377042156569663 0.5797311051426967 0.0 5.0 0.0 8.0 0.0 9.5 0.0 12.5 0.0 20.0 0.0
116 38 1 6.943217299999901 1.6488913000002867 0.0 8.592108600000188 5.8134768000003305 13.982101200000102 1.7887943000000206 884.953125 881.23828125 80 80 1.0 0 44 44 False 0 0 False 1.8181818181818181 1.8181818181818181 1.4349901105360106 1.4349901105360106 0.7892445607948059 0.7892445607948059 1.0 1.0 1.0 1.0 1.0 1.0 2.0 2.0 8.0 8.0 0 0.0 0 0.0 3.2336684385149828 5.981452814975453 7.993052538854532 0 0 0.0 0.0 0.0 0.0 0.0 0.0 0.0 0.0 0.0 0.0 0.0 0.0 0.0 0.0 0.0 0.0 8 5.5 2.9760952365713798 0.54110822483116 2.0 3.75 5.0 6.25 10.0 10.0 10.0 5.31843156256751 5.31843156256751 0.531843156256751 0.0 3.0 0.0 6.5 0.0 9.5 0.0 12.5 0.0 18.0 0.0
117 39 3 1.132159499999716 0.9111661000000595 0.0 2.0433255999997755 2.0433255999997755 2.0433255999997755 2.0433255999997755 875.07421875 868.46875 20 20 1.0 20 1 0 False 0 0 False 1.0 1.0 0.0 0.0 0.0 0.0 0.0 0.0 0.0 0.0 0.0 0.0 0.0 0.0 0.0 0.0 0 0.0 0 0.0 0.0 0.0 0.0 3 1 3.0 0.0 0.0 3.0 3.0 3.0 3.0 3.0 20.0 0.0 0.0 20.0 20.0 20.0 20.0 20.0 1 1.0 0.0 0.0 0.0 0.0 0.0 0.0 0.0 1.0 1.0 0.0 0.0 0.0 0.0 0.0 0.0 0.0 0.0 0.0 0.0 0.0 0.0 0.0 0.0
118 39 2 2.811405299999933 0.7299269000000095 0.0 3.5413321999999425 3.981664700000124 5.584657799999718 1.417462674999939 890.11328125 888.05859375 44 44 1.0 44 20 20 False 0 0 False 2.2 2.2 2.0925934551223877 2.0925934551223877 0.9511788432374488 0.9511788432374488 1.0 1.0 1.0 1.0 1.5 1.5 2.25 2.25 10.0 10.0 0 0.0 0 0.0 7.045565981523413 0.0 5.830951894845301 4 4 1.0 0.0 0.0 1.0 1.0 1.0 1.0 1.0 11.0 6.2182527020592095 0.5652957001872009 6.0 7.5 9.0 12.5 20.0 4 5.0 0.0 0.0 5.0 5.0 5.0 5.0 5.0 11.0 11.0 6.2182527020592095 6.2182527020592095 0.5652957001872009 0.0 6.0 0.0 7.5 0.0 9.0 0.0 12.5 0.0 20.0 0.0
119 39 1 6.913675599999806 1.631660299999794 0.0 8.5453358999996 5.991374500000461 14.129993699999318 1.8070018749999122 901.56640625 897.86328125 80 80 1.0 0 44 44 False 0 0 False 1.8181818181818181 1.8181818181818181 1.467044605030844 1.467044605030844 0.8068745327669643 0.8068745327669643 1.0 1.0 1.0 1.0 1.0 1.0 2.0 2.0 8.0 8.0 0 0.0 0 0.0 3.2118710594417283 5.878397362849466 7.993052538854532 0 0 0.0 0.0 0.0 0.0 0.0 0.0 0.0 0.0 0.0 0.0 0.0 0.0 0.0 0.0 0.0 0.0 8 5.5 2.878491668515698 0.5233621215483087 3.0 3.75 4.5 6.25 10.0 10.0 10.0 5.31843156256751 5.31843156256751 0.531843156256751 0.0 3.0 0.0 6.5 0.0 9.5 0.0 12.5 0.0 18.0 0.0
120 40 3 1.1454261000003498 0.8835353999998006 0.0 2.0289615000001504 2.0289615000001504 2.0289615000001504 2.0289615000001504 889.1953125 882.56640625 20 20 1.0 20 1 0 False 0 0 False 1.0 1.0 0.0 0.0 0.0 0.0 0.0 0.0 0.0 0.0 0.0 0.0 0.0 0.0 0.0 0.0 0 0.0 0 0.0 0.0 0.0 0.0 3 1 3.0 0.0 0.0 3.0 3.0 3.0 3.0 3.0 20.0 0.0 0.0 20.0 20.0 20.0 20.0 20.0 1 1.0 0.0 0.0 0.0 0.0 0.0 0.0 0.0 1.0 1.0 0.0 0.0 0.0 0.0 0.0 0.0 0.0 0.0 0.0 0.0 0.0 0.0 0.0 0.0
121 40 2 2.770685800000024 0.5616317999998728 0.0 3.3323175999998966 3.567151400000512 5.361279100000047 1.361816425000029 904.23046875 897.98046875 44 44 1.0 44 20 20 False 0 0 False 2.2 2.2 2.0416711421361615 2.0416711421361615 0.9280323373346188 0.9280323373346188 1.0 1.0 1.0 1.0 2.0 2.0 2.25 2.25 10.0 10.0 0 0.0 0 0.0 4.9396356140913875 0.0 3.714835124201342 4 4 1.0 0.0 0.0 1.0 1.0 1.0 1.0 1.0 11.0 5.597618541248888 0.508874412840808 6.0 6.75 10.0 14.25 18.0 4 5.0 0.0 0.0 5.0 5.0 5.0 5.0 5.0 11.0 11.0 5.597618541248888 5.597618541248888 0.508874412840808 0.0 6.0 0.0 6.75 0.0 10.0 0.0 14.25 0.0 18.0 0.0
122 40 1 9.00203149999993 7.3476433000000725 0.0 16.349674800000003 5.480376400000409 21.71095390000005 2.75481685000004 953.45703125 956.02734375 96 96 1.0 0 44 44 False 0 0 False 2.1818181818181817 2.1818181818181817 2.9982376782829756 2.9982376782829756 1.3741922692130306 1.3741922692130306 1.0 1.0 1.0 1.0 1.0 1.0 2.0 2.0 20.0 20.0 0 0.0 0 0.0 9.352376283531381 3.496029493900505 7.446102634562892 0 0 0.0 0.0 0.0 0.0 0.0 0.0 0.0 0.0 0.0 0.0 0.0 0.0 0.0 0.0 0.0 0.0 8 5.5 2.6186146828319083 0.4761117605148924 3.0 3.0 5.0 7.5 9.0 12.0 12.0 8.315218406202998 8.315218406202998 0.6929348671835832 0.0 3.0 0.0 4.0 0.0 12.0 0.0 17.25 0.0 26.0 0.0
123 41 3 1.1307485000000952 0.6561236000000008 0.0 1.786872100000096 1.786872100000096 1.786872100000096 1.786872100000096 924.140625 918.8828125 20 20 1.0 20 1 0 False 0 0 False 1.0 1.0 0.0 0.0 0.0 0.0 0.0 0.0 0.0 0.0 0.0 0.0 0.0 0.0 0.0 0.0 0 0.0 0 0.0 0.0 0.0 0.0 3 1 3.0 0.0 0.0 3.0 3.0 3.0 3.0 3.0 20.0 0.0 0.0 20.0 20.0 20.0 20.0 20.0 1 1.0 0.0 0.0 0.0 0.0 0.0 0.0 0.0 1.0 1.0 0.0 0.0 0.0 0.0 0.0 0.0 0.0 0.0 0.0 0.0 0.0 0.0 0.0 0.0
124 41 2 2.774141400000076 1.39638669999988 0.0 4.170528099999956 3.5862777999998343 5.957400200000052 1.5105998500000624 938.82421875 933.37109375 44 44 1.0 44 20 20 False 0 0 False 2.2 2.2 2.067289096988207 2.067289096988207 0.9396768622673667 0.9396768622673667 1.0 1.0 1.0 1.0 1.5 1.5 3.0 3.0 10.0 10.0 0 0.0 0 0.0 5.757603668193911 0.0 4.427188724235731 4 4 1.0 0.0 0.0 1.0 1.0 1.0 1.0 1.0 11.0 6.2182527020592095 0.5652957001872009 6.0 7.5 9.0 12.5 20.0 4 5.0 0.0 0.0 5.0 5.0 5.0 5.0 5.0 11.0 11.0 6.2182527020592095 6.2182527020592095 0.5652957001872009 0.0 6.0 0.0 7.5 0.0 9.0 0.0 12.5 0.0 20.0 0.0
125 41 1 6.245142900000246 1.542528700000389 0.0 7.787671600000635 5.910631200000353 13.745071800000687 1.758809750000097 951.890625 947.3515625 73 73 1.0 0 44 44 False 0 0 False 1.6590909090909092 1.6590909090909092 1.0330172969168459 1.0330172969168459 0.6226405625252222 0.6226405625252222 1.0 1.0 1.0 1.0 1.0 1.0 2.0 2.0 6.0 6.0 0 0.0 0 0.0 2.8883761773960037 4.307615994440028 8.837656174951968 0 0 0.0 0.0 0.0 0.0 0.0 0.0 0.0 0.0 0.0 0.0 0.0 0.0 0.0 0.0 0.0 0.0 8 5.5 2.878491668515698 0.5233621215483087 3.0 3.75 4.5 6.25 10.0 9.125 9.125 6.2206453500765155 6.2206453500765155 0.6817145589124949 0.0 3.0 0.0 4.75 0.0 7.0 0.0 11.75 0.0 20.0 0.0
126 42 3 1.141459599999962 0.7290448999999626 0.0 1.8705044999999245 1.8705044999999245 1.8705044999999245 1.8705044999999245 938.71484375 932.2421875 20 20 1.0 20 1 0 False 0 0 False 1.0 1.0 0.0 0.0 0.0 0.0 0.0 0.0 0.0 0.0 0.0 0.0 0.0 0.0 0.0 0.0 0 0.0 0 0.0 0.0 0.0 0.0 3 1 3.0 0.0 0.0 3.0 3.0 3.0 3.0 3.0 20.0 0.0 0.0 20.0 20.0 20.0 20.0 20.0 1 1.0 0.0 0.0 0.0 0.0 0.0 0.0 0.0 1.0 1.0 0.0 0.0 0.0 0.0 0.0 0.0 0.0 0.0 0.0 0.0 0.0 0.0 0.0 0.0
127 42 2 2.664043099999958 0.7038316999996823 0.0 3.3678747999996403 3.7807325999996237 5.238379299999565 1.330857149999872 953.51171875 948.28125 42 42 1.0 42 20 20 False 0 0 False 2.1 2.1 2.125038699338017 2.125038699338017 1.0119231901609604 1.0119231901609604 1.0 1.0 1.0 1.0 1.0 1.0 2.0 2.0 10.0 10.0 0 0.0 0 0.0 7.655390257850998 0.0 6.488451279003334 4 4 1.0 0.0 0.0 1.0 1.0 1.0 1.0 1.0 10.5 6.855654600401044 0.6529194857524804 5.0 5.75 8.5 13.25 20.0 4 5.0 0.0 0.0 5.0 5.0 5.0 5.0 5.0 10.5 10.5 6.855654600401044 6.855654600401044 0.6529194857524804 0.0 5.0 0.0 5.75 0.0 8.5 0.0 13.25 0.0 20.0 0.0
128 42 1 7.517390499999237 1.8663053999996464 0.0 9.383695899998884 6.155434899999705 14.622075199998449 1.8684996999997878 964.13671875 959.8125 84 84 1.0 0 42 42 False 0 0 False 2.0 2.0 2.048199685387026 2.048199685387026 1.024099842693513 1.024099842693513 1.0 1.0 1.0 1.0 1.0 1.0 2.0 2.0 13.0 13.0 0 0.0 0 0.0 3.548977049128114 6.405292950191878 10.203485243342644 0 0 0.0 0.0 0.0 0.0 0.0 0.0 0.0 0.0 0.0 0.0 0.0 0.0 0.0 0.0 0.0 0.0 8 5.25 3.1959796173138706 0.6087580223454991 2.0 3.0 4.0 7.0 10.0 10.5 10.5 6.824326235712107 6.824326235712107 0.6499358319725816 0.0 3.0 0.0 3.75 0.0 11.0 0.0 15.5 0.0 20.0 0.0
129 43 3 1.1402085000003126 0.8397124000000531 0.0 1.9799209000003657 1.9799209000003657 1.9799209000003657 1.9799209000003657 954.63671875 948.19921875 20 20 1.0 20 1 0 False 0 0 False 1.0 1.0 0.0 0.0 0.0 0.0 0.0 0.0 0.0 0.0 0.0 0.0 0.0 0.0 0.0 0.0 0 0.0 0 0.0 0.0 0.0 0.0 3 1 3.0 0.0 0.0 3.0 3.0 3.0 3.0 3.0 20.0 0.0 0.0 20.0 20.0 20.0 20.0 20.0 1 1.0 0.0 0.0 0.0 0.0 0.0 0.0 0.0 1.0 1.0 0.0 0.0 0.0 0.0 0.0 0.0 0.0 0.0 0.0 0.0 0.0 0.0 0.0 0.0
130 43 2 2.800544400000149 0.5838543000002119 0.0 3.384398700000361 3.637874700000566 5.3643196000007265 1.3626534750002008 966.88671875 961.16015625 44 44 1.0 44 20 20 False 0 0 False 2.2 2.2 2.0416711421361615 2.0416711421361615 0.9280323373346188 0.9280323373346188 1.0 1.0 1.0 1.0 2.0 2.0 2.25 2.25 10.0 10.0 0 0.0 0 0.0 5.107837115648853 0.0 4.09878030638384 4 4 1.0 0.0 0.0 1.0 1.0 1.0 1.0 1.0 11.0 6.324555320336759 0.574959574576069 5.0 6.5 10.0 14.5 19.0 4 5.0 0.0 0.0 5.0 5.0 5.0 5.0 5.0 11.0 11.0 6.324555320336759 6.324555320336759 0.574959574576069 0.0 5.0 0.0 6.5 0.0 10.0 0.0 14.5 0.0 19.0 0.0
131 43 1 7.555217899999661 2.6557854000002408 0.0 10.211003299999902 5.519564200000673 15.575322900000629 1.9878196875000782 977.73046875 975.88671875 85 85 1.0 0 44 44 False 0 0 False 1.9318181818181819 1.9318181818181819 1.7035902891100625 1.7035902891100625 0.88185850259815 0.88185850259815 1.0 1.0 1.0 1.0 1.0 1.0 2.0 2.0 10.0 10.0 0 0.0 0 0.0 4.043379191871102 3.7267799624996494 6.006362367430797 0 0 0.0 0.0 0.0 0.0 0.0 0.0 0.0 0.0 0.0 0.0 0.0 0.0 0.0 0.0 0.0 0.0 8 5.5 2.9760952365713798 0.54110822483116 2.0 3.0 5.0 7.5 10.0 10.625 10.625 6.696214282285605 6.696214282285605 0.6302319324504099 0.0 2.0 0.0 4.0 0.0 12.0 0.0 15.5 0.0 19.0 0.0
132 44 3 1.1417372999998179 0.8413653000001204 0.0 1.9831025999999383 1.9831025999999383 1.9831025999999383 1.9831025999999383 967.6171875 961.328125 20 20 1.0 20 1 0 False 0 0 False 1.0 1.0 0.0 0.0 0.0 0.0 0.0 0.0 0.0 0.0 0.0 0.0 0.0 0.0 0.0 0.0 0 0.0 0 0.0 0.0 0.0 0.0 3 1 3.0 0.0 0.0 3.0 3.0 3.0 3.0 3.0 20.0 0.0 0.0 20.0 20.0 20.0 20.0 20.0 1 1.0 0.0 0.0 0.0 0.0 0.0 0.0 0.0 1.0 1.0 0.0 0.0 0.0 0.0 0.0 0.0 0.0 0.0 0.0 0.0 0.0 0.0 0.0 0.0
133 44 2 2.766496800000141 0.5499829999996564 0.0 3.3164797999997973 3.521089099999813 5.299582399999736 1.3461728749999224 984.5859375 979.48828125 44 44 1.0 44 20 20 False 0 0 False 2.2 2.2 2.1667341419992585 2.1667341419992585 0.9848791554542083 0.9848791554542083 1.0 1.0 1.0 1.0 1.0 1.0 2.25 2.25 10.0 10.0 0 0.0 0 0.0 6.699253689777689 0.0 4.919349550499537 4 4 1.0 0.0 0.0 1.0 1.0 1.0 1.0 1.0 11.0 5.354126134736337 0.48673873952148516 5.0 8.75 10.5 12.75 18.0 4 5.0 0.0 0.0 5.0 5.0 5.0 5.0 5.0 11.0 11.0 5.354126134736337 5.354126134736337 0.48673873952148516 0.0 5.0 0.0 8.75 0.0 10.5 0.0 12.75 0.0 18.0 0.0
134 44 1 6.719811599999616 1.5936795000001212 0.0 8.313491099999737 5.427490899999725 13.613073499999473 1.7422555249998908 990.46875 985.3515625 78 78 1.0 0 44 44 False 0 0 False 1.7727272727272727 1.7727272727272727 1.3270641905162421 1.3270641905162421 0.7486003125989058 0.7486003125989058 1.0 1.0 1.0 1.0 1.0 1.0 2.0 2.0 8.0 8.0 0 0.0 0 0.0 2.4310746526880145 4.853406592853679 7.174414416676961 0 0 0.0 0.0 0.0 0.0 0.0 0.0 0.0 0.0 0.0 0.0 0.0 0.0 0.0 0.0 0.0 0.0 8 5.5 2.5071326821120348 0.4558423058385518 2.0 4.5 5.0 6.75 9.0 9.75 9.75 4.920801328471382 4.920801328471382 0.5046975721509109 0.0 3.0 0.0 6.5 0.0 9.5 0.0 12.25 0.0 17.0 0.0
135 45 3 1.1303702000001294 0.7461210000003575 0.0 1.876491200000487 1.876491200000487 1.876491200000487 1.876491200000487 982.5625 976.41015625 20 20 1.0 20 1 0 False 0 0 False 1.0 1.0 0.0 0.0 0.0 0.0 0.0 0.0 0.0 0.0 0.0 0.0 0.0 0.0 0.0 0.0 0 0.0 0 0.0 0.0 0.0 0.0 3 1 3.0 0.0 0.0 3.0 3.0 3.0 3.0 3.0 20.0 0.0 0.0 20.0 20.0 20.0 20.0 20.0 1 1.0 0.0 0.0 0.0 0.0 0.0 0.0 0.0 1.0 1.0 0.0 0.0 0.0 0.0 0.0 0.0 0.0 0.0 0.0 0.0 0.0 0.0 0.0 0.0
136 45 2 2.7659938999995575 0.5645761999998058 0.0 3.3305700999993633 3.4070376000004217 5.20706129999985 1.3231605750000313 999.0546875 992.89453125 44 44 1.0 44 20 20 False 0 0 False 2.2 2.2 2.067289096988207 2.067289096988207 0.9396768622673667 0.9396768622673667 1.0 1.0 1.0 1.0 1.5 1.5 3.0 3.0 10.0 10.0 0 0.0 0 0.0 4.995998398718718 0.0 3.714835124201342 4 4 1.0 0.0 0.0 1.0 1.0 1.0 1.0 1.0 11.0 5.597618541248888 0.508874412840808 6.0 6.75 10.0 14.25 18.0 4 5.0 0.0 0.0 5.0 5.0 5.0 5.0 5.0 11.0 11.0 5.597618541248888 5.597618541248888 0.508874412840808 0.0 6.0 0.0 6.75 0.0 10.0 0.0 14.25 0.0 18.0 0.0
137 45 1 7.684396299999776 1.9331308000004128 0.0 9.617527100000189 5.31018630000051 14.824588400000039 1.8937433375000552 1009.79296875 1007.3125 86 86 1.0 0 44 44 False 0 0 False 1.9545454545454546 1.9545454545454546 2.0225995873897262 2.0225995873897262 1.034818393548232 1.034818393548232 1.0 1.0 1.0 1.0 1.0 1.0 2.0 2.0 13.0 13.0 0 0.0 0 0.0 4.37415871486277 3.496029493900505 5.823801736552049 0 0 0.0 0.0 0.0 0.0 0.0 0.0 0.0 0.0 0.0 0.0 0.0 0.0 0.0 0.0 0.0 0.0 8 5.5 2.6186146828319083 0.4761117605148924 3.0 3.0 5.0 7.5 9.0 10.75 10.75 6.453127702351562 6.453127702351562 0.6002909490559593 0.0 3.0 0.0 4.0 0.0 12.0 0.0 16.25 0.0 18.0 0.0
138 46 3 1.1295131000002812 0.7054597999998578 0.0 1.834972900000139 1.834972900000139 1.834972900000139 1.834972900000139 997.8984375 991.7421875 20 20 1.0 20 1 0 False 0 0 False 1.0 1.0 0.0 0.0 0.0 0.0 0.0 0.0 0.0 0.0 0.0 0.0 0.0 0.0 0.0 0.0 0 0.0 0 0.0 0.0 0.0 0.0 3 1 3.0 0.0 0.0 3.0 3.0 3.0 3.0 3.0 20.0 0.0 0.0 20.0 20.0 20.0 20.0 20.0 1 1.0 0.0 0.0 0.0 0.0 0.0 0.0 0.0 1.0 1.0 0.0 0.0 0.0 0.0 0.0 0.0 0.0 0.0 0.0 0.0 0.0 0.0 0.0 0.0
139 46 2 2.7947794999995494 0.6358519000001479 0.0 3.4306313999996974 3.6584716999998363 5.265604299999836 1.3377646999999797 1012.03515625 1005.7578125 44 44 1.0 44 20 20 False 0 0 False 2.2 2.2 2.067289096988207 2.067289096988207 0.9396768622673667 0.9396768622673667 1.0 1.0 1.0 1.0 1.5 1.5 3.0 3.0 10.0 10.0 0 0.0 0 0.0 5.53263047744922 0.0 4.427188724235731 4 4 1.0 0.0 0.0 1.0 1.0 1.0 1.0 1.0 11.0 6.2182527020592095 0.5652957001872009 6.0 7.5 9.0 12.5 20.0 4 5.0 0.0 0.0 5.0 5.0 5.0 5.0 5.0 11.0 11.0 6.2182527020592095 6.2182527020592095 0.5652957001872009 0.0 6.0 0.0 7.5 0.0 9.0 0.0 12.5 0.0 20.0 0.0
140 46 1 7.110406500000181 2.6600891000003912 0.0 9.770495600000572 6.54170409999972 15.036099900000409 1.9203254875000653 1026.9609375 1022.98046875 81 81 1.0 0 44 44 False 0 0 False 1.8409090909090908 1.8409090909090908 1.6973739199426507 1.6973739199426507 0.9220302774997116 0.9220302774997116 1.0 1.0 1.0 1.0 1.0 1.0 2.0 2.0 11.0 11.0 0 0.0 0 0.0 5.181394520160929 4.307615994440028 7.166182154164564 0 0 0.0 0.0 0.0 0.0 0.0 0.0 0.0 0.0 0.0 0.0 0.0 0.0 0.0 0.0 0.0 0.0 8 5.5 2.878491668515698 0.5233621215483087 3.0 3.75 4.5 6.25 10.0 10.125 10.125 6.334429729659964 6.334429729659964 0.6256226893491322 0.0 3.0 0.0 4.75 0.0 8.5 0.0 17.0 0.0 18.0 0.0
141 47 3 1.1278895000001512 0.8960329000000229 0.0 2.023922400000174 2.023922400000174 2.023922400000174 2.023922400000174 1014.44921875 1008.45703125 20 20 1.0 20 1 0 False 0 0 False 1.0 1.0 0.0 0.0 0.0 0.0 0.0 0.0 0.0 0.0 0.0 0.0 0.0 0.0 0.0 0.0 0 0.0 0 0.0 0.0 0.0 0.0 3 1 3.0 0.0 0.0 3.0 3.0 3.0 3.0 3.0 20.0 0.0 0.0 20.0 20.0 20.0 20.0 20.0 1 1.0 0.0 0.0 0.0 0.0 0.0 0.0 0.0 1.0 1.0 0.0 0.0 0.0 0.0 0.0 0.0 0.0 0.0 0.0 0.0 0.0 0.0 0.0 0.0
142 47 2 2.773896700000023 0.5589508000000478 0.0 3.332847500000071 3.5507767000004833 5.356769900000245 1.3610064000000364 1031.05078125 1025.125 44 44 1.0 44 20 20 False 0 0 False 2.2 2.2 2.067289096988207 2.067289096988207 0.9396768622673667 0.9396768622673667 1.0 1.0 1.0 1.0 1.5 1.5 3.0 3.0 10.0 10.0 0 0.0 0 0.0 5.076416058598822 0.0 3.714835124201342 4 4 1.0 0.0 0.0 1.0 1.0 1.0 1.0 1.0 11.0 5.597618541248888 0.508874412840808 6.0 6.75 10.0 14.25 18.0 4 5.0 0.0 0.0 5.0 5.0 5.0 5.0 5.0 11.0 11.0 5.597618541248888 5.597618541248888 0.508874412840808 0.0 6.0 0.0 6.75 0.0 10.0 0.0 14.25 0.0 18.0 0.0
143 47 1 8.544629899999904 3.817271900000037 0.0 12.361901799999941 5.449066000000357 17.718671700000186 2.2560693249999844 1053.2265625 1054.7109375 93 93 1.0 0 44 44 False 0 0 False 2.1136363636363638 2.1136363636363638 2.2845884988066216 2.2845884988066216 1.080880580080552 1.080880580080552 1.0 1.0 1.0 1.0 1.0 1.0 2.0 2.0 13.0 13.0 0 0.0 0 0.0 7.4949535363734405 3.496029493900505 6.400412313107475 0 0 0.0 0.0 0.0 0.0 0.0 0.0 0.0 0.0 0.0 0.0 0.0 0.0 0.0 0.0 0.0 0.0 8 5.5 2.6186146828319083 0.4761117605148924 3.0 3.0 5.0 7.5 9.0 11.625 11.625 7.36667205343479 7.36667205343479 0.6336922196503045 0.0 4.0 0.0 4.0 0.0 12.0 0.0 17.0 0.0 23.0 0.0
144 48 3 1.1284903000002942 0.8583452999999963 0.0 1.9868356000002905 1.9868356000002905 1.9868356000002905 1.9868356000002905 1030.71484375 1024.83203125 20 20 1.0 20 1 0 False 0 0 False 1.0 1.0 0.0 0.0 0.0 0.0 0.0 0.0 0.0 0.0 0.0 0.0 0.0 0.0 0.0 0.0 0 0.0 0 0.0 0.0 0.0 0.0 3 1 3.0 0.0 0.0 3.0 3.0 3.0 3.0 3.0 20.0 0.0 0.0 20.0 20.0 20.0 20.0 20.0 1 1.0 0.0 0.0 0.0 0.0 0.0 0.0 0.0 1.0 1.0 0.0 0.0 0.0 0.0 0.0 0.0 0.0 0.0 0.0 0.0 0.0 0.0 0.0 0.0
145 48 2 2.7870972999998003 0.6624221000004127 0.0 3.449519400000213 3.8402718000003233 5.436355000000503 1.3803650250001454 1045.16015625 1043.73828125 44 44 1.0 44 20 20 False 0 0 False 2.2 2.2 2.067289096988207 2.067289096988207 0.9396768622673667 0.9396768622673667 1.0 1.0 1.0 1.0 1.5 1.5 3.0 3.0 10.0 10.0 0 0.0 0 0.0 7.1728655361717175 0.0 6.016643582596529 4 4 1.0 0.0 0.0 1.0 1.0 1.0 1.0 1.0 11.0 6.377042156569663 0.5797311051426967 5.0 8.0 9.5 12.5 20.0 4 5.0 0.0 0.0 5.0 5.0 5.0 5.0 5.0 11.0 11.0 6.377042156569663 6.377042156569663 0.5797311051426967 0.0 5.0 0.0 8.0 0.0 9.5 0.0 12.5 0.0 20.0 0.0
146 48 1 8.749868400000423 5.316355700000145 0.0 14.066224100000568 6.193550200000573 19.50257910000107 2.478603700000164 1066.16015625 1062.8359375 95 95 1.0 0 44 44 False 0 0 False 2.159090909090909 2.159090909090909 2.4106660453577997 2.4106660453577997 1.1165190104815073 1.1165190104815073 1.0 1.0 1.0 1.0 1.0 1.0 2.0 2.0 14.0 14.0 0 0.0 0 0.0 9.483878774613807 5.981452814975453 7.150660420160116 0 0 0.0 0.0 0.0 0.0 0.0 0.0 0.0 0.0 0.0 0.0 0.0 0.0 0.0 0.0 0.0 0.0 8 5.5 2.9760952365713798 0.54110822483116 2.0 3.75 5.0 6.25 10.0 11.875 11.875 7.567552916422662 7.567552916422662 0.63726761401454 0.0 3.0 0.0 6.5 0.0 9.5 0.0 17.75 0.0 24.0 0.0
147 49 3 1.126560300000392 0.8259694000000763 0.0 1.9525297000004684 1.9525297000004684 1.9525297000004684 1.9525297000004684 1047.98828125 1042.0625 20 20 1.0 20 1 0 False 0 0 False 1.0 1.0 0.0 0.0 0.0 0.0 0.0 0.0 0.0 0.0 0.0 0.0 0.0 0.0 0.0 0.0 0 0.0 0 0.0 0.0 0.0 0.0 3 1 3.0 0.0 0.0 3.0 3.0 3.0 3.0 3.0 20.0 0.0 0.0 20.0 20.0 20.0 20.0 20.0 1 1.0 0.0 0.0 0.0 0.0 0.0 0.0 0.0 1.0 1.0 0.0 0.0 0.0 0.0 0.0 0.0 0.0 0.0 0.0 0.0 0.0 0.0 0.0 0.0
148 49 2 2.7903171999998904 0.6872771999999259 0.0 3.4775943999998162 3.8277051000004576 5.430124100000285 1.3788970000001086 1061.07421875 1055.4375 44 44 1.0 44 20 20 False 0 0 False 2.2 2.2 2.117595458607661 2.117595458607661 0.9625433902762094 0.9625433902762094 1.0 1.0 1.0 1.0 1.5 1.5 2.25 2.25 10.0 10.0 0 0.0 0 0.0 5.716642371182579 0.0 4.427188724235731 4 4 1.0 0.0 0.0 1.0 1.0 1.0 1.0 1.0 11.0 6.2182527020592095 0.5652957001872009 6.0 7.5 9.0 12.5 20.0 4 5.0 0.0 0.0 5.0 5.0 5.0 5.0 5.0 11.0 11.0 6.2182527020592095 6.2182527020592095 0.5652957001872009 0.0 6.0 0.0 7.5 0.0 9.0 0.0 12.5 0.0 20.0 0.0
149 49 1 7.250943700000789 1.9344832000001588 0.0 9.185426900000948 5.849825400001009 14.615551000001233 1.8676383250002573 1077.1953125 1072.74609375 82 82 1.0 0 44 44 False 0 0 False 1.8636363636363635 1.8636363636363635 1.5787971442946624 1.5787971442946624 0.8471594432800629 0.8471594432800629 1.0 1.0 1.0 1.0 1.0 1.0 2.0 2.0 9.0 9.0 0 0.0 0 0.0 5.4415565043544865 4.307615994440028 7.158910531638177 0 0 0.0 0.0 0.0 0.0 0.0 0.0 0.0 0.0 0.0 0.0 0.0 0.0 0.0 0.0 0.0 0.0 8 5.5 2.878491668515698 0.5233621215483087 3.0 3.75 4.5 6.25 10.0 10.25 10.25 6.497252166438187 6.497252166438187 0.6338782601403109 0.0 3.0 0.0 4.75 0.0 8.5 0.0 17.25 0.0 18.0 0.0
