 RU AL GT ST OT TT LT CT WT RSS VMS LE AC CF PSG CP_EF_L CP_EF_A SP_ED_L SP_ED_A SP_EB_L SP_EB_A SP_MIN_L SP_MIN_A SP_LOWER_L SP_LOWER_A SP_MED_L SP_MED_A SP_UPPER_L SP_UPPER_A SP_MAX_L SP_MAX_A DS_T DS_TD_MEAN DS_TD_STD DS_TD_CD DS_TD_MIN DS_TD_LOWER DS_TD_MED DS_TD_UPPER DS_TD_MAX DS_TS_MEAN DS_TS_STD DS_TS_CD DS_TS_MIN DS_TS_LOWER DS_TS_MED DS_TS_UPPER DS_TS_MAX
0 0 3 1.2232180999999969 1.487537500000002 0.0 2.710755599999999 2.710755599999999 2.710755599999999 2.710755599999999 278.09375 271.8203125 20 20 1.0 20 1.0 1.0 0.0 0.0 0.0 0.0 0.0 0.0 0.0 0.0 0.0 0.0 0.0 0.0 0.0 0.0 1 2.0 0.0 0.0 2.0 2.0 2.0 2.0 2.0 20.0 0.0 0.0 20.0 20.0 20.0 20.0 20.0
1 0 2 3.9060192000000242 2.165618799999983 0.23600730000002557 6.307645300000033 9.018400900000032 9.018400900000032 9.018400900000032 367.390625 364.65625 42 42 1.0 42 2.1 2.1 2.074912807299318 2.074912807299318 0.9880537177615799 0.9880537177615799 1.0 1.0 1.0 1.0 1.0 1.0 2.25 2.25 10.0 10.0 1 3.0 0.0 0.0 3.0 3.0 3.0 3.0 3.0 42.0 0.0 0.0 42.0 42.0 42.0 42.0 42.0
2 0 1 10.863495900000004 6.854827899999989 0.5090200000000138 18.227343800000007 27.24574470000004 27.24574470000004 27.24574470000004 585.26953125 588.32421875 71 71 1.0 0 1.6904761904761905 1.6904761904761905 0.9496622053642698 0.9496622053642698 0.5617720088070328 0.5617720088070328 1.0 1.0 1.0 1.0 1.5 1.5 2.0 2.0 6.0 6.0 0 0.0 0.0 0.0 0.0 0.0 0.0 0.0 0.0 0.0 0.0 0.0 0.0 0.0 0.0 0.0 0.0
3 1 3 1.2436946999999492 1.4530777999999742 0.0 2.6967724999999234 2.6967724999999234 2.6967724999999234 2.6967724999999234 297.33203125 292.6875 20 20 1.0 20 1.0 1.0 0.0 0.0 0.0 0.0 0.0 0.0 0.0 0.0 0.0 0.0 0.0 0.0 0.0 0.0 1 2.0 0.0 0.0 2.0 2.0 2.0 2.0 2.0 20.0 0.0 0.0 20.0 20.0 20.0 20.0 20.0
4 1 2 3.889923399999944 2.104935899999944 0.21332340000000727 6.208182699999895 8.904955199999819 8.904955199999819 8.904955199999819 382.078125 380.98828125 42 42 1.0 42 2.1 2.1 2.125038699338017 2.125038699338017 1.0119231901609604 1.0119231901609604 1.0 1.0 1.0 1.0 1.0 1.0 2.0 2.0 10.0 10.0 1 3.0 0.0 0.0 3.0 3.0 3.0 3.0 3.0 42.0 0.0 0.0 42.0 42.0 42.0 42.0 42.0
5 1 1 10.840535499999959 6.120312099999936 0.5600388999999666 17.52088649999986 26.42584169999968 26.42584169999968 26.42584169999968 577.0625 584.57421875 69 69 1.0 0 1.6428571428571428 1.6428571428571428 0.9581849857407257 0.9581849857407257 0.5832430347987027 0.5832430347987027 1.0 1.0 1.0 1.0 1.0 1.0 2.0 2.0 6.0 6.0 0 0.0 0.0 0.0 0.0 0.0 0.0 0.0 0.0 0.0 0.0 0.0 0.0 0.0 0.0 0.0 0.0
6 2 3 1.2496653999999836 1.8218797999999907 0.0 3.0715451999999743 3.0715451999999743 3.0715451999999743 3.0715451999999743 324.44140625 319.30859375 20 20 1.0 20 1.0 1.0 0.0 0.0 0.0 0.0 0.0 0.0 0.0 0.0 0.0 0.0 0.0 0.0 0.0 0.0 1 2.0 0.0 0.0 2.0 2.0 2.0 2.0 2.0 20.0 0.0 0.0 20.0 20.0 20.0 20.0 20.0
7 2 2 4.251107999999974 2.7637008000000662 0.2073425000000384 7.222151300000078 10.293696500000053 10.293696500000053 10.293696500000053 413.46484375 411.625 44 44 1.0 44 2.2 2.2 2.0416711421361615 2.0416711421361615 0.9280323373346188 0.9280323373346188 1.0 1.0 1.0 1.0 2.0 2.0 2.25 2.25 10.0 10.0 1 4.0 0.0 0.0 4.0 4.0 4.0 4.0 4.0 44.0 0.0 0.0 44.0 44.0 44.0 44.0 44.0
8 2 1 12.073614699999922 7.115107599999959 0.7859592000000362 19.974681499999917 30.26837799999997 30.26837799999997 30.26837799999997 626.23046875 629.4765625 73 73 1.0 0 1.6590909090909092 1.6590909090909092 0.9386576714124697 0.9386576714124697 0.5657662677006666 0.5657662677006666 1.0 1.0 1.0 1.0 1.0 1.0 2.0 2.0 6.0 6.0 0 0.0 0.0 0.0 0.0 0.0 0.0 0.0 0.0 0.0 0.0 0.0 0.0 0.0 0.0 0.0 0.0
9 3 3 1.5287389000000076 2.276232399999941 0.0 3.8049712999999485 3.8049712999999485 3.8049712999999485 3.8049712999999485 348.9375 343.48828125 20 20 1.0 20 1.0 1.0 0.0 0.0 0.0 0.0 0.0 0.0 0.0 0.0 0.0 0.0 0.0 0.0 0.0 0.0 1 2.0 0.0 0.0 2.0 2.0 2.0 2.0 2.0 20.0 0.0 0.0 20.0 20.0 20.0 20.0 20.0
10 3 2 4.038423200000011 2.1966452999999717 0.20896380000002068 6.4440323000000035 10.249003599999952 10.249003599999952 10.249003599999952 442.34375 442.96875 42 42 1.0 42 2.1 2.1 2.04939015319192 2.04939015319192 0.9759000729485332 0.9759000729485332 1.0 1.0 1.0 1.0 1.0 1.0 3.0 3.0 10.0 10.0 1 3.0 0.0 0.0 3.0 3.0 3.0 3.0 3.0 42.0 0.0 0.0 42.0 42.0 42.0 42.0 42.0
11 3 1 10.805503299999884 6.0273336999999 0.49078479999977276 17.323621799999557 27.57262539999951 27.57262539999951 27.57262539999951 622.76171875 625.6796875 69 69 1.0 0 1.6428571428571428 1.6428571428571428 0.9323829573164005 0.9323829573164005 0.5675374522795482 0.5675374522795482 1.0 1.0 1.0 1.0 1.0 1.0 2.0 2.0 6.0 6.0 0 0.0 0.0 0.0 0.0 0.0 0.0 0.0 0.0 0.0 0.0 0.0 0.0 0.0 0.0 0.0 0.0
12 4 3 1.2387596999998607 1.4696074000000579 0.0 2.7083670999999185 2.7083670999999185 2.7083670999999185 2.7083670999999185 449.609375 440.50390625 20 20 1.0 20 1.0 1.0 0.0 0.0 0.0 0.0 0.0 0.0 0.0 0.0 0.0 0.0 0.0 0.0 0.0 0.0 1 2.0 0.0 0.0 2.0 2.0 2.0 2.0 2.0 20.0 0.0 0.0 20.0 20.0 20.0 20.0 20.0
13 4 2 4.0104739999999595 2.2312873999999283 0.21088500000004728 6.452646399999935 9.161013499999854 9.161013499999854 9.161013499999854 486.78125 480.3125 44 44 1.0 44 2.2 2.2 2.0925934551223877 2.0925934551223877 0.9511788432374488 0.9511788432374488 1.0 1.0 1.0 1.0 1.5 1.5 2.25 2.25 10.0 10.0 1 3.0 0.0 0.0 3.0 3.0 3.0 3.0 3.0 44.0 0.0 0.0 44.0 44.0 44.0 44.0 44.0
14 4 1 11.304510499999964 7.999732499999823 0.5567972000000623 19.86104019999985 29.022053699999702 29.022053699999702 29.022053699999702 664.61328125 664.70703125 73 73 1.0 0 1.6590909090909092 1.6590909090909092 0.9631146619216513 0.9631146619216513 0.5805074674596254 0.5805074674596254 1.0 1.0 1.0 1.0 1.0 1.0 2.0 2.0 6.0 6.0 0 0.0 0.0 0.0 0.0 0.0 0.0 0.0 0.0 0.0 0.0 0.0 0.0 0.0 0.0 0.0 0.0
15 5 3 1.2193295999999236 1.5444487000000038 0.0 2.7637782999999274 2.7637782999999274 2.7637782999999274 2.7637782999999274 474.91015625 466.2109375 20 20 1.0 20 1.0 1.0 0.0 0.0 0.0 0.0 0.0 0.0 0.0 0.0 0.0 0.0 0.0 0.0 0.0 0.0 1 2.0 0.0 0.0 2.0 2.0 2.0 2.0 2.0 20.0 0.0 0.0 20.0 20.0 20.0 20.0 20.0
16 5 2 4.1643242000000384 1.794747099999853 0.21085900000002766 6.169930299999919 8.933708599999846 8.933708599999846 8.933708599999846 510.48828125 505.7109375 44 44 1.0 44 2.2 2.2 2.0416711421361615 2.0416711421361615 0.9280323373346188 0.9280323373346188 1.0 1.0 1.0 1.0 2.0 2.0 2.25 2.25 10.0 10.0 1 4.0 0.0 0.0 4.0 4.0 4.0 4.0 4.0 44.0 0.0 0.0 44.0 44.0 44.0 44.0 44.0
17 5 1 11.198539500000066 7.434029000000038 0.7918784000001438 19.424446900000248 28.358155500000095 28.358155500000095 28.358155500000095 685.40234375 690.41796875 73 73 1.0 0 1.6590909090909092 1.6590909090909092 0.9386576714124697 0.9386576714124697 0.5657662677006666 0.5657662677006666 1.0 1.0 1.0 1.0 1.0 1.0 2.0 2.0 6.0 6.0 0 0.0 0.0 0.0 0.0 0.0 0.0 0.0 0.0 0.0 0.0 0.0 0.0 0.0 0.0 0.0 0.0
18 6 3 1.1654984000000468 1.510602099999943 0.0 2.67610049999999 2.67610049999999 2.67610049999999 2.67610049999999 499.5859375 490.75390625 20 20 1.0 20 1.0 1.0 0.0 0.0 0.0 0.0 0.0 0.0 0.0 0.0 0.0 0.0 0.0 0.0 0.0 0.0 1 2.0 0.0 0.0 2.0 2.0 2.0 2.0 2.0 20.0 0.0 0.0 20.0 20.0 20.0 20.0 20.0
19 6 2 4.129313000000053 2.4682044999999846 0.22111300000008782 6.8186305000001255 9.494731000000115 9.494731000000115 9.494731000000115 539.08203125 532.546875 44 44 1.0 44 2.2 2.2 2.0416711421361615 2.0416711421361615 0.9280323373346188 0.9280323373346188 1.0 1.0 1.0 1.0 2.0 2.0 2.25 2.25 10.0 10.0 1 4.0 0.0 0.0 4.0 4.0 4.0 4.0 4.0 44.0 0.0 0.0 44.0 44.0 44.0 44.0 44.0
20 6 1 11.57878380000048 7.025861299999974 0.7741068000000837 19.378751900000537 28.873482900000653 28.873482900000653 28.873482900000653 703.86328125 704.765625 73 73 1.0 0 1.6590909090909092 1.6590909090909092 1.0102539818394234 1.0102539818394234 0.6089202082319812 0.6089202082319812 1.0 1.0 1.0 1.0 1.0 1.0 2.0 2.0 6.0 6.0 0 0.0 0.0 0.0 0.0 0.0 0.0 0.0 0.0 0.0 0.0 0.0 0.0 0.0 0.0 0.0 0.0
21 7 3 1.2291286999999897 1.6545319999999037 0.0 2.8836606999998935 2.8836606999998935 2.8836606999998935 2.8836606999998935 426.859375 421.97265625 20 20 1.0 20 1.0 1.0 0.0 0.0 0.0 0.0 0.0 0.0 0.0 0.0 0.0 0.0 0.0 0.0 0.0 0.0 1 2.0 0.0 0.0 2.0 2.0 2.0 2.0 2.0 20.0 0.0 0.0 20.0 20.0 20.0 20.0 20.0
22 7 2 4.0232749999999555 2.1340072999999506 0.2521185999999034 6.4094008999998096 9.293061599999703 9.293061599999703 9.293061599999703 523.66796875 524.91796875 44 44 1.0 44 2.2 2.2 2.117595458607661 2.117595458607661 0.9625433902762094 0.9625433902762094 1.0 1.0 1.0 1.0 1.5 1.5 2.25 2.25 10.0 10.0 1 4.0 0.0 0.0 4.0 4.0 4.0 4.0 4.0 44.0 0.0 0.0 44.0 44.0 44.0 44.0 44.0
23 7 1 11.2991760000005 7.492674900000168 0.7300682999997434 19.52191920000041 28.814980800000114 28.814980800000114 28.814980800000114 714.86328125 717.62109375 73 73 1.0 0 1.6590909090909092 1.6590909090909092 0.9386576714124697 0.9386576714124697 0.5657662677006666 0.5657662677006666 1.0 1.0 1.0 1.0 1.0 1.0 2.0 2.0 6.0 6.0 0 0.0 0.0 0.0 0.0 0.0 0.0 0.0 0.0 0.0 0.0 0.0 0.0 0.0 0.0 0.0 0.0
24 8 3 1.1799911999997903 2.014548399999967 0.0 3.1945395999997572 3.1945395999997572 3.1945395999997572 3.1945395999997572 530.1875 521.2109375 20 20 1.0 20 1.0 1.0 0.0 0.0 0.0 0.0 0.0 0.0 0.0 0.0 0.0 0.0 0.0 0.0 0.0 0.0 1 2.0 0.0 0.0 2.0 2.0 2.0 2.0 2.0 20.0 0.0 0.0 20.0 20.0 20.0 20.0 20.0
25 8 2 4.048304699999676 2.3071898000000033 0.21869650000019192 6.574190999999871 9.768730599999628 9.768730599999628 9.768730599999628 564.52734375 559.21484375 44 44 1.0 44 2.2 2.2 2.0925934551223877 2.0925934551223877 0.9511788432374488 0.9511788432374488 1.0 1.0 1.0 1.0 2.0 2.0 2.0 2.0 10.0 10.0 1 3.0 0.0 0.0 3.0 3.0 3.0 3.0 3.0 44.0 0.0 0.0 44.0 44.0 44.0 44.0 44.0
26 8 1 11.474283999999955 7.58898199999993 0.596851199999719 19.660117199999604 29.428847799999232 29.428847799999232 29.428847799999232 736.72265625 737.3671875 73 73 1.0 0 1.6590909090909092 1.6590909090909092 0.9386576714124697 0.9386576714124697 0.5657662677006666 0.5657662677006666 1.0 1.0 1.0 1.0 1.0 1.0 2.0 2.0 6.0 6.0 0 0.0 0.0 0.0 0.0 0.0 0.0 0.0 0.0 0.0 0.0 0.0 0.0 0.0 0.0 0.0 0.0
27 9 3 1.25635479999994 1.856070399999851 0.0 3.112425199999791 3.112425199999791 3.112425199999791 3.112425199999791 458.38671875 454.19921875 20 20 1.0 20 1.0 1.0 0.0 0.0 0.0 0.0 0.0 0.0 0.0 0.0 0.0 0.0 0.0 0.0 0.0 0.0 1 2.0 0.0 0.0 2.0 2.0 2.0 2.0 2.0 20.0 0.0 0.0 20.0 20.0 20.0 20.0 20.0
28 9 2 4.157549800000311 2.429743500000086 0.21842139999984056 6.805714700000237 9.918139900000028 9.918139900000028 9.918139900000028 556.765625 554.41796875 44 44 1.0 44 2.2 2.2 2.0416711421361615 2.0416711421361615 0.9280323373346188 0.9280323373346188 1.0 1.0 1.0 1.0 2.0 2.0 2.25 2.25 10.0 10.0 1 3.0 0.0 0.0 3.0 3.0 3.0 3.0 3.0 44.0 0.0 0.0 44.0 44.0 44.0 44.0 44.0
29 9 1 11.26624119999991 7.353186999999764 0.5642798999997467 19.18370809999942 29.10184799999945 29.10184799999945 29.10184799999945 745.21875 744.6484375 73 73 1.0 0 1.6590909090909092 1.6590909090909092 0.9386576714124697 0.9386576714124697 0.5657662677006666 0.5657662677006666 1.0 1.0 1.0 1.0 1.0 1.0 2.0 2.0 6.0 6.0 0 0.0 0.0 0.0 0.0 0.0 0.0 0.0 0.0 0.0 0.0 0.0 0.0 0.0 0.0 0.0 0.0
