 RU AL GT ST OT TT LT CT WT RSS VMS LE AC CF PSG CSGSS CSGS TOT_CHOICES PRE_CHOICES FGOALS_ORDER CP_EF_L CP_EF_A SP_ED_L SP_ED_A SP_EB_L SP_EB_A SP_MIN_L SP_MIN_A SP_LOWER_L SP_LOWER_A SP_MED_L SP_MED_A SP_UPPER_L SP_UPPER_A SP_MAX_L SP_MAX_A DS_T DS_TD_MEAN DS_TD_STD DS_TD_CD DS_TD_MIN DS_TD_LOWER DS_TD_MED DS_TD_UPPER DS_TD_MAX DS_TS_MEAN DS_TS_STD DS_TS_CD DS_TS_MIN DS_TS_LOWER DS_TS_MED DS_TS_UPPER DS_TS_MAX PR_T PR_TS_MEAN PR_TS_STD PR_TS_CD PR_TS_MIN PR_TS_LOWER PR_TS_MED PR_TS_UPPER PR_TS_MAX
0 0 3 1.0030450999999978 0.4066603999999998 0.0 1.4097054999999976 1.4097054999999976 1.4097054999999976 1.4097054999999976 236.890625 228.796875 18 18 1.0 18 0 0 0 0  1.0 1.0 0.0 0.0 0.0 0.0 0.0 0.0 0.0 0.0 0.0 0.0 0.0 0.0 0.0 0.0 0 0.0 0.0 0.0 0.0 0.0 0.0 0.0 0.0 0.0 0.0 0.0 0.0 0.0 0.0 0.0 0.0 1 1.0 0.0 0.0 0.0 0.0 0.0 0.0 0.0
1 0 2 2.269157800000002 0.40971779999999924 0.0 2.6788756000000014 4.088581099999999 4.088581099999999 4.088581099999999 267.97265625 263.37109375 26 26 1.0 26 18 18 0 0  1.4444444444444444 1.4444444444444444 1.0416176459053668 1.0416176459053668 0.7211199087037155 0.7211199087037155 1.0 1.0 1.0 1.0 1.0 1.0 1.0 1.0 5.0 5.0 0 0.0 0.0 0.0 0.0 0.0 0.0 0.0 0.0 0.0 0.0 0.0 0.0 0.0 0.0 0.0 0.0 1 18.0 0.0 0.0 18.0 18.0 18.0 18.0 18.0
2 0 1 5.240304000000009 1.80323529999999 0.0 7.043539299999999 11.132120399999998 11.132120399999998 11.132120399999998 330.92578125 338.09375 39 39 1.0 0 26 26 0 0  1.5 1.5 0.9486832980505138 0.9486832980505138 0.6324555320336759 0.6324555320336759 1.0 1.0 1.0 1.0 1.0 1.0 2.0 2.0 5.0 5.0 0 0.0 0.0 0.0 0.0 0.0 0.0 0.0 0.0 0.0 0.0 0.0 0.0 0.0 0.0 0.0 0.0 1 26.0 0.0 0.0 26.0 26.0 26.0 26.0 26.0
3 1 3 1.0047828000000152 0.3762720999999942 0.0 1.3810549000000094 1.3810549000000094 1.3810549000000094 1.3810549000000094 242.3046875 232.91015625 18 18 1.0 18 0 0 0 0  1.0 1.0 0.0 0.0 0.0 0.0 0.0 0.0 0.0 0.0 0.0 0.0 0.0 0.0 0.0 0.0 0 0.0 0.0 0.0 0.0 0.0 0.0 0.0 0.0 0.0 0.0 0.0 0.0 0.0 0.0 0.0 0.0 1 1.0 0.0 0.0 0.0 0.0 0.0 0.0 0.0
4 1 2 2.2829845999999776 0.3831539000000106 0.0 2.666138499999988 4.047193399999998 4.047193399999998 4.047193399999998 274.359375 271.58203125 26 26 1.0 26 18 18 0 0  1.4444444444444444 1.4444444444444444 0.8555852638929972 0.8555852638929972 0.5923282596182288 0.5923282596182288 1.0 1.0 1.0 1.0 1.0 1.0 1.75 1.75 4.0 4.0 0 0.0 0.0 0.0 0.0 0.0 0.0 0.0 0.0 0.0 0.0 0.0 0.0 0.0 0.0 0.0 0.0 1 18.0 0.0 0.0 18.0 18.0 18.0 18.0 18.0
5 1 1 5.255324099999989 2.0540087000000185 0.0 7.309332800000007 11.356526200000005 11.356526200000005 11.356526200000005 338.34375 345.5078125 39 39 1.0 0 26 26 0 0  1.5 1.5 0.9055385138137416 0.9055385138137416 0.6036923425424944 0.6036923425424944 1.0 1.0 1.0 1.0 1.0 1.0 2.0 2.0 5.0 5.0 0 0.0 0.0 0.0 0.0 0.0 0.0 0.0 0.0 0.0 0.0 0.0 0.0 0.0 0.0 0.0 0.0 1 26.0 0.0 0.0 26.0 26.0 26.0 26.0 26.0
6 2 3 1.0086054999999945 0.46708000000000993 0.0 1.4756855000000044 1.4756855000000044 1.4756855000000044 1.4756855000000044 261.84765625 254.2265625 18 18 1.0 18 0 0 0 0  1.0 1.0 0.0 0.0 0.0 0.0 0.0 0.0 0.0 0.0 0.0 0.0 0.0 0.0 0.0 0.0 0 0.0 0.0 0.0 0.0 0.0 0.0 0.0 0.0 0.0 0.0 0.0 0.0 0.0 0.0 0.0 0.0 1 1.0 0.0 0.0 0.0 0.0 0.0 0.0 0.0
7 2 2 2.27897990000001 0.36837399999998155 0.0 2.6473538999999917 4.123039399999996 4.123039399999996 4.123039399999996 295.49609375 290.9140625 26 26 1.0 26 18 18 0 0  1.4444444444444444 1.4444444444444444 0.8555852638929972 0.8555852638929972 0.5923282596182288 0.5923282596182288 1.0 1.0 1.0 1.0 1.0 1.0 1.75 1.75 4.0 4.0 0 0.0 0.0 0.0 0.0 0.0 0.0 0.0 0.0 0.0 0.0 0.0 0.0 0.0 0.0 0.0 0.0 1 18.0 0.0 0.0 18.0 18.0 18.0 18.0 18.0
8 2 1 5.253003899999982 1.7646486000000436 0.0 7.017652500000025 11.140691900000022 11.140691900000022 11.140691900000022 350.4375 357.0546875 39 39 1.0 0 26 26 0 0  1.5 1.5 0.7615773105863908 0.7615773105863908 0.5077182070575939 0.5077182070575939 1.0 1.0 1.0 1.0 1.0 1.0 2.0 2.0 4.0 4.0 0 0.0 0.0 0.0 0.0 0.0 0.0 0.0 0.0 0.0 0.0 0.0 0.0 0.0 0.0 0.0 0.0 1 26.0 0.0 0.0 26.0 26.0 26.0 26.0 26.0
9 3 3 1.0054856000000143 0.4252137999999803 0.0 1.4306993999999946 1.4306993999999946 1.4306993999999946 1.4306993999999946 271.86328125 265.8359375 18 18 1.0 18 0 0 0 0  1.0 1.0 0.0 0.0 0.0 0.0 0.0 0.0 0.0 0.0 0.0 0.0 0.0 0.0 0.0 0.0 0 0.0 0.0 0.0 0.0 0.0 0.0 0.0 0.0 0.0 0.0 0.0 0.0 0.0 0.0 0.0 0.0 1 1.0 0.0 0.0 0.0 0.0 0.0 0.0 0.0
10 3 2 2.2621043000000327 0.37292540000001395 0.0 2.6350297000000467 4.065729100000041 4.065729100000041 4.065729100000041 306.7890625 303.30078125 26 26 1.0 26 18 18 0 0  1.4444444444444444 1.4444444444444444 0.7838233761296739 0.7838233761296739 0.5426469527051588 0.5426469527051588 1.0 1.0 1.0 1.0 1.0 1.0 2.0 2.0 4.0 4.0 0 0.0 0.0 0.0 0.0 0.0 0.0 0.0 0.0 0.0 0.0 0.0 0.0 0.0 0.0 0.0 0.0 1 18.0 0.0 0.0 18.0 18.0 18.0 18.0 18.0
11 3 1 5.2521324999999734 1.696430099999958 0.0 6.948562599999931 11.014291699999973 11.014291699999973 11.014291699999973 362.140625 368.4453125 39 39 1.0 0 26 26 0 0  1.5 1.5 0.9055385138137416 0.9055385138137416 0.6036923425424944 0.6036923425424944 1.0 1.0 1.0 1.0 1.0 1.0 2.0 2.0 5.0 5.0 0 0.0 0.0 0.0 0.0 0.0 0.0 0.0 0.0 0.0 0.0 0.0 0.0 0.0 0.0 0.0 0.0 1 26.0 0.0 0.0 26.0 26.0 26.0 26.0 26.0
12 4 3 1.0004012000000273 0.37571830000005946 0.0 1.3761195000000868 1.3761195000000868 1.3761195000000868 1.3761195000000868 281.984375 273.8515625 18 18 1.0 18 0 0 0 0  1.0 1.0 0.0 0.0 0.0 0.0 0.0 0.0 0.0 0.0 0.0 0.0 0.0 0.0 0.0 0.0 0 0.0 0.0 0.0 0.0 0.0 0.0 0.0 0.0 0.0 0.0 0.0 0.0 0.0 0.0 0.0 0.0 1 1.0 0.0 0.0 0.0 0.0 0.0 0.0 0.0
13 4 2 2.269356399999964 0.35984020000002204 0.0 2.629196599999986 4.005316100000073 4.005316100000073 4.005316100000073 315.6640625 311.52734375 26 26 1.0 26 18 18 0 0  1.4444444444444444 1.4444444444444444 0.7838233761296739 0.7838233761296739 0.5426469527051588 0.5426469527051588 1.0 1.0 1.0 1.0 1.0 1.0 2.0 2.0 4.0 4.0 0 0.0 0.0 0.0 0.0 0.0 0.0 0.0 0.0 0.0 0.0 0.0 0.0 0.0 0.0 0.0 0.0 1 18.0 0.0 0.0 18.0 18.0 18.0 18.0 18.0
14 4 1 5.251890099999969 1.8871806000000362 0.0 7.139070700000005 11.144386800000078 11.144386800000078 11.144386800000078 373.6875 380.0078125 39 39 1.0 0 26 26 0 0  1.5 1.5 0.648074069840786 0.648074069840786 0.43204937989385733 0.43204937989385733 1.0 1.0 1.0 1.0 1.0 1.0 2.0 2.0 3.0 3.0 0 0.0 0.0 0.0 0.0 0.0 0.0 0.0 0.0 0.0 0.0 0.0 0.0 0.0 0.0 0.0 0.0 1 26.0 0.0 0.0 26.0 26.0 26.0 26.0 26.0
15 5 3 1.0031974999999704 0.3887507000000312 0.0 1.3919482000000016 1.3919482000000016 1.3919482000000016 1.3919482000000016 326.55078125 315.90234375 18 18 1.0 18 0 0 0 0  1.0 1.0 0.0 0.0 0.0 0.0 0.0 0.0 0.0 0.0 0.0 0.0 0.0 0.0 0.0 0.0 0 0.0 0.0 0.0 0.0 0.0 0.0 0.0 0.0 0.0 0.0 0.0 0.0 0.0 0.0 0.0 0.0 1 1.0 0.0 0.0 0.0 0.0 0.0 0.0 0.0
16 5 2 2.2770072999999655 0.3702992000000478 0.0 2.6473065000000133 4.039254700000015 4.039254700000015 4.039254700000015 321.1328125 316.75 26 26 1.0 26 18 18 0 0  1.4444444444444444 1.4444444444444444 1.0416176459053668 1.0416176459053668 0.7211199087037155 0.7211199087037155 1.0 1.0 1.0 1.0 1.0 1.0 1.0 1.0 5.0 5.0 0 0.0 0.0 0.0 0.0 0.0 0.0 0.0 0.0 0.0 0.0 0.0 0.0 0.0 0.0 0.0 0.0 1 18.0 0.0 0.0 18.0 18.0 18.0 18.0 18.0
17 5 1 5.2293042999999955 3.972592499999948 0.0 9.201896799999943 13.241151499999958 13.241151499999958 13.241151499999958 381.50390625 387.6171875 39 39 1.0 0 26 26 0 0  1.5 1.5 0.7071067811865476 0.7071067811865476 0.47140452079103173 0.47140452079103173 1.0 1.0 1.0 1.0 1.0 1.0 2.0 2.0 3.0 3.0 0 0.0 0.0 0.0 0.0 0.0 0.0 0.0 0.0 0.0 0.0 0.0 0.0 0.0 0.0 0.0 0.0 1 26.0 0.0 0.0 26.0 26.0 26.0 26.0 26.0
18 6 3 1.0112481000000173 0.3260314999999707 0.0 1.337279599999988 1.337279599999988 1.337279599999988 1.337279599999988 333.84375 323.32421875 18 18 1.0 18 0 0 0 0  1.0 1.0 0.0 0.0 0.0 0.0 0.0 0.0 0.0 0.0 0.0 0.0 0.0 0.0 0.0 0.0 0 0.0 0.0 0.0 0.0 0.0 0.0 0.0 0.0 0.0 0.0 0.0 0.0 0.0 0.0 0.0 0.0 1 1.0 0.0 0.0 0.0 0.0 0.0 0.0 0.0
19 6 2 2.2685171999999625 0.36744249999995304 0.0 2.6359596999999155 3.9732392999999036 3.9732392999999036 3.9732392999999036 350.5546875 343.0078125 26 26 1.0 26 18 18 0 0  1.4444444444444444 1.4444444444444444 0.7838233761296739 0.7838233761296739 0.5426469527051588 0.5426469527051588 1.0 1.0 1.0 1.0 1.0 1.0 1.75 1.75 3.0 3.0 0 0.0 0.0 0.0 0.0 0.0 0.0 0.0 0.0 0.0 0.0 0.0 0.0 0.0 0.0 0.0 0.0 1 18.0 0.0 0.0 18.0 18.0 18.0 18.0 18.0
20 6 1 5.236998900000003 1.970480400000028 0.0 7.207479300000031 11.180718599999935 11.180718599999935 11.180718599999935 390.37890625 396.99609375 39 39 1.0 0 26 26 0 0  1.5 1.5 0.648074069840786 0.648074069840786 0.43204937989385733 0.43204937989385733 1.0 1.0 1.0 1.0 1.0 1.0 2.0 2.0 3.0 3.0 0 0.0 0.0 0.0 0.0 0.0 0.0 0.0 0.0 0.0 0.0 0.0 0.0 0.0 0.0 0.0 0.0 1 26.0 0.0 0.0 26.0 26.0 26.0 26.0 26.0
21 7 3 1.0005871999999556 0.29962960000000294 0.0 1.3002167999999585 1.3002167999999585 1.3002167999999585 1.3002167999999585 345.875 335.31640625 18 18 1.0 18 0 0 0 0  1.0 1.0 0.0 0.0 0.0 0.0 0.0 0.0 0.0 0.0 0.0 0.0 0.0 0.0 0.0 0.0 0 0.0 0.0 0.0 0.0 0.0 0.0 0.0 0.0 0.0 0.0 0.0 0.0 0.0 0.0 0.0 0.0 1 1.0 0.0 0.0 0.0 0.0 0.0 0.0 0.0
22 7 2 2.2650113000001113 0.374680300000108 0.0 2.6396916000002193 3.939908400000178 3.939908400000178 3.939908400000178 361.51171875 354.09765625 26 26 1.0 26 18 18 0 0  1.4444444444444444 1.4444444444444444 0.9217771979249536 0.9217771979249536 0.6381534447172755 0.6381534447172755 1.0 1.0 1.0 1.0 1.0 1.0 1.0 1.0 4.0 4.0 0 0.0 0.0 0.0 0.0 0.0 0.0 0.0 0.0 0.0 0.0 0.0 0.0 0.0 0.0 0.0 0.0 1 18.0 0.0 0.0 18.0 18.0 18.0 18.0 18.0
23 7 1 5.235031900000024 2.4274423000001946 0.0 7.662474200000219 11.602382600000396 11.602382600000396 11.602382600000396 403.82421875 410.55859375 39 39 1.0 0 26 26 0 0  1.5 1.5 0.7071067811865476 0.7071067811865476 0.47140452079103173 0.47140452079103173 1.0 1.0 1.0 1.0 1.0 1.0 2.0 2.0 3.0 3.0 0 0.0 0.0 0.0 0.0 0.0 0.0 0.0 0.0 0.0 0.0 0.0 0.0 0.0 0.0 0.0 0.0 1 26.0 0.0 0.0 26.0 26.0 26.0 26.0 26.0
24 8 3 1.0030318000000022 0.38026239999999234 0.0 1.3832941999999946 1.3832941999999946 1.3832941999999946 1.3832941999999946 322.3046875 315.34375 18 18 1.0 18 0 0 0 0  1.0 1.0 0.0 0.0 0.0 0.0 0.0 0.0 0.0 0.0 0.0 0.0 0.0 0.0 0.0 0.0 0 0.0 0.0 0.0 0.0 0.0 0.0 0.0 0.0 0.0 0.0 0.0 0.0 0.0 0.0 0.0 0.0 1 1.0 0.0 0.0 0.0 0.0 0.0 0.0 0.0
25 8 2 2.270344300000062 0.37646219999996333 0.0 2.646806500000025 4.03010070000002 4.03010070000002 4.03010070000002 353.56640625 349.02734375 26 26 1.0 26 18 18 0 0  1.4444444444444444 1.4444444444444444 0.8555852638929972 0.8555852638929972 0.5923282596182288 0.5923282596182288 1.0 1.0 1.0 1.0 1.0 1.0 1.75 1.75 4.0 4.0 0 0.0 0.0 0.0 0.0 0.0 0.0 0.0 0.0 0.0 0.0 0.0 0.0 0.0 0.0 0.0 0.0 1 18.0 0.0 0.0 18.0 18.0 18.0 18.0 18.0
26 8 1 5.247637199999986 1.7771728000000735 0.0 7.024810000000059 11.054910700000079 11.054910700000079 11.054910700000079 407.57421875 413.6875 39 39 1.0 0 26 26 0 0  1.5 1.5 0.648074069840786 0.648074069840786 0.43204937989385733 0.43204937989385733 1.0 1.0 1.0 1.0 1.0 1.0 2.0 2.0 3.0 3.0 0 0.0 0.0 0.0 0.0 0.0 0.0 0.0 0.0 0.0 0.0 0.0 0.0 0.0 0.0 0.0 0.0 1 26.0 0.0 0.0 26.0 26.0 26.0 26.0 26.0
27 9 3 1.008258899999987 0.3879202999999336 0.0 1.3961791999999207 1.3961791999999207 1.3961791999999207 1.3961791999999207 363.03515625 352.546875 18 18 1.0 18 0 0 0 0  1.0 1.0 0.0 0.0 0.0 0.0 0.0 0.0 0.0 0.0 0.0 0.0 0.0 0.0 0.0 0.0 0 0.0 0.0 0.0 0.0 0.0 0.0 0.0 0.0 0.0 0.0 0.0 0.0 0.0 0.0 0.0 0.0 1 1.0 0.0 0.0 0.0 0.0 0.0 0.0 0.0
28 9 2 2.2720282999999313 0.3662620000000345 0.0 2.638290299999966 4.0344694999998865 4.0344694999998865 4.0344694999998865 377.46484375 370.25390625 26 26 1.0 26 18 18 0 0  1.4444444444444444 1.4444444444444444 0.7838233761296739 0.7838233761296739 0.5426469527051588 0.5426469527051588 1.0 1.0 1.0 1.0 1.0 1.0 1.75 1.75 3.0 3.0 0 0.0 0.0 0.0 0.0 0.0 0.0 0.0 0.0 0.0 0.0 0.0 0.0 0.0 0.0 0.0 0.0 1 18.0 0.0 0.0 18.0 18.0 18.0 18.0 18.0
29 9 1 5.225152500000064 2.326425400000062 0.0 7.551577900000126 11.586047400000012 11.586047400000012 11.586047400000012 418.88671875 425.1796875 39 39 1.0 0 26 26 0 0  1.5 1.5 0.8602325267042626 0.8602325267042626 0.5734883511361751 0.5734883511361751 1.0 1.0 1.0 1.0 1.0 1.0 2.0 2.0 4.0 4.0 0 0.0 0.0 0.0 0.0 0.0 0.0 0.0 0.0 0.0 0.0 0.0 0.0 0.0 0.0 0.0 0.0 1 26.0 0.0 0.0 26.0 26.0 26.0 26.0 26.0
30 10 3 1.0085953999999901 0.3130927999999926 0.0 1.3216881999999828 1.3216881999999828 1.3216881999999828 1.3216881999999828 370.875 360.19921875 18 18 1.0 18 0 0 0 0  1.0 1.0 0.0 0.0 0.0 0.0 0.0 0.0 0.0 0.0 0.0 0.0 0.0 0.0 0.0 0.0 0 0.0 0.0 0.0 0.0 0.0 0.0 0.0 0.0 0.0 0.0 0.0 0.0 0.0 0.0 0.0 0.0 1 1.0 0.0 0.0 0.0 0.0 0.0 0.0 0.0
31 10 2 2.26612209999999 0.3898863000000006 0.0 2.6560083999999904 3.977696599999973 3.977696599999973 3.977696599999973 387.03515625 379.98046875 26 26 1.0 26 18 18 0 0  1.4444444444444444 1.4444444444444444 0.9217771979249536 0.9217771979249536 0.6381534447172755 0.6381534447172755 1.0 1.0 1.0 1.0 1.0 1.0 1.0 1.0 4.0 4.0 0 0.0 0.0 0.0 0.0 0.0 0.0 0.0 0.0 0.0 0.0 0.0 0.0 0.0 0.0 0.0 0.0 1 18.0 0.0 0.0 18.0 18.0 18.0 18.0 18.0
32 10 1 5.246187599999956 2.371828400000112 0.0 7.618016000000068 11.595712600000041 11.595712600000041 11.595712600000041 429.1328125 435.58984375 39 39 1.0 0 26 26 0 0  1.5 1.5 0.7071067811865476 0.7071067811865476 0.47140452079103173 0.47140452079103173 1.0 1.0 1.0 1.0 1.0 1.0 2.0 2.0 3.0 3.0 0 0.0 0.0 0.0 0.0 0.0 0.0 0.0 0.0 0.0 0.0 0.0 0.0 0.0 0.0 0.0 0.0 1 26.0 0.0 0.0 26.0 26.0 26.0 26.0 26.0
33 11 3 1.000701699999894 0.4186921999999811 0.0 1.419393899999875 1.419393899999875 1.419393899999875 1.419393899999875 383.890625 373.234375 18 18 1.0 18 0 0 0 0  1.0 1.0 0.0 0.0 0.0 0.0 0.0 0.0 0.0 0.0 0.0 0.0 0.0 0.0 0.0 0.0 0 0.0 0.0 0.0 0.0 0.0 0.0 0.0 0.0 0.0 0.0 0.0 0.0 0.0 0.0 0.0 0.0 1 1.0 0.0 0.0 0.0 0.0 0.0 0.0 0.0
34 11 2 2.262240500000047 0.3895927999999742 0.0 2.651833300000021 4.071227199999896 4.071227199999896 4.071227199999896 398.91015625 391.78515625 26 26 1.0 26 18 18 0 0  1.4444444444444444 1.4444444444444444 0.7838233761296739 0.7838233761296739 0.5426469527051588 0.5426469527051588 1.0 1.0 1.0 1.0 1.0 1.0 1.75 1.75 3.0 3.0 0 0.0 0.0 0.0 0.0 0.0 0.0 0.0 0.0 0.0 0.0 0.0 0.0 0.0 0.0 0.0 0.0 1 18.0 0.0 0.0 18.0 18.0 18.0 18.0 18.0
35 11 1 5.238453100000044 2.028328899999991 0.0 7.266782000000035 11.33800919999993 11.33800919999993 11.33800919999993 438.015625 443.65234375 39 39 1.0 0 26 26 0 0  1.5 1.5 0.7615773105863908 0.7615773105863908 0.5077182070575939 0.5077182070575939 1.0 1.0 1.0 1.0 1.0 1.0 2.0 2.0 4.0 4.0 0 0.0 0.0 0.0 0.0 0.0 0.0 0.0 0.0 0.0 0.0 0.0 0.0 0.0 0.0 0.0 0.0 1 26.0 0.0 0.0 26.0 26.0 26.0 26.0 26.0
36 12 3 1.0037739999999644 0.5123667999999668 0.0 1.5161407999999312 1.5161407999999312 1.5161407999999312 1.5161407999999312 391.59375 381.30078125 18 18 1.0 18 0 0 0 0  1.0 1.0 0.0 0.0 0.0 0.0 0.0 0.0 0.0 0.0 0.0 0.0 0.0 0.0 0.0 0.0 0 0.0 0.0 0.0 0.0 0.0 0.0 0.0 0.0 0.0 0.0 0.0 0.0 0.0 0.0 0.0 0.0 1 1.0 0.0 0.0 0.0 0.0 0.0 0.0 0.0
37 12 2 2.274018800000107 0.3680131000000415 0.0 2.6420319000001484 4.15817270000008 4.15817270000008 4.15817270000008 409.1640625 402.09375 26 26 1.0 26 18 18 0 0  1.4444444444444444 1.4444444444444444 0.7047921864945659 0.7047921864945659 0.4879330521885456 0.4879330521885456 1.0 1.0 1.0 1.0 1.0 1.0 2.0 2.0 3.0 3.0 0 0.0 0.0 0.0 0.0 0.0 0.0 0.0 0.0 0.0 0.0 0.0 0.0 0.0 0.0 0.0 0.0 1 18.0 0.0 0.0 18.0 18.0 18.0 18.0 18.0
38 12 1 5.236475700000085 1.9938858000000153 0.0 7.2303615000001 11.38853420000018 11.38853420000018 11.38853420000018 445.77734375 451.51171875 39 39 1.0 0 26 26 0 0  1.5 1.5 0.648074069840786 0.648074069840786 0.43204937989385733 0.43204937989385733 1.0 1.0 1.0 1.0 1.0 1.0 2.0 2.0 3.0 3.0 0 0.0 0.0 0.0 0.0 0.0 0.0 0.0 0.0 0.0 0.0 0.0 0.0 0.0 0.0 0.0 0.0 1 26.0 0.0 0.0 26.0 26.0 26.0 26.0 26.0
39 13 3 1.0165490999999633 0.3182766999999842 0.0 1.3348257999999475 1.3348257999999475 1.3348257999999475 1.3348257999999475 369.18359375 361.609375 18 18 1.0 18 0 0 0 0  1.0 1.0 0.0 0.0 0.0 0.0 0.0 0.0 0.0 0.0 0.0 0.0 0.0 0.0 0.0 0.0 0 0.0 0.0 0.0 0.0 0.0 0.0 0.0 0.0 0.0 0.0 0.0 0.0 0.0 0.0 0.0 0.0 1 1.0 0.0 0.0 0.0 0.0 0.0 0.0 0.0
40 13 2 2.2846811999999943 0.36333909999996195 0.0 2.6480202999999563 3.982846099999904 3.982846099999904 3.982846099999904 405.14453125 399.953125 26 26 1.0 26 18 18 0 0  1.4444444444444444 1.4444444444444444 0.7838233761296739 0.7838233761296739 0.5426469527051588 0.5426469527051588 1.0 1.0 1.0 1.0 1.0 1.0 1.75 1.75 3.0 3.0 0 0.0 0.0 0.0 0.0 0.0 0.0 0.0 0.0 0.0 0.0 0.0 0.0 0.0 0.0 0.0 0.0 1 18.0 0.0 0.0 18.0 18.0 18.0 18.0 18.0
41 13 1 5.232437399999952 2.021930300000122 0.0 7.254367700000074 11.237213799999978 11.237213799999978 11.237213799999978 455.91015625 462.30859375 39 39 1.0 0 26 26 0 0  1.5 1.5 0.7615773105863908 0.7615773105863908 0.5077182070575939 0.5077182070575939 1.0 1.0 1.0 1.0 1.0 1.0 2.0 2.0 4.0 4.0 0 0.0 0.0 0.0 0.0 0.0 0.0 0.0 0.0 0.0 0.0 0.0 0.0 0.0 0.0 0.0 0.0 1 26.0 0.0 0.0 26.0 26.0 26.0 26.0 26.0
42 14 3 1.0058540000000562 0.3542413999999212 0.0 1.3600953999999774 1.3600953999999774 1.3600953999999774 1.3600953999999774 412.60546875 402.796875 18 18 1.0 18 0 0 0 0  1.0 1.0 0.0 0.0 0.0 0.0 0.0 0.0 0.0 0.0 0.0 0.0 0.0 0.0 0.0 0.0 0 0.0 0.0 0.0 0.0 0.0 0.0 0.0 0.0 0.0 0.0 0.0 0.0 0.0 0.0 0.0 0.0 1 1.0 0.0 0.0 0.0 0.0 0.0 0.0 0.0
43 14 2 2.2642212999999742 0.35072629999999094 0.0 2.614947599999965 3.9750429999999426 3.9750429999999426 3.9750429999999426 427.07421875 420.3125 26 26 1.0 26 18 18 0 0  1.4444444444444444 1.4444444444444444 0.7047921864945659 0.7047921864945659 0.4879330521885456 0.4879330521885456 1.0 1.0 1.0 1.0 1.0 1.0 2.0 2.0 3.0 3.0 0 0.0 0.0 0.0 0.0 0.0 0.0 0.0 0.0 0.0 0.0 0.0 0.0 0.0 0.0 0.0 0.0 1 18.0 0.0 0.0 18.0 18.0 18.0 18.0 18.0
44 14 1 5.264610900000093 1.8700025999999639 0.0 7.134613500000057 11.1096565 11.1096565 11.1096565 464.2578125 470.33203125 39 39 1.0 0 26 26 0 0  1.5 1.5 0.812403840463596 0.812403840463596 0.5416025603090641 0.5416025603090641 1.0 1.0 1.0 1.0 1.0 1.0 2.0 2.0 4.0 4.0 0 0.0 0.0 0.0 0.0 0.0 0.0 0.0 0.0 0.0 0.0 0.0 0.0 0.0 0.0 0.0 0.0 1 26.0 0.0 0.0 26.0 26.0 26.0 26.0 26.0
45 15 3 1.0035327000000507 0.3938464999999951 0.0 1.3973792000000458 1.3973792000000458 1.3973792000000458 1.3973792000000458 421.02734375 410.94921875 18 18 1.0 18 0 0 0 0  1.0 1.0 0.0 0.0 0.0 0.0 0.0 0.0 0.0 0.0 0.0 0.0 0.0 0.0 0.0 0.0 0 0.0 0.0 0.0 0.0 0.0 0.0 0.0 0.0 0.0 0.0 0.0 0.0 0.0 0.0 0.0 0.0 1 1.0 0.0 0.0 0.0 0.0 0.0 0.0 0.0
46 15 2 2.2623311000000115 0.36164489999993066 0.0 2.623975999999942 4.021355199999988 4.021355199999988 4.021355199999988 435.76953125 429.0234375 26 26 1.0 26 18 18 0 0  1.4444444444444444 1.4444444444444444 0.9835244081556433 0.9835244081556433 0.6809015133385223 0.6809015133385223 1.0 1.0 1.0 1.0 1.0 1.0 1.75 1.75 5.0 5.0 0 0.0 0.0 0.0 0.0 0.0 0.0 0.0 0.0 0.0 0.0 0.0 0.0 0.0 0.0 0.0 0.0 1 18.0 0.0 0.0 18.0 18.0 18.0 18.0 18.0
47 15 1 5.253334599999931 2.662753499999951 0.0 7.916088099999882 11.93744329999987 11.93744329999987 11.93744329999987 474.47265625 480.16015625 39 39 1.0 0 26 26 0 0  1.5 1.5 0.7071067811865476 0.7071067811865476 0.47140452079103173 0.47140452079103173 1.0 1.0 1.0 1.0 1.0 1.0 2.0 2.0 3.0 3.0 0 0.0 0.0 0.0 0.0 0.0 0.0 0.0 0.0 0.0 0.0 0.0 0.0 0.0 0.0 0.0 0.0 1 26.0 0.0 0.0 26.0 26.0 26.0 26.0 26.0
48 16 3 1.0052745000000414 0.35180329999997184 0.0 1.3570778000000132 1.3570778000000132 1.3570778000000132 1.3570778000000132 430.140625 419.69921875 18 18 1.0 18 0 0 0 0  1.0 1.0 0.0 0.0 0.0 0.0 0.0 0.0 0.0 0.0 0.0 0.0 0.0 0.0 0.0 0.0 0 0.0 0.0 0.0 0.0 0.0 0.0 0.0 0.0 0.0 0.0 0.0 0.0 0.0 0.0 0.0 0.0 1 1.0 0.0 0.0 0.0 0.0 0.0 0.0 0.0
49 16 2 2.263601799999776 0.35296089999997093 0.0 2.616562699999747 3.9736404999997603 3.9736404999997603 3.9736404999997603 445.390625 438.36328125 26 26 1.0 26 18 18 0 0  1.4444444444444444 1.4444444444444444 0.8555852638929972 0.8555852638929972 0.5923282596182288 0.5923282596182288 1.0 1.0 1.0 1.0 1.0 1.0 1.75 1.75 4.0 4.0 0 0.0 0.0 0.0 0.0 0.0 0.0 0.0 0.0 0.0 0.0 0.0 0.0 0.0 0.0 0.0 0.0 1 18.0 0.0 0.0 18.0 18.0 18.0 18.0 18.0
50 16 1 5.258077299999968 2.221565400000202 0.0 7.47964270000017 11.45328319999993 11.45328319999993 11.45328319999993 481.3671875 486.92578125 39 39 1.0 0 26 26 0 0  1.5 1.5 0.812403840463596 0.812403840463596 0.5416025603090641 0.5416025603090641 1.0 1.0 1.0 1.0 1.0 1.0 2.0 2.0 4.0 4.0 0 0.0 0.0 0.0 0.0 0.0 0.0 0.0 0.0 0.0 0.0 0.0 0.0 0.0 0.0 0.0 0.0 1 26.0 0.0 0.0 26.0 26.0 26.0 26.0 26.0
51 17 3 1.0121648999999024 0.31129969999994955 0.0 1.323464599999852 1.323464599999852 1.323464599999852 1.323464599999852 438.83203125 428.953125 18 18 1.0 18 0 0 0 0  1.0 1.0 0.0 0.0 0.0 0.0 0.0 0.0 0.0 0.0 0.0 0.0 0.0 0.0 0.0 0.0 0 0.0 0.0 0.0 0.0 0.0 0.0 0.0 0.0 0.0 0.0 0.0 0.0 0.0 0.0 0.0 0.0 1 1.0 0.0 0.0 0.0 0.0 0.0 0.0 0.0
52 17 2 2.274232599999607 0.3894260999998096 0.0 2.6636586999994165 3.9871232999992685 3.9871232999992685 3.9871232999992685 453.3671875 446.5703125 26 26 1.0 26 18 18 0 0  1.4444444444444444 1.4444444444444444 1.0416176459053668 1.0416176459053668 0.7211199087037155 0.7211199087037155 1.0 1.0 1.0 1.0 1.0 1.0 1.0 1.0 5.0 5.0 0 0.0 0.0 0.0 0.0 0.0 0.0 0.0 0.0 0.0 0.0 0.0 0.0 0.0 0.0 0.0 0.0 1 18.0 0.0 0.0 18.0 18.0 18.0 18.0 18.0
53 17 1 5.2285373999999365 2.269813299999953 0.0 7.4983506999998895 11.485473999999158 11.485473999999158 11.485473999999158 488.35546875 493.33984375 39 39 1.0 0 26 26 0 0  1.5 1.5 0.7615773105863908 0.7615773105863908 0.5077182070575939 0.5077182070575939 1.0 1.0 1.0 1.0 1.0 1.0 2.0 2.0 4.0 4.0 0 0.0 0.0 0.0 0.0 0.0 0.0 0.0 0.0 0.0 0.0 0.0 0.0 0.0 0.0 0.0 0.0 1 26.0 0.0 0.0 26.0 26.0 26.0 26.0 26.0
54 18 3 1.0132873000000586 0.31914269999998623 0.0 1.3324300000000449 1.3324300000000449 1.3324300000000449 1.3324300000000449 447.26171875 436.8828125 18 18 1.0 18 0 0 0 0  1.0 1.0 0.0 0.0 0.0 0.0 0.0 0.0 0.0 0.0 0.0 0.0 0.0 0.0 0.0 0.0 0 0.0 0.0 0.0 0.0 0.0 0.0 0.0 0.0 0.0 0.0 0.0 0.0 0.0 0.0 0.0 0.0 1 1.0 0.0 0.0 0.0 0.0 0.0 0.0 0.0
55 18 2 2.265898800000059 0.5779922999998917 0.0 2.8438910999999507 4.176321099999996 4.176321099999996 4.176321099999996 464.2734375 457.328125 26 26 1.0 26 18 18 0 0  1.4444444444444444 1.4444444444444444 0.8555852638929972 0.8555852638929972 0.5923282596182288 0.5923282596182288 1.0 1.0 1.0 1.0 1.0 1.0 1.75 1.75 4.0 4.0 0 0.0 0.0 0.0 0.0 0.0 0.0 0.0 0.0 0.0 0.0 0.0 0.0 0.0 0.0 0.0 0.0 1 18.0 0.0 0.0 18.0 18.0 18.0 18.0 18.0
56 18 1 5.263785499999869 2.183482599999934 0.0 7.447268099999803 11.623589199999799 11.623589199999799 11.623589199999799 499.39453125 504.859375 39 39 1.0 0 26 26 0 0  1.5 1.5 0.7615773105863908 0.7615773105863908 0.5077182070575939 0.5077182070575939 1.0 1.0 1.0 1.0 1.0 1.0 2.0 2.0 4.0 4.0 0 0.0 0.0 0.0 0.0 0.0 0.0 0.0 0.0 0.0 0.0 0.0 0.0 0.0 0.0 0.0 0.0 1 26.0 0.0 0.0 26.0 26.0 26.0 26.0 26.0
57 19 3 1.00477810000001 0.4086982000000603 0.0 1.4134763000000703 1.4134763000000703 1.4134763000000703 1.4134763000000703 457.06640625 447.0 18 18 1.0 18 0 0 0 0  1.0 1.0 0.0 0.0 0.0 0.0 0.0 0.0 0.0 0.0 0.0 0.0 0.0 0.0 0.0 0.0 0 0.0 0.0 0.0 0.0 0.0 0.0 0.0 0.0 0.0 0.0 0.0 0.0 0.0 0.0 0.0 0.0 1 1.0 0.0 0.0 0.0 0.0 0.0 0.0 0.0
58 19 2 2.2599490000001765 0.3496253000001275 0.0 2.609574300000304 4.023050600000374 4.023050600000374 4.023050600000374 471.6484375 464.78125 26 26 1.0 26 18 18 0 0  1.4444444444444444 1.4444444444444444 0.9835244081556433 0.9835244081556433 0.6809015133385223 0.6809015133385223 1.0 1.0 1.0 1.0 1.0 1.0 1.75 1.75 5.0 5.0 0 0.0 0.0 0.0 0.0 0.0 0.0 0.0 0.0 0.0 0.0 0.0 0.0 0.0 0.0 0.0 0.0 1 18.0 0.0 0.0 18.0 18.0 18.0 18.0 18.0
59 19 1 5.248483299999748 2.348775899999964 0.0 7.597259199999712 11.620309800000086 11.620309800000086 11.620309800000086 510.05078125 516.1640625 39 39 1.0 0 26 26 0 0  1.5 1.5 0.648074069840786 0.648074069840786 0.43204937989385733 0.43204937989385733 1.0 1.0 1.0 1.0 1.0 1.0 2.0 2.0 3.0 3.0 0 0.0 0.0 0.0 0.0 0.0 0.0 0.0 0.0 0.0 0.0 0.0 0.0 0.0 0.0 0.0 0.0 1 26.0 0.0 0.0 26.0 26.0 26.0 26.0 26.0
60 20 3 1.0014315999998757 0.4299298999999337 0.0 1.4313614999998094 1.4313614999998094 1.4313614999998094 1.4313614999998094 465.89453125 455.81640625 18 18 1.0 18 0 0 0 0  1.0 1.0 0.0 0.0 0.0 0.0 0.0 0.0 0.0 0.0 0.0 0.0 0.0 0.0 0.0 0.0 0 0.0 0.0 0.0 0.0 0.0 0.0 0.0 0.0 0.0 0.0 0.0 0.0 0.0 0.0 0.0 0.0 1 1.0 0.0 0.0 0.0 0.0 0.0 0.0 0.0
61 20 2 2.2705433000000994 0.37568050000015774 0.0 2.646223800000257 4.077585300000067 4.077585300000067 4.077585300000067 480.30078125 473.52734375 26 26 1.0 26 18 18 0 0  1.4444444444444444 1.4444444444444444 0.7838233761296739 0.7838233761296739 0.5426469527051588 0.5426469527051588 1.0 1.0 1.0 1.0 1.0 1.0 2.0 2.0 4.0 4.0 0 0.0 0.0 0.0 0.0 0.0 0.0 0.0 0.0 0.0 0.0 0.0 0.0 0.0 0.0 0.0 0.0 1 18.0 0.0 0.0 18.0 18.0 18.0 18.0 18.0
62 20 1 5.224228100000005 1.6504612999997335 0.0 6.874689399999738 10.952274699999805 10.952274699999805 10.952274699999805 514.65234375 519.6953125 39 39 1.0 0 26 26 0 0  1.5 1.5 0.648074069840786 0.648074069840786 0.43204937989385733 0.43204937989385733 1.0 1.0 1.0 1.0 1.0 1.0 2.0 2.0 3.0 3.0 0 0.0 0.0 0.0 0.0 0.0 0.0 0.0 0.0 0.0 0.0 0.0 0.0 0.0 0.0 0.0 0.0 1 26.0 0.0 0.0 26.0 26.0 26.0 26.0 26.0
63 21 3 1.0113377000001265 0.29711600000007365 0.0 1.3084537000002001 1.3084537000002001 1.3084537000002001 1.3084537000002001 475.10546875 464.74609375 18 18 1.0 18 0 0 0 0  1.0 1.0 0.0 0.0 0.0 0.0 0.0 0.0 0.0 0.0 0.0 0.0 0.0 0.0 0.0 0.0 0 0.0 0.0 0.0 0.0 0.0 0.0 0.0 0.0 0.0 0.0 0.0 0.0 0.0 0.0 0.0 0.0 1 1.0 0.0 0.0 0.0 0.0 0.0 0.0 0.0
64 21 2 2.2787232999999674 0.35054309999992483 0.0 2.629266399999892 3.9377201000000923 3.9377201000000923 3.9377201000000923 488.03515625 480.94140625 26 26 1.0 26 18 18 0 0  1.4444444444444444 1.4444444444444444 0.8555852638929972 0.8555852638929972 0.5923282596182288 0.5923282596182288 1.0 1.0 1.0 1.0 1.0 1.0 1.75 1.75 4.0 4.0 0 0.0 0.0 0.0 0.0 0.0 0.0 0.0 0.0 0.0 0.0 0.0 0.0 0.0 0.0 0.0 0.0 1 18.0 0.0 0.0 18.0 18.0 18.0 18.0 18.0
65 21 1 5.218749699999876 2.133276599999874 0.0 7.35202629999975 11.289746399999842 11.289746399999842 11.289746399999842 526.1640625 531.578125 39 39 1.0 0 26 26 0 0  1.5 1.5 0.648074069840786 0.648074069840786 0.43204937989385733 0.43204937989385733 1.0 1.0 1.0 1.0 1.0 1.0 2.0 2.0 3.0 3.0 0 0.0 0.0 0.0 0.0 0.0 0.0 0.0 0.0 0.0 0.0 0.0 0.0 0.0 0.0 0.0 0.0 1 26.0 0.0 0.0 26.0 26.0 26.0 26.0 26.0
66 22 3 1.0078516999998897 0.40732409999998254 0.0 1.4151757999998722 1.4151757999998722 1.4151757999998722 1.4151757999998722 482.51171875 472.14453125 18 18 1.0 18 0 0 0 0  1.0 1.0 0.0 0.0 0.0 0.0 0.0 0.0 0.0 0.0 0.0 0.0 0.0 0.0 0.0 0.0 0 0.0 0.0 0.0 0.0 0.0 0.0 0.0 0.0 0.0 0.0 0.0 0.0 0.0 0.0 0.0 0.0 1 1.0 0.0 0.0 0.0 0.0 0.0 0.0 0.0
67 22 2 2.266539600000158 0.37306939999984934 0.0 2.639609000000007 4.054784799999879 4.054784799999879 4.054784799999879 496.171875 489.23046875 26 26 1.0 26 18 18 0 0  1.4444444444444444 1.4444444444444444 0.7838233761296739 0.7838233761296739 0.5426469527051588 0.5426469527051588 1.0 1.0 1.0 1.0 1.0 1.0 1.75 1.75 3.0 3.0 0 0.0 0.0 0.0 0.0 0.0 0.0 0.0 0.0 0.0 0.0 0.0 0.0 0.0 0.0 0.0 0.0 1 18.0 0.0 0.0 18.0 18.0 18.0 18.0 18.0
68 22 1 5.299940899999797 2.590521300000148 0.0 7.890462199999945 11.945246999999824 11.945246999999824 11.945246999999824 535.65625 541.58203125 39 39 1.0 0 26 26 0 0  1.5 1.5 0.5830951894845301 0.5830951894845301 0.38873012632302006 0.38873012632302006 1.0 1.0 1.0 1.0 1.0 1.0 2.0 2.0 3.0 3.0 0 0.0 0.0 0.0 0.0 0.0 0.0 0.0 0.0 0.0 0.0 0.0 0.0 0.0 0.0 0.0 0.0 1 26.0 0.0 0.0 26.0 26.0 26.0 26.0 26.0
69 23 3 1.0103716000000418 0.36634139999989657 0.0 1.3767129999999383 1.3767129999999383 1.3767129999999383 1.3767129999999383 489.765625 479.3984375 18 18 1.0 18 0 0 0 0  1.0 1.0 0.0 0.0 0.0 0.0 0.0 0.0 0.0 0.0 0.0 0.0 0.0 0.0 0.0 0.0 0 0.0 0.0 0.0 0.0 0.0 0.0 0.0 0.0 0.0 0.0 0.0 0.0 0.0 0.0 0.0 0.0 1 1.0 0.0 0.0 0.0 0.0 0.0 0.0 0.0
70 23 2 2.265629500000159 0.38324030000018183 0.0 2.648869800000341 4.025582800000279 4.025582800000279 4.025582800000279 506.6875 499.71875 26 26 1.0 26 18 18 0 0  1.4444444444444444 1.4444444444444444 0.7047921864945659 0.7047921864945659 0.4879330521885456 0.4879330521885456 1.0 1.0 1.0 1.0 1.0 1.0 2.0 2.0 3.0 3.0 0 0.0 0.0 0.0 0.0 0.0 0.0 0.0 0.0 0.0 0.0 0.0 0.0 0.0 0.0 0.0 0.0 1 18.0 0.0 0.0 18.0 18.0 18.0 18.0 18.0
71 23 1 5.235746299999789 1.8740092000002164 0.0 7.109755500000006 11.135338300000285 11.135338300000285 11.135338300000285 541.5 547.65234375 39 39 1.0 0 26 26 0 0  1.5 1.5 0.7071067811865476 0.7071067811865476 0.47140452079103173 0.47140452079103173 1.0 1.0 1.0 1.0 1.0 1.0 2.0 2.0 4.0 4.0 0 0.0 0.0 0.0 0.0 0.0 0.0 0.0 0.0 0.0 0.0 0.0 0.0 0.0 0.0 0.0 0.0 1 26.0 0.0 0.0 26.0 26.0 26.0 26.0 26.0
72 24 3 1.0120091999999659 0.6514019000001099 0.0 1.6634111000000757 1.6634111000000757 1.6634111000000757 1.6634111000000757 497.83203125 487.82421875 18 18 1.0 18 0 0 0 0  1.0 1.0 0.0 0.0 0.0 0.0 0.0 0.0 0.0 0.0 0.0 0.0 0.0 0.0 0.0 0.0 0 0.0 0.0 0.0 0.0 0.0 0.0 0.0 0.0 0.0 0.0 0.0 0.0 0.0 0.0 0.0 0.0 1 1.0 0.0 0.0 0.0 0.0 0.0 0.0 0.0
73 24 2 2.279468999999949 0.36625180000021373 0.0 2.645720800000163 4.309131900000239 4.309131900000239 4.309131900000239 511.32421875 504.3671875 26 26 1.0 26 18 18 0 0  1.4444444444444444 1.4444444444444444 0.7838233761296739 0.7838233761296739 0.5426469527051588 0.5426469527051588 1.0 1.0 1.0 1.0 1.0 1.0 1.75 1.75 3.0 3.0 0 0.0 0.0 0.0 0.0 0.0 0.0 0.0 0.0 0.0 0.0 0.0 0.0 0.0 0.0 0.0 0.0 1 18.0 0.0 0.0 18.0 18.0 18.0 18.0 18.0
74 24 1 5.237137399999881 2.4116771000000767 0.0 7.648814499999958 11.957946400000196 11.957946400000196 11.957946400000196 552.359375 558.6796875 39 39 1.0 0 26 26 0 0  1.5 1.5 0.9055385138137416 0.9055385138137416 0.6036923425424944 0.6036923425424944 1.0 1.0 1.0 1.0 1.0 1.0 2.0 2.0 5.0 5.0 0 0.0 0.0 0.0 0.0 0.0 0.0 0.0 0.0 0.0 0.0 0.0 0.0 0.0 0.0 0.0 0.0 1 26.0 0.0 0.0 26.0 26.0 26.0 26.0 26.0
