 RU AL GT ST OT TT LT CT WT RSS VMS LE AC CF PSG CSGSS CSGS TOT_CHOICES PRE_CHOICES FGOALS_ORDER CP_EF_L CP_EF_A SP_ED_L SP_ED_A SP_EB_L SP_EB_A SP_MIN_L SP_MIN_A SP_LOWER_L SP_LOWER_A SP_MED_L SP_MED_A SP_UPPER_L SP_UPPER_A SP_MAX_L SP_MAX_A DS_T DS_TD_MEAN DS_TD_STD DS_TD_CD DS_TD_MIN DS_TD_LOWER DS_TD_MED DS_TD_UPPER DS_TD_MAX DS_TS_MEAN DS_TS_STD DS_TS_CD DS_TS_MIN DS_TS_LOWER DS_TS_MED DS_TS_UPPER DS_TS_MAX PR_T PR_TS_MEAN PR_TS_STD PR_TS_CD PR_TS_MIN PR_TS_LOWER PR_TS_MED PR_TS_UPPER PR_TS_MAX
0 0 3 0.9996376999999725 0.3721579999999989 0.0 1.3717956999999714 1.3717956999999714 1.3717956999999714 1.3717956999999714 295.8515625 288.93359375 18 18 1.0 18 0 0 0 0  1.0 1.0 0.0 0.0 0.0 0.0 0.0 0.0 0.0 0.0 0.0 0.0 0.0 0.0 0.0 0.0 0 0.0 0.0 0.0 0.0 0.0 0.0 0.0 0.0 0.0 0.0 0.0 0.0 0.0 0.0 0.0 0.0 1 1.0 0.0 0.0 0.0 0.0 0.0 0.0 0.0
1 0 2 3.1665026000000154 0.9945906000000377 0.016029900000027908 4.177123100000081 5.548918800000052 5.548918800000052 5.548918800000052 374.73828125 375.56640625 34 34 1.0 34 18 18 0 0  1.8888888888888888 1.8888888888888888 2.138963159732493 2.138963159732493 1.1323922610348491 1.1323922610348491 1.0 1.0 1.0 1.0 1.0 1.0 2.0 2.0 10.0 10.0 0 0.0 0.0 0.0 0.0 0.0 0.0 0.0 0.0 0.0 0.0 0.0 0.0 0.0 0.0 0.0 0.0 1 18.0 0.0 0.0 18.0 18.0 18.0 18.0 18.0
2 0 1 9.066381300000039 7.519887699999963 0.028562900000011382 16.614831900000013 22.163750700000065 22.163750700000065 22.163750700000065 551.515625 548.28515625 55 55 1.0 0 34 34 0 0  1.6176470588235294 1.6176470588235294 1.01547737340631 1.01547737340631 0.6277496490148099 0.6277496490148099 1.0 1.0 1.0 1.0 1.0 1.0 2.0 2.0 6.0 6.0 0 0.0 0.0 0.0 0.0 0.0 0.0 0.0 0.0 0.0 0.0 0.0 0.0 0.0 0.0 0.0 0.0 1 34.0 0.0 0.0 34.0 34.0 34.0 34.0 34.0
3 1 3 0.9978963999999877 0.40916850000000693 0.0 1.4070648999999946 1.4070648999999946 1.4070648999999946 1.4070648999999946 304.9375 297.73828125 18 18 1.0 18 0 0 0 0  1.0 1.0 0.0 0.0 0.0 0.0 0.0 0.0 0.0 0.0 0.0 0.0 0.0 0.0 0.0 0.0 0 0.0 0.0 0.0 0.0 0.0 0.0 0.0 0.0 0.0 0.0 0.0 0.0 0.0 0.0 0.0 0.0 1 1.0 0.0 0.0 0.0 0.0 0.0 0.0 0.0
4 1 2 3.14068290000003 1.0302218999999724 0.01478869999999688 4.185693499999999 5.592758399999994 5.592758399999994 5.592758399999994 391.66796875 391.3359375 34 34 1.0 34 18 18 0 0  1.8888888888888888 1.8888888888888888 2.166289559942608 2.166289559942608 1.1468591787931455 1.1468591787931455 1.0 1.0 1.0 1.0 1.0 1.0 1.75 1.75 10.0 10.0 0 0.0 0.0 0.0 0.0 0.0 0.0 0.0 0.0 0.0 0.0 0.0 0.0 0.0 0.0 0.0 0.0 1 18.0 0.0 0.0 18.0 18.0 18.0 18.0 18.0
5 1 1 9.08267440000003 6.636004000000085 0.029887500000000955 15.748565900000116 21.34132430000011 21.34132430000011 21.34132430000011 551.6953125 547.75 55 55 1.0 0 34 34 0 0  1.6176470588235294 1.6176470588235294 0.985184366143778 0.985184366143778 0.6090230627070627 0.6090230627070627 1.0 1.0 1.0 1.0 1.0 1.0 2.0 2.0 6.0 6.0 0 0.0 0.0 0.0 0.0 0.0 0.0 0.0 0.0 0.0 0.0 0.0 0.0 0.0 0.0 0.0 0.0 1 34.0 0.0 0.0 34.0 34.0 34.0 34.0 34.0
6 2 3 0.9982431999999903 0.3669360000000239 0.0 1.3651792000000142 1.3651792000000142 1.3651792000000142 1.3651792000000142 314.109375 305.86328125 18 18 1.0 18 0 0 0 0  1.0 1.0 0.0 0.0 0.0 0.0 0.0 0.0 0.0 0.0 0.0 0.0 0.0 0.0 0.0 0.0 0 0.0 0.0 0.0 0.0 0.0 0.0 0.0 0.0 0.0 0.0 0.0 0.0 0.0 0.0 0.0 0.0 1 1.0 0.0 0.0 0.0 0.0 0.0 0.0 0.0
7 2 2 3.168014199999945 1.0174941000000501 0.015113099999993551 4.200621399999989 5.565800600000003 5.565800600000003 5.565800600000003 405.80859375 406.98828125 34 34 1.0 34 18 18 0 0  1.8888888888888888 1.8888888888888888 2.138963159732493 2.138963159732493 1.1323922610348491 1.1323922610348491 1.0 1.0 1.0 1.0 1.0 1.0 2.0 2.0 10.0 10.0 0 0.0 0.0 0.0 0.0 0.0 0.0 0.0 0.0 0.0 0.0 0.0 0.0 0.0 0.0 0.0 0.0 1 18.0 0.0 0.0 18.0 18.0 18.0 18.0 18.0
8 2 1 9.014273300000028 5.954466000000025 0.02846769999995047 14.997207000000003 20.563007600000006 20.563007600000006 20.563007600000006 567.953125 564.2265625 55 55 1.0 0 34 34 0 0  1.6176470588235294 1.6176470588235294 1.1013684568382918 1.1013684568382918 0.6808459551363986 0.6808459551363986 1.0 1.0 1.0 1.0 1.0 1.0 2.0 2.0 6.0 6.0 0 0.0 0.0 0.0 0.0 0.0 0.0 0.0 0.0 0.0 0.0 0.0 0.0 0.0 0.0 0.0 0.0 1 34.0 0.0 0.0 34.0 34.0 34.0 34.0 34.0
9 3 3 0.9993436000000884 0.3374721000000136 0.0 1.336815700000102 1.336815700000102 1.336815700000102 1.336815700000102 326.73046875 318.78515625 18 18 1.0 18 0 0 0 0  1.0 1.0 0.0 0.0 0.0 0.0 0.0 0.0 0.0 0.0 0.0 0.0 0.0 0.0 0.0 0.0 0 0.0 0.0 0.0 0.0 0.0 0.0 0.0 0.0 0.0 0.0 0.0 0.0 0.0 0.0 0.0 0.0 1 1.0 0.0 0.0 0.0 0.0 0.0 0.0 0.0
10 3 2 3.134402599999987 1.030059300000005 0.015356299999979228 4.179818199999971 5.516633900000073 5.516633900000073 5.516633900000073 412.484375 410.5390625 34 34 1.0 34 18 18 0 0  1.8888888888888888 1.8888888888888888 2.193275522213265 2.193275522213265 1.1611458647011403 1.1611458647011403 1.0 1.0 1.0 1.0 1.0 1.0 1.75 1.75 10.0 10.0 0 0.0 0.0 0.0 0.0 0.0 0.0 0.0 0.0 0.0 0.0 0.0 0.0 0.0 0.0 0.0 0.0 1 18.0 0.0 0.0 18.0 18.0 18.0 18.0 18.0
11 3 1 9.004729999999967 5.985079300000137 0.028808899999944515 15.018618200000049 20.535252100000122 20.535252100000122 20.535252100000122 576.140625 572.93359375 55 55 1.0 0 34 34 0 0  1.6176470588235294 1.6176470588235294 1.01547737340631 1.01547737340631 0.6277496490148099 0.6277496490148099 1.0 1.0 1.0 1.0 1.0 1.0 2.0 2.0 6.0 6.0 0 0.0 0.0 0.0 0.0 0.0 0.0 0.0 0.0 0.0 0.0 0.0 0.0 0.0 0.0 0.0 0.0 1 34.0 0.0 0.0 34.0 34.0 34.0 34.0 34.0
12 4 3 1.0061415999999213 0.36163139999996474 0.0 1.367772999999886 1.367772999999886 1.367772999999886 1.367772999999886 343.48828125 335.7265625 18 18 1.0 18 0 0 0 0  1.0 1.0 0.0 0.0 0.0 0.0 0.0 0.0 0.0 0.0 0.0 0.0 0.0 0.0 0.0 0.0 0 0.0 0.0 0.0 0.0 0.0 0.0 0.0 0.0 0.0 0.0 0.0 0.0 0.0 0.0 0.0 0.0 1 1.0 0.0 0.0 0.0 0.0 0.0 0.0 0.0
13 4 2 3.18761980000005 1.0840957999999716 0.015168699999918545 4.28688429999994 5.654657299999826 5.654657299999826 5.654657299999826 433.16015625 433.0078125 34 34 1.0 34 18 18 0 0  1.8888888888888888 1.8888888888888888 2.166289559942608 2.166289559942608 1.1468591787931455 1.1468591787931455 1.0 1.0 1.0 1.0 1.0 1.0 2.0 2.0 10.0 10.0 0 0.0 0.0 0.0 0.0 0.0 0.0 0.0 0.0 0.0 0.0 0.0 0.0 0.0 0.0 0.0 0.0 1 18.0 0.0 0.0 18.0 18.0 18.0 18.0 18.0
14 4 1 8.518226199999987 5.750471299999987 0.02885380000003579 14.29755130000001 19.952208599999835 19.952208599999835 19.952208599999835 576.69140625 574.7578125 53 53 1.0 0 34 34 0 0  1.5588235294117647 1.5588235294117647 0.9905975078001625 0.9905975078001625 0.6354776465133118 0.6354776465133118 1.0 1.0 1.0 1.0 1.0 1.0 2.0 2.0 6.0 6.0 0 0.0 0.0 0.0 0.0 0.0 0.0 0.0 0.0 0.0 0.0 0.0 0.0 0.0 0.0 0.0 0.0 1 34.0 0.0 0.0 34.0 34.0 34.0 34.0 34.0
15 5 3 0.9971372000001111 0.3569806999999514 0.0 1.3541179000000625 1.3541179000000625 1.3541179000000625 1.3541179000000625 459.32421875 450.26953125 18 18 1.0 18 0 0 0 0  1.0 1.0 0.0 0.0 0.0 0.0 0.0 0.0 0.0 0.0 0.0 0.0 0.0 0.0 0.0 0.0 0 0.0 0.0 0.0 0.0 0.0 0.0 0.0 0.0 0.0 0.0 0.0 0.0 0.0 0.0 0.0 0.0 1 1.0 0.0 0.0 0.0 0.0 0.0 0.0 0.0
16 5 2 3.1688187000000028 1.0587771999999518 0.015669200000019146 4.243265099999974 5.597383000000036 5.597383000000036 5.597383000000036 479.52734375 471.82421875 34 34 1.0 34 18 18 0 0  1.8888888888888888 1.8888888888888888 2.166289559942608 2.166289559942608 1.1468591787931455 1.1468591787931455 1.0 1.0 1.0 1.0 1.0 1.0 2.0 2.0 10.0 10.0 0 0.0 0.0 0.0 0.0 0.0 0.0 0.0 0.0 0.0 0.0 0.0 0.0 0.0 0.0 0.0 0.0 1 18.0 0.0 0.0 18.0 18.0 18.0 18.0 18.0
17 5 1 9.013144800000106 8.255380000000002 0.027865399999996043 17.296390200000104 22.89377320000014 22.89377320000014 22.89377320000014 599.9296875 597.2734375 55 55 1.0 0 34 34 0 0  1.6176470588235294 1.6176470588235294 1.0448925095464312 1.0448925095464312 0.6459335513559756 0.6459335513559756 1.0 1.0 1.0 1.0 1.0 1.0 2.0 2.0 6.0 6.0 0 0.0 0.0 0.0 0.0 0.0 0.0 0.0 0.0 0.0 0.0 0.0 0.0 0.0 0.0 0.0 0.0 1 34.0 0.0 0.0 34.0 34.0 34.0 34.0 34.0
18 6 3 1.0291430000000048 0.3501906000000474 0.0 1.3793336000000522 1.3793336000000522 1.3793336000000522 1.3793336000000522 471.40234375 462.8828125 18 18 1.0 18 0 0 0 0  1.0 1.0 0.0 0.0 0.0 0.0 0.0 0.0 0.0 0.0 0.0 0.0 0.0 0.0 0.0 0.0 0 0.0 0.0 0.0 0.0 0.0 0.0 0.0 0.0 0.0 0.0 0.0 0.0 0.0 0.0 0.0 0.0 1 1.0 0.0 0.0 0.0 0.0 0.0 0.0 0.0
19 6 2 3.1684189000000345 0.9926995999998951 0.014483000000069524 4.175601499999999 5.554935100000051 5.554935100000051 5.554935100000051 494.078125 487.25390625 34 34 1.0 34 18 18 0 0  1.8888888888888888 1.8888888888888888 2.2462750575089703 2.2462750575089703 1.1892044422106314 1.1892044422106314 1.0 1.0 1.0 1.0 1.0 1.0 1.75 1.75 10.0 10.0 0 0.0 0.0 0.0 0.0 0.0 0.0 0.0 0.0 0.0 0.0 0.0 0.0 0.0 0.0 0.0 0.0 1 18.0 0.0 0.0 18.0 18.0 18.0 18.0 18.0
20 6 1 8.98836840000007 6.61970580000002 0.028524000000004435 15.636598200000094 21.191533300000145 21.191533300000145 21.191533300000145 623.04296875 620.05078125 55 55 1.0 0 34 34 0 0  1.6176470588235294 1.6176470588235294 1.0735019408982454 1.0735019408982454 0.6636193816461881 0.6636193816461881 1.0 1.0 1.0 1.0 1.0 1.0 2.0 2.0 6.0 6.0 0 0.0 0.0 0.0 0.0 0.0 0.0 0.0 0.0 0.0 0.0 0.0 0.0 0.0 0.0 0.0 0.0 1 34.0 0.0 0.0 34.0 34.0 34.0 34.0 34.0
21 7 3 1.00395069999999 0.3933729000000028 0.0 1.397323599999993 1.397323599999993 1.397323599999993 1.397323599999993 492.12890625 483.23046875 18 18 1.0 18 0 0 0 0  1.0 1.0 0.0 0.0 0.0 0.0 0.0 0.0 0.0 0.0 0.0 0.0 0.0 0.0 0.0 0.0 0 0.0 0.0 0.0 0.0 0.0 0.0 0.0 0.0 0.0 0.0 0.0 0.0 0.0 0.0 0.0 0.0 1 1.0 0.0 0.0 0.0 0.0 0.0 0.0 0.0
22 7 2 3.1715695000001176 1.004343099999943 0.014935200000024906 4.1908478000000855 5.588171400000078 5.588171400000078 5.588171400000078 513.40234375 505.77734375 34 34 1.0 34 18 18 0 0  1.8888888888888888 1.8888888888888888 2.166289559942608 2.166289559942608 1.1468591787931455 1.1468591787931455 1.0 1.0 1.0 1.0 1.0 1.0 2.0 2.0 10.0 10.0 0 0.0 0.0 0.0 0.0 0.0 0.0 0.0 0.0 0.0 0.0 0.0 0.0 0.0 0.0 0.0 0.0 1 18.0 0.0 0.0 18.0 18.0 18.0 18.0 18.0
23 7 1 9.010751099999908 6.0869160000000875 0.027962000000030685 15.125629100000026 20.713800500000104 20.713800500000104 20.713800500000104 634.65234375 631.60546875 55 55 1.0 0 34 34 0 0  1.6176470588235294 1.6176470588235294 1.01547737340631 1.01547737340631 0.6277496490148099 0.6277496490148099 1.0 1.0 1.0 1.0 1.0 1.0 2.0 2.0 6.0 6.0 0 0.0 0.0 0.0 0.0 0.0 0.0 0.0 0.0 0.0 0.0 0.0 0.0 0.0 0.0 0.0 0.0 1 34.0 0.0 0.0 34.0 34.0 34.0 34.0 34.0
24 8 3 0.9969398000000069 0.3562038999999686 0.0 1.3531436999999755 1.3531436999999755 1.3531436999999755 1.3531436999999755 504.76953125 496.16796875 18 18 1.0 18 0 0 0 0  1.0 1.0 0.0 0.0 0.0 0.0 0.0 0.0 0.0 0.0 0.0 0.0 0.0 0.0 0.0 0.0 0 0.0 0.0 0.0 0.0 0.0 0.0 0.0 0.0 0.0 0.0 0.0 0.0 0.0 0.0 0.0 0.0 1 1.0 0.0 0.0 0.0 0.0 0.0 0.0 0.0
25 8 2 3.1505066 1.177712499999899 0.014989700000057837 4.343208799999957 5.696352499999932 5.696352499999932 5.696352499999932 524.9921875 517.734375 34 34 1.0 34 18 18 0 0  1.8888888888888888 1.8888888888888888 2.166289559942608 2.166289559942608 1.1468591787931455 1.1468591787931455 1.0 1.0 1.0 1.0 1.0 1.0 2.0 2.0 10.0 10.0 0 0.0 0.0 0.0 0.0 0.0 0.0 0.0 0.0 0.0 0.0 0.0 0.0 0.0 0.0 0.0 0.0 1 18.0 0.0 0.0 18.0 18.0 18.0 18.0 18.0
26 8 1 9.024055300000043 5.6911713999999165 0.029726499999981115 14.74495319999994 20.441305699999873 20.441305699999873 20.441305699999873 647.0703125 643.77734375 55 55 1.0 0 34 34 0 0  1.6176470588235294 1.6176470588235294 0.985184366143778 0.985184366143778 0.6090230627070627 0.6090230627070627 1.0 1.0 1.0 1.0 1.0 1.0 2.0 2.0 6.0 6.0 0 0.0 0.0 0.0 0.0 0.0 0.0 0.0 0.0 0.0 0.0 0.0 0.0 0.0 0.0 0.0 0.0 1 34.0 0.0 0.0 34.0 34.0 34.0 34.0 34.0
27 9 3 0.9983478999999988 0.4943689000001541 0.0 1.492716800000153 1.492716800000153 1.492716800000153 1.492716800000153 433.1640625 426.4921875 18 18 1.0 18 0 0 0 0  1.0 1.0 0.0 0.0 0.0 0.0 0.0 0.0 0.0 0.0 0.0 0.0 0.0 0.0 0.0 0.0 0 0.0 0.0 0.0 0.0 0.0 0.0 0.0 0.0 0.0 0.0 0.0 0.0 0.0 0.0 0.0 0.0 1 1.0 0.0 0.0 0.0 0.0 0.0 0.0 0.0
28 9 2 3.1870900000001825 1.0269199999999614 0.015079400000047372 4.229089400000191 5.721806200000344 5.721806200000344 5.721806200000344 504.91015625 504.96875 34 34 1.0 34 18 18 0 0  1.8888888888888888 1.8888888888888888 2.2462750575089703 2.2462750575089703 1.1892044422106314 1.1892044422106314 1.0 1.0 1.0 1.0 1.0 1.0 1.75 1.75 10.0 10.0 0 0.0 0.0 0.0 0.0 0.0 0.0 0.0 0.0 0.0 0.0 0.0 0.0 0.0 0.0 0.0 0.0 1 18.0 0.0 0.0 18.0 18.0 18.0 18.0 18.0
29 9 1 8.545314499999847 6.461936799999933 0.02780379999961724 15.035055099999397 20.75686129999974 20.75686129999974 20.75686129999974 648.765625 647.91015625 53 53 1.0 0 34 34 0 0  1.5588235294117647 1.5588235294117647 1.0207298776199087 1.0207298776199087 0.6548078460203188 0.6548078460203188 1.0 1.0 1.0 1.0 1.0 1.0 2.0 2.0 6.0 6.0 0 0.0 0.0 0.0 0.0 0.0 0.0 0.0 0.0 0.0 0.0 0.0 0.0 0.0 0.0 0.0 0.0 1 34.0 0.0 0.0 34.0 34.0 34.0 34.0 34.0
30 10 3 1.0017681000001062 0.48626730000006546 0.0 1.4880354000001716 1.4880354000001716 1.4880354000001716 1.4880354000001716 532.109375 523.765625 18 18 1.0 18 0 0 0 0  1.0 1.0 0.0 0.0 0.0 0.0 0.0 0.0 0.0 0.0 0.0 0.0 0.0 0.0 0.0 0.0 0 0.0 0.0 0.0 0.0 0.0 0.0 0.0 0.0 0.0 0.0 0.0 0.0 0.0 0.0 0.0 0.0 1 1.0 0.0 0.0 0.0 0.0 0.0 0.0 0.0
31 10 2 3.1707045999998513 1.0211008999997944 0.01483840000020109 4.206643899999847 5.694679300000018 5.694679300000018 5.694679300000018 552.32421875 545.30078125 34 34 1.0 34 18 18 0 0  1.8888888888888888 1.8888888888888888 2.138963159732493 2.138963159732493 1.1323922610348491 1.1323922610348491 1.0 1.0 1.0 1.0 1.0 1.0 2.0 2.0 10.0 10.0 0 0.0 0.0 0.0 0.0 0.0 0.0 0.0 0.0 0.0 0.0 0.0 0.0 0.0 0.0 0.0 0.0 1 18.0 0.0 0.0 18.0 18.0 18.0 18.0 18.0
32 10 1 8.987698600000044 6.947664100000225 0.028443000000095253 15.963805700000364 21.658485000000383 21.658485000000383 21.658485000000383 673.38671875 670.58203125 55 55 1.0 0 34 34 0 0  1.6176470588235294 1.6176470588235294 1.01547737340631 1.01547737340631 0.6277496490148099 0.6277496490148099 1.0 1.0 1.0 1.0 1.0 1.0 2.0 2.0 6.0 6.0 0 0.0 0.0 0.0 0.0 0.0 0.0 0.0 0.0 0.0 0.0 0.0 0.0 0.0 0.0 0.0 0.0 1 34.0 0.0 0.0 34.0 34.0 34.0 34.0 34.0
33 11 3 1.0010892000000808 0.400531199999989 0.0 1.4016204000000698 1.4016204000000698 1.4016204000000698 1.4016204000000698 544.171875 535.64453125 18 18 1.0 18 0 0 0 0  1.0 1.0 0.0 0.0 0.0 0.0 0.0 0.0 0.0 0.0 0.0 0.0 0.0 0.0 0.0 0.0 0 0.0 0.0 0.0 0.0 0.0 0.0 0.0 0.0 0.0 0.0 0.0 0.0 0.0 0.0 0.0 0.0 1 1.0 0.0 0.0 0.0 0.0 0.0 0.0 0.0
34 11 2 3.1908678000001487 0.8871626000001811 0.015082300000017312 4.093112700000347 5.494733100000417 5.494733100000417 5.494733100000417 564.36328125 557.1953125 34 34 1.0 34 18 18 0 0  1.8888888888888888 1.8888888888888888 2.193275522213265 2.193275522213265 1.1611458647011403 1.1611458647011403 1.0 1.0 1.0 1.0 1.0 1.0 1.75 1.75 10.0 10.0 0 0.0 0.0 0.0 0.0 0.0 0.0 0.0 0.0 0.0 0.0 0.0 0.0 0.0 0.0 0.0 0.0 1 18.0 0.0 0.0 18.0 18.0 18.0 18.0 18.0
35 11 1 9.06317520000016 8.585687900000039 0.02819300000015801 17.677056100000357 23.171789200000774 23.171789200000774 23.171789200000774 689.46484375 686.5390625 55 55 1.0 0 34 34 0 0  1.6176470588235294 1.6176470588235294 1.0448925095464312 1.0448925095464312 0.6459335513559756 0.6459335513559756 1.0 1.0 1.0 1.0 1.0 1.0 2.0 2.0 6.0 6.0 0 0.0 0.0 0.0 0.0 0.0 0.0 0.0 0.0 0.0 0.0 0.0 0.0 0.0 0.0 0.0 0.0 1 34.0 0.0 0.0 34.0 34.0 34.0 34.0 34.0
36 12 3 1.0063968999999702 0.40493779999991375 0.0 1.411334699999884 1.411334699999884 1.411334699999884 1.411334699999884 476.74609375 471.24609375 18 18 1.0 18 0 0 0 0  1.0 1.0 0.0 0.0 0.0 0.0 0.0 0.0 0.0 0.0 0.0 0.0 0.0 0.0 0.0 0.0 0 0.0 0.0 0.0 0.0 0.0 0.0 0.0 0.0 0.0 0.0 0.0 0.0 0.0 0.0 0.0 0.0 1 1.0 0.0 0.0 0.0 0.0 0.0 0.0 0.0
37 12 2 3.1552557000000547 0.8346510999996894 0.015018399999917165 4.004925199999661 5.416259899999545 5.416259899999545 5.416259899999545 548.3984375 546.16015625 34 34 1.0 34 18 18 0 0  1.8888888888888888 1.8888888888888888 2.193275522213265 2.193275522213265 1.1611458647011403 1.1611458647011403 1.0 1.0 1.0 1.0 1.0 1.0 1.75 1.75 10.0 10.0 0 0.0 0.0 0.0 0.0 0.0 0.0 0.0 0.0 0.0 0.0 0.0 0.0 0.0 0.0 0.0 0.0 1 18.0 0.0 0.0 18.0 18.0 18.0 18.0 18.0
38 12 1 9.011844999999994 8.648146500000053 0.027972100000056344 17.687963600000103 23.104223499999648 23.104223499999648 23.104223499999648 700.17578125 697.796875 55 55 1.0 0 34 34 0 0  1.6176470588235294 1.6176470588235294 1.0735019408982454 1.0735019408982454 0.6636193816461881 0.6636193816461881 1.0 1.0 1.0 1.0 1.0 1.0 2.0 2.0 6.0 6.0 0 0.0 0.0 0.0 0.0 0.0 0.0 0.0 0.0 0.0 0.0 0.0 0.0 0.0 0.0 0.0 0.0 1 34.0 0.0 0.0 34.0 34.0 34.0 34.0 34.0
39 13 3 0.9998365000000717 0.2677506000001131 0.0 1.2675871000001848 1.2675871000001848 1.2675871000001848 1.2675871000001848 571.47265625 563.16796875 18 18 1.0 18 0 0 0 0  1.0 1.0 0.0 0.0 0.0 0.0 0.0 0.0 0.0 0.0 0.0 0.0 0.0 0.0 0.0 0.0 0 0.0 0.0 0.0 0.0 0.0 0.0 0.0 0.0 0.0 0.0 0.0 0.0 0.0 0.0 0.0 0.0 1 1.0 0.0 0.0 0.0 0.0 0.0 0.0 0.0
40 13 2 3.168109699999718 1.354445300000009 0.014737900000056925 4.537292899999784 5.804879999999969 5.804879999999969 5.804879999999969 591.67578125 584.66796875 34 34 1.0 34 18 18 0 0  1.8888888888888888 1.8888888888888888 2.2462750575089703 2.2462750575089703 1.1892044422106314 1.1892044422106314 1.0 1.0 1.0 1.0 1.0 1.0 1.75 1.75 10.0 10.0 0 0.0 0.0 0.0 0.0 0.0 0.0 0.0 0.0 0.0 0.0 0.0 0.0 0.0 0.0 0.0 0.0 1 18.0 0.0 0.0 18.0 18.0 18.0 18.0 18.0
41 13 1 8.998184300000219 5.969435099999885 0.028613099999972746 14.996232500000076 20.801112500000045 20.801112500000045 20.801112500000045 711.67578125 708.87890625 55 55 1.0 0 34 34 0 0  1.6176470588235294 1.6176470588235294 1.01547737340631 1.01547737340631 0.6277496490148099 0.6277496490148099 1.0 1.0 1.0 1.0 1.0 1.0 2.0 2.0 6.0 6.0 0 0.0 0.0 0.0 0.0 0.0 0.0 0.0 0.0 0.0 0.0 0.0 0.0 0.0 0.0 0.0 0.0 1 34.0 0.0 0.0 34.0 34.0 34.0 34.0 34.0
42 14 3 1.0020542000000319 0.3979611000000318 0.0 1.4000153000000637 1.4000153000000637 1.4000153000000637 1.4000153000000637 582.38671875 573.765625 18 18 1.0 18 0 0 0 0  1.0 1.0 0.0 0.0 0.0 0.0 0.0 0.0 0.0 0.0 0.0 0.0 0.0 0.0 0.0 0.0 0 0.0 0.0 0.0 0.0 0.0 0.0 0.0 0.0 0.0 0.0 0.0 0.0 0.0 0.0 0.0 0.0 1 1.0 0.0 0.0 0.0 0.0 0.0 0.0 0.0
43 14 2 3.152966600000127 1.1002891000000545 0.015116799999987052 4.268372500000169 5.668387800000232 5.668387800000232 5.668387800000232 602.23046875 595.25390625 34 34 1.0 34 18 18 0 0  1.8888888888888888 1.8888888888888888 2.166289559942608 2.166289559942608 1.1468591787931455 1.1468591787931455 1.0 1.0 1.0 1.0 1.0 1.0 2.0 2.0 10.0 10.0 0 0.0 0.0 0.0 0.0 0.0 0.0 0.0 0.0 0.0 0.0 0.0 0.0 0.0 0.0 0.0 0.0 1 18.0 0.0 0.0 18.0 18.0 18.0 18.0 18.0
44 14 1 8.96239939999964 6.048454599999957 0.02788930000002665 15.038743299999624 20.707131099999856 20.707131099999856 20.707131099999856 722.63671875 720.0859375 55 55 1.0 0 34 34 0 0  1.6176470588235294 1.6176470588235294 1.1550864032315857 1.1550864032315857 0.7140534129067985 0.7140534129067985 1.0 1.0 1.0 1.0 1.0 1.0 2.0 2.0 6.0 6.0 0 0.0 0.0 0.0 0.0 0.0 0.0 0.0 0.0 0.0 0.0 0.0 0.0 0.0 0.0 0.0 0.0 1 34.0 0.0 0.0 34.0 34.0 34.0 34.0 34.0
45 15 3 1.0017401000000064 0.3641685999998572 0.0 1.3659086999998635 1.3659086999998635 1.3659086999998635 1.3659086999998635 598.265625 589.95703125 18 18 1.0 18 0 0 0 0  1.0 1.0 0.0 0.0 0.0 0.0 0.0 0.0 0.0 0.0 0.0 0.0 0.0 0.0 0.0 0.0 0 0.0 0.0 0.0 0.0 0.0 0.0 0.0 0.0 0.0 0.0 0.0 0.0 0.0 0.0 0.0 0.0 1 1.0 0.0 0.0 0.0 0.0 0.0 0.0 0.0
46 15 2 3.1488758999998936 1.350445500000319 0.014889900000014222 4.514211300000227 5.88012000000009 5.88012000000009 5.88012000000009 619.29296875 612.44921875 34 34 1.0 34 18 18 0 0  1.8888888888888888 1.8888888888888888 2.193275522213265 2.193275522213265 1.1611458647011403 1.1611458647011403 1.0 1.0 1.0 1.0 1.0 1.0 1.75 1.75 10.0 10.0 0 0.0 0.0 0.0 0.0 0.0 0.0 0.0 0.0 0.0 0.0 0.0 0.0 0.0 0.0 0.0 0.0 1 18.0 0.0 0.0 18.0 18.0 18.0 18.0 18.0
47 15 1 8.998668199999997 7.202700500000219 0.02925449999997909 16.230623200000196 22.110743200000286 22.110743200000286 22.110743200000286 734.95703125 732.46484375 55 55 1.0 0 34 34 0 0  1.6176470588235294 1.6176470588235294 1.0448925095464312 1.0448925095464312 0.6459335513559756 0.6459335513559756 1.0 1.0 1.0 1.0 1.0 1.0 2.0 2.0 6.0 6.0 0 0.0 0.0 0.0 0.0 0.0 0.0 0.0 0.0 0.0 0.0 0.0 0.0 0.0 0.0 0.0 0.0 1 34.0 0.0 0.0 34.0 34.0 34.0 34.0 34.0
48 16 3 1.0016382000001158 0.3537142000000131 0.0 1.355352400000129 1.355352400000129 1.355352400000129 1.355352400000129 608.02734375 599.66015625 18 18 1.0 18 0 0 0 0  1.0 1.0 0.0 0.0 0.0 0.0 0.0 0.0 0.0 0.0 0.0 0.0 0.0 0.0 0.0 0.0 0 0.0 0.0 0.0 0.0 0.0 0.0 0.0 0.0 0.0 0.0 0.0 0.0 0.0 0.0 0.0 0.0 1 1.0 0.0 0.0 0.0 0.0 0.0 0.0 0.0
49 16 2 3.1600609999999847 0.8481934000000138 0.015442900000039117 4.023697300000038 5.3790497000001665 5.3790497000001665 5.3790497000001665 628.1875 621.203125 34 34 1.0 34 18 18 0 0  1.8888888888888888 1.8888888888888888 2.138963159732493 2.138963159732493 1.1323922610348491 1.1323922610348491 1.0 1.0 1.0 1.0 1.0 1.0 2.0 2.0 10.0 10.0 0 0.0 0.0 0.0 0.0 0.0 0.0 0.0 0.0 0.0 0.0 0.0 0.0 0.0 0.0 0.0 0.0 1 18.0 0.0 0.0 18.0 18.0 18.0 18.0 18.0
50 16 1 9.0342986 6.551688599999977 0.028719200000068668 15.614706400000046 20.993756100000212 20.993756100000212 20.993756100000212 747.77734375 744.88671875 55 55 1.0 0 34 34 0 0  1.6176470588235294 1.6176470588235294 1.0448925095464312 1.0448925095464312 0.6459335513559756 0.6459335513559756 1.0 1.0 1.0 1.0 1.0 1.0 2.0 2.0 6.0 6.0 0 0.0 0.0 0.0 0.0 0.0 0.0 0.0 0.0 0.0 0.0 0.0 0.0 0.0 0.0 0.0 0.0 1 34.0 0.0 0.0 34.0 34.0 34.0 34.0 34.0
51 17 3 1.004336100000046 0.41606649999988576 0.0 1.4204025999999317 1.4204025999999317 1.4204025999999317 1.4204025999999317 622.5703125 614.234375 18 18 1.0 18 0 0 0 0  1.0 1.0 0.0 0.0 0.0 0.0 0.0 0.0 0.0 0.0 0.0 0.0 0.0 0.0 0.0 0.0 0 0.0 0.0 0.0 0.0 0.0 0.0 0.0 0.0 0.0 0.0 0.0 0.0 0.0 0.0 0.0 0.0 1 1.0 0.0 0.0 0.0 0.0 0.0 0.0 0.0
52 17 2 3.179591900000162 1.1644579000001727 0.015097199999956956 4.359147000000291 5.779549600000223 5.779549600000223 5.779549600000223 643.01953125 635.875 34 34 1.0 34 18 18 0 0  1.8888888888888888 1.8888888888888888 2.2199334618774946 2.2199334618774946 1.175258891582203 1.175258891582203 1.0 1.0 1.0 1.0 1.0 1.0 1.0 1.0 10.0 10.0 0 0.0 0.0 0.0 0.0 0.0 0.0 0.0 0.0 0.0 0.0 0.0 0.0 0.0 0.0 0.0 0.0 1 18.0 0.0 0.0 18.0 18.0 18.0 18.0 18.0
53 17 1 8.52855930000004 6.078553699999645 0.02815240000012409 14.63526539999981 20.414815000000033 20.414815000000033 20.414815000000033 749.265625 747.8359375 53 53 1.0 0 34 34 0 0  1.5588235294117647 1.5588235294117647 1.0784718838607128 1.0784718838607128 0.6918498877597026 0.6918498877597026 1.0 1.0 1.0 1.0 1.0 1.0 2.0 2.0 6.0 6.0 0 0.0 0.0 0.0 0.0 0.0 0.0 0.0 0.0 0.0 0.0 0.0 0.0 0.0 0.0 0.0 0.0 1 34.0 0.0 0.0 34.0 34.0 34.0 34.0 34.0
54 18 3 0.9966213000000153 0.35228729999994357 0.0 1.3489085999999588 1.3489085999999588 1.3489085999999588 1.3489085999999588 633.015625 624.53125 18 18 1.0 18 0 0 0 0  1.0 1.0 0.0 0.0 0.0 0.0 0.0 0.0 0.0 0.0 0.0 0.0 0.0 0.0 0.0 0.0 0 0.0 0.0 0.0 0.0 0.0 0.0 0.0 0.0 0.0 0.0 0.0 0.0 0.0 0.0 0.0 0.0 1 1.0 0.0 0.0 0.0 0.0 0.0 0.0 0.0
55 18 2 3.145935999999949 1.144566300000065 0.01451459999987037 4.305016899999885 5.653925499999843 5.653925499999843 5.653925499999843 651.078125 644.1171875 34 34 1.0 34 18 18 0 0  1.8888888888888888 1.8888888888888888 2.166289559942608 2.166289559942608 1.1468591787931455 1.1468591787931455 1.0 1.0 1.0 1.0 1.0 1.0 2.0 2.0 10.0 10.0 0 0.0 0.0 0.0 0.0 0.0 0.0 0.0 0.0 0.0 0.0 0.0 0.0 0.0 0.0 0.0 0.0 1 18.0 0.0 0.0 18.0 18.0 18.0 18.0 18.0
56 18 1 9.02961700000003 6.307334400000514 0.028231800000412477 15.365183200000956 21.0191087000008 21.0191087000008 21.0191087000008 769.953125 767.42578125 55 55 1.0 0 34 34 0 0  1.6176470588235294 1.6176470588235294 1.1550864032315857 1.1550864032315857 0.7140534129067985 0.7140534129067985 1.0 1.0 1.0 1.0 1.0 1.0 2.0 2.0 6.0 6.0 0 0.0 0.0 0.0 0.0 0.0 0.0 0.0 0.0 0.0 0.0 0.0 0.0 0.0 0.0 0.0 0.0 1 34.0 0.0 0.0 34.0 34.0 34.0 34.0 34.0
57 19 3 1.0026170999997248 0.4132151000004569 0.0 1.4158322000001817 1.4158322000001817 1.4158322000001817 1.4158322000001817 642.4140625 634.12890625 18 18 1.0 18 0 0 0 0  1.0 1.0 0.0 0.0 0.0 0.0 0.0 0.0 0.0 0.0 0.0 0.0 0.0 0.0 0.0 0.0 0 0.0 0.0 0.0 0.0 0.0 0.0 0.0 0.0 0.0 0.0 0.0 0.0 0.0 0.0 0.0 0.0 1 1.0 0.0 0.0 0.0 0.0 0.0 0.0 0.0
58 19 2 3.150726399999712 1.1371105999995734 0.014980099999661434 4.302817099998947 5.718649299999129 5.718649299999129 5.718649299999129 662.54296875 655.6640625 34 34 1.0 34 18 18 0 0  1.8888888888888888 1.8888888888888888 2.193275522213265 2.193275522213265 1.1611458647011403 1.1611458647011403 1.0 1.0 1.0 1.0 1.0 1.0 1.75 1.75 10.0 10.0 0 0.0 0.0 0.0 0.0 0.0 0.0 0.0 0.0 0.0 0.0 0.0 0.0 0.0 0.0 0.0 0.0 1 18.0 0.0 0.0 18.0 18.0 18.0 18.0 18.0
59 19 1 9.022898800000235 7.371997999999735 0.028267499999969914 16.42316429999994 22.141813599999068 22.141813599999068 22.141813599999068 781.47265625 779.0 55 55 1.0 0 34 34 0 0  1.6176470588235294 1.6176470588235294 1.1013684568382918 1.1013684568382918 0.6808459551363986 0.6808459551363986 1.0 1.0 1.0 1.0 1.0 1.0 2.0 2.0 6.0 6.0 0 0.0 0.0 0.0 0.0 0.0 0.0 0.0 0.0 0.0 0.0 0.0 0.0 0.0 0.0 0.0 0.0 1 34.0 0.0 0.0 34.0 34.0 34.0 34.0 34.0
60 20 3 1.0026629999997567 0.33205039999995734 0.0 1.334713399999714 1.334713399999714 1.334713399999714 1.334713399999714 653.34375 645.46875 18 18 1.0 18 0 0 0 0  1.0 1.0 0.0 0.0 0.0 0.0 0.0 0.0 0.0 0.0 0.0 0.0 0.0 0.0 0.0 0.0 0 0.0 0.0 0.0 0.0 0.0 0.0 0.0 0.0 0.0 0.0 0.0 0.0 0.0 0.0 0.0 0.0 1 1.0 0.0 0.0 0.0 0.0 0.0 0.0 0.0
61 20 2 3.147376699999654 1.1895255000000589 0.014598800000271694 4.351500999999985 5.686214399999699 5.686214399999699 5.686214399999699 673.49609375 666.9921875 34 34 1.0 34 18 18 0 0  1.8888888888888888 1.8888888888888888 2.138963159732493 2.138963159732493 1.1323922610348491 1.1323922610348491 1.0 1.0 1.0 1.0 1.0 1.0 2.0 2.0 10.0 10.0 0 0.0 0.0 0.0 0.0 0.0 0.0 0.0 0.0 0.0 0.0 0.0 0.0 0.0 0.0 0.0 0.0 1 18.0 0.0 0.0 18.0 18.0 18.0 18.0 18.0
62 20 1 8.982786600000395 7.329062099999987 0.029300199999966026 16.34114890000035 22.027363300000047 22.027363300000047 22.027363300000047 793.95703125 791.453125 55 55 1.0 0 34 34 0 0  1.6176470588235294 1.6176470588235294 1.128547091761979 1.128547091761979 0.6976472930892235 0.6976472930892235 1.0 1.0 1.0 1.0 1.0 1.0 2.0 2.0 6.0 6.0 0 0.0 0.0 0.0 0.0 0.0 0.0 0.0 0.0 0.0 0.0 0.0 0.0 0.0 0.0 0.0 0.0 1 34.0 0.0 0.0 34.0 34.0 34.0 34.0 34.0
63 21 3 0.9999268999998776 0.31996789999959674 0.0 1.3198947999994743 1.3198947999994743 1.3198947999994743 1.3198947999994743 667.359375 659.1484375 18 18 1.0 18 0 0 0 0  1.0 1.0 0.0 0.0 0.0 0.0 0.0 0.0 0.0 0.0 0.0 0.0 0.0 0.0 0.0 0.0 0 0.0 0.0 0.0 0.0 0.0 0.0 0.0 0.0 0.0 0.0 0.0 0.0 0.0 0.0 0.0 0.0 1 1.0 0.0 0.0 0.0 0.0 0.0 0.0 0.0
64 21 2 3.1402126999995517 1.180361300000186 0.015062999999940985 4.335636999999679 5.655531799999153 5.655531799999153 5.655531799999153 687.4921875 680.703125 34 34 1.0 34 18 18 0 0  1.8888888888888888 1.8888888888888888 2.166289559942608 2.166289559942608 1.1468591787931455 1.1468591787931455 1.0 1.0 1.0 1.0 1.0 1.0 2.0 2.0 10.0 10.0 0 0.0 0.0 0.0 0.0 0.0 0.0 0.0 0.0 0.0 0.0 0.0 0.0 0.0 0.0 0.0 0.0 1 18.0 0.0 0.0 18.0 18.0 18.0 18.0 18.0
65 21 1 9.025017800000114 6.774301800000444 0.02876200000002882 15.828081600000587 21.48361339999974 21.48361339999974 21.48361339999974 806.84765625 804.03515625 55 55 1.0 0 34 34 0 0  1.6176470588235294 1.6176470588235294 0.985184366143778 0.985184366143778 0.6090230627070627 0.6090230627070627 1.0 1.0 1.0 1.0 1.0 1.0 2.0 2.0 6.0 6.0 0 0.0 0.0 0.0 0.0 0.0 0.0 0.0 0.0 0.0 0.0 0.0 0.0 0.0 0.0 0.0 0.0 1 34.0 0.0 0.0 34.0 34.0 34.0 34.0 34.0
66 22 3 1.0012380999997958 0.3291182000001527 0.0 1.3303562999999485 1.3303562999999485 1.3303562999999485 1.3303562999999485 596.00390625 590.91796875 18 18 1.0 18 0 0 0 0  1.0 1.0 0.0 0.0 0.0 0.0 0.0 0.0 0.0 0.0 0.0 0.0 0.0 0.0 0.0 0.0 0 0.0 0.0 0.0 0.0 0.0 0.0 0.0 0.0 0.0 0.0 0.0 0.0 0.0 0.0 0.0 0.0 1 1.0 0.0 0.0 0.0 0.0 0.0 0.0 0.0
67 22 2 3.171204000000216 1.2554964000000837 0.014477999999940039 4.44117840000024 5.771534700000188 5.771534700000188 5.771534700000188 664.78125 666.3984375 34 34 1.0 34 18 18 0 0  1.8888888888888888 1.8888888888888888 2.166289559942608 2.166289559942608 1.1468591787931455 1.1468591787931455 1.0 1.0 1.0 1.0 1.0 1.0 2.0 2.0 10.0 10.0 0 0.0 0.0 0.0 0.0 0.0 0.0 0.0 0.0 0.0 0.0 0.0 0.0 0.0 0.0 0.0 0.0 1 18.0 0.0 0.0 18.0 18.0 18.0 18.0 18.0
68 22 1 8.448139999999626 5.554958300000067 0.02865079999980935 14.031749099999502 19.80328379999969 19.80328379999969 19.80328379999969 804.82421875 804.734375 53 53 1.0 0 34 34 0 0  1.5588235294117647 1.5588235294117647 1.1332756617391004 1.1332756617391004 0.7270070282854606 0.7270070282854606 1.0 1.0 1.0 1.0 1.0 1.0 2.0 2.0 6.0 6.0 0 0.0 0.0 0.0 0.0 0.0 0.0 0.0 0.0 0.0 0.0 0.0 0.0 0.0 0.0 0.0 0.0 1 34.0 0.0 0.0 34.0 34.0 34.0 34.0 34.0
69 23 3 0.9972570999999562 0.4050729000001638 0.0 1.40233000000012 1.40233000000012 1.40233000000012 1.40233000000012 690.10546875 682.69140625 18 18 1.0 18 0 0 0 0  1.0 1.0 0.0 0.0 0.0 0.0 0.0 0.0 0.0 0.0 0.0 0.0 0.0 0.0 0.0 0.0 0 0.0 0.0 0.0 0.0 0.0 0.0 0.0 0.0 0.0 0.0 0.0 0.0 0.0 0.0 0.0 0.0 1 1.0 0.0 0.0 0.0 0.0 0.0 0.0 0.0
70 23 2 3.142230600000289 0.841690299999641 0.014385900000206675 3.9983068000001367 5.400636800000257 5.400636800000257 5.400636800000257 709.2109375 703.35546875 34 34 1.0 34 18 18 0 0  1.8888888888888888 1.8888888888888888 2.193275522213265 2.193275522213265 1.1611458647011403 1.1611458647011403 1.0 1.0 1.0 1.0 1.0 1.0 1.75 1.75 10.0 10.0 0 0.0 0.0 0.0 0.0 0.0 0.0 0.0 0.0 0.0 0.0 0.0 0.0 0.0 0.0 0.0 0.0 1 18.0 0.0 0.0 18.0 18.0 18.0 18.0 18.0
71 23 1 8.944734599999492 7.2886199999999235 0.02907089999996515 16.26242549999938 21.663062299999638 21.663062299999638 21.663062299999638 829.55859375 826.77734375 55 55 1.0 0 34 34 0 0  1.6176470588235294 1.6176470588235294 1.0735019408982454 1.0735019408982454 0.6636193816461881 0.6636193816461881 1.0 1.0 1.0 1.0 1.0 1.0 2.0 2.0 6.0 6.0 0 0.0 0.0 0.0 0.0 0.0 0.0 0.0 0.0 0.0 0.0 0.0 0.0 0.0 0.0 0.0 0.0 1 34.0 0.0 0.0 34.0 34.0 34.0 34.0 34.0
72 24 3 0.9965869999998631 0.31896790000007513 0.0 1.3155548999999382 1.3155548999999382 1.3155548999999382 1.3155548999999382 702.59375 694.64453125 18 18 1.0 18 0 0 0 0  1.0 1.0 0.0 0.0 0.0 0.0 0.0 0.0 0.0 0.0 0.0 0.0 0.0 0.0 0.0 0.0 0 0.0 0.0 0.0 0.0 0.0 0.0 0.0 0.0 0.0 0.0 0.0 0.0 0.0 0.0 0.0 0.0 1 1.0 0.0 0.0 0.0 0.0 0.0 0.0 0.0
73 24 2 3.179180999999744 1.2260100000000875 0.014773200000036013 4.419964199999868 5.735519099999806 5.735519099999806 5.735519099999806 722.71875 716.1796875 34 34 1.0 34 18 18 0 0  1.8888888888888888 1.8888888888888888 2.193275522213265 2.193275522213265 1.1611458647011403 1.1611458647011403 1.0 1.0 1.0 1.0 1.0 1.0 1.75 1.75 10.0 10.0 0 0.0 0.0 0.0 0.0 0.0 0.0 0.0 0.0 0.0 0.0 0.0 0.0 0.0 0.0 0.0 0.0 1 18.0 0.0 0.0 18.0 18.0 18.0 18.0 18.0
74 24 1 8.96186919999991 9.024309499999731 0.02876600000047347 18.014944700000115 23.75046379999992 23.75046379999992 23.75046379999992 843.50390625 841.19140625 55 55 1.0 0 34 34 0 0  1.6176470588235294 1.6176470588235294 1.01547737340631 1.01547737340631 0.6277496490148099 0.6277496490148099 1.0 1.0 1.0 1.0 1.0 1.0 2.0 2.0 6.0 6.0 0 0.0 0.0 0.0 0.0 0.0 0.0 0.0 0.0 0.0 0.0 0.0 0.0 0.0 0.0 0.0 0.0 1 34.0 0.0 0.0 34.0 34.0 34.0 34.0 34.0
