 RU AL GT ST OT TT LT CT WT RSS VMS LE AC CF PSG SIZE SGLITS_T HAS_TRAILING TOT_CHOICES PRE_CHOICES FGOALS_ORDER CP_EF_L CP_EF_A SP_ED_L SP_ED_A SP_EB_L SP_EB_A SP_MIN_L SP_MIN_A SP_LOWER_L SP_LOWER_A SP_MED_L SP_MED_A SP_UPPER_L SP_UPPER_A SP_MAX_L SP_MAX_A T_INTER_SP P_INTER_SP T_INTER_Q P_INTER_Q M_CHILD_SPREAD DIV_INDEX_SPREAD DIV_STEP_SPREAD DIVS_T DS_T DS_TD_MEAN DS_TD_STD DS_TD_CD DS_TD_MIN DS_TD_LOWER DS_TD_MED DS_TD_UPPER DS_TD_MAX DS_TS_MEAN DS_TS_STD DS_TS_CD DS_TS_MIN DS_TS_LOWER DS_TS_MED DS_TS_UPPER DS_TS_MAX PR_T PR_TS_MEAN PR_TS_STD PR_TS_CD PR_TS_MIN PR_TS_LOWER PR_TS_MED PR_TS_UPPER PR_TS_MAX PP_LE_MEAN PP_AC_MEAN PP_LE_STD PP_AC_STD PP_LE_CD PP_AC_CD PP_LE_MIN PP_AC_MIN PP_LE_LOWER PP_AC_LOWER PP_LE_MED PP_AC_MED PP_LE_UPPER PP_AC_UPPER PP_LE_MAX PP_AC_MAX
0 0 3 1.0032070999999867 0.34400600000000026 0.0 1.347213099999987 1.347213099999987 1.347213099999987 1.347213099999987 208.21484375 198.4765625 18 18 1.0 18 1 0 False 0 0 False 1.0 1.0 0.0 0.0 0.0 0.0 0.0 0.0 0.0 0.0 0.0 0.0 0.0 0.0 0.0 0.0 0 0.0 0 0.0 0.0 0.0 0.0 1 1 1.0 0.0 0.0 1.0 1.0 1.0 1.0 1.0 18.0 0.0 0.0 18.0 18.0 18.0 18.0 18.0 1 1.0 0.0 0.0 0.0 0.0 0.0 0.0 0.0 1.0 1.0 0.0 0.0 0.0 0.0 0.0 0.0 0.0 0.0 0.0 0.0 0.0 0.0 0.0 0.0
1 0 2 1.4144863999999977 0.3857012999999938 0.0 1.8001876999999915 2.673845199999981 3.1474007999999785 1.5876213499999885 222.3515625 212.11328125 26 26 1.0 26 18 18 False 0 0 False 1.4444444444444444 1.4444444444444444 0.7838233761296739 0.7838233761296739 0.5426469527051588 0.5426469527051588 1.0 1.0 1.0 1.0 1.0 1.0 1.75 1.75 3.0 3.0 0 0.0 0 0.0 3.234014183120649 0.0 2.309401076758503 2 2 1.0 0.0 0.0 1.0 1.0 1.0 1.0 1.0 13.0 5.656854249492381 0.43514263457633695 9.0 11.0 13.0 15.0 17.0 2 9.0 0.0 0.0 9.0 9.0 9.0 9.0 9.0 13.0 13.0 5.656854249492381 5.656854249492381 0.43514263457633695 0.0 9.0 0.0 11.0 0.0 13.0 0.0 15.0 0.0 17.0 0.0
2 0 1 5.413480500000006 6.624965400000008 0.0 12.038445900000013 4.02208209999997 15.185846699999992 3.828567724999999 305.01953125 300.828125 57 57 1.0 0 26 26 False 0 0 False 2.1923076923076925 2.1923076923076925 3.4987909999796303 3.4987909999796303 1.5959397543766733 1.5959397543766733 1.0 1.0 1.0 1.0 1.0 1.0 2.0 2.0 19.0 19.0 0 0.0 0 0.0 6.410570505125379 2.0248456731316584 4.886205071423016 0 0 0.0 0.0 0.0 0.0 0.0 0.0 0.0 0.0 0.0 0.0 0.0 0.0 0.0 0.0 0.0 0.0 4 6.5 2.3804761428476167 0.36622709889963334 4.0 4.75 6.5 8.25 9.0 14.25 14.25 8.220908303425682 8.220908303425682 0.5769058458544338 0.0 5.0 0.0 11.0 0.0 13.5 0.0 16.75 0.0 25.0 0.0
3 1 3 0.9939377999999905 0.5222105000000141 0.0 1.5161483000000047 1.5161483000000047 1.5161483000000047 1.5161483000000047 245.984375 239.171875 18 18 1.0 18 1 0 False 0 0 False 1.0 1.0 0.0 0.0 0.0 0.0 0.0 0.0 0.0 0.0 0.0 0.0 0.0 0.0 0.0 0.0 0 0.0 0 0.0 0.0 0.0 0.0 1 1 1.0 0.0 0.0 1.0 1.0 1.0 1.0 1.0 18.0 0.0 0.0 18.0 18.0 18.0 18.0 18.0 1 1.0 0.0 0.0 0.0 0.0 0.0 0.0 0.0 1.0 1.0 0.0 0.0 0.0 0.0 0.0 0.0 0.0 0.0 0.0 0.0 0.0 0.0 0.0 0.0
4 1 2 1.405356900000001 0.3585399000000109 0.0 1.763896800000012 2.806713500000008 3.2800451000000166 1.6541322500000106 268.5078125 262.17578125 26 26 1.0 26 18 18 False 0 0 False 1.4444444444444444 1.4444444444444444 0.9217771979249536 0.9217771979249536 0.6381534447172755 0.6381534447172755 1.0 1.0 1.0 1.0 1.0 1.0 1.0 1.0 4.0 4.0 0 0.0 0 0.0 3.2244564412570047 0.0 2.309401076758503 2 2 1.0 0.0 0.0 1.0 1.0 1.0 1.0 1.0 13.0 5.656854249492381 0.43514263457633695 9.0 11.0 13.0 15.0 17.0 2 9.0 0.0 0.0 9.0 9.0 9.0 9.0 9.0 13.0 13.0 5.656854249492381 5.656854249492381 0.43514263457633695 0.0 9.0 0.0 11.0 0.0 13.0 0.0 15.0 0.0 17.0 0.0
5 1 1 4.7832963000000035 2.5115763999999956 0.0 7.294872699999999 4.163585100000013 10.574917800000016 2.6763288000000056 288.43359375 284.984375 53 53 1.0 0 26 26 False 0 0 False 2.0384615384615383 2.0384615384615383 2.1996503218606223 2.1996503218606223 1.0790737427995507 1.0790737427995507 1.0 1.0 1.0 1.0 1.0 1.0 2.0 2.0 12.0 12.0 0 0.0 0 0.0 4.659167332977684 2.0248456731316584 3.4749100707788108 0 0 0.0 0.0 0.0 0.0 0.0 0.0 0.0 0.0 0.0 0.0 0.0 0.0 0.0 0.0 0.0 0.0 4 6.5 2.3804761428476167 0.36622709889963334 4.0 4.75 6.5 8.25 9.0 13.25 13.25 6.551081335677848 6.551081335677848 0.49442123288134704 0.0 5.0 0.0 11.0 0.0 13.5 0.0 15.75 0.0 21.0 0.0
6 2 3 0.9928331999999784 0.3527452000000011 0.0 1.3455783999999795 1.3455783999999795 1.3455783999999795 1.3455783999999795 249.3828125 240.40234375 18 18 1.0 18 1 0 False 0 0 False 1.0 1.0 0.0 0.0 0.0 0.0 0.0 0.0 0.0 0.0 0.0 0.0 0.0 0.0 0.0 0.0 0 0.0 0 0.0 0.0 0.0 0.0 1 1 1.0 0.0 0.0 1.0 1.0 1.0 1.0 1.0 18.0 0.0 0.0 18.0 18.0 18.0 18.0 18.0 1 1.0 0.0 0.0 0.0 0.0 0.0 0.0 0.0 1.0 1.0 0.0 0.0 0.0 0.0 0.0 0.0 0.0 0.0 0.0 0.0 0.0 0.0 0.0 0.0
7 2 2 1.4090452000000155 0.42765899999999135 0.0 1.836704200000007 2.6595161999999775 3.1822825999999864 1.6054265499999936 274.27734375 266.5625 26 26 1.0 26 18 18 False 0 0 False 1.4444444444444444 1.4444444444444444 0.8555852638929972 0.8555852638929972 0.5923282596182288 0.5923282596182288 1.0 1.0 1.0 1.0 1.0 1.0 1.75 1.75 4.0 4.0 0 0.0 0 0.0 3.1965773877515895 0.0 2.309401076758503 2 2 1.0 0.0 0.0 1.0 1.0 1.0 1.0 1.0 13.0 5.656854249492381 0.43514263457633695 9.0 11.0 13.0 15.0 17.0 2 9.0 0.0 0.0 9.0 9.0 9.0 9.0 9.0 13.0 13.0 5.656854249492381 5.656854249492381 0.43514263457633695 0.0 9.0 0.0 11.0 0.0 13.0 0.0 15.0 0.0 17.0 0.0
8 2 1 5.273024799999945 6.496317800000028 0.0 11.769342599999973 4.0150455000000065 14.95162519999996 3.770791474999987 322.4765625 318.671875 57 57 1.0 0 26 26 True 0 0 False 2.1923076923076925 2.1923076923076925 2.734677593147232 2.734677593147232 1.341539951355246 1.341539951355246 1.0 1.0 1.0 1.0 1.0 1.0 2.0 2.0 15.0 15.0 0 0.0 0 0.0 6.466401558241343 2.0248456731316584 5.203364296299078 0 0 0.0 0.0 0.0 0.0 0.0 0.0 0.0 0.0 0.0 0.0 0.0 0.0 0.0 0.0 0.0 0.0 4 6.5 2.3804761428476167 0.36622709889963334 4.0 4.75 6.5 8.25 9.0 14.25 14.25 8.220908303425682 8.220908303425682 0.5769058458544338 0.0 5.0 0.0 11.0 0.0 13.5 0.0 16.75 0.0 25.0 0.0
9 3 3 1.0004866000000021 0.3339567999999957 0.0 1.3344433999999978 1.3344433999999978 1.3344433999999978 1.3344433999999978 294.703125 284.4609375 18 18 1.0 18 1 0 False 0 0 False 1.0 1.0 0.0 0.0 0.0 0.0 0.0 0.0 0.0 0.0 0.0 0.0 0.0 0.0 0.0 0.0 0 0.0 0 0.0 0.0 0.0 0.0 1 1 1.0 0.0 0.0 1.0 1.0 1.0 1.0 1.0 18.0 0.0 0.0 18.0 18.0 18.0 18.0 18.0 1 1.0 0.0 0.0 0.0 0.0 0.0 0.0 0.0 1.0 1.0 0.0 0.0 0.0 0.0 0.0 0.0 0.0 0.0 0.0 0.0 0.0 0.0 0.0 0.0
10 3 2 1.4121630000000067 0.5149662000000177 0.0 1.9271292000000244 2.7233095000000276 3.2615726000000222 1.6449103500000035 309.03515625 298.796875 26 26 1.0 26 18 18 False 0 0 False 1.4444444444444444 1.4444444444444444 0.8555852638929972 0.8555852638929972 0.5923282596182288 0.5923282596182288 1.0 1.0 1.0 1.0 1.0 1.0 1.75 1.75 4.0 4.0 0 0.0 0 0.0 3.1965773877515895 0.0 2.309401076758503 2 2 1.0 0.0 0.0 1.0 1.0 1.0 1.0 1.0 13.0 5.656854249492381 0.43514263457633695 9.0 11.0 13.0 15.0 17.0 2 9.0 0.0 0.0 9.0 9.0 9.0 9.0 9.0 13.0 13.0 5.656854249492381 5.656854249492381 0.43514263457633695 0.0 9.0 0.0 11.0 0.0 13.0 0.0 15.0 0.0 17.0 0.0
11 3 1 5.282945000000069 7.076411799999988 0.0 12.359356800000057 4.086741900000007 15.62092940000008 3.9377431750000156 327.296875 321.89453125 57 57 1.0 0 26 26 True 0 0 False 2.1923076923076925 2.1923076923076925 2.7324263660991575 2.7324263660991575 1.2916924639741472 1.2916924639741472 1.0 1.0 1.0 1.0 1.0 1.0 2.0 2.0 15.0 15.0 0 0.0 0 0.0 6.41426156929151 2.0248456731316584 4.967393682807917 0 0 0.0 0.0 0.0 0.0 0.0 0.0 0.0 0.0 0.0 0.0 0.0 0.0 0.0 0.0 0.0 0.0 4 6.5 2.3804761428476167 0.36622709889963334 4.0 4.75 6.5 8.25 9.0 14.25 14.25 8.220908303425682 8.220908303425682 0.5769058458544338 0.0 5.0 0.0 11.0 0.0 13.5 0.0 16.75 0.0 25.0 0.0
12 4 3 1.0033748999999688 0.32907710000000634 0.0 1.332451999999975 1.332451999999975 1.332451999999975 1.332451999999975 301.9296875 291.6796875 18 18 1.0 18 1 0 False 0 0 False 1.0 1.0 0.0 0.0 0.0 0.0 0.0 0.0 0.0 0.0 0.0 0.0 0.0 0.0 0.0 0.0 0 0.0 0 0.0 0.0 0.0 0.0 1 1 1.0 0.0 0.0 1.0 1.0 1.0 1.0 1.0 18.0 0.0 0.0 18.0 18.0 18.0 18.0 18.0 1 1.0 0.0 0.0 0.0 0.0 0.0 0.0 0.0 1.0 1.0 0.0 0.0 0.0 0.0 0.0 0.0 0.0 0.0 0.0 0.0 0.0 0.0 0.0 0.0
13 4 2 1.408040800000009 0.45233919999998307 0.0 1.8603799999999922 2.7218642999999787 3.1928319999999673 1.6105856999999872 315.38671875 305.1015625 26 26 1.0 26 18 18 False 0 0 False 1.4444444444444444 1.4444444444444444 1.0416176459053668 1.0416176459053668 0.7211199087037155 0.7211199087037155 1.0 1.0 1.0 1.0 1.0 1.0 1.0 1.0 5.0 5.0 0 0.0 0 0.0 3.4177580310559934 0.0 2.309401076758503 2 2 1.0 0.0 0.0 1.0 1.0 1.0 1.0 1.0 13.0 5.656854249492381 0.43514263457633695 9.0 11.0 13.0 15.0 17.0 2 9.0 0.0 0.0 9.0 9.0 9.0 9.0 9.0 13.0 13.0 5.656854249492381 5.656854249492381 0.43514263457633695 0.0 9.0 0.0 11.0 0.0 13.0 0.0 15.0 0.0 17.0 0.0
14 4 1 5.27414440000004 6.152204500000039 0.0 11.426348900000079 4.060907499999971 14.619180900000046 3.6873677500000177 343.58203125 338.77734375 57 57 1.0 0 26 26 False 0 0 False 2.1923076923076925 2.1923076923076925 3.698856372115368 3.698856372115368 1.687197643421045 1.687197643421045 1.0 1.0 1.0 1.0 1.0 1.0 2.0 2.0 20.0 20.0 0 0.0 0 0.0 6.451973231491408 2.0248456731316584 4.886205071423016 0 0 0.0 0.0 0.0 0.0 0.0 0.0 0.0 0.0 0.0 0.0 0.0 0.0 0.0 0.0 0.0 0.0 4 6.5 2.3804761428476167 0.36622709889963334 4.0 4.75 6.5 8.25 9.0 14.25 14.25 8.220908303425682 8.220908303425682 0.5769058458544338 0.0 5.0 0.0 11.0 0.0 13.5 0.0 16.75 0.0 25.0 0.0
15 5 3 0.9930891999999716 0.3224444000000375 0.0 1.315533600000009 1.315533600000009 1.315533600000009 1.315533600000009 314.5546875 304.375 18 18 1.0 18 1 0 False 0 0 False 1.0 1.0 0.0 0.0 0.0 0.0 0.0 0.0 0.0 0.0 0.0 0.0 0.0 0.0 0.0 0.0 0 0.0 0 0.0 0.0 0.0 0.0 1 1 1.0 0.0 0.0 1.0 1.0 1.0 1.0 1.0 18.0 0.0 0.0 18.0 18.0 18.0 18.0 18.0 1 1.0 0.0 0.0 0.0 0.0 0.0 0.0 0.0 1.0 1.0 0.0 0.0 0.0 0.0 0.0 0.0 0.0 0.0 0.0 0.0 0.0 0.0 0.0 0.0
16 5 2 1.4036254999999613 0.4381582999999978 0.0 1.8417837999999591 2.688213599999969 3.157317399999968 1.5928402499999876 332.2890625 322.37890625 26 26 1.0 26 18 18 False 0 0 False 1.4444444444444444 1.4444444444444444 0.8555852638929972 0.8555852638929972 0.5923282596182288 0.5923282596182288 1.0 1.0 1.0 1.0 1.0 1.0 1.75 1.75 4.0 4.0 0 0.0 0 0.0 3.1965773877515895 0.0 2.309401076758503 2 2 1.0 0.0 0.0 1.0 1.0 1.0 1.0 1.0 13.0 5.656854249492381 0.43514263457633695 9.0 11.0 13.0 15.0 17.0 2 9.0 0.0 0.0 9.0 9.0 9.0 9.0 9.0 13.0 13.0 5.656854249492381 5.656854249492381 0.43514263457633695 0.0 9.0 0.0 11.0 0.0 13.0 0.0 15.0 0.0 17.0 0.0
17 5 1 5.267318500000087 8.290298599999986 0.0 13.557617100000073 4.036994599999957 16.71493450000004 4.21136992500001 356.70703125 352.03125 57 57 1.0 0 26 26 False 0 0 False 2.1923076923076925 2.1923076923076925 2.6835682330692583 2.6835682330692583 1.2240837554351 1.2240837554351 1.0 1.0 1.0 1.0 1.0 1.0 2.0 2.0 11.0 11.0 0 0.0 0 0.0 6.823265542445343 2.0248456731316584 4.886205071423016 0 0 0.0 0.0 0.0 0.0 0.0 0.0 0.0 0.0 0.0 0.0 0.0 0.0 0.0 0.0 0.0 0.0 4 6.5 2.3804761428476167 0.36622709889963334 4.0 4.75 6.5 8.25 9.0 14.25 14.25 8.220908303425682 8.220908303425682 0.5769058458544338 0.0 5.0 0.0 11.0 0.0 13.5 0.0 16.75 0.0 25.0 0.0
18 6 3 0.9920090999999331 0.3279652999999598 0.0 1.319974399999893 1.319974399999893 1.319974399999893 1.319974399999893 330.65234375 320.5703125 18 18 1.0 18 1 0 False 0 0 False 1.0 1.0 0.0 0.0 0.0 0.0 0.0 0.0 0.0 0.0 0.0 0.0 0.0 0.0 0.0 0.0 0 0.0 0 0.0 0.0 0.0 0.0 1 1 1.0 0.0 0.0 1.0 1.0 1.0 1.0 1.0 18.0 0.0 0.0 18.0 18.0 18.0 18.0 18.0 1 1.0 0.0 0.0 0.0 0.0 0.0 0.0 0.0 1.0 1.0 0.0 0.0 0.0 0.0 0.0 0.0 0.0 0.0 0.0 0.0 0.0 0.0 0.0 0.0
19 6 2 1.4049493999999925 0.37765559999996867 0.0 1.7826049999999611 2.6346615999998733 3.102579399999854 1.5654814999999331 343.8359375 333.54296875 26 26 1.0 26 18 18 False 0 0 False 1.4444444444444444 1.4444444444444444 0.9217771979249536 0.9217771979249536 0.6381534447172755 0.6381534447172755 1.0 1.0 1.0 1.0 1.0 1.0 1.0 1.0 4.0 4.0 0 0.0 0 0.0 3.3057500720857065 0.0 2.309401076758503 2 2 1.0 0.0 0.0 1.0 1.0 1.0 1.0 1.0 13.0 5.656854249492381 0.43514263457633695 9.0 11.0 13.0 15.0 17.0 2 9.0 0.0 0.0 9.0 9.0 9.0 9.0 9.0 13.0 13.0 5.656854249492381 5.656854249492381 0.43514263457633695 0.0 9.0 0.0 11.0 0.0 13.0 0.0 15.0 0.0 17.0 0.0
20 6 1 5.283344700000015 6.400862299999972 0.0 11.684206999999986 3.982841699999824 14.78678639999984 3.7293756749999645 367.21484375 362.14453125 57 57 1.0 0 26 26 False 0 0 False 2.1923076923076925 2.1923076923076925 2.8145227768732766 2.8145227768732766 1.2838174069948278 1.2838174069948278 1.0 1.0 1.0 1.0 1.0 1.0 2.0 2.0 15.0 15.0 0 0.0 0 0.0 6.329757373104194 2.0248456731316584 4.886205071423016 0 0 0.0 0.0 0.0 0.0 0.0 0.0 0.0 0.0 0.0 0.0 0.0 0.0 0.0 0.0 0.0 0.0 4 6.5 2.3804761428476167 0.36622709889963334 4.0 4.75 6.5 8.25 9.0 14.25 14.25 8.220908303425682 8.220908303425682 0.5769058458544338 0.0 5.0 0.0 11.0 0.0 13.5 0.0 16.75 0.0 25.0 0.0
21 7 3 0.9993963999999664 0.39076340000002574 0.0 1.3901597999999922 1.3901597999999922 1.3901597999999922 1.3901597999999922 341.2578125 330.7265625 18 18 1.0 18 1 0 False 0 0 False 1.0 1.0 0.0 0.0 0.0 0.0 0.0 0.0 0.0 0.0 0.0 0.0 0.0 0.0 0.0 0.0 0 0.0 0 0.0 0.0 0.0 0.0 1 1 1.0 0.0 0.0 1.0 1.0 1.0 1.0 1.0 18.0 0.0 0.0 18.0 18.0 18.0 18.0 18.0 1 1.0 0.0 0.0 0.0 0.0 0.0 0.0 0.0 1.0 1.0 0.0 0.0 0.0 0.0 0.0 0.0 0.0 0.0 0.0 0.0 0.0 0.0 0.0 0.0
22 7 2 1.4109863999999561 0.3666870000000415 0.0 1.7776733999999976 2.6989277999999786 3.16783319999999 1.5981023000000079 355.4765625 345.3125 26 26 1.0 26 18 18 False 0 0 False 1.4444444444444444 1.4444444444444444 0.7838233761296739 0.7838233761296739 0.5426469527051588 0.5426469527051588 1.0 1.0 1.0 1.0 1.0 1.0 1.75 1.75 3.0 3.0 0 0.0 0 0.0 3.234014183120649 0.0 2.309401076758503 2 2 1.0 0.0 0.0 1.0 1.0 1.0 1.0 1.0 13.0 5.656854249492381 0.43514263457633695 9.0 11.0 13.0 15.0 17.0 2 9.0 0.0 0.0 9.0 9.0 9.0 9.0 9.0 13.0 13.0 5.656854249492381 5.656854249492381 0.43514263457633695 0.0 9.0 0.0 11.0 0.0 13.0 0.0 15.0 0.0 17.0 0.0
23 7 1 4.741782099999966 2.715206599999931 0.0 7.456988699999897 4.175342499999886 10.624821899999887 2.6890970499999653 370.3828125 366.37890625 53 53 1.0 0 26 26 False 0 0 False 2.0384615384615383 2.0384615384615383 2.9323133424757897 2.9323133424757897 1.438493337818312 1.438493337818312 1.0 1.0 1.0 1.0 1.0 1.0 2.0 2.0 16.0 16.0 0 0.0 0 0.0 4.701519960696582 2.0248456731316584 3.4749100707788108 0 0 0.0 0.0 0.0 0.0 0.0 0.0 0.0 0.0 0.0 0.0 0.0 0.0 0.0 0.0 0.0 0.0 4 6.5 2.3804761428476167 0.36622709889963334 4.0 4.75 6.5 8.25 9.0 13.25 13.25 6.551081335677848 6.551081335677848 0.49442123288134704 0.0 5.0 0.0 11.0 0.0 13.5 0.0 15.75 0.0 21.0 0.0
24 8 3 1.0032221999999251 0.34076690000000553 0.0 1.3439890999999307 1.3439890999999307 1.3439890999999307 1.3439890999999307 347.8359375 337.44921875 18 18 1.0 18 1 0 False 0 0 False 1.0 1.0 0.0 0.0 0.0 0.0 0.0 0.0 0.0 0.0 0.0 0.0 0.0 0.0 0.0 0.0 0 0.0 0 0.0 0.0 0.0 0.0 1 1 1.0 0.0 0.0 1.0 1.0 1.0 1.0 1.0 18.0 0.0 0.0 18.0 18.0 18.0 18.0 18.0 1 1.0 0.0 0.0 0.0 0.0 0.0 0.0 0.0 1.0 1.0 0.0 0.0 0.0 0.0 0.0 0.0 0.0 0.0 0.0 0.0 0.0 0.0 0.0 0.0
25 8 2 1.3978457000000333 0.4608502999999473 0.0 1.8586959999999806 2.5328288999998563 3.2026850999999112 1.6154230499999471 360.6796875 350.67578125 26 26 1.0 26 18 18 False 0 0 False 1.4444444444444444 1.4444444444444444 0.7838233761296739 0.7838233761296739 0.5426469527051588 0.5426469527051588 1.0 1.0 1.0 1.0 1.0 1.0 2.0 2.0 4.0 4.0 0 0.0 0 0.0 2.7892356284377455 0.0 1.7320508075688772 2 2 1.0 0.0 0.0 1.0 1.0 1.0 1.0 1.0 13.0 4.242640687119285 0.32635697593225266 10.0 11.5 13.0 14.5 16.0 2 9.0 0.0 0.0 9.0 9.0 9.0 9.0 9.0 13.0 13.0 4.242640687119285 4.242640687119285 0.32635697593225266 0.0 10.0 0.0 11.5 0.0 13.0 0.0 14.5 0.0 16.0 0.0
26 8 1 4.759274100000113 2.223816099999965 0.0 6.983090200000078 3.8839639999999065 10.185775299999989 2.578930099999994 373.41796875 369.56640625 53 53 1.0 0 26 26 True 0 0 False 2.0384615384615383 2.0384615384615383 2.1908902300206643 2.1908902300206643 1.0954451150103321 1.0954451150103321 1.0 1.0 1.0 1.0 1.0 1.0 2.0 2.0 12.0 12.0 0 0.0 0 0.0 5.8353265121121165 1.6431676725154984 3.50356960827097 0 0 0.0 0.0 0.0 0.0 0.0 0.0 0.0 0.0 0.0 0.0 0.0 0.0 0.0 0.0 0.0 0.0 4 6.5 1.7320508075688772 0.2664693550105965 5.0 5.0 6.5 8.0 8.0 13.25 13.25 6.13052471924984 6.13052471924984 0.46268111088678043 0.0 6.0 0.0 11.25 0.0 13.0 0.0 15.0 0.0 21.0 0.0
27 9 3 1.004408299999966 0.3399992000000793 0.0 1.3444075000000453 1.3444075000000453 1.3444075000000453 1.3444075000000453 356.01953125 346.18359375 18 18 1.0 18 1 0 False 0 0 False 1.0 1.0 0.0 0.0 0.0 0.0 0.0 0.0 0.0 0.0 0.0 0.0 0.0 0.0 0.0 0.0 0 0.0 0 0.0 0.0 0.0 0.0 1 1 1.0 0.0 0.0 1.0 1.0 1.0 1.0 1.0 18.0 0.0 0.0 18.0 18.0 18.0 18.0 18.0 1 1.0 0.0 0.0 0.0 0.0 0.0 0.0 0.0 1.0 1.0 0.0 0.0 0.0 0.0 0.0 0.0 0.0 0.0 0.0 0.0 0.0 0.0 0.0 0.0
28 9 2 1.4053283000000079 0.3541150999999729 0.0 1.7594433999999808 2.635144600000018 3.103850900000026 1.5662220500000075 369.68359375 359.8515625 26 26 1.0 26 18 18 False 0 0 False 1.4444444444444444 1.4444444444444444 0.9835244081556433 0.9835244081556433 0.6809015133385223 0.6809015133385223 1.0 1.0 1.0 1.0 1.0 1.0 1.75 1.75 5.0 5.0 0 0.0 0 0.0 3.1733198464284413 0.0 2.309401076758503 2 2 1.0 0.0 0.0 1.0 1.0 1.0 1.0 1.0 13.0 5.656854249492381 0.43514263457633695 9.0 11.0 13.0 15.0 17.0 2 9.0 0.0 0.0 9.0 9.0 9.0 9.0 9.0 13.0 13.0 5.656854249492381 5.656854249492381 0.43514263457633695 0.0 9.0 0.0 11.0 0.0 13.0 0.0 15.0 0.0 17.0 0.0
29 9 1 4.735215699999912 2.170312600000017 0.0 6.905528299999929 3.981440900000024 10.009379199999955 2.535277724999986 380.41015625 375.87890625 53 53 1.0 0 26 26 False 0 0 False 2.0384615384615383 2.0384615384615383 2.2535442171081397 2.2535442171081397 1.1055122574492762 1.1055122574492762 1.0 1.0 1.0 1.0 1.0 1.0 2.0 2.0 11.0 11.0 0 0.0 0 0.0 4.895732352393478 2.0248456731316584 3.4749100707788108 0 0 0.0 0.0 0.0 0.0 0.0 0.0 0.0 0.0 0.0 0.0 0.0 0.0 0.0 0.0 0.0 0.0 4 6.5 2.3804761428476167 0.36622709889963334 4.0 4.75 6.5 8.25 9.0 13.25 13.25 6.551081335677848 6.551081335677848 0.49442123288134704 0.0 5.0 0.0 11.0 0.0 13.5 0.0 15.75 0.0 21.0 0.0
30 10 3 0.9938750000000596 0.2789783000000057 0.0 1.2728533000000652 1.2728533000000652 1.2728533000000652 1.2728533000000652 363.765625 353.31640625 18 18 1.0 18 1 0 False 0 0 False 1.0 1.0 0.0 0.0 0.0 0.0 0.0 0.0 0.0 0.0 0.0 0.0 0.0 0.0 0.0 0.0 0 0.0 0 0.0 0.0 0.0 0.0 1 1 1.0 0.0 0.0 1.0 1.0 1.0 1.0 1.0 18.0 0.0 0.0 18.0 18.0 18.0 18.0 18.0 1 1.0 0.0 0.0 0.0 0.0 0.0 0.0 0.0 1.0 1.0 0.0 0.0 0.0 0.0 0.0 0.0 0.0 0.0 0.0 0.0 0.0 0.0 0.0 0.0
31 10 2 1.4060456000000556 0.3543510999999455 0.0 1.7603967000000011 2.564035800000056 3.0332500000000664 1.5308345500000513 377.0 366.73828125 26 26 1.0 26 18 18 False 0 0 False 1.4444444444444444 1.4444444444444444 0.7838233761296739 0.7838233761296739 0.5426469527051588 0.5426469527051588 1.0 1.0 1.0 1.0 1.0 1.0 2.0 2.0 4.0 4.0 0 0.0 0 0.0 3.0157337756773757 0.0 2.309401076758503 2 2 1.0 0.0 0.0 1.0 1.0 1.0 1.0 1.0 13.0 5.656854249492381 0.43514263457633695 9.0 11.0 13.0 15.0 17.0 2 9.0 0.0 0.0 9.0 9.0 9.0 9.0 9.0 13.0 13.0 5.656854249492381 5.656854249492381 0.43514263457633695 0.0 9.0 0.0 11.0 0.0 13.0 0.0 15.0 0.0 17.0 0.0
32 10 1 4.733767400000033 2.0944129999999177 0.0 6.828180399999951 3.909417200000064 9.861430400000017 2.497879200000021 388.94921875 384.14453125 53 53 1.0 0 26 26 False 0 0 False 2.0384615384615383 2.0384615384615383 2.374544490731125 2.374544490731125 1.1648708822454577 1.1648708822454577 1.0 1.0 1.0 1.0 1.0 1.0 2.0 2.0 13.0 13.0 0 0.0 0 0.0 5.597772697385775 2.0248456731316584 3.4749100707788108 0 0 0.0 0.0 0.0 0.0 0.0 0.0 0.0 0.0 0.0 0.0 0.0 0.0 0.0 0.0 0.0 0.0 4 6.5 2.3804761428476167 0.36622709889963334 4.0 4.75 6.5 8.25 9.0 13.25 13.25 6.551081335677848 6.551081335677848 0.49442123288134704 0.0 5.0 0.0 11.0 0.0 13.5 0.0 15.75 0.0 21.0 0.0
33 11 3 0.9929043000000206 0.353935300000046 0.0 1.3468396000000666 1.3468396000000666 1.3468396000000666 1.3468396000000666 370.765625 360.3828125 18 18 1.0 18 1 0 False 0 0 False 1.0 1.0 0.0 0.0 0.0 0.0 0.0 0.0 0.0 0.0 0.0 0.0 0.0 0.0 0.0 0.0 0 0.0 0 0.0 0.0 0.0 0.0 1 1 1.0 0.0 0.0 1.0 1.0 1.0 1.0 1.0 18.0 0.0 0.0 18.0 18.0 18.0 18.0 18.0 1 1.0 0.0 0.0 0.0 0.0 0.0 0.0 0.0 1.0 1.0 0.0 0.0 0.0 0.0 0.0 0.0 0.0 0.0 0.0 0.0 0.0 0.0 0.0 0.0
34 11 2 1.4087317999999414 0.37586319999999773 0.0 1.784594999999939 2.661347400000011 3.1314346000000057 1.579983750000011 383.9921875 373.79296875 26 26 1.0 26 18 18 False 0 0 False 1.4444444444444444 1.4444444444444444 0.7838233761296739 0.7838233761296739 0.5426469527051588 0.5426469527051588 1.0 1.0 1.0 1.0 1.0 1.0 1.75 1.75 3.0 3.0 0 0.0 0 0.0 3.234014183120649 0.0 2.309401076758503 2 2 1.0 0.0 0.0 1.0 1.0 1.0 1.0 1.0 13.0 5.656854249492381 0.43514263457633695 9.0 11.0 13.0 15.0 17.0 2 9.0 0.0 0.0 9.0 9.0 9.0 9.0 9.0 13.0 13.0 5.656854249492381 5.656854249492381 0.43514263457633695 0.0 9.0 0.0 11.0 0.0 13.0 0.0 15.0 0.0 17.0 0.0
35 11 1 4.754875599999906 2.446570599999916 0.0 7.201446199999822 4.0098272999999836 10.332880799999828 2.6160227499999564 396.109375 391.2421875 53 53 1.0 0 26 26 False 0 0 False 2.0384615384615383 2.0384615384615383 2.1444023732642945 2.1444023732642945 1.0519709755636162 1.0519709755636162 1.0 1.0 1.0 1.0 1.0 1.0 2.0 2.0 11.0 11.0 0 0.0 0 0.0 5.2483443430471715 2.0248456731316584 3.4749100707788108 0 0 0.0 0.0 0.0 0.0 0.0 0.0 0.0 0.0 0.0 0.0 0.0 0.0 0.0 0.0 0.0 0.0 4 6.5 2.3804761428476167 0.36622709889963334 4.0 4.75 6.5 8.25 9.0 13.25 13.25 6.551081335677848 6.551081335677848 0.49442123288134704 0.0 5.0 0.0 11.0 0.0 13.5 0.0 15.75 0.0 21.0 0.0
36 12 3 0.9981472000000906 0.32244699999992577 0.0 1.3205942000000164 1.3205942000000164 1.3205942000000164 1.3205942000000164 380.01953125 369.6484375 18 18 1.0 18 1 0 False 0 0 False 1.0 1.0 0.0 0.0 0.0 0.0 0.0 0.0 0.0 0.0 0.0 0.0 0.0 0.0 0.0 0.0 0 0.0 0 0.0 0.0 0.0 0.0 1 1 1.0 0.0 0.0 1.0 1.0 1.0 1.0 1.0 18.0 0.0 0.0 18.0 18.0 18.0 18.0 18.0 1 1.0 0.0 0.0 0.0 0.0 0.0 0.0 0.0 1.0 1.0 0.0 0.0 0.0 0.0 0.0 0.0 0.0 0.0 0.0 0.0 0.0 0.0 0.0 0.0
37 12 2 1.4127148000000034 0.3737886999999489 0.0 1.7865034999999523 2.6380339999999762 3.1070976999999687 1.5677943499999856 393.3125 383.0703125 26 26 1.0 26 18 18 False 0 0 False 1.4444444444444444 1.4444444444444444 0.9835244081556433 0.9835244081556433 0.6809015133385223 0.6809015133385223 1.0 1.0 1.0 1.0 1.0 1.0 1.75 1.75 5.0 5.0 0 0.0 0 0.0 3.1733198464284413 0.0 2.309401076758503 2 2 1.0 0.0 0.0 1.0 1.0 1.0 1.0 1.0 13.0 5.656854249492381 0.43514263457633695 9.0 11.0 13.0 15.0 17.0 2 9.0 0.0 0.0 9.0 9.0 9.0 9.0 9.0 13.0 13.0 5.656854249492381 5.656854249492381 0.43514263457633695 0.0 9.0 0.0 11.0 0.0 13.0 0.0 15.0 0.0 17.0 0.0
38 12 1 5.274018799999965 7.545377900000062 0.0 12.819396700000027 4.167008799999991 15.926494399999996 4.0140890999999925 426.50390625 420.7421875 57 57 1.0 0 26 26 False 0 0 False 2.1923076923076925 2.1923076923076925 3.0069151071386204 3.0069151071386204 1.3715753120281424 1.3715753120281424 1.0 1.0 1.0 1.0 1.0 1.0 2.0 2.0 16.0 16.0 0 0.0 0 0.0 7.553409434344221 2.0248456731316584 4.886205071423016 0 0 0.0 0.0 0.0 0.0 0.0 0.0 0.0 0.0 0.0 0.0 0.0 0.0 0.0 0.0 0.0 0.0 4 6.5 2.3804761428476167 0.36622709889963334 4.0 4.75 6.5 8.25 9.0 14.25 14.25 8.220908303425682 8.220908303425682 0.5769058458544338 0.0 5.0 0.0 11.0 0.0 13.5 0.0 16.75 0.0 25.0 0.0
39 13 3 1.0038136000000009 0.31952160000005847 0.0 1.3233352000000593 1.3233352000000593 1.3233352000000593 1.3233352000000593 397.75390625 387.5390625 18 18 1.0 18 1 0 False 0 0 False 1.0 1.0 0.0 0.0 0.0 0.0 0.0 0.0 0.0 0.0 0.0 0.0 0.0 0.0 0.0 0.0 0 0.0 0 0.0 0.0 0.0 0.0 1 1 1.0 0.0 0.0 1.0 1.0 1.0 1.0 1.0 18.0 0.0 0.0 18.0 18.0 18.0 18.0 18.0 1 1.0 0.0 0.0 0.0 0.0 0.0 0.0 0.0 1.0 1.0 0.0 0.0 0.0 0.0 0.0 0.0 0.0 0.0 0.0 0.0 0.0 0.0 0.0 0.0
40 13 2 1.421890200000064 0.38601470000003246 0.0 1.8079049000000964 2.653815400000184 3.1312401000001557 1.5796239500000695 411.65234375 401.70703125 26 26 1.0 26 18 18 False 0 0 False 1.4444444444444444 1.4444444444444444 0.7838233761296739 0.7838233761296739 0.5426469527051588 0.5426469527051588 1.0 1.0 1.0 1.0 1.0 1.0 1.75 1.75 3.0 3.0 0 0.0 0 0.0 3.234014183120649 0.0 2.309401076758503 2 2 1.0 0.0 0.0 1.0 1.0 1.0 1.0 1.0 13.0 5.656854249492381 0.43514263457633695 9.0 11.0 13.0 15.0 17.0 2 9.0 0.0 0.0 9.0 9.0 9.0 9.0 9.0 13.0 13.0 5.656854249492381 5.656854249492381 0.43514263457633695 0.0 9.0 0.0 11.0 0.0 13.0 0.0 15.0 0.0 17.0 0.0
41 13 1 3.2493434999999806 0.7886580999999921 0.0 4.038001599999973 4.002019000000217 7.1692417000001285 1.8276088750000241 417.203125 409.43359375 39 39 1.0 0 26 26 False 0 0 False 1.5 1.5 0.648074069840786 0.648074069840786 0.43204937989385733 0.43204937989385733 1.0 1.0 1.0 1.0 1.0 1.0 2.0 2.0 3.0 3.0 0 0.0 0 0.0 1.7348243094375246 2.0248456731316584 3.856812155135378 0 0 0.0 0.0 0.0 0.0 0.0 0.0 0.0 0.0 0.0 0.0 0.0 0.0 0.0 0.0 0.0 0.0 4 6.5 2.3804761428476167 0.36622709889963334 4.0 4.75 6.5 8.25 9.0 9.75 9.75 4.425306015783918 4.425306015783918 0.4538775400804019 0.0 5.0 0.0 6.5 0.0 10.0 0.0 13.25 0.0 14.0 0.0
42 14 3 1.0163737999999967 0.32212320000002137 0.0 1.338497000000018 1.338497000000018 1.338497000000018 1.338497000000018 405.98828125 395.58984375 18 18 1.0 18 1 0 False 0 0 False 1.0 1.0 0.0 0.0 0.0 0.0 0.0 0.0 0.0 0.0 0.0 0.0 0.0 0.0 0.0 0.0 0 0.0 0 0.0 0.0 0.0 0.0 1 1 1.0 0.0 0.0 1.0 1.0 1.0 1.0 1.0 18.0 0.0 0.0 18.0 18.0 18.0 18.0 18.0 1 1.0 0.0 0.0 0.0 0.0 0.0 0.0 0.0 1.0 1.0 0.0 0.0 0.0 0.0 0.0 0.0 0.0 0.0 0.0 0.0 0.0 0.0 0.0 0.0
43 14 2 1.4124743999999225 0.5468488000001059 0.0 1.9593232000000285 2.8333183000000304 3.2978202000000465 1.662936650000006 421.0859375 411.09765625 26 26 1.0 26 18 18 False 0 0 False 1.4444444444444444 1.4444444444444444 0.7047921864945659 0.7047921864945659 0.4879330521885456 0.4879330521885456 1.0 1.0 1.0 1.0 1.0 1.0 2.0 2.0 3.0 3.0 0 0.0 0 0.0 3.055387200749205 0.0 2.309401076758503 2 2 1.0 0.0 0.0 1.0 1.0 1.0 1.0 1.0 13.0 5.656854249492381 0.43514263457633695 9.0 11.0 13.0 15.0 17.0 2 9.0 0.0 0.0 9.0 9.0 9.0 9.0 9.0 13.0 13.0 5.656854249492381 5.656854249492381 0.43514263457633695 0.0 9.0 0.0 11.0 0.0 13.0 0.0 15.0 0.0 17.0 0.0
44 14 1 4.765869599999974 2.2399067999998294 0.0 7.005776399999803 4.20594159999996 10.30359659999985 2.6086520749999664 432.67578125 430.4296875 53 53 1.0 0 26 26 True 0 0 False 2.0384615384615383 2.0384615384615383 1.9984609462899579 1.9984609462899579 1.039199692070778 1.039199692070778 1.0 1.0 1.0 1.0 1.0 1.0 2.0 2.0 11.0 11.0 0 0.0 0 0.0 4.840121398056972 2.0248456731316584 3.724916106437835 0 0 0.0 0.0 0.0 0.0 0.0 0.0 0.0 0.0 0.0 0.0 0.0 0.0 0.0 0.0 0.0 0.0 4 6.5 2.3804761428476167 0.36622709889963334 4.0 4.75 6.5 8.25 9.0 13.25 13.25 6.551081335677848 6.551081335677848 0.49442123288134704 0.0 5.0 0.0 11.0 0.0 13.5 0.0 15.75 0.0 21.0 0.0
45 15 3 1.0018911000000799 0.3541285000001153 0.0 1.3560196000001952 1.3560196000001952 1.3560196000001952 1.3560196000001952 417.2578125 408.65234375 18 18 1.0 18 1 0 False 0 0 False 1.0 1.0 0.0 0.0 0.0 0.0 0.0 0.0 0.0 0.0 0.0 0.0 0.0 0.0 0.0 0.0 0 0.0 0 0.0 0.0 0.0 0.0 1 1 1.0 0.0 0.0 1.0 1.0 1.0 1.0 1.0 18.0 0.0 0.0 18.0 18.0 18.0 18.0 18.0 1 1.0 0.0 0.0 0.0 0.0 0.0 0.0 0.0 1.0 1.0 0.0 0.0 0.0 0.0 0.0 0.0 0.0 0.0 0.0 0.0 0.0 0.0 0.0 0.0
46 15 2 1.4014845999999466 0.5480646000001457 0.0 1.9495492000000922 2.8357638000002794 3.3055688000002874 1.6673799000001566 429.92578125 421.18359375 26 26 1.0 26 18 18 False 0 0 False 1.4444444444444444 1.4444444444444444 0.7047921864945659 0.7047921864945659 0.4879330521885456 0.4879330521885456 1.0 1.0 1.0 1.0 1.0 1.0 2.0 2.0 3.0 3.0 0 0.0 0 0.0 2.9745145192979656 0.0 2.309401076758503 2 2 1.0 0.0 0.0 1.0 1.0 1.0 1.0 1.0 13.0 5.656854249492381 0.43514263457633695 9.0 11.0 13.0 15.0 17.0 2 9.0 0.0 0.0 9.0 9.0 9.0 9.0 9.0 13.0 13.0 5.656854249492381 5.656854249492381 0.43514263457633695 0.0 9.0 0.0 11.0 0.0 13.0 0.0 15.0 0.0 17.0 0.0
47 15 1 5.280998699999827 5.62525179999966 0.0 10.906250499999487 4.187127900000348 14.211819299999775 3.585820799999965 450.36328125 444.6796875 57 57 1.0 0 26 26 False 0 0 False 2.1923076923076925 2.1923076923076925 2.8985407469170514 2.8985407469170514 1.3221413933305848 1.3221413933305848 1.0 1.0 1.0 1.0 1.0 1.0 2.0 2.0 15.0 15.0 0 0.0 0 0.0 7.4459094842294 2.0248456731316584 4.886205071423016 0 0 0.0 0.0 0.0 0.0 0.0 0.0 0.0 0.0 0.0 0.0 0.0 0.0 0.0 0.0 0.0 0.0 4 6.5 2.3804761428476167 0.36622709889963334 4.0 4.75 6.5 8.25 9.0 14.25 14.25 8.220908303425682 8.220908303425682 0.5769058458544338 0.0 5.0 0.0 11.0 0.0 13.5 0.0 16.75 0.0 25.0 0.0
48 16 3 0.9913164999998685 0.36679670000000897 0.0 1.3581131999998775 1.3581131999998775 1.3581131999998775 1.3581131999998775 428.08984375 418.4921875 18 18 1.0 18 1 0 False 0 0 False 1.0 1.0 0.0 0.0 0.0 0.0 0.0 0.0 0.0 0.0 0.0 0.0 0.0 0.0 0.0 0.0 0 0.0 0 0.0 0.0 0.0 0.0 1 1 1.0 0.0 0.0 1.0 1.0 1.0 1.0 1.0 18.0 0.0 0.0 18.0 18.0 18.0 18.0 18.0 1 1.0 0.0 0.0 0.0 0.0 0.0 0.0 0.0 1.0 1.0 0.0 0.0 0.0 0.0 0.0 0.0 0.0 0.0 0.0 0.0 0.0 0.0 0.0 0.0
49 16 2 1.406194199999959 0.3556247000001349 0.0 1.761818900000094 2.655345899999986 3.1199320999999713 1.5742371499999877 442.078125 432.2890625 26 26 1.0 26 18 18 False 0 0 False 1.4444444444444444 1.4444444444444444 0.7838233761296739 0.7838233761296739 0.5426469527051588 0.5426469527051588 1.0 1.0 1.0 1.0 1.0 1.0 2.0 2.0 4.0 4.0 0 0.0 0 0.0 3.0157337756773757 0.0 2.309401076758503 2 2 1.0 0.0 0.0 1.0 1.0 1.0 1.0 1.0 13.0 5.656854249492381 0.43514263457633695 9.0 11.0 13.0 15.0 17.0 2 9.0 0.0 0.0 9.0 9.0 9.0 9.0 9.0 13.0 13.0 5.656854249492381 5.656854249492381 0.43514263457633695 0.0 9.0 0.0 11.0 0.0 13.0 0.0 15.0 0.0 17.0 0.0
50 16 1 5.254312999999968 5.999210500000004 0.0 11.253523499999972 4.004287900000065 14.373455599999943 3.6259841250000022 461.66796875 455.7734375 57 57 1.0 0 26 26 True 0 0 False 2.1923076923076925 2.1923076923076925 2.556439832146381 2.556439832146381 1.186918493496534 1.186918493496534 1.0 1.0 1.0 1.0 1.0 1.0 2.0 2.0 13.0 13.0 0 0.0 0 0.0 6.3558783302634465 2.0248456731316584 4.906628170138838 0 0 0.0 0.0 0.0 0.0 0.0 0.0 0.0 0.0 0.0 0.0 0.0 0.0 0.0 0.0 0.0 0.0 4 6.5 2.3804761428476167 0.36622709889963334 4.0 4.75 6.5 8.25 9.0 14.25 14.25 8.220908303425682 8.220908303425682 0.5769058458544338 0.0 5.0 0.0 11.0 0.0 13.5 0.0 16.75 0.0 25.0 0.0
51 17 3 0.9982148999999936 0.35161750000014536 0.0 1.349832400000139 1.349832400000139 1.349832400000139 1.349832400000139 439.2421875 429.3828125 18 18 1.0 18 1 0 False 0 0 False 1.0 1.0 0.0 0.0 0.0 0.0 0.0 0.0 0.0 0.0 0.0 0.0 0.0 0.0 0.0 0.0 0 0.0 0 0.0 0.0 0.0 0.0 1 1 1.0 0.0 0.0 1.0 1.0 1.0 1.0 1.0 18.0 0.0 0.0 18.0 18.0 18.0 18.0 18.0 1 1.0 0.0 0.0 0.0 0.0 0.0 0.0 0.0 1.0 1.0 0.0 0.0 0.0 0.0 0.0 0.0 0.0 0.0 0.0 0.0 0.0 0.0 0.0 0.0
52 17 2 1.4003029000000424 0.3396528999999191 0.0 1.7399557999999615 2.5453012000001536 3.0897882000001005 1.5589534000000356 449.828125 440.33203125 26 26 1.0 26 18 18 False 0 0 False 1.4444444444444444 1.4444444444444444 0.7838233761296739 0.7838233761296739 0.5426469527051588 0.5426469527051588 1.0 1.0 1.0 1.0 1.0 1.0 2.0 2.0 4.0 4.0 0 0.0 0 0.0 2.7276966873365884 0.0 1.7320508075688772 2 2 1.0 0.0 0.0 1.0 1.0 1.0 1.0 1.0 13.0 4.242640687119285 0.32635697593225266 10.0 11.5 13.0 14.5 16.0 2 9.0 0.0 0.0 9.0 9.0 9.0 9.0 9.0 13.0 13.0 4.242640687119285 4.242640687119285 0.32635697593225266 0.0 10.0 0.0 11.5 0.0 13.0 0.0 14.5 0.0 16.0 0.0
53 17 1 4.74807579999964 2.609814799999697 0.0 7.357890599999337 3.8993025999999986 10.447678799999437 2.644586699999877 465.03125 461.47265625 53 53 1.0 0 26 26 False 0 0 False 2.0384615384615383 2.0384615384615383 2.0490147726313586 2.0490147726313586 1.0051770582719872 1.0051770582719872 1.0 1.0 1.0 1.0 1.0 1.0 2.0 2.0 11.0 11.0 0 0.0 0 0.0 4.669316308936395 1.6431676725154984 3.4749100707788108 0 0 0.0 0.0 0.0 0.0 0.0 0.0 0.0 0.0 0.0 0.0 0.0 0.0 0.0 0.0 0.0 0.0 4 6.5 1.7320508075688772 0.2664693550105965 5.0 5.0 6.5 8.0 8.0 13.25 13.25 6.13052471924984 6.13052471924984 0.46268111088678043 0.0 6.0 0.0 11.25 0.0 13.0 0.0 15.0 0.0 21.0 0.0
54 18 3 1.000638199999912 0.33620299999995495 0.0 1.336841199999867 1.336841199999867 1.336841199999867 1.336841199999867 445.6796875 435.90625 18 18 1.0 18 1 0 False 0 0 False 1.0 1.0 0.0 0.0 0.0 0.0 0.0 0.0 0.0 0.0 0.0 0.0 0.0 0.0 0.0 0.0 0 0.0 0 0.0 0.0 0.0 0.0 1 1 1.0 0.0 0.0 1.0 1.0 1.0 1.0 1.0 18.0 0.0 0.0 18.0 18.0 18.0 18.0 18.0 1 1.0 0.0 0.0 0.0 0.0 0.0 0.0 0.0 1.0 1.0 0.0 0.0 0.0 0.0 0.0 0.0 0.0 0.0 0.0 0.0 0.0 0.0 0.0 0.0
55 18 2 1.4135868999999843 0.6089863999998784 0.0 2.0225732999998627 2.890425899999741 3.3594144999997297 1.6937342499998351 459.26171875 449.328125 26 26 1.0 26 18 18 False 0 0 False 1.4444444444444444 1.4444444444444444 0.7838233761296739 0.7838233761296739 0.5426469527051588 0.5426469527051588 1.0 1.0 1.0 1.0 1.0 1.0 1.75 1.75 3.0 3.0 0 0.0 0 0.0 3.234014183120649 0.0 2.309401076758503 2 2 1.0 0.0 0.0 1.0 1.0 1.0 1.0 1.0 13.0 5.656854249492381 0.43514263457633695 9.0 11.0 13.0 15.0 17.0 2 9.0 0.0 0.0 9.0 9.0 9.0 9.0 9.0 13.0 13.0 5.656854249492381 5.656854249492381 0.43514263457633695 0.0 9.0 0.0 11.0 0.0 13.0 0.0 15.0 0.0 17.0 0.0
56 18 1 5.261995000000013 6.988783799999965 0.0 12.250778799999978 4.22862919999983 15.610193299999708 3.9352199999999016 482.3359375 477.13671875 57 57 1.0 0 26 26 False 0 0 False 2.1923076923076925 2.1923076923076925 2.8286990758188577 2.8286990758188577 1.2902837889700052 1.2902837889700052 1.0 1.0 1.0 1.0 1.0 1.0 2.0 2.0 15.0 15.0 0 0.0 0 0.0 6.369827638328362 2.0248456731316584 4.886205071423016 0 0 0.0 0.0 0.0 0.0 0.0 0.0 0.0 0.0 0.0 0.0 0.0 0.0 0.0 0.0 0.0 0.0 4 6.5 2.3804761428476167 0.36622709889963334 4.0 4.75 6.5 8.25 9.0 14.25 14.25 8.220908303425682 8.220908303425682 0.5769058458544338 0.0 5.0 0.0 11.0 0.0 13.5 0.0 16.75 0.0 25.0 0.0
57 19 3 0.9990233999999987 0.3396154999999794 0.0 1.338638899999978 1.338638899999978 1.338638899999978 1.338638899999978 459.265625 449.3515625 18 18 1.0 18 1 0 False 0 0 False 1.0 1.0 0.0 0.0 0.0 0.0 0.0 0.0 0.0 0.0 0.0 0.0 0.0 0.0 0.0 0.0 0 0.0 0 0.0 0.0 0.0 0.0 1 1 1.0 0.0 0.0 1.0 1.0 1.0 1.0 1.0 18.0 0.0 0.0 18.0 18.0 18.0 18.0 18.0 1 1.0 0.0 0.0 0.0 0.0 0.0 0.0 0.0 1.0 1.0 0.0 0.0 0.0 0.0 0.0 0.0 0.0 0.0 0.0 0.0 0.0 0.0 0.0 0.0
58 19 2 1.4069604000000027 0.37380559999996876 0.0 1.7807659999999714 2.6511034999999765 3.1194048999999495 1.5739655499999685 472.81640625 463.0234375 26 26 1.0 26 18 18 False 0 0 False 1.4444444444444444 1.4444444444444444 0.7838233761296739 0.7838233761296739 0.5426469527051588 0.5426469527051588 1.0 1.0 1.0 1.0 1.0 1.0 1.75 1.75 3.0 3.0 0 0.0 0 0.0 3.234014183120649 0.0 2.309401076758503 2 2 1.0 0.0 0.0 1.0 1.0 1.0 1.0 1.0 13.0 5.656854249492381 0.43514263457633695 9.0 11.0 13.0 15.0 17.0 2 9.0 0.0 0.0 9.0 9.0 9.0 9.0 9.0 13.0 13.0 5.656854249492381 5.656854249492381 0.43514263457633695 0.0 9.0 0.0 11.0 0.0 13.0 0.0 15.0 0.0 17.0 0.0
59 19 1 4.758447199999864 2.7532832000003395 0.0 7.511730400000204 4.2449892000000204 10.631135300000153 2.690966250000045 486.28515625 482.40234375 53 53 1.0 0 26 26 True 0 0 False 2.0384615384615383 2.0384615384615383 2.209072203437452 2.209072203437452 1.104536101718726 1.104536101718726 1.0 1.0 1.0 1.0 1.0 1.0 2.0 2.0 12.0 12.0 0 0.0 0 0.0 4.725685198118466 2.0248456731316584 3.50356960827097 0 0 0.0 0.0 0.0 0.0 0.0 0.0 0.0 0.0 0.0 0.0 0.0 0.0 0.0 0.0 0.0 0.0 4 6.5 2.3804761428476167 0.36622709889963334 4.0 4.75 6.5 8.25 9.0 13.25 13.25 6.551081335677848 6.551081335677848 0.49442123288134704 0.0 5.0 0.0 11.0 0.0 13.5 0.0 15.75 0.0 21.0 0.0
60 20 3 0.9933163999998555 0.3573183999999401 0.0 1.3506347999997956 1.3506347999997956 1.3506347999997956 1.3506347999997956 468.703125 458.9296875 18 18 1.0 18 1 0 False 0 0 False 1.0 1.0 0.0 0.0 0.0 0.0 0.0 0.0 0.0 0.0 0.0 0.0 0.0 0.0 0.0 0.0 0 0.0 0 0.0 0.0 0.0 0.0 1 1 1.0 0.0 0.0 1.0 1.0 1.0 1.0 1.0 18.0 0.0 0.0 18.0 18.0 18.0 18.0 18.0 1 1.0 0.0 0.0 0.0 0.0 0.0 0.0 0.0 1.0 1.0 0.0 0.0 0.0 0.0 0.0 0.0 0.0 0.0 0.0 0.0 0.0 0.0 0.0 0.0
61 20 2 1.3955814999999916 0.6010697999999479 0.0 1.9966512999999395 2.533078399999681 3.347286099999735 1.6877228999998692 481.546875 472.3984375 26 26 1.0 26 18 18 False 0 0 False 1.4444444444444444 1.4444444444444444 0.7047921864945659 0.7047921864945659 0.4879330521885456 0.4879330521885456 1.0 1.0 1.0 1.0 1.0 1.0 2.0 2.0 3.0 3.0 0 0.0 0 0.0 2.8035838322630466 0.0 1.7320508075688772 2 2 1.0 0.0 0.0 1.0 1.0 1.0 1.0 1.0 13.0 4.242640687119285 0.32635697593225266 10.0 11.5 13.0 14.5 16.0 2 9.0 0.0 0.0 9.0 9.0 9.0 9.0 9.0 13.0 13.0 4.242640687119285 4.242640687119285 0.32635697593225266 0.0 10.0 0.0 11.5 0.0 13.0 0.0 14.5 0.0 16.0 0.0
62 20 1 5.258805200000154 7.888602700000206 0.0 13.14740790000036 3.8792074999997794 16.494694000000095 4.156233675000038 501.2734375 495.6015625 57 57 1.0 0 26 26 False 0 0 False 2.1923076923076925 2.1923076923076925 3.70965476311994 3.70965476311994 1.6921232252827796 1.6921232252827796 1.0 1.0 1.0 1.0 1.0 1.0 2.0 2.0 20.0 20.0 0 0.0 0 0.0 6.419794186455648 1.6431676725154984 4.967393682807917 0 0 0.0 0.0 0.0 0.0 0.0 0.0 0.0 0.0 0.0 0.0 0.0 0.0 0.0 0.0 0.0 0.0 4 6.5 1.7320508075688772 0.2664693550105965 5.0 5.0 6.5 8.0 8.0 14.25 14.25 7.88986691902975 7.88986691902975 0.5536748715108596 0.0 6.0 0.0 11.25 0.0 13.0 0.0 16.0 0.0 25.0 0.0
63 21 3 0.9913457000000108 0.31863420000007636 0.0 1.3099799000000871 1.3099799000000871 1.3099799000000871 1.3099799000000871 478.16796875 468.41796875 18 18 1.0 18 1 0 False 0 0 False 1.0 1.0 0.0 0.0 0.0 0.0 0.0 0.0 0.0 0.0 0.0 0.0 0.0 0.0 0.0 0.0 0 0.0 0 0.0 0.0 0.0 0.0 1 1 1.0 0.0 0.0 1.0 1.0 1.0 1.0 1.0 18.0 0.0 0.0 18.0 18.0 18.0 18.0 18.0 1 1.0 0.0 0.0 0.0 0.0 0.0 0.0 0.0 1.0 1.0 0.0 0.0 0.0 0.0 0.0 0.0 0.0 0.0 0.0 0.0 0.0 0.0 0.0 0.0
64 21 2 1.4086483999998904 0.3594283999998993 0.0 1.7680767999997897 2.6128861999999344 3.078056699999877 1.5530267499999297 491.609375 482.09375 26 26 1.0 26 18 18 False 0 0 False 1.4444444444444444 1.4444444444444444 0.7838233761296739 0.7838233761296739 0.5426469527051588 0.5426469527051588 1.0 1.0 1.0 1.0 1.0 1.0 1.75 1.75 3.0 3.0 0 0.0 0 0.0 3.234014183120649 0.0 2.309401076758503 2 2 1.0 0.0 0.0 1.0 1.0 1.0 1.0 1.0 13.0 5.656854249492381 0.43514263457633695 9.0 11.0 13.0 15.0 17.0 2 9.0 0.0 0.0 9.0 9.0 9.0 9.0 9.0 13.0 13.0 5.656854249492381 5.656854249492381 0.43514263457633695 0.0 9.0 0.0 11.0 0.0 13.0 0.0 15.0 0.0 17.0 0.0
65 21 1 5.291835400000139 7.571708799999897 0.0 12.863544200000035 3.97362940000005 15.941600899999912 4.017779799999985 516.6953125 511.7421875 57 57 1.0 0 26 26 False 0 0 False 2.1923076923076925 2.1923076923076925 3.698856372115368 3.698856372115368 1.687197643421045 1.687197643421045 1.0 1.0 1.0 1.0 1.0 1.0 2.0 2.0 20.0 20.0 0 0.0 0 0.0 6.386294959803336 2.0248456731316584 4.886205071423016 0 0 0.0 0.0 0.0 0.0 0.0 0.0 0.0 0.0 0.0 0.0 0.0 0.0 0.0 0.0 0.0 0.0 4 6.5 2.3804761428476167 0.36622709889963334 4.0 4.75 6.5 8.25 9.0 14.25 14.25 8.220908303425682 8.220908303425682 0.5769058458544338 0.0 5.0 0.0 11.0 0.0 13.5 0.0 16.75 0.0 25.0 0.0
66 22 3 1.0015922999999134 0.35766910000006646 0.0 1.3592613999999799 1.3592613999999799 1.3592613999999799 1.3592613999999799 490.0625 480.1015625 18 18 1.0 18 1 0 False 0 0 False 1.0 1.0 0.0 0.0 0.0 0.0 0.0 0.0 0.0 0.0 0.0 0.0 0.0 0.0 0.0 0.0 0 0.0 0 0.0 0.0 0.0 0.0 1 1 1.0 0.0 0.0 1.0 1.0 1.0 1.0 1.0 18.0 0.0 0.0 18.0 18.0 18.0 18.0 18.0 1 1.0 0.0 0.0 0.0 0.0 0.0 0.0 0.0 1.0 1.0 0.0 0.0 0.0 0.0 0.0 0.0 0.0 0.0 0.0 0.0 0.0 0.0 0.0 0.0
67 22 2 1.405547699999886 0.3569083000001001 0.0 1.762455999999986 2.6548387999999363 3.121717399999966 1.5748481499999798 504.19140625 494.4453125 26 26 1.0 26 18 18 False 0 0 False 1.4444444444444444 1.4444444444444444 0.7838233761296739 0.7838233761296739 0.5426469527051588 0.5426469527051588 1.0 1.0 1.0 1.0 1.0 1.0 2.0 2.0 4.0 4.0 0 0.0 0 0.0 3.1034959711264904 0.0 2.309401076758503 2 2 1.0 0.0 0.0 1.0 1.0 1.0 1.0 1.0 13.0 5.656854249492381 0.43514263457633695 9.0 11.0 13.0 15.0 17.0 2 9.0 0.0 0.0 9.0 9.0 9.0 9.0 9.0 13.0 13.0 5.656854249492381 5.656854249492381 0.43514263457633695 0.0 9.0 0.0 11.0 0.0 13.0 0.0 15.0 0.0 17.0 0.0
68 22 1 5.291520699999921 7.379606699999954 0.0 12.671127399999875 3.9987780999999245 15.792844799999841 3.9806697999999585 528.65625 524.31640625 57 57 1.0 0 26 26 False 0 0 False 2.1923076923076925 2.1923076923076925 2.912308098663062 2.912308098663062 1.3284212379866598 1.3284212379866598 1.0 1.0 1.0 1.0 1.5 1.5 2.0 2.0 16.0 16.0 0 0.0 0 0.0 6.454953146099763 2.0248456731316584 4.886205071423016 0 0 0.0 0.0 0.0 0.0 0.0 0.0 0.0 0.0 0.0 0.0 0.0 0.0 0.0 0.0 0.0 0.0 4 6.5 2.3804761428476167 0.36622709889963334 4.0 4.75 6.5 8.25 9.0 14.25 14.25 8.220908303425682 8.220908303425682 0.5769058458544338 0.0 5.0 0.0 11.0 0.0 13.5 0.0 16.75 0.0 25.0 0.0
69 23 3 1.0031599000001847 0.40220249999998714 0.0 1.4053624000001719 1.4053624000001719 1.4053624000001719 1.4053624000001719 467.80078125 460.12109375 18 18 1.0 18 1 0 False 0 0 False 1.0 1.0 0.0 0.0 0.0 0.0 0.0 0.0 0.0 0.0 0.0 0.0 0.0 0.0 0.0 0.0 0 0.0 0 0.0 0.0 0.0 0.0 1 1 1.0 0.0 0.0 1.0 1.0 1.0 1.0 1.0 18.0 0.0 0.0 18.0 18.0 18.0 18.0 18.0 1 1.0 0.0 0.0 0.0 0.0 0.0 0.0 0.0 1.0 1.0 0.0 0.0 0.0 0.0 0.0 0.0 0.0 0.0 0.0 0.0 0.0 0.0 0.0 0.0
70 23 2 1.4090357000000608 0.6545221999998603 0.0 2.063557899999921 2.9959923000001254 3.468920300000093 1.748683250000056 504.5625 497.66015625 26 26 1.0 26 18 18 False 0 0 False 1.4444444444444444 1.4444444444444444 0.8555852638929972 0.8555852638929972 0.5923282596182288 0.5923282596182288 1.0 1.0 1.0 1.0 1.0 1.0 1.75 1.75 4.0 4.0 0 0.0 0 0.0 3.0523552263757803 0.0 2.309401076758503 2 2 1.0 0.0 0.0 1.0 1.0 1.0 1.0 1.0 13.0 5.656854249492381 0.43514263457633695 9.0 11.0 13.0 15.0 17.0 2 9.0 0.0 0.0 9.0 9.0 9.0 9.0 9.0 13.0 13.0 5.656854249492381 5.656854249492381 0.43514263457633695 0.0 9.0 0.0 11.0 0.0 13.0 0.0 15.0 0.0 17.0 0.0
71 23 1 5.306896800000004 6.545376199999907 0.0 11.852272999999911 4.3387187000003 15.321193300000004 3.8629038249999894 538.54296875 533.94140625 57 57 1.0 0 26 26 True 0 0 False 2.1923076923076925 2.1923076923076925 2.648657134357827 2.648657134357827 1.229733669523277 1.229733669523277 1.0 1.0 1.0 1.0 1.0 1.0 2.0 2.0 14.0 14.0 0 0.0 0 0.0 7.488699573475704 2.0248456731316584 4.906628170138838 0 0 0.0 0.0 0.0 0.0 0.0 0.0 0.0 0.0 0.0 0.0 0.0 0.0 0.0 0.0 0.0 0.0 4 6.5 2.3804761428476167 0.36622709889963334 4.0 4.75 6.5 8.25 9.0 14.25 14.25 8.220908303425682 8.220908303425682 0.5769058458544338 0.0 5.0 0.0 11.0 0.0 13.5 0.0 16.75 0.0 25.0 0.0
72 24 3 0.9936607999999865 0.30500200000000177 0.0 1.2986627999999882 1.2986627999999882 1.2986627999999882 1.2986627999999882 514.53125 504.8203125 18 18 1.0 18 1 0 False 0 0 False 1.0 1.0 0.0 0.0 0.0 0.0 0.0 0.0 0.0 0.0 0.0 0.0 0.0 0.0 0.0 0.0 0 0.0 0 0.0 0.0 0.0 0.0 1 1 1.0 0.0 0.0 1.0 1.0 1.0 1.0 1.0 18.0 0.0 0.0 18.0 18.0 18.0 18.0 18.0 1 1.0 0.0 0.0 0.0 0.0 0.0 0.0 0.0 1.0 1.0 0.0 0.0 0.0 0.0 0.0 0.0 0.0 0.0 0.0 0.0 0.0 0.0 0.0 0.0
73 24 2 1.406390100000067 0.36240509999981896 0.0 1.7687951999998859 2.5995929999999134 3.067457999999874 1.5481183999999644 528.0 518.484375 26 26 1.0 26 18 18 False 0 0 False 1.4444444444444444 1.4444444444444444 0.9217771979249536 0.9217771979249536 0.6381534447172755 0.6381534447172755 1.0 1.0 1.0 1.0 1.0 1.0 1.0 1.0 4.0 4.0 0 0.0 0 0.0 3.3057500720857065 0.0 2.309401076758503 2 2 1.0 0.0 0.0 1.0 1.0 1.0 1.0 1.0 13.0 5.656854249492381 0.43514263457633695 9.0 11.0 13.0 15.0 17.0 2 9.0 0.0 0.0 9.0 9.0 9.0 9.0 9.0 13.0 13.0 5.656854249492381 5.656854249492381 0.43514263457633695 0.0 9.0 0.0 11.0 0.0 13.0 0.0 15.0 0.0 17.0 0.0
74 24 1 3.1677468999998837 1.066107699999975 0.0 4.233854599999859 3.9510065999998574 7.301312599999733 1.8580405749999471 533.546875 526.0234375 39 39 1.0 0 26 26 False 0 0 False 1.5 1.5 0.648074069840786 0.648074069840786 0.43204937989385733 0.43204937989385733 1.0 1.0 1.0 1.0 1.0 1.0 2.0 2.0 3.0 3.0 0 0.0 0 0.0 2.03100960115899 2.0248456731316584 3.856812155135378 0 0 0.0 0.0 0.0 0.0 0.0 0.0 0.0 0.0 0.0 0.0 0.0 0.0 0.0 0.0 0.0 0.0 4 6.5 2.3804761428476167 0.36622709889963334 4.0 4.75 6.5 8.25 9.0 9.75 9.75 4.425306015783918 4.425306015783918 0.4538775400804019 0.0 5.0 0.0 6.5 0.0 10.0 0.0 13.25 0.0 14.0 0.0
75 25 3 0.9942091999998866 0.3801455999999348 0.0 1.3743547999998214 1.3743547999998214 1.3743547999998214 1.3743547999998214 521.34765625 511.3125 18 18 1.0 18 1 0 False 0 0 False 1.0 1.0 0.0 0.0 0.0 0.0 0.0 0.0 0.0 0.0 0.0 0.0 0.0 0.0 0.0 0.0 0 0.0 0 0.0 0.0 0.0 0.0 1 1 1.0 0.0 0.0 1.0 1.0 1.0 1.0 1.0 18.0 0.0 0.0 18.0 18.0 18.0 18.0 18.0 1 1.0 0.0 0.0 0.0 0.0 0.0 0.0 0.0 1.0 1.0 0.0 0.0 0.0 0.0 0.0 0.0 0.0 0.0 0.0 0.0 0.0 0.0 0.0 0.0
76 25 2 1.4080880999999863 0.3629297999999608 0.0 1.771017899999947 2.6798520999997777 3.1453726999997684 1.587036049999881 535.72265625 525.90234375 26 26 1.0 26 18 18 False 0 0 False 1.4444444444444444 1.4444444444444444 0.7838233761296739 0.7838233761296739 0.5426469527051588 0.5426469527051588 1.0 1.0 1.0 1.0 1.0 1.0 1.75 1.75 3.0 3.0 0 0.0 0 0.0 3.234014183120649 0.0 2.309401076758503 2 2 1.0 0.0 0.0 1.0 1.0 1.0 1.0 1.0 13.0 5.656854249492381 0.43514263457633695 9.0 11.0 13.0 15.0 17.0 2 9.0 0.0 0.0 9.0 9.0 9.0 9.0 9.0 13.0 13.0 5.656854249492381 5.656854249492381 0.43514263457633695 0.0 9.0 0.0 11.0 0.0 13.0 0.0 15.0 0.0 17.0 0.0
77 25 1 5.26265409999985 5.576484999999934 0.0 10.839139099999784 4.024740899999699 13.984511799999552 3.528962599999886 554.1796875 548.78515625 57 57 1.0 0 26 26 False 0 0 False 2.1923076923076925 2.1923076923076925 3.4987909999796303 3.4987909999796303 1.5959397543766733 1.5959397543766733 1.0 1.0 1.0 1.0 1.0 1.0 2.0 2.0 19.0 19.0 0 0.0 0 0.0 6.366575533492763 2.0248456731316584 4.886205071423016 0 0 0.0 0.0 0.0 0.0 0.0 0.0 0.0 0.0 0.0 0.0 0.0 0.0 0.0 0.0 0.0 0.0 4 6.5 2.3804761428476167 0.36622709889963334 4.0 4.75 6.5 8.25 9.0 14.25 14.25 8.220908303425682 8.220908303425682 0.5769058458544338 0.0 5.0 0.0 11.0 0.0 13.5 0.0 16.75 0.0 25.0 0.0
78 26 3 0.9937248000000523 0.748274800000047 0.0 1.7419996000000992 1.7419996000000992 1.7419996000000992 1.7419996000000992 532.7265625 523.58984375 18 18 1.0 18 1 0 False 0 0 False 1.0 1.0 0.0 0.0 0.0 0.0 0.0 0.0 0.0 0.0 0.0 0.0 0.0 0.0 0.0 0.0 0 0.0 0 0.0 0.0 0.0 0.0 1 1 1.0 0.0 0.0 1.0 1.0 1.0 1.0 1.0 18.0 0.0 0.0 18.0 18.0 18.0 18.0 18.0 1 1.0 0.0 0.0 0.0 0.0 0.0 0.0 0.0 1.0 1.0 0.0 0.0 0.0 0.0 0.0 0.0 0.0 0.0 0.0 0.0 0.0 0.0 0.0 0.0
79 26 2 1.4049984999999765 0.35906360000007 0.0 1.7640621000000465 3.036112800000126 3.5060617000001457 1.7674082000000624 544.390625 535.0546875 26 26 1.0 26 18 18 False 0 0 False 1.4444444444444444 1.4444444444444444 0.9835244081556433 0.9835244081556433 0.6809015133385223 0.6809015133385223 1.0 1.0 1.0 1.0 1.0 1.0 1.75 1.75 5.0 5.0 0 0.0 0 0.0 3.3308632823580915 0.0 2.309401076758503 2 2 1.0 0.0 0.0 1.0 1.0 1.0 1.0 1.0 13.0 5.656854249492381 0.43514263457633695 9.0 11.0 13.0 15.0 17.0 2 9.0 0.0 0.0 9.0 9.0 9.0 9.0 9.0 13.0 13.0 5.656854249492381 5.656854249492381 0.43514263457633695 0.0 9.0 0.0 11.0 0.0 13.0 0.0 15.0 0.0 17.0 0.0
80 26 1 3.5632975000000897 0.8283721000000241 0.0 4.391669600000114 4.383528600000261 7.89773130000026 2.007292125000049 551.10546875 543.86328125 43 43 1.0 0 26 26 False 0 0 False 1.6538461538461537 1.6538461538461537 1.0933364602832083 1.0933364602832083 0.6610871620317074 0.6610871620317074 1.0 1.0 1.0 1.0 1.0 1.0 2.0 2.0 6.0 6.0 0 0.0 0 0.0 1.3912767113604552 2.0248456731316584 2.659887215654077 0 0 0.0 0.0 0.0 0.0 0.0 0.0 0.0 0.0 0.0 0.0 0.0 0.0 0.0 0.0 0.0 0.0 4 6.5 2.3804761428476167 0.36622709889963334 4.0 4.75 6.5 8.25 9.0 10.75 10.75 4.031128874149275 4.031128874149275 0.3749887324790023 0.0 5.0 0.0 9.5 0.0 12.0 0.0 13.25 0.0 14.0 0.0
81 27 3 0.9950268000000051 0.28493710000009287 0.0 1.279963900000098 1.279963900000098 1.279963900000098 1.279963900000098 540.7265625 530.8828125 18 18 1.0 18 1 0 False 0 0 False 1.0 1.0 0.0 0.0 0.0 0.0 0.0 0.0 0.0 0.0 0.0 0.0 0.0 0.0 0.0 0.0 0 0.0 0 0.0 0.0 0.0 0.0 1 1 1.0 0.0 0.0 1.0 1.0 1.0 1.0 1.0 18.0 0.0 0.0 18.0 18.0 18.0 18.0 18.0 1 1.0 0.0 0.0 0.0 0.0 0.0 0.0 0.0 1.0 1.0 0.0 0.0 0.0 0.0 0.0 0.0 0.0 0.0 0.0 0.0 0.0 0.0 0.0 0.0
82 27 2 1.4118388000001119 0.699907400000086 0.0 2.111746200000198 2.576432400000215 3.391710100000296 1.7102495500001282 552.765625 543.08203125 26 26 1.0 26 18 18 False 0 0 False 1.4444444444444444 1.4444444444444444 0.7838233761296739 0.7838233761296739 0.5426469527051588 0.5426469527051588 1.0 1.0 1.0 1.0 1.0 1.0 2.0 2.0 4.0 4.0 0 0.0 0 0.0 3.0157337756773757 0.0 2.309401076758503 2 2 1.0 0.0 0.0 1.0 1.0 1.0 1.0 1.0 13.0 5.656854249492381 0.43514263457633695 9.0 11.0 13.0 15.0 17.0 2 9.0 0.0 0.0 9.0 9.0 9.0 9.0 9.0 13.0 13.0 5.656854249492381 5.656854249492381 0.43514263457633695 0.0 9.0 0.0 11.0 0.0 13.0 0.0 15.0 0.0 17.0 0.0
83 27 1 5.284664800000201 6.616298000000143 0.0 11.900962800000343 3.936790100000451 15.292672900000639 3.856099350000136 573.5546875 568.73046875 57 57 1.0 0 26 26 True 0 0 False 2.1923076923076925 2.1923076923076925 3.1154700842976886 3.1154700842976886 1.4727676762134527 1.4727676762134527 1.0 1.0 1.0 1.0 1.0 1.0 2.0 2.0 17.0 17.0 0 0.0 0 0.0 6.469603483272316 2.0248456731316584 4.967393682807917 0 0 0.0 0.0 0.0 0.0 0.0 0.0 0.0 0.0 0.0 0.0 0.0 0.0 0.0 0.0 0.0 0.0 4 6.5 2.3804761428476167 0.36622709889963334 4.0 4.75 6.5 8.25 9.0 14.25 14.25 8.220908303425682 8.220908303425682 0.5769058458544338 0.0 5.0 0.0 11.0 0.0 13.5 0.0 16.75 0.0 25.0 0.0
84 28 3 1.003769699999964 0.33626289999989467 0.0 1.3400325999998586 1.3400325999998586 1.3400325999998586 1.3400325999998586 515.06640625 510.37109375 18 18 1.0 18 1 0 False 0 0 False 1.0 1.0 0.0 0.0 0.0 0.0 0.0 0.0 0.0 0.0 0.0 0.0 0.0 0.0 0.0 0.0 0 0.0 0 0.0 0.0 0.0 0.0 1 1 1.0 0.0 0.0 1.0 1.0 1.0 1.0 1.0 18.0 0.0 0.0 18.0 18.0 18.0 18.0 18.0 1 1.0 0.0 0.0 0.0 0.0 0.0 0.0 0.0 1.0 1.0 0.0 0.0 0.0 0.0 0.0 0.0 0.0 0.0 0.0 0.0 0.0 0.0 0.0 0.0
85 28 2 1.4090107000000103 0.3663955000000101 0.0 1.7754062000000204 2.647584699999868 3.115438799999879 1.5723046999999326 552.109375 544.17578125 26 26 1.0 26 18 18 False 0 0 False 1.4444444444444444 1.4444444444444444 1.0416176459053668 1.0416176459053668 0.7211199087037155 0.7211199087037155 1.0 1.0 1.0 1.0 1.0 1.0 1.0 1.0 5.0 5.0 0 0.0 0 0.0 3.4177580310559934 0.0 2.309401076758503 2 2 1.0 0.0 0.0 1.0 1.0 1.0 1.0 1.0 13.0 5.656854249492381 0.43514263457633695 9.0 11.0 13.0 15.0 17.0 2 9.0 0.0 0.0 9.0 9.0 9.0 9.0 9.0 13.0 13.0 5.656854249492381 5.656854249492381 0.43514263457633695 0.0 9.0 0.0 11.0 0.0 13.0 0.0 15.0 0.0 17.0 0.0
86 28 1 3.5740969999997674 0.8391138000000637 0.0 4.413210799999831 4.000464299999862 7.52864959999971 1.9149682999999555 562.75 557.078125 43 43 1.0 0 26 26 False 0 0 False 1.6538461538461537 1.6538461538461537 1.1642098674142114 1.1642098674142114 0.703940850064407 0.703940850064407 1.0 1.0 1.0 1.0 1.0 1.0 2.0 2.0 6.0 6.0 0 0.0 0 0.0 1.4597661318729493 2.0248456731316584 2.659887215654077 0 0 0.0 0.0 0.0 0.0 0.0 0.0 0.0 0.0 0.0 0.0 0.0 0.0 0.0 0.0 0.0 0.0 4 6.5 2.3804761428476167 0.36622709889963334 4.0 4.75 6.5 8.25 9.0 10.75 10.75 4.031128874149275 4.031128874149275 0.3749887324790023 0.0 5.0 0.0 9.5 0.0 12.0 0.0 13.25 0.0 14.0 0.0
87 29 3 1.0084091999999032 0.33180160000006254 0.0 1.3402107999999657 1.3402107999999657 1.3402107999999657 1.3402107999999657 553.66015625 544.72265625 18 18 1.0 18 1 0 False 0 0 False 1.0 1.0 0.0 0.0 0.0 0.0 0.0 0.0 0.0 0.0 0.0 0.0 0.0 0.0 0.0 0.0 0 0.0 0 0.0 0.0 0.0 0.0 1 1 1.0 0.0 0.0 1.0 1.0 1.0 1.0 1.0 18.0 0.0 0.0 18.0 18.0 18.0 18.0 18.0 1 1.0 0.0 0.0 0.0 0.0 0.0 0.0 0.0 1.0 1.0 0.0 0.0 0.0 0.0 0.0 0.0 0.0 0.0 0.0 0.0 0.0 0.0 0.0 0.0
88 29 2 1.4134230999999886 0.37358330000000706 0.0 1.7870063999999957 2.659070100000008 3.1272171999999614 1.5776398999999799 567.53515625 558.73046875 26 26 1.0 26 18 18 False 0 0 False 1.4444444444444444 1.4444444444444444 0.7838233761296739 0.7838233761296739 0.5426469527051588 0.5426469527051588 1.0 1.0 1.0 1.0 1.0 1.0 1.75 1.75 3.0 3.0 0 0.0 0 0.0 3.234014183120649 0.0 2.309401076758503 2 2 1.0 0.0 0.0 1.0 1.0 1.0 1.0 1.0 13.0 5.656854249492381 0.43514263457633695 9.0 11.0 13.0 15.0 17.0 2 9.0 0.0 0.0 9.0 9.0 9.0 9.0 9.0 13.0 13.0 5.656854249492381 5.656854249492381 0.43514263457633695 0.0 9.0 0.0 11.0 0.0 13.0 0.0 15.0 0.0 17.0 0.0
89 29 1 3.152808900000025 1.1153257999999369 0.0 4.268134699999962 4.369393700000103 7.395351899999923 1.8818059500000004 575.05859375 568.8125 39 39 1.0 0 26 26 False 0 0 False 1.5 1.5 0.7071067811865476 0.7071067811865476 0.47140452079103173 0.47140452079103173 1.0 1.0 1.0 1.0 1.0 1.0 2.0 2.0 3.0 3.0 0 0.0 0 0.0 2.1505813167606567 2.0248456731316584 3.856812155135378 0 0 0.0 0.0 0.0 0.0 0.0 0.0 0.0 0.0 0.0 0.0 0.0 0.0 0.0 0.0 0.0 0.0 4 6.5 2.3804761428476167 0.36622709889963334 4.0 4.75 6.5 8.25 9.0 9.75 9.75 4.425306015783918 4.425306015783918 0.4538775400804019 0.0 5.0 0.0 6.5 0.0 10.0 0.0 13.25 0.0 14.0 0.0
90 30 3 1.001004200000068 0.307971600000144 0.0 1.308975800000212 1.308975800000212 1.308975800000212 1.308975800000212 562.51171875 553.453125 18 18 1.0 18 1 0 False 0 0 False 1.0 1.0 0.0 0.0 0.0 0.0 0.0 0.0 0.0 0.0 0.0 0.0 0.0 0.0 0.0 0.0 0 0.0 0 0.0 0.0 0.0 0.0 1 1 1.0 0.0 0.0 1.0 1.0 1.0 1.0 1.0 18.0 0.0 0.0 18.0 18.0 18.0 18.0 18.0 1 1.0 0.0 0.0 0.0 0.0 0.0 0.0 0.0 1.0 1.0 0.0 0.0 0.0 0.0 0.0 0.0 0.0 0.0 0.0 0.0 0.0 0.0 0.0 0.0
91 30 2 1.4002334999998993 0.3651026999998521 0.0 1.7653361999997514 2.6076403999999798 3.0743119999999635 1.5513635999999735 576.8125 568.08984375 26 26 1.0 26 18 18 False 0 0 False 1.4444444444444444 1.4444444444444444 0.8555852638929972 0.8555852638929972 0.5923282596182288 0.5923282596182288 1.0 1.0 1.0 1.0 1.0 1.0 1.75 1.75 4.0 4.0 0 0.0 0 0.0 2.889244992297193 0.0 2.309401076758503 2 2 1.0 0.0 0.0 1.0 1.0 1.0 1.0 1.0 13.0 5.656854249492381 0.43514263457633695 9.0 11.0 13.0 15.0 17.0 2 9.0 0.0 0.0 9.0 9.0 9.0 9.0 9.0 13.0 13.0 5.656854249492381 5.656854249492381 0.43514263457633695 0.0 9.0 0.0 11.0 0.0 13.0 0.0 15.0 0.0 17.0 0.0
92 30 1 5.266883699999994 6.494561400000066 0.0 11.76144510000006 3.9457819999999515 14.835757100000023 3.741414425000002 597.796875 592.75390625 57 57 1.0 0 26 26 False 0 0 False 2.1923076923076925 2.1923076923076925 3.322881048358256 3.322881048358256 1.5157001273213095 1.5157001273213095 1.0 1.0 1.0 1.0 1.0 1.0 2.0 2.0 18.0 18.0 0 0.0 0 0.0 6.491516995233727 2.0248456731316584 4.886205071423016 0 0 0.0 0.0 0.0 0.0 0.0 0.0 0.0 0.0 0.0 0.0 0.0 0.0 0.0 0.0 0.0 0.0 4 6.5 2.3804761428476167 0.36622709889963334 4.0 4.75 6.5 8.25 9.0 14.25 14.25 8.220908303425682 8.220908303425682 0.5769058458544338 0.0 5.0 0.0 11.0 0.0 13.5 0.0 16.75 0.0 25.0 0.0
93 31 3 1.002069800000072 0.7123395000000983 0.0 1.7144093000001703 1.7144093000001703 1.7144093000001703 1.7144093000001703 575.05859375 565.71484375 18 18 1.0 18 1 0 False 0 0 False 1.0 1.0 0.0 0.0 0.0 0.0 0.0 0.0 0.0 0.0 0.0 0.0 0.0 0.0 0.0 0.0 0 0.0 0 0.0 0.0 0.0 0.0 1 1 1.0 0.0 0.0 1.0 1.0 1.0 1.0 1.0 18.0 0.0 0.0 18.0 18.0 18.0 18.0 18.0 1 1.0 0.0 0.0 0.0 0.0 0.0 0.0 0.0 1.0 1.0 0.0 0.0 0.0 0.0 0.0 0.0 0.0 0.0 0.0 0.0 0.0 0.0 0.0 0.0
94 31 2 1.4034975999998096 0.35034589999997934 0.0 1.753843499999789 2.9982241999999815 3.4682527999999593 1.7485396999999239 588.25390625 578.8828125 26 26 1.0 26 18 18 False 0 0 False 1.4444444444444444 1.4444444444444444 0.8555852638929972 0.8555852638929972 0.5923282596182288 0.5923282596182288 1.0 1.0 1.0 1.0 1.0 1.0 1.75 1.75 4.0 4.0 0 0.0 0 0.0 3.132203631387552 0.0 2.309401076758503 2 2 1.0 0.0 0.0 1.0 1.0 1.0 1.0 1.0 13.0 5.656854249492381 0.43514263457633695 9.0 11.0 13.0 15.0 17.0 2 9.0 0.0 0.0 9.0 9.0 9.0 9.0 9.0 13.0 13.0 5.656854249492381 5.656854249492381 0.43514263457633695 0.0 9.0 0.0 11.0 0.0 13.0 0.0 15.0 0.0 17.0 0.0
95 31 1 3.572168300000044 0.8293264999999792 0.0 4.401494800000023 4.349814100000003 7.869747599999982 2.0003541999999754 593.78515625 586.89453125 43 43 1.0 0 26 26 False 0 0 False 1.6538461538461537 1.6538461538461537 1.1293292767765368 1.1293292767765368 0.6828502603765106 0.6828502603765106 1.0 1.0 1.0 1.0 1.0 1.0 2.0 2.0 6.0 6.0 0 0.0 0 0.0 1.3348425876214056 2.0248456731316584 2.659887215654077 0 0 0.0 0.0 0.0 0.0 0.0 0.0 0.0 0.0 0.0 0.0 0.0 0.0 0.0 0.0 0.0 0.0 4 6.5 2.3804761428476167 0.36622709889963334 4.0 4.75 6.5 8.25 9.0 10.75 10.75 4.031128874149275 4.031128874149275 0.3749887324790023 0.0 5.0 0.0 9.5 0.0 12.0 0.0 13.25 0.0 14.0 0.0
96 32 3 1.0022053999999798 0.35361490000013873 0.0 1.3558203000001186 1.3558203000001186 1.3558203000001186 1.3558203000001186 582.38671875 572.68359375 18 18 1.0 18 1 0 False 0 0 False 1.0 1.0 0.0 0.0 0.0 0.0 0.0 0.0 0.0 0.0 0.0 0.0 0.0 0.0 0.0 0.0 0 0.0 0 0.0 0.0 0.0 0.0 1 1 1.0 0.0 0.0 1.0 1.0 1.0 1.0 1.0 18.0 0.0 0.0 18.0 18.0 18.0 18.0 18.0 1 1.0 0.0 0.0 0.0 0.0 0.0 0.0 0.0 1.0 1.0 0.0 0.0 0.0 0.0 0.0 0.0 0.0 0.0 0.0 0.0 0.0 0.0 0.0 0.0
97 32 2 1.4027095000002419 0.3733594999998786 0.0 1.7760690000001205 2.661738400000104 3.131889300000239 1.5802874000000884 595.58984375 586.34765625 26 26 1.0 26 18 18 False 0 0 False 1.4444444444444444 1.4444444444444444 0.7838233761296739 0.7838233761296739 0.5426469527051588 0.5426469527051588 1.0 1.0 1.0 1.0 1.0 1.0 1.75 1.75 3.0 3.0 0 0.0 0 0.0 3.234014183120649 0.0 2.309401076758503 2 2 1.0 0.0 0.0 1.0 1.0 1.0 1.0 1.0 13.0 5.656854249492381 0.43514263457633695 9.0 11.0 13.0 15.0 17.0 2 9.0 0.0 0.0 9.0 9.0 9.0 9.0 9.0 13.0 13.0 5.656854249492381 5.656854249492381 0.43514263457633695 0.0 9.0 0.0 11.0 0.0 13.0 0.0 15.0 0.0 17.0 0.0
98 32 1 5.2864766999998665 7.496144800000138 0.0 12.782621500000005 3.998896800000125 15.914510800000244 4.011460900000031 612.67578125 607.4921875 57 57 1.0 0 26 26 True 0 0 False 2.1923076923076925 2.1923076923076925 2.14153072500813 2.14153072500813 1.0123599790947524 1.0123599790947524 1.0 1.0 1.0 1.0 1.5 1.5 2.0 2.0 10.0 10.0 0 0.0 0 0.0 6.9246258950922615 2.0248456731316584 4.967393682807917 0 0 0.0 0.0 0.0 0.0 0.0 0.0 0.0 0.0 0.0 0.0 0.0 0.0 0.0 0.0 0.0 0.0 4 6.5 2.3804761428476167 0.36622709889963334 4.0 4.75 6.5 8.25 9.0 14.25 14.25 8.220908303425682 8.220908303425682 0.5769058458544338 0.0 5.0 0.0 11.0 0.0 13.5 0.0 16.75 0.0 25.0 0.0
99 33 3 0.9986764000001358 0.3368747000000667 0.0 1.3355511000002025 1.3355511000002025 1.3355511000002025 1.3355511000002025 560.671875 554.82421875 18 18 1.0 18 1 0 False 0 0 False 1.0 1.0 0.0 0.0 0.0 0.0 0.0 0.0 0.0 0.0 0.0 0.0 0.0 0.0 0.0 0.0 0 0.0 0 0.0 0.0 0.0 0.0 1 1 1.0 0.0 0.0 1.0 1.0 1.0 1.0 1.0 18.0 0.0 0.0 18.0 18.0 18.0 18.0 18.0 1 1.0 0.0 0.0 0.0 0.0 0.0 0.0 0.0 1.0 1.0 0.0 0.0 0.0 0.0 0.0 0.0 0.0 0.0 0.0 0.0 0.0 0.0 0.0 0.0
100 33 2 1.4010481000001391 0.35516419999999016 0.0 1.7562123000001293 2.540543200000343 3.091763400000332 1.5603439500001173 589.625 585.20703125 26 26 1.0 26 18 18 False 0 0 False 1.4444444444444444 1.4444444444444444 0.7838233761296739 0.7838233761296739 0.5426469527051588 0.5426469527051588 1.0 1.0 1.0 1.0 1.0 1.0 2.0 2.0 4.0 4.0 0 0.0 0 0.0 2.7892356284377455 0.0 1.7320508075688772 2 2 1.0 0.0 0.0 1.0 1.0 1.0 1.0 1.0 13.0 4.242640687119285 0.32635697593225266 10.0 11.5 13.0 14.5 16.0 2 9.0 0.0 0.0 9.0 9.0 9.0 9.0 9.0 13.0 13.0 4.242640687119285 4.242640687119285 0.32635697593225266 0.0 10.0 0.0 11.5 0.0 13.0 0.0 14.5 0.0 16.0 0.0
101 33 1 3.164702600000169 0.7380283999996209 0.0 3.9027309999997897 3.8993021000004546 6.9944944000001215 1.7814547750000145 600.01953125 595.1875 39 39 1.0 0 26 26 False 0 0 False 1.5 1.5 0.648074069840786 0.648074069840786 0.43204937989385733 0.43204937989385733 1.0 1.0 1.0 1.0 1.0 1.0 2.0 2.0 3.0 3.0 0 0.0 0 0.0 1.992775412873675 1.6431676725154984 3.4749100707788108 0 0 0.0 0.0 0.0 0.0 0.0 0.0 0.0 0.0 0.0 0.0 0.0 0.0 0.0 0.0 0.0 0.0 4 6.5 1.7320508075688772 0.2664693550105965 5.0 5.0 6.5 8.0 8.0 9.75 9.75 3.774917217635375 3.774917217635375 0.38717099668055127 0.0 6.0 0.0 6.75 0.0 10.0 0.0 13.0 0.0 13.0 0.0
102 34 3 0.9951107000000547 0.389064499999904 0.0 1.3841751999999587 1.3841751999999587 1.3841751999999587 1.3841751999999587 591.71875 584.60546875 18 18 1.0 18 1 0 False 0 0 False 1.0 1.0 0.0 0.0 0.0 0.0 0.0 0.0 0.0 0.0 0.0 0.0 0.0 0.0 0.0 0.0 0 0.0 0 0.0 0.0 0.0 0.0 1 1 1.0 0.0 0.0 1.0 1.0 1.0 1.0 1.0 18.0 0.0 0.0 18.0 18.0 18.0 18.0 18.0 1 1.0 0.0 0.0 0.0 0.0 0.0 0.0 0.0 1.0 1.0 0.0 0.0 0.0 0.0 0.0 0.0 0.0 0.0 0.0 0.0 0.0 0.0 0.0 0.0
103 34 2 1.403361600000153 0.3623092999999926 0.0 1.7656709000001456 2.6788539000001492 3.1498461000001043 1.5891981000000328 605.75390625 599.03515625 26 26 1.0 26 18 18 False 0 0 False 1.4444444444444444 1.4444444444444444 0.8555852638929972 0.8555852638929972 0.5923282596182288 0.5923282596182288 1.0 1.0 1.0 1.0 1.0 1.0 1.75 1.75 4.0 4.0 0 0.0 0 0.0 3.1965773877515895 0.0 2.309401076758503 2 2 1.0 0.0 0.0 1.0 1.0 1.0 1.0 1.0 13.0 5.656854249492381 0.43514263457633695 9.0 11.0 13.0 15.0 17.0 2 9.0 0.0 0.0 9.0 9.0 9.0 9.0 9.0 13.0 13.0 5.656854249492381 5.656854249492381 0.43514263457633695 0.0 9.0 0.0 11.0 0.0 13.0 0.0 15.0 0.0 17.0 0.0
104 34 1 4.744411099999525 2.630602000000181 0.0 7.3750130999997054 4.022077899999999 10.52485919999981 2.6642780749999417 624.46875 621.43359375 53 53 1.0 0 26 26 False 0 0 False 2.0384615384615383 2.0384615384615383 2.7200113121936713 2.7200113121936713 1.334345172019537 1.334345172019537 1.0 1.0 1.0 1.0 1.0 1.0 2.0 2.0 15.0 15.0 0 0.0 0 0.0 6.202511898106591 2.0248456731316584 3.4749100707788108 0 0 0.0 0.0 0.0 0.0 0.0 0.0 0.0 0.0 0.0 0.0 0.0 0.0 0.0 0.0 0.0 0.0 4 6.5 2.3804761428476167 0.36622709889963334 4.0 4.75 6.5 8.25 9.0 13.25 13.25 6.551081335677848 6.551081335677848 0.49442123288134704 0.0 5.0 0.0 11.0 0.0 13.5 0.0 15.75 0.0 21.0 0.0
105 35 3 0.99206879999997 0.36337360000015906 0.0 1.355442400000129 1.355442400000129 1.355442400000129 1.355442400000129 607.81640625 598.875 18 18 1.0 18 1 0 False 0 0 False 1.0 1.0 0.0 0.0 0.0 0.0 0.0 0.0 0.0 0.0 0.0 0.0 0.0 0.0 0.0 0.0 0 0.0 0 0.0 0.0 0.0 0.0 1 1 1.0 0.0 0.0 1.0 1.0 1.0 1.0 1.0 18.0 0.0 0.0 18.0 18.0 18.0 18.0 18.0 1 1.0 0.0 0.0 0.0 0.0 0.0 0.0 0.0 1.0 1.0 0.0 0.0 0.0 0.0 0.0 0.0 0.0 0.0 0.0 0.0 0.0 0.0 0.0 0.0
106 35 2 1.403306999999927 0.36999939999986964 0.0 1.7733063999997967 2.6591900999999325 3.1287487999999257 1.5784514499999887 619.5625 610.3359375 26 26 1.0 26 18 18 False 0 0 False 1.4444444444444444 1.4444444444444444 0.9217771979249536 0.9217771979249536 0.6381534447172755 0.6381534447172755 1.0 1.0 1.0 1.0 1.0 1.0 1.0 1.0 4.0 4.0 0 0.0 0 0.0 3.3057500720857065 0.0 2.309401076758503 2 2 1.0 0.0 0.0 1.0 1.0 1.0 1.0 1.0 13.0 5.656854249492381 0.43514263457633695 9.0 11.0 13.0 15.0 17.0 2 9.0 0.0 0.0 9.0 9.0 9.0 9.0 9.0 13.0 13.0 5.656854249492381 5.656854249492381 0.43514263457633695 0.0 9.0 0.0 11.0 0.0 13.0 0.0 15.0 0.0 17.0 0.0
107 35 1 3.5706800000000385 0.8288581999996723 0.0 4.399538199999711 4.011774600000081 7.5282869999996365 1.9147510749999412 626.09765625 619.1484375 43 43 1.0 0 26 26 False 0 0 False 1.6538461538461537 1.6538461538461537 1.1980753796755093 1.1980753796755093 0.7244176714317033 0.7244176714317033 1.0 1.0 1.0 1.0 1.0 1.0 2.0 2.0 6.0 6.0 0 0.0 0 0.0 1.5193524780848982 2.0248456731316584 2.659887215654077 0 0 0.0 0.0 0.0 0.0 0.0 0.0 0.0 0.0 0.0 0.0 0.0 0.0 0.0 0.0 0.0 0.0 4 6.5 2.3804761428476167 0.36622709889963334 4.0 4.75 6.5 8.25 9.0 10.75 10.75 4.031128874149275 4.031128874149275 0.3749887324790023 0.0 5.0 0.0 9.5 0.0 12.0 0.0 13.25 0.0 14.0 0.0
108 36 3 0.9986432000000605 0.36624890000030064 0.0 1.364892100000361 1.364892100000361 1.364892100000361 1.364892100000361 614.58984375 604.9375 18 18 1.0 18 1 0 False 0 0 False 1.0 1.0 0.0 0.0 0.0 0.0 0.0 0.0 0.0 0.0 0.0 0.0 0.0 0.0 0.0 0.0 0 0.0 0 0.0 0.0 0.0 0.0 1 1 1.0 0.0 0.0 1.0 1.0 1.0 1.0 1.0 18.0 0.0 0.0 18.0 18.0 18.0 18.0 18.0 1 1.0 0.0 0.0 0.0 0.0 0.0 0.0 0.0 1.0 1.0 0.0 0.0 0.0 0.0 0.0 0.0 0.0 0.0 0.0 0.0 0.0 0.0 0.0 0.0
109 36 2 1.404310399999872 0.3579660000000331 0.0 1.7622763999999052 2.659909300000322 3.1271685000002662 1.5778747000000521 627.89453125 618.60546875 26 26 1.0 26 18 18 False 0 0 False 1.4444444444444444 1.4444444444444444 0.7047921864945659 0.7047921864945659 0.4879330521885456 0.4879330521885456 1.0 1.0 1.0 1.0 1.0 1.0 2.0 2.0 3.0 3.0 0 0.0 0 0.0 2.9745145192979656 0.0 2.309401076758503 2 2 1.0 0.0 0.0 1.0 1.0 1.0 1.0 1.0 13.0 5.656854249492381 0.43514263457633695 9.0 11.0 13.0 15.0 17.0 2 9.0 0.0 0.0 9.0 9.0 9.0 9.0 9.0 13.0 13.0 5.656854249492381 5.656854249492381 0.43514263457633695 0.0 9.0 0.0 11.0 0.0 13.0 0.0 15.0 0.0 17.0 0.0
110 36 1 3.5575112999996463 1.2628323999996383 0.0 4.820343699999285 4.008629700000142 7.947512199999551 2.019570674999869 633.08984375 626.10546875 43 43 1.0 0 26 26 False 0 0 False 1.6538461538461537 1.6538461538461537 1.0561177090573832 1.0561177090573832 0.6385828008253945 0.6385828008253945 1.0 1.0 1.0 1.0 1.0 1.0 2.0 2.0 6.0 6.0 0 0.0 0 0.0 1.1097336958656543 2.0248456731316584 2.659887215654077 0 0 0.0 0.0 0.0 0.0 0.0 0.0 0.0 0.0 0.0 0.0 0.0 0.0 0.0 0.0 0.0 0.0 4 6.5 2.3804761428476167 0.36622709889963334 4.0 4.75 6.5 8.25 9.0 10.75 10.75 4.031128874149275 4.031128874149275 0.3749887324790023 0.0 5.0 0.0 9.5 0.0 12.0 0.0 13.25 0.0 14.0 0.0
111 37 3 0.9906370999999581 0.41756859999986773 0.0 1.4082056999998258 1.4082056999998258 1.4082056999998258 1.4082056999998258 621.625 611.8984375 18 18 1.0 18 1 0 False 0 0 False 1.0 1.0 0.0 0.0 0.0 0.0 0.0 0.0 0.0 0.0 0.0 0.0 0.0 0.0 0.0 0.0 0 0.0 0 0.0 0.0 0.0 0.0 1 1 1.0 0.0 0.0 1.0 1.0 1.0 1.0 1.0 18.0 0.0 0.0 18.0 18.0 18.0 18.0 18.0 1 1.0 0.0 0.0 0.0 0.0 0.0 0.0 0.0 1.0 1.0 0.0 0.0 0.0 0.0 0.0 0.0 0.0 0.0 0.0 0.0 0.0 0.0 0.0 0.0
112 37 2 1.398350599999958 0.3461819999999989 0.0 1.7445325999999568 2.6845514999997704 3.1527382999997826 1.5904196999998703 634.86328125 625.3125 26 26 1.0 26 18 18 False 0 0 False 1.4444444444444444 1.4444444444444444 0.8555852638929972 0.8555852638929972 0.5923282596182288 0.5923282596182288 1.0 1.0 1.0 1.0 1.0 1.0 1.75 1.75 4.0 4.0 0 0.0 0 0.0 3.0523552263757803 0.0 2.309401076758503 2 2 1.0 0.0 0.0 1.0 1.0 1.0 1.0 1.0 13.0 5.656854249492381 0.43514263457633695 9.0 11.0 13.0 15.0 17.0 2 9.0 0.0 0.0 9.0 9.0 9.0 9.0 9.0 13.0 13.0 5.656854249492381 5.656854249492381 0.43514263457633695 0.0 9.0 0.0 11.0 0.0 13.0 0.0 15.0 0.0 17.0 0.0
113 37 1 5.275342099999648 5.901860399999919 0.0 11.177202499999566 4.03366139999946 14.329940799999349 3.615348224999849 660.43359375 655.890625 57 57 1.0 0 26 26 False 0 0 False 2.1923076923076925 2.1923076923076925 3.70965476311994 3.70965476311994 1.6921232252827796 1.6921232252827796 1.0 1.0 1.0 1.0 1.0 1.0 2.0 2.0 20.0 20.0 0 0.0 0 0.0 6.613875051379963 2.0248456731316584 4.886205071423016 0 0 0.0 0.0 0.0 0.0 0.0 0.0 0.0 0.0 0.0 0.0 0.0 0.0 0.0 0.0 0.0 0.0 4 6.5 2.3804761428476167 0.36622709889963334 4.0 4.75 6.5 8.25 9.0 14.25 14.25 8.220908303425682 8.220908303425682 0.5769058458544338 0.0 5.0 0.0 11.0 0.0 13.5 0.0 16.75 0.0 25.0 0.0
114 38 3 1.0039835000001176 0.3902161000000888 0.0 1.3941996000002064 1.3941996000002064 1.3941996000002064 1.3941996000002064 605.8671875 599.296875 18 18 1.0 18 1 0 False 0 0 False 1.0 1.0 0.0 0.0 0.0 0.0 0.0 0.0 0.0 0.0 0.0 0.0 0.0 0.0 0.0 0.0 0 0.0 0 0.0 0.0 0.0 0.0 1 1 1.0 0.0 0.0 1.0 1.0 1.0 1.0 1.0 18.0 0.0 0.0 18.0 18.0 18.0 18.0 18.0 1 1.0 0.0 0.0 0.0 0.0 0.0 0.0 0.0 1.0 1.0 0.0 0.0 0.0 0.0 0.0 0.0 0.0 0.0 0.0 0.0 0.0 0.0 0.0 0.0
115 38 2 1.4137397000000647 0.37195429999985663 0.0 1.7856939999999213 2.71106599999996 3.1798936000001277 1.6042827500000385 639.7265625 632.140625 26 26 1.0 26 18 18 False 0 0 False 1.4444444444444444 1.4444444444444444 0.7838233761296739 0.7838233761296739 0.5426469527051588 0.5426469527051588 1.0 1.0 1.0 1.0 1.0 1.0 1.75 1.75 3.0 3.0 0 0.0 0 0.0 3.234014183120649 0.0 2.309401076758503 2 2 1.0 0.0 0.0 1.0 1.0 1.0 1.0 1.0 13.0 5.656854249492381 0.43514263457633695 9.0 11.0 13.0 15.0 17.0 2 9.0 0.0 0.0 9.0 9.0 9.0 9.0 9.0 13.0 13.0 5.656854249492381 5.656854249492381 0.43514263457633695 0.0 9.0 0.0 11.0 0.0 13.0 0.0 15.0 0.0 17.0 0.0
116 38 1 3.5657396999999946 0.8257749999997941 0.0 4.391514699999789 4.054639800000018 7.571408299999916 1.9255635499999073 650.44140625 645.16015625 43 43 1.0 0 26 26 False 0 0 False 1.6538461538461537 1.6538461538461537 1.1293292767765368 1.1293292767765368 0.6828502603765106 0.6828502603765106 1.0 1.0 1.0 1.0 1.0 1.0 2.0 2.0 6.0 6.0 0 0.0 0 0.0 1.4536731683818656 2.0248456731316584 2.659887215654077 0 0 0.0 0.0 0.0 0.0 0.0 0.0 0.0 0.0 0.0 0.0 0.0 0.0 0.0 0.0 0.0 0.0 4 6.5 2.3804761428476167 0.36622709889963334 4.0 4.75 6.5 8.25 9.0 10.75 10.75 4.031128874149275 4.031128874149275 0.3749887324790023 0.0 5.0 0.0 9.5 0.0 12.0 0.0 13.25 0.0 14.0 0.0
117 39 3 1.0033031000000392 0.8024812999997266 0.0 1.8057843999997658 1.8057843999997658 1.8057843999997658 1.8057843999997658 641.5390625 633.375 18 18 1.0 18 1 0 False 0 0 False 1.0 1.0 0.0 0.0 0.0 0.0 0.0 0.0 0.0 0.0 0.0 0.0 0.0 0.0 0.0 0.0 0 0.0 0 0.0 0.0 0.0 0.0 1 1 1.0 0.0 0.0 1.0 1.0 1.0 1.0 1.0 18.0 0.0 0.0 18.0 18.0 18.0 18.0 18.0 1 1.0 0.0 0.0 0.0 0.0 0.0 0.0 0.0 1.0 1.0 0.0 0.0 0.0 0.0 0.0 0.0 0.0 0.0 0.0 0.0 0.0 0.0 0.0 0.0
118 39 2 1.4114026999995986 0.3787138000000141 0.0 1.7901164999996126 3.1299788999995144 3.5959008999993785 1.8119656999996891 654.55859375 646.80078125 26 26 1.0 26 18 18 False 0 0 False 1.4444444444444444 1.4444444444444444 0.7838233761296739 0.7838233761296739 0.5426469527051588 0.5426469527051588 1.0 1.0 1.0 1.0 1.0 1.0 1.75 1.75 3.0 3.0 0 0.0 0 0.0 3.261573252635073 0.0 2.309401076758503 2 2 1.0 0.0 0.0 1.0 1.0 1.0 1.0 1.0 13.0 5.656854249492381 0.43514263457633695 9.0 11.0 13.0 15.0 17.0 2 9.0 0.0 0.0 9.0 9.0 9.0 9.0 9.0 13.0 13.0 5.656854249492381 5.656854249492381 0.43514263457633695 0.0 9.0 0.0 11.0 0.0 13.0 0.0 15.0 0.0 17.0 0.0
119 39 1 3.1595715999997083 0.7579611999998406 0.0 3.917532799999549 4.481021399999122 7.513433699998927 1.9108616249997112 661.93359375 655.73828125 39 39 1.0 0 26 26 False 0 0 False 1.5 1.5 0.7615773105863908 0.7615773105863908 0.5077182070575939 0.5077182070575939 1.0 1.0 1.0 1.0 1.0 1.0 2.0 2.0 4.0 4.0 0 0.0 0 0.0 1.8733967504550082 2.0248456731316584 3.856812155135378 0 0 0.0 0.0 0.0 0.0 0.0 0.0 0.0 0.0 0.0 0.0 0.0 0.0 0.0 0.0 0.0 0.0 4 6.5 2.3804761428476167 0.36622709889963334 4.0 4.75 6.5 8.25 9.0 9.75 9.75 4.425306015783918 4.425306015783918 0.4538775400804019 0.0 5.0 0.0 6.5 0.0 10.0 0.0 13.25 0.0 14.0 0.0
120 40 3 1.0020728000001782 0.4245933000001969 0.0 1.426666100000375 1.426666100000375 1.426666100000375 1.426666100000375 650.44921875 641.66796875 18 18 1.0 18 1 0 False 0 0 False 1.0 1.0 0.0 0.0 0.0 0.0 0.0 0.0 0.0 0.0 0.0 0.0 0.0 0.0 0.0 0.0 0 0.0 0 0.0 0.0 0.0 0.0 1 1 1.0 0.0 0.0 1.0 1.0 1.0 1.0 1.0 18.0 0.0 0.0 18.0 18.0 18.0 18.0 18.0 1 1.0 0.0 0.0 0.0 0.0 0.0 0.0 0.0 1.0 1.0 0.0 0.0 0.0 0.0 0.0 0.0 0.0 0.0 0.0 0.0 0.0 0.0 0.0 0.0
121 40 2 1.4055455000001302 0.3570793999997477 0.0 1.762624899999878 2.722941500000161 3.189291000000253 1.608781350000129 664.04296875 655.38671875 26 26 1.0 26 18 18 False 0 0 False 1.4444444444444444 1.4444444444444444 0.7838233761296739 0.7838233761296739 0.5426469527051588 0.5426469527051588 1.0 1.0 1.0 1.0 1.0 1.0 1.75 1.75 3.0 3.0 0 0.0 0 0.0 3.234014183120649 0.0 2.309401076758503 2 2 1.0 0.0 0.0 1.0 1.0 1.0 1.0 1.0 13.0 5.656854249492381 0.43514263457633695 9.0 11.0 13.0 15.0 17.0 2 9.0 0.0 0.0 9.0 9.0 9.0 9.0 9.0 13.0 13.0 5.656854249492381 5.656854249492381 0.43514263457633695 0.0 9.0 0.0 11.0 0.0 13.0 0.0 15.0 0.0 17.0 0.0
122 40 1 3.575017799999955 0.8262960999999223 0.0 4.401313899999877 4.068434499999967 7.59060490000013 1.930409050000037 670.70703125 664.20703125 43 43 1.0 0 26 26 False 0 0 False 1.6538461538461537 1.6538461538461537 1.1293292767765368 1.1293292767765368 0.6828502603765106 0.6828502603765106 1.0 1.0 1.0 1.0 1.0 1.0 2.0 2.0 6.0 6.0 0 0.0 0 0.0 1.4196945250224422 2.0248456731316584 2.659887215654077 0 0 0.0 0.0 0.0 0.0 0.0 0.0 0.0 0.0 0.0 0.0 0.0 0.0 0.0 0.0 0.0 0.0 4 6.5 2.3804761428476167 0.36622709889963334 4.0 4.75 6.5 8.25 9.0 10.75 10.75 4.031128874149275 4.031128874149275 0.3749887324790023 0.0 5.0 0.0 9.5 0.0 12.0 0.0 13.25 0.0 14.0 0.0
123 41 3 1.0029771000000665 0.31707559999995283 0.0 1.3200527000000193 1.3200527000000193 1.3200527000000193 1.3200527000000193 658.98828125 649.8203125 18 18 1.0 18 1 0 False 0 0 False 1.0 1.0 0.0 0.0 0.0 0.0 0.0 0.0 0.0 0.0 0.0 0.0 0.0 0.0 0.0 0.0 0 0.0 0 0.0 0.0 0.0 0.0 1 1 1.0 0.0 0.0 1.0 1.0 1.0 1.0 1.0 18.0 0.0 0.0 18.0 18.0 18.0 18.0 18.0 1 1.0 0.0 0.0 0.0 0.0 0.0 0.0 0.0 1.0 1.0 0.0 0.0 0.0 0.0 0.0 0.0 0.0 0.0 0.0 0.0 0.0 0.0 0.0 0.0
124 41 2 1.4136267999998609 0.36481780000008257 0.0 1.7784445999999434 2.629420100000061 3.0984972999999627 1.5634718999999677 672.43359375 663.484375 26 26 1.0 26 18 18 False 0 0 False 1.4444444444444444 1.4444444444444444 0.7047921864945659 0.7047921864945659 0.4879330521885456 0.4879330521885456 1.0 1.0 1.0 1.0 1.0 1.0 2.0 2.0 3.0 3.0 0 0.0 0 0.0 3.055387200749205 0.0 2.309401076758503 2 2 1.0 0.0 0.0 1.0 1.0 1.0 1.0 1.0 13.0 5.656854249492381 0.43514263457633695 9.0 11.0 13.0 15.0 17.0 2 9.0 0.0 0.0 9.0 9.0 9.0 9.0 9.0 13.0 13.0 5.656854249492381 5.656854249492381 0.43514263457633695 0.0 9.0 0.0 11.0 0.0 13.0 0.0 15.0 0.0 17.0 0.0
125 41 1 3.56176849999963 0.8223553999999922 0.0 4.384123899999622 3.978217900000118 7.482621199999585 1.903450349999929 678.70703125 672.05078125 43 43 1.0 0 26 26 False 0 0 False 1.6538461538461537 1.6538461538461537 1.1293292767765368 1.1293292767765368 0.6828502603765106 0.6828502603765106 1.0 1.0 1.0 1.0 1.0 1.0 2.0 2.0 6.0 6.0 0 0.0 0 0.0 1.377384967651537 2.0248456731316584 2.659887215654077 0 0 0.0 0.0 0.0 0.0 0.0 0.0 0.0 0.0 0.0 0.0 0.0 0.0 0.0 0.0 0.0 0.0 4 6.5 2.3804761428476167 0.36622709889963334 4.0 4.75 6.5 8.25 9.0 10.75 10.75 4.031128874149275 4.031128874149275 0.3749887324790023 0.0 5.0 0.0 9.5 0.0 12.0 0.0 13.25 0.0 14.0 0.0
126 42 3 1.0038012000002254 0.29893349999986185 0.0 1.3027347000000873 1.3027347000000873 1.3027347000000873 1.3027347000000873 667.30078125 658.0859375 18 18 1.0 18 1 0 False 0 0 False 1.0 1.0 0.0 0.0 0.0 0.0 0.0 0.0 0.0 0.0 0.0 0.0 0.0 0.0 0.0 0.0 0 0.0 0 0.0 0.0 0.0 0.0 1 1 1.0 0.0 0.0 1.0 1.0 1.0 1.0 1.0 18.0 0.0 0.0 18.0 18.0 18.0 18.0 18.0 1 1.0 0.0 0.0 0.0 0.0 0.0 0.0 0.0 1.0 1.0 0.0 0.0 0.0 0.0 0.0 0.0 0.0 0.0 0.0 0.0 0.0 0.0 0.0 0.0
127 42 2 1.406145000000265 0.37981529999967734 0.0 1.7859602999999424 2.6204571000001806 3.0886950000000297 1.5586678000000234 679.49609375 670.4296875 26 26 1.0 26 18 18 False 0 0 False 1.4444444444444444 1.4444444444444444 0.8555852638929972 0.8555852638929972 0.5923282596182288 0.5923282596182288 1.0 1.0 1.0 1.0 1.0 1.0 1.75 1.75 4.0 4.0 0 0.0 0 0.0 3.1965773877515895 0.0 2.309401076758503 2 2 1.0 0.0 0.0 1.0 1.0 1.0 1.0 1.0 13.0 5.656854249492381 0.43514263457633695 9.0 11.0 13.0 15.0 17.0 2 9.0 0.0 0.0 9.0 9.0 9.0 9.0 9.0 13.0 13.0 5.656854249492381 5.656854249492381 0.43514263457633695 0.0 9.0 0.0 11.0 0.0 13.0 0.0 15.0 0.0 17.0 0.0
128 42 1 5.274143599999775 6.331617499999879 0.0 11.605761099999654 3.978779399999894 14.694456099999684 3.706516049999948 707.36328125 703.28125 57 57 1.0 0 26 26 True 0 0 False 2.1923076923076925 2.1923076923076925 3.314536746840174 3.314536746840174 1.5668719166880822 1.5668719166880822 1.0 1.0 1.0 1.0 1.0 1.0 2.0 2.0 18.0 18.0 0 0.0 0 0.0 6.405029920618928 2.0248456731316584 4.967393682807917 0 0 0.0 0.0 0.0 0.0 0.0 0.0 0.0 0.0 0.0 0.0 0.0 0.0 0.0 0.0 0.0 0.0 4 6.5 2.3804761428476167 0.36622709889963334 4.0 4.75 6.5 8.25 9.0 14.25 14.25 8.220908303425682 8.220908303425682 0.5769058458544338 0.0 5.0 0.0 11.0 0.0 13.5 0.0 16.75 0.0 25.0 0.0
129 43 3 1.002022600000032 0.3013930000001892 0.0 1.3034156000002213 1.3034156000002213 1.3034156000002213 1.3034156000002213 681.01171875 671.76953125 18 18 1.0 18 1 0 False 0 0 False 1.0 1.0 0.0 0.0 0.0 0.0 0.0 0.0 0.0 0.0 0.0 0.0 0.0 0.0 0.0 0.0 0 0.0 0 0.0 0.0 0.0 0.0 1 1 1.0 0.0 0.0 1.0 1.0 1.0 1.0 1.0 18.0 0.0 0.0 18.0 18.0 18.0 18.0 18.0 1 1.0 0.0 0.0 0.0 0.0 0.0 0.0 0.0 1.0 1.0 0.0 0.0 0.0 0.0 0.0 0.0 0.0 0.0 0.0 0.0 0.0 0.0 0.0 0.0
130 43 2 1.4047969999998031 0.3617625999995653 0.0 1.7665595999993684 2.6039812999997594 3.0699751999995897 1.5493073499998218 679.28125 671.89453125 26 26 1.0 26 18 18 False 0 0 False 1.4444444444444444 1.4444444444444444 0.9835244081556433 0.9835244081556433 0.6809015133385223 0.6809015133385223 1.0 1.0 1.0 1.0 1.0 1.0 1.75 1.75 5.0 5.0 0 0.0 0 0.0 3.249248092824597 0.0 2.309401076758503 2 2 1.0 0.0 0.0 1.0 1.0 1.0 1.0 1.0 13.0 5.656854249492381 0.43514263457633695 9.0 11.0 13.0 15.0 17.0 2 9.0 0.0 0.0 9.0 9.0 9.0 9.0 9.0 13.0 13.0 5.656854249492381 5.656854249492381 0.43514263457633695 0.0 9.0 0.0 11.0 0.0 13.0 0.0 15.0 0.0 17.0 0.0
131 43 1 3.147307400000045 1.2720429999999396 0.0 4.419350399999985 3.954771699999583 7.4893255999995745 1.9052880249999475 691.09375 686.63671875 39 39 1.0 0 26 26 False 0 0 False 1.5 1.5 0.812403840463596 0.812403840463596 0.5416025603090641 0.5416025603090641 1.0 1.0 1.0 1.0 1.0 1.0 2.0 2.0 4.0 4.0 0 0.0 0 0.0 2.203581001635572 2.0248456731316584 3.856812155135378 0 0 0.0 0.0 0.0 0.0 0.0 0.0 0.0 0.0 0.0 0.0 0.0 0.0 0.0 0.0 0.0 0.0 4 6.5 2.3804761428476167 0.36622709889963334 4.0 4.75 6.5 8.25 9.0 9.75 9.75 4.425306015783918 4.425306015783918 0.4538775400804019 0.0 5.0 0.0 6.5 0.0 10.0 0.0 13.25 0.0 14.0 0.0
132 44 3 1.002106700000013 0.3685251000003973 0.0 1.3706318000004103 1.3706318000004103 1.3706318000004103 1.3706318000004103 683.78515625 675.6640625 18 18 1.0 18 1 0 False 0 0 False 1.0 1.0 0.0 0.0 0.0 0.0 0.0 0.0 0.0 0.0 0.0 0.0 0.0 0.0 0.0 0.0 0 0.0 0 0.0 0.0 0.0 0.0 1 1 1.0 0.0 0.0 1.0 1.0 1.0 1.0 1.0 18.0 0.0 0.0 18.0 18.0 18.0 18.0 18.0 1 1.0 0.0 0.0 0.0 0.0 0.0 0.0 0.0 1.0 1.0 0.0 0.0 0.0 0.0 0.0 0.0 0.0 0.0 0.0 0.0 0.0 0.0 0.0 0.0
133 44 2 1.4038267999998197 0.3704411000001073 0.0 1.774267899999927 2.676693900000373 3.1448997000003374 1.58665370000017 697.42578125 689.19921875 26 26 1.0 26 18 18 False 0 0 False 1.4444444444444444 1.4444444444444444 1.0416176459053668 1.0416176459053668 0.7211199087037155 0.7211199087037155 1.0 1.0 1.0 1.0 1.0 1.0 1.0 1.0 5.0 5.0 0 0.0 0 0.0 3.4177580310559934 0.0 2.309401076758503 2 2 1.0 0.0 0.0 1.0 1.0 1.0 1.0 1.0 13.0 5.656854249492381 0.43514263457633695 9.0 11.0 13.0 15.0 17.0 2 9.0 0.0 0.0 9.0 9.0 9.0 9.0 9.0 13.0 13.0 5.656854249492381 5.656854249492381 0.43514263457633695 0.0 9.0 0.0 11.0 0.0 13.0 0.0 15.0 0.0 17.0 0.0
134 44 1 5.28624050000019 6.1285441000002265 0.0 11.414784600000417 4.021105400000351 14.559684300000754 3.672763525000164 726.984375 723.23828125 57 57 1.0 0 26 26 False 0 0 False 2.1923076923076925 2.1923076923076925 3.6880263639972073 3.6880263639972073 1.6822576397180242 1.6822576397180242 1.0 1.0 1.0 1.0 1.0 1.0 2.0 2.0 20.0 20.0 0 0.0 0 0.0 6.408031665221797 2.0248456731316584 4.886205071423016 0 0 0.0 0.0 0.0 0.0 0.0 0.0 0.0 0.0 0.0 0.0 0.0 0.0 0.0 0.0 0.0 0.0 4 6.5 2.3804761428476167 0.36622709889963334 4.0 4.75 6.5 8.25 9.0 14.25 14.25 8.220908303425682 8.220908303425682 0.5769058458544338 0.0 5.0 0.0 11.0 0.0 13.5 0.0 16.75 0.0 25.0 0.0
135 45 3 0.9949613999997382 0.3425961000001507 0.0 1.337557499999889 1.337557499999889 1.337557499999889 1.337557499999889 700.1328125 690.93359375 18 18 1.0 18 1 0 False 0 0 False 1.0 1.0 0.0 0.0 0.0 0.0 0.0 0.0 0.0 0.0 0.0 0.0 0.0 0.0 0.0 0.0 0 0.0 0 0.0 0.0 0.0 0.0 1 1 1.0 0.0 0.0 1.0 1.0 1.0 1.0 1.0 18.0 0.0 0.0 18.0 18.0 18.0 18.0 18.0 1 1.0 0.0 0.0 0.0 0.0 0.0 0.0 0.0 1.0 1.0 0.0 0.0 0.0 0.0 0.0 0.0 0.0 0.0 0.0 0.0 0.0 0.0 0.0 0.0
136 45 2 1.4006211999998186 0.3685149999997748 0.0 1.7691361999995934 2.6369655999995985 3.1066936999994823 1.567620749999719 714.18359375 705.17578125 26 26 1.0 26 18 18 False 0 0 False 1.4444444444444444 1.4444444444444444 0.7838233761296739 0.7838233761296739 0.5426469527051588 0.5426469527051588 1.0 1.0 1.0 1.0 1.0 1.0 1.75 1.75 3.0 3.0 0 0.0 0 0.0 3.234014183120649 0.0 2.309401076758503 2 2 1.0 0.0 0.0 1.0 1.0 1.0 1.0 1.0 13.0 5.656854249492381 0.43514263457633695 9.0 11.0 13.0 15.0 17.0 2 9.0 0.0 0.0 9.0 9.0 9.0 9.0 9.0 13.0 13.0 5.656854249492381 5.656854249492381 0.43514263457633695 0.0 9.0 0.0 11.0 0.0 13.0 0.0 15.0 0.0 17.0 0.0
137 45 1 5.260642800000369 6.284199199999762 0.0 11.54484200000013 3.980862599999682 14.651535699999613 3.6955365999998833 735.53125 730.984375 57 57 1.0 0 26 26 False 0 0 False 2.1923076923076925 2.1923076923076925 3.124346085429471 3.124346085429471 1.425140319669583 1.425140319669583 1.0 1.0 1.0 1.0 1.0 1.0 2.0 2.0 17.0 17.0 0 0.0 0 0.0 6.367040221596843 2.0248456731316584 4.886205071423016 0 0 0.0 0.0 0.0 0.0 0.0 0.0 0.0 0.0 0.0 0.0 0.0 0.0 0.0 0.0 0.0 0.0 4 6.5 2.3804761428476167 0.36622709889963334 4.0 4.75 6.5 8.25 9.0 14.25 14.25 8.220908303425682 8.220908303425682 0.5769058458544338 0.0 5.0 0.0 11.0 0.0 13.5 0.0 16.75 0.0 25.0 0.0
138 46 3 0.991918399999804 0.2918891999999005 0.0 1.2838075999997045 1.2838075999997045 1.2838075999997045 1.2838075999997045 713.13671875 704.109375 18 18 1.0 18 1 0 False 0 0 False 1.0 1.0 0.0 0.0 0.0 0.0 0.0 0.0 0.0 0.0 0.0 0.0 0.0 0.0 0.0 0.0 0 0.0 0 0.0 0.0 0.0 0.0 1 1 1.0 0.0 0.0 1.0 1.0 1.0 1.0 1.0 18.0 0.0 0.0 18.0 18.0 18.0 18.0 18.0 1 1.0 0.0 0.0 0.0 0.0 0.0 0.0 0.0 1.0 1.0 0.0 0.0 0.0 0.0 0.0 0.0 0.0 0.0 0.0 0.0 0.0 0.0 0.0 0.0
139 46 2 1.4097109999997883 0.9005954000000429 0.0 2.3103063999998312 3.1227868999995962 3.5941139999995357 1.811037999999769 726.52734375 717.52734375 26 26 1.0 26 18 18 False 0 0 False 1.4444444444444444 1.4444444444444444 0.8555852638929972 0.8555852638929972 0.5923282596182288 0.5923282596182288 1.0 1.0 1.0 1.0 1.0 1.0 1.75 1.75 4.0 4.0 0 0.0 0 0.0 2.9796981093804233 0.0 2.309401076758503 2 2 1.0 0.0 0.0 1.0 1.0 1.0 1.0 1.0 13.0 5.656854249492381 0.43514263457633695 9.0 11.0 13.0 15.0 17.0 2 9.0 0.0 0.0 9.0 9.0 9.0 9.0 9.0 13.0 13.0 5.656854249492381 5.656854249492381 0.43514263457633695 0.0 9.0 0.0 11.0 0.0 13.0 0.0 15.0 0.0 17.0 0.0
140 46 1 5.316439399999695 5.8280390000004445 0.0 11.14447840000014 4.492114699999661 14.738592399999675 3.7171067499998856 747.59765625 743.45703125 57 57 1.0 0 26 26 False 0 0 False 2.1923076923076925 2.1923076923076925 3.70965476311994 3.70965476311994 1.6921232252827796 1.6921232252827796 1.0 1.0 1.0 1.0 1.0 1.0 2.0 2.0 20.0 20.0 0 0.0 0 0.0 6.542815292568082 2.0248456731316584 4.886205071423016 0 0 0.0 0.0 0.0 0.0 0.0 0.0 0.0 0.0 0.0 0.0 0.0 0.0 0.0 0.0 0.0 0.0 4 6.5 2.3804761428476167 0.36622709889963334 4.0 4.75 6.5 8.25 9.0 14.25 14.25 8.220908303425682 8.220908303425682 0.5769058458544338 0.0 5.0 0.0 11.0 0.0 13.5 0.0 16.75 0.0 25.0 0.0
141 47 3 1.0040380999997751 0.38702219999993304 0.0 1.3910602999997081 1.3910602999997081 1.3910602999997081 1.3910602999997081 722.72265625 713.3203125 18 18 1.0 18 1 0 False 0 0 False 1.0 1.0 0.0 0.0 0.0 0.0 0.0 0.0 0.0 0.0 0.0 0.0 0.0 0.0 0.0 0.0 0 0.0 0 0.0 0.0 0.0 0.0 1 1 1.0 0.0 0.0 1.0 1.0 1.0 1.0 1.0 18.0 0.0 0.0 18.0 18.0 18.0 18.0 18.0 1 1.0 0.0 0.0 0.0 0.0 0.0 0.0 0.0 1.0 1.0 0.0 0.0 0.0 0.0 0.0 0.0 0.0 0.0 0.0 0.0 0.0 0.0 0.0 0.0
142 47 2 1.401378300000033 0.36051959999997507 0.0 1.7618979000000081 2.6874573999997438 3.1529581999997163 1.590504049999879 735.75 726.48828125 26 26 1.0 26 18 18 False 0 0 False 1.4444444444444444 1.4444444444444444 0.7838233761296739 0.7838233761296739 0.5426469527051588 0.5426469527051588 1.0 1.0 1.0 1.0 1.0 1.0 1.75 1.75 3.0 3.0 0 0.0 0 0.0 3.261573252635073 0.0 2.309401076758503 2 2 1.0 0.0 0.0 1.0 1.0 1.0 1.0 1.0 13.0 5.656854249492381 0.43514263457633695 9.0 11.0 13.0 15.0 17.0 2 9.0 0.0 0.0 9.0 9.0 9.0 9.0 9.0 13.0 13.0 5.656854249492381 5.656854249492381 0.43514263457633695 0.0 9.0 0.0 11.0 0.0 13.0 0.0 15.0 0.0 17.0 0.0
143 47 1 5.291806199999428 7.563685200000009 0.0 12.855491399999437 4.038812499999494 16.008449599999153 4.034529174999818 757.734375 753.6796875 57 57 1.0 0 26 26 False 0 0 False 2.1923076923076925 2.1923076923076925 3.046561744251782 3.046561744251782 1.3896597429920408 1.3896597429920408 1.0 1.0 1.0 1.0 1.0 1.0 2.0 2.0 16.0 16.0 0 0.0 0 0.0 6.544397757764602 2.0248456731316584 4.886205071423016 0 0 0.0 0.0 0.0 0.0 0.0 0.0 0.0 0.0 0.0 0.0 0.0 0.0 0.0 0.0 0.0 0.0 4 6.5 2.3804761428476167 0.36622709889963334 4.0 4.75 6.5 8.25 9.0 14.25 14.25 8.220908303425682 8.220908303425682 0.5769058458544338 0.0 5.0 0.0 11.0 0.0 13.5 0.0 16.75 0.0 25.0 0.0
144 48 3 1.0035508999998228 0.30343949999996767 0.0 1.3069903999997905 1.3069903999997905 1.3069903999997905 1.3069903999997905 700.671875 693.328125 18 18 1.0 18 1 0 False 0 0 False 1.0 1.0 0.0 0.0 0.0 0.0 0.0 0.0 0.0 0.0 0.0 0.0 0.0 0.0 0.0 0.0 0 0.0 0 0.0 0.0 0.0 0.0 1 1 1.0 0.0 0.0 1.0 1.0 1.0 1.0 1.0 18.0 0.0 0.0 18.0 18.0 18.0 18.0 18.0 1 1.0 0.0 0.0 0.0 0.0 0.0 0.0 0.0 1.0 1.0 0.0 0.0 0.0 0.0 0.0 0.0 0.0 0.0 0.0 0.0 0.0 0.0 0.0 0.0
145 48 2 1.406642199999851 0.9544778999999153 0.0 2.3611200999997664 2.6178891999995813 3.668110499999557 1.848213549999798 735.03515625 728.0 26 26 1.0 26 18 18 False 0 0 False 1.4444444444444444 1.4444444444444444 1.0416176459053668 1.0416176459053668 0.7211199087037155 0.7211199087037155 1.0 1.0 1.0 1.0 1.0 1.0 1.0 1.0 5.0 5.0 0 0.0 0 0.0 3.4177580310559934 0.0 2.309401076758503 2 2 1.0 0.0 0.0 1.0 1.0 1.0 1.0 1.0 13.0 5.656854249492381 0.43514263457633695 9.0 11.0 13.0 15.0 17.0 2 9.0 0.0 0.0 9.0 9.0 9.0 9.0 9.0 13.0 13.0 5.656854249492381 5.656854249492381 0.43514263457633695 0.0 9.0 0.0 11.0 0.0 13.0 0.0 15.0 0.0 17.0 0.0
146 48 1 5.295464999999581 5.8143036999998685 0.0 11.10976869999945 3.9675994999990962 14.777879199999006 3.7272840749997727 766.87109375 762.0625 57 57 1.0 0 26 26 False 0 0 False 2.1923076923076925 2.1923076923076925 2.8428046822703914 2.8428046822703914 1.2967179252461434 1.2967179252461434 1.0 1.0 1.0 1.0 1.0 1.0 2.0 2.0 15.0 15.0 0 0.0 0 0.0 6.376790849515262 2.0248456731316584 4.886205071423016 0 0 0.0 0.0 0.0 0.0 0.0 0.0 0.0 0.0 0.0 0.0 0.0 0.0 0.0 0.0 0.0 0.0 4 6.5 2.3804761428476167 0.36622709889963334 4.0 4.75 6.5 8.25 9.0 14.25 14.25 8.220908303425682 8.220908303425682 0.5769058458544338 0.0 5.0 0.0 11.0 0.0 13.5 0.0 16.75 0.0 25.0 0.0
147 49 3 0.991531500000292 0.37182100000052287 0.0 1.3633525000008149 1.3633525000008149 1.3633525000008149 1.3633525000008149 743.73828125 734.7578125 18 18 1.0 18 1 0 False 0 0 False 1.0 1.0 0.0 0.0 0.0 0.0 0.0 0.0 0.0 0.0 0.0 0.0 0.0 0.0 0.0 0.0 0 0.0 0 0.0 0.0 0.0 0.0 1 1 1.0 0.0 0.0 1.0 1.0 1.0 1.0 1.0 18.0 0.0 0.0 18.0 18.0 18.0 18.0 18.0 1 1.0 0.0 0.0 0.0 0.0 0.0 0.0 0.0 1.0 1.0 0.0 0.0 0.0 0.0 0.0 0.0 0.0 0.0 0.0 0.0 0.0 0.0 0.0 0.0
148 49 2 1.402583400000026 0.3509556000001339 0.0 1.7535390000001598 2.646187600000985 3.1168915000009747 1.572517100000482 757.0234375 747.9609375 26 26 1.0 26 18 18 False 0 0 False 1.4444444444444444 1.4444444444444444 0.7838233761296739 0.7838233761296739 0.5426469527051588 0.5426469527051588 1.0 1.0 1.0 1.0 1.0 1.0 2.0 2.0 4.0 4.0 0 0.0 0 0.0 3.1034959711264904 0.0 2.309401076758503 2 2 1.0 0.0 0.0 1.0 1.0 1.0 1.0 1.0 13.0 5.656854249492381 0.43514263457633695 9.0 11.0 13.0 15.0 17.0 2 9.0 0.0 0.0 9.0 9.0 9.0 9.0 9.0 13.0 13.0 5.656854249492381 5.656854249492381 0.43514263457633695 0.0 9.0 0.0 11.0 0.0 13.0 0.0 15.0 0.0 17.0 0.0
149 49 1 3.5619964000002255 0.8132695000001604 0.0 4.375265900000386 3.988235900001314 7.492157400001361 1.9059124250003379 762.1875 755.33203125 43 43 1.0 0 26 26 False 0 0 False 1.6538461538461537 1.6538461538461537 1.1293292767765368 1.1293292767765368 0.6828502603765106 0.6828502603765106 1.0 1.0 1.0 1.0 1.0 1.0 2.0 2.0 6.0 6.0 0 0.0 0 0.0 1.4196945250224422 2.0248456731316584 2.659887215654077 0 0 0.0 0.0 0.0 0.0 0.0 0.0 0.0 0.0 0.0 0.0 0.0 0.0 0.0 0.0 0.0 0.0 4 6.5 2.3804761428476167 0.36622709889963334 4.0 4.75 6.5 8.25 9.0 10.75 10.75 4.031128874149275 4.031128874149275 0.3749887324790023 0.0 5.0 0.0 9.5 0.0 12.0 0.0 13.25 0.0 14.0 0.0
