 RU AL GT ST OT TT LT CT WT RSS VMS LE AC CF PSG SIZE SGLITS_T HAS_TRAILING TOT_CHOICES PRE_CHOICES FGOALS_ORDER CP_EF_L CP_EF_A SP_ED_L SP_ED_A SP_EB_L SP_EB_A SP_MIN_L SP_MIN_A SP_LOWER_L SP_LOWER_A SP_MED_L SP_MED_A SP_UPPER_L SP_UPPER_A SP_MAX_L SP_MAX_A T_INTER_SP P_INTER_SP T_INTER_Q P_INTER_Q M_CHILD_SPREAD DIV_INDEX_SPREAD DIV_STEP_SPREAD DIVS_T DS_T DS_TD_MEAN DS_TD_STD DS_TD_CD DS_TD_MIN DS_TD_LOWER DS_TD_MED DS_TD_UPPER DS_TD_MAX DS_TS_MEAN DS_TS_STD DS_TS_CD DS_TS_MIN DS_TS_LOWER DS_TS_MED DS_TS_UPPER DS_TS_MAX PR_T PR_TS_MEAN PR_TS_STD PR_TS_CD PR_TS_MIN PR_TS_LOWER PR_TS_MED PR_TS_UPPER PR_TS_MAX PP_LE_MEAN PP_AC_MEAN PP_LE_STD PP_AC_STD PP_LE_CD PP_AC_CD PP_LE_MIN PP_AC_MIN PP_LE_LOWER PP_AC_LOWER PP_LE_MED PP_AC_MED PP_LE_UPPER PP_AC_UPPER PP_LE_MAX PP_AC_MAX
0 0 3 1.1815216000000035 0.8468952999999857 0.0 2.028416899999989 2.028416899999989 2.028416899999989 2.028416899999989 270.9296875 262.6796875 20 20 1.0 20 1 0 False 0 0 False 1.0 1.0 0.0 0.0 0.0 0.0 0.0 0.0 0.0 0.0 0.0 0.0 0.0 0.0 0.0 0.0 0 0.0 0 0.0 0.0 0.0 0.0 1 1 1.0 0.0 0.0 1.0 1.0 1.0 1.0 1.0 20.0 0.0 0.0 20.0 20.0 20.0 20.0 20.0 1 1.0 0.0 0.0 0.0 0.0 0.0 0.0 0.0 1.0 1.0 0.0 0.0 0.0 0.0 0.0 0.0 0.0 0.0 0.0 0.0 0.0 0.0 0.0 0.0
1 0 2 2.765128199999978 0.9943381000000073 0.0 3.7594662999999855 4.338901899999975 5.787883199999975 2.908017049999991 295.41796875 287.359375 42 42 1.0 42 20 20 False 0 0 False 2.1 2.1 2.1496633763403397 2.1496633763403397 1.0236492268287332 1.0236492268287332 1.0 1.0 1.0 1.0 1.0 1.0 2.25 2.25 10.0 10.0 0 0.0 0 0.0 6.058465152165191 0.0 2.309401076758503 2 2 1.0 0.0 0.0 1.0 1.0 1.0 1.0 1.0 21.0 5.656854249492381 0.26937401188058957 17.0 19.0 21.0 23.0 25.0 2 10.0 0.0 0.0 10.0 10.0 10.0 10.0 10.0 21.0 21.0 5.656854249492381 5.656854249492381 0.26937401188058957 0.0 17.0 0.0 19.0 0.0 21.0 0.0 23.0 0.0 25.0 0.0
2 0 1 5.911701599999958 2.0226771999999897 0.0 7.934378799999948 7.065522899999976 13.722261999999922 3.4633209499999804 306.625 303.18359375 69 69 1.0 0 42 42 False 0 0 False 1.6428571428571428 1.6428571428571428 1.0078092292238203 1.0078092292238203 0.613449096049282 0.613449096049282 1.0 1.0 1.0 1.0 1.0 1.0 2.0 2.0 6.0 6.0 0 0.0 0 0.0 2.04269896157487 2.0248456731316584 4.227883631321941 0 0 0.0 0.0 0.0 0.0 0.0 0.0 0.0 0.0 0.0 0.0 0.0 0.0 0.0 0.0 0.0 0.0 4 10.5 2.3804761428476167 0.2267120136045349 8.0 8.75 10.5 12.25 13.0 17.25 17.25 4.425306015783918 4.425306015783918 0.2565394791758793 0.0 13.0 0.0 13.75 0.0 17.0 0.0 20.5 0.0 22.0 0.0
3 1 3 1.1611164000000045 0.8349125000000228 0.0 1.9960289000000273 1.9960289000000273 1.9960289000000273 1.9960289000000273 270.83203125 262.890625 20 20 1.0 20 1 0 False 0 0 False 1.0 1.0 0.0 0.0 0.0 0.0 0.0 0.0 0.0 0.0 0.0 0.0 0.0 0.0 0.0 0.0 0 0.0 0 0.0 0.0 0.0 0.0 1 1 1.0 0.0 0.0 1.0 1.0 1.0 1.0 1.0 20.0 0.0 0.0 20.0 20.0 20.0 20.0 20.0 1 1.0 0.0 0.0 0.0 0.0 0.0 0.0 0.0 1.0 1.0 0.0 0.0 0.0 0.0 0.0 0.0 0.0 0.0 0.0 0.0 0.0 0.0 0.0 0.0
4 1 2 2.982066400000001 1.5432892999999908 0.0 4.5253556999999915 5.409162800000061 6.521384600000019 3.274941950000006 302.6328125 295.2421875 44 44 1.0 44 20 20 False 0 0 False 2.2 2.2 2.015727634065883 2.015727634065883 0.9162398336663103 0.9162398336663103 1.0 1.0 1.0 1.0 2.0 2.0 3.0 3.0 10.0 10.0 0 0.0 0 0.0 6.820557161991971 0.0 3.4641016151377544 2 2 1.0 0.0 0.0 1.0 1.0 1.0 1.0 1.0 22.0 8.48528137423857 0.385694607919935 16.0 19.0 22.0 25.0 28.0 2 10.0 0.0 0.0 10.0 10.0 10.0 10.0 10.0 22.0 22.0 8.48528137423857 8.48528137423857 0.385694607919935 0.0 16.0 0.0 19.0 0.0 22.0 0.0 25.0 0.0 28.0 0.0
5 1 1 6.406687999999988 2.9015216000000095 0.0 9.308209599999998 8.999323700000062 15.829594200000017 3.9900336500000044 331.90625 329.48828125 73 73 1.0 0 44 44 False 0 0 False 1.6590909090909092 1.6590909090909092 1.1194513153135752 1.1194513153135752 0.6747377790931138 0.6747377790931138 1.0 1.0 1.0 1.0 1.0 1.0 2.0 2.0 6.0 6.0 0 0.0 0 0.0 4.148303197873509 3.286335345030997 8.085480814398114 0 0 0.0 0.0 0.0 0.0 0.0 0.0 0.0 0.0 0.0 0.0 0.0 0.0 0.0 0.0 0.0 0.0 4 11.0 3.4641016151377544 0.31491832864888675 8.0 8.0 11.0 14.0 14.0 18.25 18.25 8.05708797684788 8.05708797684788 0.44148427270399343 0.0 10.0 0.0 12.25 0.0 18.0 0.0 24.0 0.0 27.0 0.0
6 2 3 1.137782099999967 0.696453000000048 0.0 1.834235100000015 1.834235100000015 1.834235100000015 1.834235100000015 284.62890625 275.67578125 20 20 1.0 20 1 0 False 0 0 False 1.0 1.0 0.0 0.0 0.0 0.0 0.0 0.0 0.0 0.0 0.0 0.0 0.0 0.0 0.0 0.0 0 0.0 0 0.0 0.0 0.0 0.0 1 1 1.0 0.0 0.0 1.0 1.0 1.0 1.0 1.0 20.0 0.0 0.0 20.0 20.0 20.0 20.0 20.0 1 1.0 0.0 0.0 0.0 0.0 0.0 0.0 0.0 1.0 1.0 0.0 0.0 0.0 0.0 0.0 0.0 0.0 0.0 0.0 0.0 0.0 0.0 0.0 0.0
7 2 2 2.7223844999999613 1.0158788000000243 0.0 3.7382632999999856 4.090190699999994 5.572498400000001 2.8004333999999957 315.82421875 307.78515625 42 42 1.0 42 20 20 False 0 0 False 2.1 2.1 2.125038699338017 2.125038699338017 1.0119231901609604 1.0119231901609604 1.0 1.0 1.0 1.0 1.0 1.0 2.0 2.0 10.0 10.0 0 0.0 0 0.0 6.026192827980198 0.0 2.309401076758503 2 2 1.0 0.0 0.0 1.0 1.0 1.0 1.0 1.0 21.0 5.656854249492381 0.26937401188058957 17.0 19.0 21.0 23.0 25.0 2 10.0 0.0 0.0 10.0 10.0 10.0 10.0 10.0 21.0 21.0 5.656854249492381 5.656854249492381 0.26937401188058957 0.0 17.0 0.0 19.0 0.0 21.0 0.0 23.0 0.0 25.0 0.0
8 2 1 5.808824099999995 1.8770886000000218 0.0 7.685912700000017 6.656318999999982 13.258411100000018 3.3474225749999995 332.5078125 330.78515625 69 69 1.0 0 42 42 False 0 0 False 1.6428571428571428 1.6428571428571428 0.9833102026847036 0.9833102026847036 0.5985366451124283 0.5985366451124283 1.0 1.0 1.0 1.0 1.0 1.0 2.0 2.0 6.0 6.0 0 0.0 0 0.0 1.970660650990055 2.0248456731316584 4.227883631321941 0 0 0.0 0.0 0.0 0.0 0.0 0.0 0.0 0.0 0.0 0.0 0.0 0.0 0.0 0.0 0.0 0.0 4 10.5 2.3804761428476167 0.2267120136045349 8.0 8.75 10.5 12.25 13.0 17.25 17.25 4.425306015783918 4.425306015783918 0.2565394791758793 0.0 13.0 0.0 13.75 0.0 17.0 0.0 20.5 0.0 22.0 0.0
9 3 3 1.128782600000065 0.6967448999999846 0.0 1.8255275000000495 1.8255275000000495 1.8255275000000495 1.8255275000000495 304.47265625 294.81640625 20 20 1.0 20 1 0 False 0 0 False 1.0 1.0 0.0 0.0 0.0 0.0 0.0 0.0 0.0 0.0 0.0 0.0 0.0 0.0 0.0 0.0 0 0.0 0 0.0 0.0 0.0 0.0 1 1 1.0 0.0 0.0 1.0 1.0 1.0 1.0 1.0 20.0 0.0 0.0 20.0 20.0 20.0 20.0 20.0 1 1.0 0.0 0.0 0.0 0.0 0.0 0.0 0.0 1.0 1.0 0.0 0.0 0.0 0.0 0.0 0.0 0.0 0.0 0.0 0.0 0.0 0.0 0.0 0.0
10 3 2 2.8607412999999866 1.8260416000000248 0.0 4.686782900000011 5.654231200000041 6.512310400000061 3.271432900000036 340.71484375 340.8203125 42 42 1.0 42 20 20 False 0 0 False 2.1 2.1 2.074912807299318 2.074912807299318 0.9880537177615799 0.9880537177615799 1.0 1.0 1.0 1.0 1.0 1.0 2.25 2.25 10.0 10.0 0 0.0 0 0.0 7.540888541809909 0.0 5.773502691896258 2 2 1.0 0.0 0.0 1.0 1.0 1.0 1.0 1.0 21.0 14.142135623730951 0.6734350297014738 11.0 16.0 21.0 26.0 31.0 2 10.0 0.0 0.0 10.0 10.0 10.0 10.0 10.0 21.0 21.0 14.142135623730951 14.142135623730951 0.6734350297014738 0.0 11.0 0.0 16.0 0.0 21.0 0.0 26.0 0.0 31.0 0.0
11 3 1 6.481886099999997 5.0701380000000285 0.0 11.552024100000025 9.850924100000015 18.064334500000086 4.54943417500002 386.67578125 386.80859375 71 71 1.0 0 42 42 False 0 0 False 1.6904761904761905 1.6904761904761905 1.0704021409366289 1.0704021409366289 0.6331956326667382 0.6331956326667382 1.0 1.0 1.0 1.0 1.0 1.0 2.0 2.0 6.0 6.0 0 0.0 0 0.0 3.876433731300852 5.300943312279429 11.894326378572265 0 0 0.0 0.0 0.0 0.0 0.0 0.0 0.0 0.0 0.0 0.0 0.0 0.0 0.0 0.0 0.0 0.0 4 10.5 5.802298395176403 0.5525998471596575 5.0 5.75 10.5 15.25 16.0 17.75 17.75 12.5 12.5 0.704225352112676 0.0 6.0 0.0 7.5 0.0 17.5 0.0 27.75 0.0 30.0 0.0
12 4 3 1.1425126000000603 0.7995835000000397 0.0 1.9420961000001 1.9420961000001 1.9420961000001 1.9420961000001 331.5625 323.5078125 20 20 1.0 20 1 0 False 0 0 False 1.0 1.0 0.0 0.0 0.0 0.0 0.0 0.0 0.0 0.0 0.0 0.0 0.0 0.0 0.0 0.0 0 0.0 0 0.0 0.0 0.0 0.0 1 1 1.0 0.0 0.0 1.0 1.0 1.0 1.0 1.0 20.0 0.0 0.0 20.0 20.0 20.0 20.0 20.0 1 1.0 0.0 0.0 0.0 0.0 0.0 0.0 0.0 1.0 1.0 0.0 0.0 0.0 0.0 0.0 0.0 0.0 0.0 0.0 0.0 0.0 0.0 0.0 0.0
13 4 2 2.938863199999986 1.1203770000000475 0.0 4.059240200000033 4.880746900000133 6.001336300000133 3.014844400000058 359.4609375 352.78515625 44 44 1.0 44 20 20 False 0 0 False 2.2 2.2 2.0416711421361615 2.0416711421361615 0.9280323373346188 0.9280323373346188 1.0 1.0 1.0 1.0 2.0 2.0 2.25 2.25 10.0 10.0 0 0.0 0 0.0 6.762396025078683 0.0 3.4641016151377544 2 2 1.0 0.0 0.0 1.0 1.0 1.0 1.0 1.0 22.0 8.48528137423857 0.385694607919935 16.0 19.0 22.0 25.0 28.0 2 10.0 0.0 0.0 10.0 10.0 10.0 10.0 10.0 22.0 22.0 8.48528137423857 8.48528137423857 0.385694607919935 0.0 16.0 0.0 19.0 0.0 22.0 0.0 25.0 0.0 28.0 0.0
14 4 1 6.382952700000047 2.9679350999999485 0.0 9.350887799999995 8.502453900000134 15.352224100000129 3.8709286250000368 386.4453125 386.28125 73 73 1.0 0 44 44 False 0 0 False 1.6590909090909092 1.6590909090909092 1.0330172969168459 1.0330172969168459 0.6226405625252222 0.6226405625252222 1.0 1.0 1.0 1.0 1.0 1.0 2.0 2.0 6.0 6.0 0 0.0 0 0.0 3.743693043413918 3.286335345030997 8.085480814398114 0 0 0.0 0.0 0.0 0.0 0.0 0.0 0.0 0.0 0.0 0.0 0.0 0.0 0.0 0.0 0.0 0.0 4 11.0 3.4641016151377544 0.31491832864888675 8.0 8.0 11.0 14.0 14.0 18.25 18.25 8.05708797684788 8.05708797684788 0.44148427270399343 0.0 10.0 0.0 12.25 0.0 18.0 0.0 24.0 0.0 27.0 0.0
15 5 3 1.1407193000000575 0.6587987999999996 0.0 1.799518100000057 1.799518100000057 1.799518100000057 1.799518100000057 344.765625 337.05859375 20 20 1.0 20 1 0 False 0 0 False 1.0 1.0 0.0 0.0 0.0 0.0 0.0 0.0 0.0 0.0 0.0 0.0 0.0 0.0 0.0 0.0 0 0.0 0 0.0 0.0 0.0 0.0 1 1 1.0 0.0 0.0 1.0 1.0 1.0 1.0 1.0 20.0 0.0 0.0 20.0 20.0 20.0 20.0 20.0 1 1.0 0.0 0.0 0.0 0.0 0.0 0.0 0.0 1.0 1.0 0.0 0.0 0.0 0.0 0.0 0.0 0.0 0.0 0.0 0.0 0.0 0.0 0.0 0.0
16 5 2 2.9112044000000026 1.001040999999958 0.0 3.9122453999999607 4.0160864000000345 5.711763500000018 2.8703105500000134 373.09375 369.71484375 44 44 1.0 44 20 20 False 0 0 False 2.2 2.2 2.0416711421361615 2.0416711421361615 0.9280323373346188 0.9280323373346188 1.0 1.0 1.0 1.0 2.0 2.0 2.25 2.25 10.0 10.0 0 0.0 0 0.0 5.043808085167396 0.0 1.1547005383792515 2 2 1.0 0.0 0.0 1.0 1.0 1.0 1.0 1.0 22.0 2.8284271247461903 0.128564869306645 20.0 21.0 22.0 23.0 24.0 2 10.0 0.0 0.0 10.0 10.0 10.0 10.0 10.0 22.0 22.0 2.8284271247461903 2.8284271247461903 0.128564869306645 0.0 20.0 0.0 21.0 0.0 22.0 0.0 23.0 0.0 24.0 0.0
17 5 1 6.020737700000012 1.92466060000001 0.0 7.945398300000022 6.596926399999944 13.65716180000004 3.447342225 382.74609375 377.66796875 71 71 1.0 0 44 44 False 0 0 False 1.6136363636363635 1.6136363636363635 1.016512713767804 1.016512713767804 0.6299515409265265 0.6299515409265265 1.0 1.0 1.0 1.0 1.0 1.0 2.0 2.0 6.0 6.0 0 0.0 0 0.0 2.6105218597371094 1.0954451150103321 3.029026246172192 0 0 0.0 0.0 0.0 0.0 0.0 0.0 0.0 0.0 0.0 0.0 0.0 0.0 0.0 0.0 0.0 0.0 4 11.0 1.1547005383792515 0.10497277621629558 10.0 10.0 11.0 12.0 12.0 17.75 17.75 3.095695936834452 3.095695936834452 0.17440540489208178 0.0 15.0 0.0 15.75 0.0 17.0 0.0 19.0 0.0 22.0 0.0
18 6 3 1.1262547999999981 0.6046531000000641 0.0 1.7309079000000622 1.7309079000000622 1.7309079000000622 1.7309079000000622 366.21484375 358.3359375 20 20 1.0 20 1 0 False 0 0 False 1.0 1.0 0.0 0.0 0.0 0.0 0.0 0.0 0.0 0.0 0.0 0.0 0.0 0.0 0.0 0.0 0 0.0 0 0.0 0.0 0.0 0.0 1 1 1.0 0.0 0.0 1.0 1.0 1.0 1.0 1.0 20.0 0.0 0.0 20.0 20.0 20.0 20.0 20.0 1 1.0 0.0 0.0 0.0 0.0 0.0 0.0 0.0 1.0 1.0 0.0 0.0 0.0 0.0 0.0 0.0 0.0 0.0 0.0 0.0 0.0 0.0 0.0 0.0
19 6 2 2.92574929999995 1.2306875000000161 0.0 4.156436799999966 4.300907500000079 5.887344700000028 2.9579628999999983 390.47265625 383.75 44 44 1.0 44 20 20 False 0 0 False 2.2 2.2 2.1908902300206643 2.1908902300206643 0.9958591954639382 0.9958591954639382 1.0 1.0 1.0 1.0 1.0 1.0 3.0 3.0 10.0 10.0 0 0.0 0 0.0 6.403124237432848 0.0 2.309401076758503 2 2 1.0 0.0 0.0 1.0 1.0 1.0 1.0 1.0 22.0 5.656854249492381 0.25712973861329 18.0 20.0 22.0 24.0 26.0 2 10.0 0.0 0.0 10.0 10.0 10.0 10.0 10.0 22.0 22.0 5.656854249492381 5.656854249492381 0.25712973861329 0.0 18.0 0.0 20.0 0.0 22.0 0.0 24.0 0.0 26.0 0.0
20 6 1 5.920026699999994 2.108077599999973 0.0 8.028104299999967 7.043849900000026 13.915448999999995 3.5117028499999847 406.84765625 402.8515625 71 71 1.0 0 44 44 False 0 0 False 1.6136363636363635 1.6136363636363635 1.061282880793589 1.061282880793589 0.657696433167858 0.657696433167858 1.0 1.0 1.0 1.0 1.0 1.0 2.0 2.0 6.0 6.0 0 0.0 0 0.0 2.3546046851096896 2.1908902300206643 4.095729483254479 0 0 0.0 0.0 0.0 0.0 0.0 0.0 0.0 0.0 0.0 0.0 0.0 0.0 0.0 0.0 0.0 0.0 4 11.0 2.309401076758503 0.20994555243259116 9.0 9.0 11.0 13.0 13.0 17.75 17.75 4.112987559751022 4.112987559751022 0.23171760900005758 0.0 14.0 0.0 14.75 0.0 17.0 0.0 20.0 0.0 23.0 0.0
21 7 3 1.1454916999999796 0.6205140000000142 0.0 1.7660056999999938 1.7660056999999938 1.7660056999999938 1.7660056999999938 378.546875 370.7421875 20 20 1.0 20 1 0 False 0 0 False 1.0 1.0 0.0 0.0 0.0 0.0 0.0 0.0 0.0 0.0 0.0 0.0 0.0 0.0 0.0 0.0 0 0.0 0 0.0 0.0 0.0 0.0 1 1 1.0 0.0 0.0 1.0 1.0 1.0 1.0 1.0 20.0 0.0 0.0 20.0 20.0 20.0 20.0 20.0 1 1.0 0.0 0.0 0.0 0.0 0.0 0.0 0.0 1.0 1.0 0.0 0.0 0.0 0.0 0.0 0.0 0.0 0.0 0.0 0.0 0.0 0.0 0.0 0.0
22 7 2 3.0088944999999967 2.095946199999986 0.0 5.104840699999983 5.978427299999936 6.8708463999999765 3.4496179499999897 408.3359375 403.01171875 44 44 1.0 44 20 20 False 0 0 False 2.2 2.2 2.142305693455191 2.142305693455191 0.9737753152069049 0.9737753152069049 1.0 1.0 1.0 1.0 1.5 1.5 2.0 2.0 10.0 10.0 0 0.0 0 0.0 7.317786550590279 0.0 4.618802153517006 2 2 1.0 0.0 0.0 1.0 1.0 1.0 1.0 1.0 22.0 11.313708498984761 0.51425947722658 14.0 18.0 22.0 26.0 30.0 2 10.0 0.0 0.0 10.0 10.0 10.0 10.0 10.0 22.0 22.0 11.313708498984761 11.313708498984761 0.51425947722658 0.0 14.0 0.0 18.0 0.0 22.0 0.0 26.0 0.0 30.0 0.0
23 7 1 6.322981799999951 2.7255171000000757 0.0 9.048498900000027 9.583299399999902 15.919345300000003 4.01278194999999 434.55078125 435.390625 73 73 1.0 0 44 44 False 0 0 False 1.6590909090909092 1.6590909090909092 1.0330172969168459 1.0330172969168459 0.6226405625252222 0.6226405625252222 1.0 1.0 1.0 1.0 1.0 1.0 2.0 2.0 6.0 6.0 0 0.0 0 0.0 2.8522048162867923 4.381780460041329 9.174693455369503 0 0 0.0 0.0 0.0 0.0 0.0 0.0 0.0 0.0 0.0 0.0 0.0 0.0 0.0 0.0 0.0 0.0 4 11.0 4.618802153517006 0.41989110486518233 7.0 7.0 11.0 15.0 15.0 18.25 18.25 9.17877987534291 9.17877987534291 0.502946842484543 0.0 9.0 0.0 11.25 0.0 18.0 0.0 25.0 0.0 28.0 0.0
24 8 3 1.141463099999953 0.7362802000000102 0.0 1.8777432999999633 1.8777432999999633 1.8777432999999633 1.8777432999999633 395.70703125 388.24609375 20 20 1.0 20 1 0 False 0 0 False 1.0 1.0 0.0 0.0 0.0 0.0 0.0 0.0 0.0 0.0 0.0 0.0 0.0 0.0 0.0 0.0 0 0.0 0 0.0 0.0 0.0 0.0 1 1 1.0 0.0 0.0 1.0 1.0 1.0 1.0 1.0 20.0 0.0 0.0 20.0 20.0 20.0 20.0 20.0 1 1.0 0.0 0.0 0.0 0.0 0.0 0.0 0.0 1.0 1.0 0.0 0.0 0.0 0.0 0.0 0.0 0.0 0.0 0.0 0.0 0.0 0.0 0.0 0.0
25 8 2 2.9078302000001486 1.4726691999999844 0.0 4.380499400000133 5.503093000000092 6.258242700000096 3.143615200000042 428.265625 430.5234375 42 42 1.0 42 20 20 False 0 0 False 2.1 2.1 2.074912807299318 2.074912807299318 0.9880537177615799 0.9880537177615799 1.0 1.0 1.0 1.0 1.0 1.0 2.25 2.25 10.0 10.0 0 0.0 0 0.0 7.482312476768127 0.0 5.773502691896258 2 2 1.0 0.0 0.0 1.0 1.0 1.0 1.0 1.0 21.0 14.142135623730951 0.6734350297014738 11.0 16.0 21.0 26.0 31.0 2 10.0 0.0 0.0 10.0 10.0 10.0 10.0 10.0 21.0 21.0 14.142135623730951 14.142135623730951 0.6734350297014738 0.0 11.0 0.0 16.0 0.0 21.0 0.0 26.0 0.0 31.0 0.0
26 8 1 6.099161299999992 2.9962277000000483 0.0 9.09538900000004 8.656575500000088 15.353631700000136 3.91234460000004 464.3984375 463.109375 69 69 1.0 0 42 42 False 0 0 False 1.6428571428571428 1.6428571428571428 0.9581849857407257 0.9581849857407257 0.5832430347987027 0.5832430347987027 1.0 1.0 1.0 1.0 1.0 1.0 2.0 2.0 6.0 6.0 0 0.0 0 0.0 2.483790991020548 5.300943312279429 10.971554128745845 0 0 0.0 0.0 0.0 0.0 0.0 0.0 0.0 0.0 0.0 0.0 0.0 0.0 0.0 0.0 0.0 0.0 4 10.5 5.802298395176403 0.5525998471596575 5.0 5.75 10.5 15.25 16.0 17.25 17.25 11.89887949906769 11.89887949906769 0.689790115887982 0.0 7.0 0.0 7.0 0.0 16.5 0.0 26.75 0.0 29.0 0.0
27 9 3 1.1293193999999858 0.7712889999999675 0.0 1.9006083999999532 1.9006083999999532 1.9006083999999532 1.9006083999999532 409.40625 402.1015625 20 20 1.0 20 1 0 False 0 0 False 1.0 1.0 0.0 0.0 0.0 0.0 0.0 0.0 0.0 0.0 0.0 0.0 0.0 0.0 0.0 0.0 0 0.0 0 0.0 0.0 0.0 0.0 1 1 1.0 0.0 0.0 1.0 1.0 1.0 1.0 1.0 20.0 0.0 0.0 20.0 20.0 20.0 20.0 20.0 1 1.0 0.0 0.0 0.0 0.0 0.0 0.0 0.0 1.0 1.0 0.0 0.0 0.0 0.0 0.0 0.0 0.0 0.0 0.0 0.0 0.0 0.0 0.0 0.0
28 9 2 2.90069900000006 1.0610142999999823 0.0 3.961713300000042 3.9872396999999467 5.862321699999995 2.945346950000001 436.75390625 433.6796875 44 44 1.0 44 20 20 False 0 0 False 2.2 2.2 2.0925934551223877 2.0925934551223877 0.9511788432374488 0.9511788432374488 1.0 1.0 1.0 1.0 1.0 1.0 3.0 3.0 10.0 10.0 0 0.0 0 0.0 5.170106381884225 0.0 1.1547005383792515 2 2 1.0 0.0 0.0 1.0 1.0 1.0 1.0 1.0 22.0 2.8284271247461903 0.128564869306645 20.0 21.0 22.0 23.0 24.0 2 10.0 0.0 0.0 10.0 10.0 10.0 10.0 10.0 22.0 22.0 2.8284271247461903 2.8284271247461903 0.128564869306645 0.0 20.0 0.0 21.0 0.0 22.0 0.0 23.0 0.0 24.0 0.0
29 9 1 5.930164100000042 2.013386299999979 0.0 7.943550400000021 6.772428399999967 13.805872100000016 3.4841330250000055 447.00390625 445.19140625 71 71 1.0 0 44 44 False 0 0 False 1.6136363636363635 1.6136363636363635 1.0829741367976042 1.0829741367976042 0.6711389016773885 0.6711389016773885 1.0 1.0 1.0 1.0 1.0 1.0 2.0 2.0 6.0 6.0 0 0.0 0 0.0 2.7203985336377077 1.0954451150103321 3.029026246172192 0 0 0.0 0.0 0.0 0.0 0.0 0.0 0.0 0.0 0.0 0.0 0.0 0.0 0.0 0.0 0.0 0.0 4 11.0 1.1547005383792515 0.10497277621629558 10.0 10.0 11.0 12.0 12.0 17.75 17.75 3.095695936834452 3.095695936834452 0.17440540489208178 0.0 15.0 0.0 15.75 0.0 17.0 0.0 19.0 0.0 22.0 0.0
30 10 3 1.1363149000000021 0.7732219999999757 0.0 1.9095368999999778 1.9095368999999778 1.9095368999999778 1.9095368999999778 423.51953125 416.0859375 20 20 1.0 20 1 0 False 0 0 False 1.0 1.0 0.0 0.0 0.0 0.0 0.0 0.0 0.0 0.0 0.0 0.0 0.0 0.0 0.0 0.0 0 0.0 0 0.0 0.0 0.0 0.0 1 1 1.0 0.0 0.0 1.0 1.0 1.0 1.0 1.0 20.0 0.0 0.0 20.0 20.0 20.0 20.0 20.0 1 1.0 0.0 0.0 0.0 0.0 0.0 0.0 0.0 1.0 1.0 0.0 0.0 0.0 0.0 0.0 0.0 0.0 0.0 0.0 0.0 0.0 0.0 0.0 0.0
31 10 2 3.0042658000000415 2.087307599999974 0.0 5.091573400000016 5.910658999999981 7.0011102999999935 3.514911000000012 452.81640625 447.7578125 44 44 1.0 44 20 20 False 0 0 False 2.2 2.2 2.067289096988207 2.067289096988207 0.9396768622673667 0.9396768622673667 1.0 1.0 1.0 1.0 1.5 1.5 3.0 3.0 10.0 10.0 0 0.0 0 0.0 7.302739212103907 0.0 4.618802153517006 2 2 1.0 0.0 0.0 1.0 1.0 1.0 1.0 1.0 22.0 11.313708498984761 0.51425947722658 14.0 18.0 22.0 26.0 30.0 2 10.0 0.0 0.0 10.0 10.0 10.0 10.0 10.0 22.0 22.0 11.313708498984761 11.313708498984761 0.51425947722658 0.0 14.0 0.0 18.0 0.0 22.0 0.0 26.0 0.0 30.0 0.0
32 10 1 6.0893461000000855 2.4143660999998815 0.0 8.503712199999967 9.120938600000045 15.50482249999996 3.9092898499999933 474.05859375 473.19921875 71 71 1.0 0 44 44 False 0 0 False 1.6136363636363635 1.6136363636363635 0.9933712646058416 0.9933712646058416 0.6156103611641836 0.6156103611641836 1.0 1.0 1.0 1.0 1.0 1.0 2.0 2.0 6.0 6.0 0 0.0 0 0.0 2.5443889815152487 4.381780460041329 8.42466616549285 0 0 0.0 0.0 0.0 0.0 0.0 0.0 0.0 0.0 0.0 0.0 0.0 0.0 0.0 0.0 0.0 0.0 4 11.0 4.618802153517006 0.41989110486518233 7.0 7.0 11.0 15.0 15.0 17.75 17.75 8.5 8.5 0.4788732394366197 0.0 9.0 0.0 11.25 0.0 18.0 0.0 24.5 0.0 26.0 0.0
33 11 3 1.1450574000000415 1.071780299999915 0.0 2.2168376999999566 2.2168376999999566 2.2168376999999566 2.2168376999999566 434.765625 427.65625 20 20 1.0 20 1 0 False 0 0 False 1.0 1.0 0.0 0.0 0.0 0.0 0.0 0.0 0.0 0.0 0.0 0.0 0.0 0.0 0.0 0.0 0 0.0 0 0.0 0.0 0.0 0.0 1 1 1.0 0.0 0.0 1.0 1.0 1.0 1.0 1.0 20.0 0.0 0.0 20.0 20.0 20.0 20.0 20.0 1 1.0 0.0 0.0 0.0 0.0 0.0 0.0 0.0 1.0 1.0 0.0 0.0 0.0 0.0 0.0 0.0 0.0 0.0 0.0 0.0 0.0 0.0 0.0 0.0
34 11 2 3.005513400000126 1.3995791999999483 0.0 4.405092600000074 5.717740499999991 6.621930300000031 3.325330400000013 461.66015625 455.10546875 44 44 1.0 44 20 20 False 0 0 False 2.2 2.2 2.015727634065883 2.015727634065883 0.9162398336663103 0.9162398336663103 1.0 1.0 1.0 1.0 2.0 2.0 2.0 2.0 10.0 10.0 0 0.0 0 0.0 7.071774883294856 0.0 4.618802153517006 2 2 1.0 0.0 0.0 1.0 1.0 1.0 1.0 1.0 22.0 11.313708498984761 0.51425947722658 14.0 18.0 22.0 26.0 30.0 2 10.0 0.0 0.0 10.0 10.0 10.0 10.0 10.0 22.0 22.0 11.313708498984761 11.313708498984761 0.51425947722658 0.0 14.0 0.0 18.0 0.0 22.0 0.0 26.0 0.0 30.0 0.0
35 11 1 6.026215099999774 2.725032800000008 0.0 8.751247899999782 8.890477399999952 15.373178199999813 3.876159199999961 489.421875 490.6875 71 71 1.0 0 44 44 False 0 0 False 1.6136363636363635 1.6136363636363635 0.969677699773297 0.969677699773297 0.6009270252116207 0.6009270252116207 1.0 1.0 1.0 1.0 1.0 1.0 2.0 2.0 6.0 6.0 0 0.0 0 0.0 2.426342603539754 4.381780460041329 8.42466616549285 0 0 0.0 0.0 0.0 0.0 0.0 0.0 0.0 0.0 0.0 0.0 0.0 0.0 0.0 0.0 0.0 0.0 4 11.0 4.618802153517006 0.41989110486518233 7.0 7.0 11.0 15.0 15.0 17.75 17.75 8.5 8.5 0.4788732394366197 0.0 9.0 0.0 11.25 0.0 18.0 0.0 24.5 0.0 26.0 0.0
36 12 3 1.1294288999999935 0.8273237000000222 0.0 1.9567526000000157 1.9567526000000157 1.9567526000000157 1.9567526000000157 448.6953125 441.71875 20 20 1.0 20 1 0 False 0 0 False 1.0 1.0 0.0 0.0 0.0 0.0 0.0 0.0 0.0 0.0 0.0 0.0 0.0 0.0 0.0 0.0 0 0.0 0 0.0 0.0 0.0 0.0 1 1 1.0 0.0 0.0 1.0 1.0 1.0 1.0 1.0 20.0 0.0 0.0 20.0 20.0 20.0 20.0 20.0 1 1.0 0.0 0.0 0.0 0.0 0.0 0.0 0.0 1.0 1.0 0.0 0.0 0.0 0.0 0.0 0.0 0.0 0.0 0.0 0.0 0.0 0.0 0.0 0.0
37 12 2 2.8852598000000853 2.167374700000096 0.0 5.052634500000181 5.995186600000125 7.009387100000197 3.51946180000013 483.24609375 486.23828125 42 42 1.0 42 20 20 False 0 0 False 2.1 2.1 2.04939015319192 2.04939015319192 0.9759000729485332 0.9759000729485332 1.0 1.0 1.0 1.0 1.5 1.5 2.0 2.0 10.0 10.0 0 0.0 0 0.0 7.3576490810584305 0.0 5.773502691896258 2 2 1.0 0.0 0.0 1.0 1.0 1.0 1.0 1.0 21.0 14.142135623730951 0.6734350297014738 11.0 16.0 21.0 26.0 31.0 2 10.0 0.0 0.0 10.0 10.0 10.0 10.0 10.0 21.0 21.0 14.142135623730951 14.142135623730951 0.6734350297014738 0.0 11.0 0.0 16.0 0.0 21.0 0.0 26.0 0.0 31.0 0.0
38 12 1 6.457718000000057 5.891992999999957 0.0 12.349711000000013 10.47319160000012 19.35909810000021 4.8728895500000675 519.75 521.30859375 71 71 1.0 0 42 42 False 0 0 False 1.6904761904761905 1.6904761904761905 1.0704021409366289 1.0704021409366289 0.6331956326667382 0.6331956326667382 1.0 1.0 1.0 1.0 1.0 1.0 2.0 2.0 6.0 6.0 0 0.0 0 0.0 3.99100225725127 5.300943312279429 11.894326378572265 0 0 0.0 0.0 0.0 0.0 0.0 0.0 0.0 0.0 0.0 0.0 0.0 0.0 0.0 0.0 0.0 0.0 4 10.5 5.802298395176403 0.5525998471596575 5.0 5.75 10.5 15.25 16.0 17.75 17.75 12.5 12.5 0.704225352112676 0.0 6.0 0.0 7.5 0.0 17.5 0.0 27.75 0.0 30.0 0.0
39 13 3 1.1292819999999324 0.7404530000000591 0.0 1.8697349999999915 1.8697349999999915 1.8697349999999915 1.8697349999999915 469.515625 462.7734375 20 20 1.0 20 1 0 False 0 0 False 1.0 1.0 0.0 0.0 0.0 0.0 0.0 0.0 0.0 0.0 0.0 0.0 0.0 0.0 0.0 0.0 0 0.0 0 0.0 0.0 0.0 0.0 1 1 1.0 0.0 0.0 1.0 1.0 1.0 1.0 1.0 20.0 0.0 0.0 20.0 20.0 20.0 20.0 20.0 1 1.0 0.0 0.0 0.0 0.0 0.0 0.0 0.0 1.0 1.0 0.0 0.0 0.0 0.0 0.0 0.0 0.0 0.0 0.0 0.0 0.0 0.0 0.0 0.0
40 13 2 2.8982706999998413 1.0944005000001198 0.0 3.992671199999961 4.27384730000017 5.862406199999953 2.94534134999995 496.06640625 490.12890625 44 44 1.0 44 20 20 False 0 0 False 2.2 2.2 2.067289096988207 2.067289096988207 0.9396768622673667 0.9396768622673667 1.0 1.0 1.0 1.0 1.5 1.5 3.0 3.0 10.0 10.0 0 0.0 0 0.0 6.076183012385323 0.0 2.309401076758503 2 2 1.0 0.0 0.0 1.0 1.0 1.0 1.0 1.0 22.0 5.656854249492381 0.25712973861329 18.0 20.0 22.0 24.0 26.0 2 10.0 0.0 0.0 10.0 10.0 10.0 10.0 10.0 22.0 22.0 5.656854249492381 5.656854249492381 0.25712973861329 0.0 18.0 0.0 20.0 0.0 22.0 0.0 24.0 0.0 26.0 0.0
41 13 1 5.929667100000131 2.345396200000039 0.0 8.27506330000017 7.213095300000248 14.137469500000122 3.5670789500000097 507.58984375 508.35546875 71 71 1.0 0 44 44 False 0 0 False 1.6136363636363635 1.6136363636363635 0.9933712646058416 0.9933712646058416 0.6156103611641836 0.6156103611641836 1.0 1.0 1.0 1.0 1.0 1.0 2.0 2.0 6.0 6.0 0 0.0 0 0.0 2.1639299838965718 2.1908902300206643 4.095729483254479 0 0 0.0 0.0 0.0 0.0 0.0 0.0 0.0 0.0 0.0 0.0 0.0 0.0 0.0 0.0 0.0 0.0 4 11.0 2.309401076758503 0.20994555243259116 9.0 9.0 11.0 13.0 13.0 17.75 17.75 4.112987559751022 4.112987559751022 0.23171760900005758 0.0 14.0 0.0 14.75 0.0 17.0 0.0 20.0 0.0 23.0 0.0
42 14 3 1.1397965000000454 0.7737324999999373 0.0 1.9135289999999827 1.9135289999999827 1.9135289999999827 1.9135289999999827 484.2421875 477.25390625 20 20 1.0 20 1 0 False 0 0 False 1.0 1.0 0.0 0.0 0.0 0.0 0.0 0.0 0.0 0.0 0.0 0.0 0.0 0.0 0.0 0.0 0 0.0 0 0.0 0.0 0.0 0.0 1 1 1.0 0.0 0.0 1.0 1.0 1.0 1.0 1.0 20.0 0.0 0.0 20.0 20.0 20.0 20.0 20.0 1 1.0 0.0 0.0 0.0 0.0 0.0 0.0 0.0 1.0 1.0 0.0 0.0 0.0 0.0 0.0 0.0 0.0 0.0 0.0 0.0 0.0 0.0 0.0 0.0
43 14 2 2.8820045000000505 1.75749890000003 0.0 4.6395034000000805 5.785046000000079 6.553032400000063 3.2908534000000316 514.921875 517.4453125 42 42 1.0 42 20 20 False 0 0 False 2.1 2.1 2.1980852911951394 2.1980852911951394 1.0467072815214948 1.0467072815214948 1.0 1.0 1.0 1.0 1.0 1.0 2.0 2.0 10.0 10.0 0 0.0 0 0.0 8.406842451241726 0.0 5.773502691896258 2 2 1.0 0.0 0.0 1.0 1.0 1.0 1.0 1.0 21.0 14.142135623730951 0.6734350297014738 11.0 16.0 21.0 26.0 31.0 2 10.0 0.0 0.0 10.0 10.0 10.0 10.0 10.0 21.0 21.0 14.142135623730951 14.142135623730951 0.6734350297014738 0.0 11.0 0.0 16.0 0.0 21.0 0.0 26.0 0.0 31.0 0.0
44 14 1 6.130742900000314 3.305527300000108 0.0 9.436270200000422 9.224060600000087 15.989302600000485 4.030047850000116 550.96484375 549.44921875 69 69 1.0 0 42 42 False 0 0 False 1.6428571428571428 1.6428571428571428 0.9323829573164005 0.9323829573164005 0.5675374522795482 0.5675374522795482 1.0 1.0 1.0 1.0 1.0 1.0 2.0 2.0 6.0 6.0 0 0.0 0 0.0 2.339944472857086 5.300943312279429 10.792358407688283 0 0 0.0 0.0 0.0 0.0 0.0 0.0 0.0 0.0 0.0 0.0 0.0 0.0 0.0 0.0 0.0 0.0 4 10.5 5.802298395176403 0.5525998471596575 5.0 5.75 10.5 15.25 16.0 17.25 17.25 11.926860441876563 11.926860441876563 0.6914121995290762 0.0 6.0 0.0 7.5 0.0 17.0 0.0 26.75 0.0 29.0 0.0
45 15 3 1.1294197999999938 0.7754690000001006 0.0 1.9048888000000943 1.9048888000000943 1.9048888000000943 1.9048888000000943 498.35546875 491.5546875 20 20 1.0 20 1 0 False 0 0 False 1.0 1.0 0.0 0.0 0.0 0.0 0.0 0.0 0.0 0.0 0.0 0.0 0.0 0.0 0.0 0.0 0 0.0 0 0.0 0.0 0.0 0.0 1 1 1.0 0.0 0.0 1.0 1.0 1.0 1.0 1.0 20.0 0.0 0.0 20.0 20.0 20.0 20.0 20.0 1 1.0 0.0 0.0 0.0 0.0 0.0 0.0 0.0 1.0 1.0 0.0 0.0 0.0 0.0 0.0 0.0 0.0 0.0 0.0 0.0 0.0 0.0 0.0 0.0
46 15 2 2.934518499999683 1.092240999999774 0.0 4.026759499999457 4.186005799999748 5.9316482999995515 2.980210449999788 522.86328125 516.44921875 44 44 1.0 44 20 20 False 0 0 False 2.2 2.2 2.142305693455191 2.142305693455191 0.9737753152069049 0.9737753152069049 1.0 1.0 1.0 1.0 1.0 1.0 3.0 3.0 10.0 10.0 0 0.0 0 0.0 5.5398555937858145 0.0 1.7320508075688772 2 2 1.0 0.0 0.0 1.0 1.0 1.0 1.0 1.0 22.0 4.242640687119285 0.1928473039599675 19.0 20.5 22.0 23.5 25.0 2 10.0 0.0 0.0 10.0 10.0 10.0 10.0 10.0 22.0 22.0 4.242640687119285 4.242640687119285 0.1928473039599675 0.0 19.0 0.0 20.5 0.0 22.0 0.0 23.5 0.0 25.0 0.0
47 15 1 6.734276400000056 2.385535899999752 0.0 9.119812299999808 6.7923083999996265 15.05146059999936 3.7957877999998715 550.84375 545.6171875 77 77 1.0 0 44 44 False 0 0 False 1.75 1.75 1.2598449517006374 1.2598449517006374 0.7199114009717927 0.7199114009717927 1.0 1.0 1.0 1.0 1.0 1.0 2.0 2.0 6.0 6.0 0 0.0 0 0.0 3.8660086300049468 1.4832396974191326 4.535967372016691 0 0 0.0 0.0 0.0 0.0 0.0 0.0 0.0 0.0 0.0 0.0 0.0 0.0 0.0 0.0 0.0 0.0 4 11.0 1.8257418583505538 0.16597653257732306 9.0 9.75 11.0 12.25 13.0 19.25 19.25 6.075908711186061 6.075908711186061 0.31563162136031486 0.0 12.0 0.0 15.75 0.0 19.5 0.0 23.0 0.0 26.0 0.0
48 16 3 1.1255930000000944 0.8524427000001538 0.0 1.9780357000002482 1.9780357000002482 1.9780357000002482 1.9780357000002482 511.46875 504.65234375 20 20 1.0 20 1 0 False 0 0 False 1.0 1.0 0.0 0.0 0.0 0.0 0.0 0.0 0.0 0.0 0.0 0.0 0.0 0.0 0.0 0.0 0 0.0 0 0.0 0.0 0.0 0.0 1 1 1.0 0.0 0.0 1.0 1.0 1.0 1.0 1.0 20.0 0.0 0.0 20.0 20.0 20.0 20.0 20.0 1 1.0 0.0 0.0 0.0 0.0 0.0 0.0 0.0 1.0 1.0 0.0 0.0 0.0 0.0 0.0 0.0 0.0 0.0 0.0 0.0 0.0 0.0 0.0 0.0
49 16 2 2.958012200000155 1.3475418000001014 0.0 4.305554000000257 5.164309600000593 6.283589700000505 3.155760650000218 538.9921875 534.5 44 44 1.0 44 20 20 False 0 0 False 2.2 2.2 2.2384204957490614 2.2384204957490614 1.0174638617041187 1.0174638617041187 1.0 1.0 1.0 1.0 1.0 1.0 2.0 2.0 10.0 10.0 0 0.0 0 0.0 7.148426400264605 0.0 3.4641016151377544 2 2 1.0 0.0 0.0 1.0 1.0 1.0 1.0 1.0 22.0 8.48528137423857 0.385694607919935 16.0 19.0 22.0 25.0 28.0 2 10.0 0.0 0.0 10.0 10.0 10.0 10.0 10.0 22.0 22.0 8.48528137423857 8.48528137423857 0.385694607919935 0.0 16.0 0.0 19.0 0.0 22.0 0.0 25.0 0.0 28.0 0.0
50 16 1 6.306337400000018 2.763360900000123 0.0 9.069698300000141 8.579755900000578 15.353288000000646 3.870960450000112 561.7734375 561.51171875 73 73 1.0 0 44 44 False 0 0 False 1.6590909090909092 1.6590909090909092 1.0330172969168459 1.0330172969168459 0.6226405625252222 0.6226405625252222 1.0 1.0 1.0 1.0 1.0 1.0 2.0 2.0 6.0 6.0 0 0.0 0 0.0 3.5322817643571276 3.286335345030997 8.085480814398114 0 0 0.0 0.0 0.0 0.0 0.0 0.0 0.0 0.0 0.0 0.0 0.0 0.0 0.0 0.0 0.0 0.0 4 11.0 3.4641016151377544 0.31491832864888675 8.0 8.0 11.0 14.0 14.0 18.25 18.25 8.05708797684788 8.05708797684788 0.44148427270399343 0.0 10.0 0.0 12.25 0.0 18.0 0.0 24.0 0.0 27.0 0.0
51 17 3 1.139138300000127 0.6659328999998593 0.0 1.8050711999999862 1.8050711999999862 1.8050711999999862 1.8050711999999862 527.44921875 521.0546875 20 20 1.0 20 1 0 False 0 0 False 1.0 1.0 0.0 0.0 0.0 0.0 0.0 0.0 0.0 0.0 0.0 0.0 0.0 0.0 0.0 0.0 0 0.0 0 0.0 0.0 0.0 0.0 1 1 1.0 0.0 0.0 1.0 1.0 1.0 1.0 1.0 20.0 0.0 0.0 20.0 20.0 20.0 20.0 20.0 1 1.0 0.0 0.0 0.0 0.0 0.0 0.0 0.0 1.0 1.0 0.0 0.0 0.0 0.0 0.0 0.0 0.0 0.0 0.0 0.0 0.0 0.0 0.0 0.0
52 17 2 3.0025260999999546 1.9928390000001173 0.0 4.995365100000072 5.584771400000079 6.800436300000058 3.414813400000014 558.16796875 561.68359375 44 44 1.0 44 20 20 False 0 0 False 2.2 2.2 2.015727634065883 2.015727634065883 0.9162398336663103 0.9162398336663103 1.0 1.0 1.0 1.0 2.0 2.0 3.0 3.0 10.0 10.0 0 0.0 0 0.0 7.193747284969079 0.0 4.618802153517006 2 2 1.0 0.0 0.0 1.0 1.0 1.0 1.0 1.0 22.0 11.313708498984761 0.51425947722658 14.0 18.0 22.0 26.0 30.0 2 10.0 0.0 0.0 10.0 10.0 10.0 10.0 10.0 22.0 22.0 11.313708498984761 11.313708498984761 0.51425947722658 0.0 14.0 0.0 18.0 0.0 22.0 0.0 26.0 0.0 30.0 0.0
53 17 1 6.347322399999996 2.605724399999758 0.0 8.953046799999754 9.248388999999975 15.753483099999812 3.9718654999999217 577.0 577.359375 73 73 1.0 0 44 44 False 0 0 False 1.6590909090909092 1.6590909090909092 0.9869657947038658 0.9869657947038658 0.5948834926982205 0.5948834926982205 1.0 1.0 1.0 1.0 1.0 1.0 2.0 2.0 6.0 6.0 0 0.0 0 0.0 2.7654057583407994 4.381780460041329 9.174693455369503 0 0 0.0 0.0 0.0 0.0 0.0 0.0 0.0 0.0 0.0 0.0 0.0 0.0 0.0 0.0 0.0 0.0 4 11.0 4.618802153517006 0.41989110486518233 7.0 7.0 11.0 15.0 15.0 18.25 18.25 9.17877987534291 9.17877987534291 0.502946842484543 0.0 9.0 0.0 11.25 0.0 18.0 0.0 25.0 0.0 28.0 0.0
54 18 3 1.140888400000108 0.6411136999999485 0.0 1.7820021000000565 1.7820021000000565 1.7820021000000565 1.7820021000000565 543.87109375 537.53515625 20 20 1.0 20 1 0 False 0 0 False 1.0 1.0 0.0 0.0 0.0 0.0 0.0 0.0 0.0 0.0 0.0 0.0 0.0 0.0 0.0 0.0 0 0.0 0 0.0 0.0 0.0 0.0 1 1 1.0 0.0 0.0 1.0 1.0 1.0 1.0 1.0 20.0 0.0 0.0 20.0 20.0 20.0 20.0 20.0 1 1.0 0.0 0.0 0.0 0.0 0.0 0.0 0.0 1.0 1.0 0.0 0.0 0.0 0.0 0.0 0.0 0.0 0.0 0.0 0.0 0.0 0.0 0.0 0.0
55 18 2 2.948191599999916 1.3270757000001367 0.0 4.275267300000053 4.2927478000002 6.057269400000109 3.0429730500000858 566.69140625 560.9375 44 44 1.0 44 20 20 False 0 0 False 2.2 2.2 2.117595458607661 2.117595458607661 0.9625433902762094 0.9625433902762094 1.0 1.0 1.0 1.0 1.5 1.5 2.25 2.25 10.0 10.0 0 0.0 0 0.0 5.914389233048497 0.0 2.309401076758503 2 2 1.0 0.0 0.0 1.0 1.0 1.0 1.0 1.0 22.0 5.656854249492381 0.25712973861329 18.0 20.0 22.0 24.0 26.0 2 10.0 0.0 0.0 10.0 10.0 10.0 10.0 10.0 22.0 22.0 5.656854249492381 5.656854249492381 0.25712973861329 0.0 18.0 0.0 20.0 0.0 22.0 0.0 24.0 0.0 26.0 0.0
56 18 1 6.129217699999629 2.2046779000000356 0.0 8.333895599999664 6.95994520000005 14.391164999999773 3.6306522249999773 580.05078125 578.17578125 73 73 1.0 0 44 44 False 0 0 False 1.6590909090909092 1.6590909090909092 1.1194513153135752 1.1194513153135752 0.6747377790931138 0.6747377790931138 1.0 1.0 1.0 1.0 1.0 1.0 2.0 2.0 6.0 6.0 0 0.0 0 0.0 1.9401558044277123 2.1908902300206643 3.2519225083018197 0 0 0.0 0.0 0.0 0.0 0.0 0.0 0.0 0.0 0.0 0.0 0.0 0.0 0.0 0.0 0.0 0.0 4 11.0 2.309401076758503 0.20994555243259116 9.0 9.0 11.0 13.0 13.0 18.25 18.25 4.112987559751022 4.112987559751022 0.2253691813562204 0.0 13.0 0.0 16.75 0.0 18.5 0.0 20.0 0.0 23.0 0.0
57 19 3 1.1295323999999596 0.79198249999979 0.0 1.9215148999997496 1.9215148999997496 1.9215148999997496 1.9215148999997496 554.34375 547.88671875 20 20 1.0 20 1 0 False 0 0 False 1.0 1.0 0.0 0.0 0.0 0.0 0.0 0.0 0.0 0.0 0.0 0.0 0.0 0.0 0.0 0.0 0 0.0 0 0.0 0.0 0.0 0.0 1 1 1.0 0.0 0.0 1.0 1.0 1.0 1.0 1.0 20.0 0.0 0.0 20.0 20.0 20.0 20.0 20.0 1 1.0 0.0 0.0 0.0 0.0 0.0 0.0 0.0 1.0 1.0 0.0 0.0 0.0 0.0 0.0 0.0 0.0 0.0 0.0 0.0 0.0 0.0 0.0 0.0
58 19 2 2.9369142000001602 1.2603020999999899 0.0 4.19721630000015 4.420711499999811 6.1187311999999 3.073610099999968 577.41796875 571.703125 44 44 1.0 44 20 20 False 0 0 False 2.2 2.2 2.015727634065883 2.015727634065883 0.9162398336663103 0.9162398336663103 1.0 1.0 1.0 1.0 2.0 2.0 3.0 3.0 10.0 10.0 0 0.0 0 0.0 5.60446250768082 0.0 2.309401076758503 2 2 1.0 0.0 0.0 1.0 1.0 1.0 1.0 1.0 22.0 5.656854249492381 0.25712973861329 18.0 20.0 22.0 24.0 26.0 2 10.0 0.0 0.0 10.0 10.0 10.0 10.0 10.0 22.0 22.0 5.656854249492381 5.656854249492381 0.25712973861329 0.0 18.0 0.0 20.0 0.0 22.0 0.0 24.0 0.0 26.0 0.0
59 19 1 6.15921400000002 1.9005251999998904 0.0 8.05973919999991 7.148604599999828 14.17847039999981 3.577633224999957 590.73046875 590.234375 73 73 1.0 0 44 44 False 0 0 False 1.6590909090909092 1.6590909090909092 1.0771016625849856 1.0771016625849856 0.6492119610101283 0.6492119610101283 1.0 1.0 1.0 1.0 1.0 1.0 2.0 2.0 6.0 6.0 0 0.0 0 0.0 1.7361464642865088 2.1908902300206643 3.2519225083018197 0 0 0.0 0.0 0.0 0.0 0.0 0.0 0.0 0.0 0.0 0.0 0.0 0.0 0.0 0.0 0.0 0.0 4 11.0 2.309401076758503 0.20994555243259116 9.0 9.0 11.0 13.0 13.0 18.25 18.25 4.112987559751022 4.112987559751022 0.2253691813562204 0.0 13.0 0.0 16.75 0.0 18.5 0.0 20.0 0.0 23.0 0.0
60 20 3 1.1270514999998795 0.8145363000000998 0.0 1.9415877999999793 1.9415877999999793 1.9415877999999793 1.9415877999999793 566.24609375 559.90234375 20 20 1.0 20 1 0 False 0 0 False 1.0 1.0 0.0 0.0 0.0 0.0 0.0 0.0 0.0 0.0 0.0 0.0 0.0 0.0 0.0 0.0 0 0.0 0 0.0 0.0 0.0 0.0 1 1 1.0 0.0 0.0 1.0 1.0 1.0 1.0 1.0 20.0 0.0 0.0 20.0 20.0 20.0 20.0 20.0 1 1.0 0.0 0.0 0.0 0.0 0.0 0.0 0.0 1.0 1.0 0.0 0.0 0.0 0.0 0.0 0.0 0.0 0.0 0.0 0.0 0.0 0.0 0.0 0.0
61 20 2 2.7450647000000004 0.8860702000002902 0.0 3.6311349000002906 4.544510000000116 5.57272270000027 2.8004763000001276 592.22265625 587.9765625 42 42 1.0 42 20 20 False 0 0 False 2.1 2.1 2.100125309544522 2.100125309544522 1.000059671211677 1.000059671211677 1.0 1.0 1.0 1.0 1.0 1.0 3.0 3.0 10.0 10.0 0 0.0 0 0.0 6.675702210254737 0.0 3.4641016151377544 2 2 1.0 0.0 0.0 1.0 1.0 1.0 1.0 1.0 21.0 8.48528137423857 0.40406101782088427 15.0 18.0 21.0 24.0 27.0 2 10.0 0.0 0.0 10.0 10.0 10.0 10.0 10.0 21.0 21.0 8.48528137423857 8.48528137423857 0.40406101782088427 0.0 15.0 0.0 18.0 0.0 21.0 0.0 24.0 0.0 27.0 0.0
62 20 1 6.5555239000000824 2.4136933000001477 0.0 8.96921720000023 7.626919300000111 14.5419399000005 3.6683579500001144 612.76171875 612.18359375 75 75 1.0 0 42 42 False 0 0 False 1.7857142857142858 1.7857142857142858 1.116084494697035 1.116084494697035 0.6250073170303395 0.6250073170303395 1.0 1.0 1.0 1.0 1.0 1.0 2.0 2.0 6.0 6.0 0 0.0 0 0.0 1.6840084185482842 3.1144823004794873 5.71620503481112 0 0 0.0 0.0 0.0 0.0 0.0 0.0 0.0 0.0 0.0 0.0 0.0 0.0 0.0 0.0 0.0 0.0 4 10.5 3.5118845842842465 0.33446519850326156 7.0 7.75 10.5 13.25 14.0 18.75 18.75 6.238322424070967 6.238322424070967 0.3327105292837849 0.0 12.0 0.0 14.25 0.0 19.0 0.0 23.5 0.0 25.0 0.0
63 21 3 1.1438406999999415 0.7118504000001167 0.0 1.8556911000000582 1.8556911000000582 1.8556911000000582 1.8556911000000582 580.203125 573.9140625 20 20 1.0 20 1 0 False 0 0 False 1.0 1.0 0.0 0.0 0.0 0.0 0.0 0.0 0.0 0.0 0.0 0.0 0.0 0.0 0.0 0.0 0 0.0 0 0.0 0.0 0.0 0.0 1 1 1.0 0.0 0.0 1.0 1.0 1.0 1.0 1.0 20.0 0.0 0.0 20.0 20.0 20.0 20.0 20.0 1 1.0 0.0 0.0 0.0 0.0 0.0 0.0 0.0 1.0 1.0 0.0 0.0 0.0 0.0 0.0 0.0 0.0 0.0 0.0 0.0 0.0 0.0 0.0 0.0
64 21 2 2.946760899999788 1.1917053000001374 0.0 4.138466199999925 4.3072718000000805 5.9941572999999835 3.0114805000000047 601.7421875 597.07421875 44 44 1.0 44 20 20 False 0 0 False 2.2 2.2 2.0925934551223877 2.0925934551223877 0.9511788432374488 0.9511788432374488 1.0 1.0 1.0 1.0 1.5 1.5 2.25 2.25 10.0 10.0 0 0.0 0 0.0 5.3113086899557995 0.0 2.309401076758503 2 2 1.0 0.0 0.0 1.0 1.0 1.0 1.0 1.0 22.0 5.656854249492381 0.25712973861329 18.0 20.0 22.0 24.0 26.0 2 10.0 0.0 0.0 10.0 10.0 10.0 10.0 10.0 22.0 22.0 5.656854249492381 5.656854249492381 0.25712973861329 0.0 18.0 0.0 20.0 0.0 22.0 0.0 24.0 0.0 26.0 0.0
65 21 1 6.145670099999961 2.259980599999892 0.0 8.405650699999853 7.024948100000017 14.399807999999837 3.633011049999965 605.72265625 606.62890625 73 73 1.0 0 44 44 False 0 0 False 1.6590909090909092 1.6590909090909092 1.0771016625849856 1.0771016625849856 0.6492119610101283 0.6492119610101283 1.0 1.0 1.0 1.0 1.0 1.0 2.0 2.0 6.0 6.0 0 0.0 0 0.0 1.955007873417385 2.1908902300206643 3.2519225083018197 0 0 0.0 0.0 0.0 0.0 0.0 0.0 0.0 0.0 0.0 0.0 0.0 0.0 0.0 0.0 0.0 0.0 4 11.0 2.309401076758503 0.20994555243259116 9.0 9.0 11.0 13.0 13.0 18.25 18.25 4.112987559751022 4.112987559751022 0.2253691813562204 0.0 13.0 0.0 16.75 0.0 18.5 0.0 20.0 0.0 23.0 0.0
66 22 3 1.1355895000000942 0.6853212999998277 0.0 1.820910799999922 1.820910799999922 1.820910799999922 1.820910799999922 587.50390625 580.95703125 20 20 1.0 20 1 0 False 0 0 False 1.0 1.0 0.0 0.0 0.0 0.0 0.0 0.0 0.0 0.0 0.0 0.0 0.0 0.0 0.0 0.0 0 0.0 0 0.0 0.0 0.0 0.0 1 1 1.0 0.0 0.0 1.0 1.0 1.0 1.0 1.0 20.0 0.0 0.0 20.0 20.0 20.0 20.0 20.0 1 1.0 0.0 0.0 0.0 0.0 0.0 0.0 0.0 1.0 1.0 0.0 0.0 0.0 0.0 0.0 0.0 0.0 0.0 0.0 0.0 0.0 0.0 0.0 0.0
67 22 2 2.918068799999901 0.8338019000000259 0.0 3.7518706999999267 3.8848595999998565 5.572781499999849 2.8007752999999127 613.71875 611.1875 44 44 1.0 44 20 20 False 0 0 False 2.2 2.2 2.0416711421361615 2.0416711421361615 0.9280323373346188 0.9280323373346188 1.0 1.0 1.0 1.0 2.0 2.0 2.25 2.25 10.0 10.0 0 0.0 0 0.0 4.9396356140913875 0.0 1.1547005383792515 2 2 1.0 0.0 0.0 1.0 1.0 1.0 1.0 1.0 22.0 2.8284271247461903 0.128564869306645 20.0 21.0 22.0 23.0 24.0 2 10.0 0.0 0.0 10.0 10.0 10.0 10.0 10.0 22.0 22.0 2.8284271247461903 2.8284271247461903 0.128564869306645 0.0 20.0 0.0 21.0 0.0 22.0 0.0 23.0 0.0 24.0 0.0
68 22 1 6.157214899999872 2.3621306000000573 0.0 8.519345499999929 6.863430999999878 14.092126999999778 3.5561363749999515 626.109375 621.05078125 73 73 1.0 0 44 44 False 0 0 False 1.6590909090909092 1.6590909090909092 1.0552897060221726 1.0552897060221726 0.6360650282873369 0.6360650282873369 1.0 1.0 1.0 1.0 1.0 1.0 2.0 2.0 6.0 6.0 0 0.0 0 0.0 3.3165858552941425 1.0954451150103321 3.843826218756514 0 0 0.0 0.0 0.0 0.0 0.0 0.0 0.0 0.0 0.0 0.0 0.0 0.0 0.0 0.0 0.0 0.0 4 11.0 1.1547005383792515 0.10497277621629558 10.0 10.0 11.0 12.0 12.0 18.25 18.25 4.031128874149275 4.031128874149275 0.22088377392598765 0.0 15.0 0.0 15.75 0.0 17.0 0.0 19.5 0.0 24.0 0.0
69 23 3 1.1321632000000932 0.7631375999998227 0.0 1.8953007999999159 1.8953007999999159 1.8953007999999159 1.8953007999999159 601.6015625 595.078125 20 20 1.0 20 1 0 False 0 0 False 1.0 1.0 0.0 0.0 0.0 0.0 0.0 0.0 0.0 0.0 0.0 0.0 0.0 0.0 0.0 0.0 0 0.0 0 0.0 0.0 0.0 0.0 1 1 1.0 0.0 0.0 1.0 1.0 1.0 1.0 1.0 20.0 0.0 0.0 20.0 20.0 20.0 20.0 20.0 1 1.0 0.0 0.0 0.0 0.0 0.0 0.0 0.0 1.0 1.0 0.0 0.0 0.0 0.0 0.0 0.0 0.0 0.0 0.0 0.0 0.0 0.0 0.0 0.0
70 23 2 2.8973449000002347 0.8540269999996326 0.0 3.7513718999998673 3.961707399999682 5.646672699999783 2.837362549999881 625.51171875 622.97265625 44 44 1.0 44 20 20 False 0 0 False 2.2 2.2 2.015727634065883 2.015727634065883 0.9162398336663103 0.9162398336663103 1.0 1.0 1.0 1.0 2.0 2.0 3.0 3.0 10.0 10.0 0 0.0 0 0.0 5.111751167652822 0.0 1.1547005383792515 2 2 1.0 0.0 0.0 1.0 1.0 1.0 1.0 1.0 22.0 2.8284271247461903 0.128564869306645 20.0 21.0 22.0 23.0 24.0 2 10.0 0.0 0.0 10.0 10.0 10.0 10.0 10.0 22.0 22.0 2.8284271247461903 2.8284271247461903 0.128564869306645 0.0 20.0 0.0 21.0 0.0 22.0 0.0 23.0 0.0 24.0 0.0
71 23 1 5.941786899999954 1.844553600000097 0.0 7.786340500000051 6.597294499999748 13.433013199999834 3.3910870999999645 636.02734375 631.8203125 71 71 1.0 0 44 44 False 0 0 False 1.6136363636363635 1.6136363636363635 1.016512713767804 1.016512713767804 0.6299515409265265 0.6299515409265265 1.0 1.0 1.0 1.0 1.0 1.0 2.0 2.0 6.0 6.0 0 0.0 0 0.0 2.6453120080313246 1.0954451150103321 3.029026246172192 0 0 0.0 0.0 0.0 0.0 0.0 0.0 0.0 0.0 0.0 0.0 0.0 0.0 0.0 0.0 0.0 0.0 4 11.0 1.1547005383792515 0.10497277621629558 10.0 10.0 11.0 12.0 12.0 17.75 17.75 3.095695936834452 3.095695936834452 0.17440540489208178 0.0 15.0 0.0 15.75 0.0 17.0 0.0 19.0 0.0 22.0 0.0
72 24 3 1.1409189999999967 0.7454659000001129 0.0 1.8863849000001096 1.8863849000001096 1.8863849000001096 1.8863849000001096 612.890625 606.171875 20 20 1.0 20 1 0 False 0 0 False 1.0 1.0 0.0 0.0 0.0 0.0 0.0 0.0 0.0 0.0 0.0 0.0 0.0 0.0 0.0 0.0 0 0.0 0 0.0 0.0 0.0 0.0 1 1 1.0 0.0 0.0 1.0 1.0 1.0 1.0 1.0 20.0 0.0 0.0 20.0 20.0 20.0 20.0 20.0 1 1.0 0.0 0.0 0.0 0.0 0.0 0.0 0.0 1.0 1.0 0.0 0.0 0.0 0.0 0.0 0.0 0.0 0.0 0.0 0.0 0.0 0.0 0.0 0.0
73 24 2 2.8588256000001593 1.7764436000002775 0.0 4.635269200000437 5.33166510000035 6.521654100000546 3.2752760000002468 646.2109375 649.8359375 42 42 1.0 42 20 20 False 0 0 False 2.1 2.1 2.0235456115702615 2.0235456115702615 0.9635931483667911 0.9635931483667911 1.0 1.0 1.0 1.0 1.5 1.5 2.25 2.25 10.0 10.0 0 0.0 0 0.0 7.648202403179455 0.0 5.773502691896258 2 2 1.0 0.0 0.0 1.0 1.0 1.0 1.0 1.0 21.0 14.142135623730951 0.6734350297014738 11.0 16.0 21.0 26.0 31.0 2 10.0 0.0 0.0 10.0 10.0 10.0 10.0 10.0 21.0 21.0 14.142135623730951 14.142135623730951 0.6734350297014738 0.0 11.0 0.0 16.0 0.0 21.0 0.0 26.0 0.0 31.0 0.0
74 24 1 6.119187499999896 2.747891399999844 0.0 8.86707889999974 8.521021400000393 15.388733000000286 3.880210225000056 681.5546875 680.859375 69 69 1.0 0 42 42 False 0 0 False 1.6428571428571428 1.6428571428571428 0.9323829573164005 0.9323829573164005 0.5675374522795482 0.5675374522795482 1.0 1.0 1.0 1.0 1.0 1.0 2.0 2.0 6.0 6.0 0 0.0 0 0.0 2.4479270697419713 5.300943312279429 10.792358407688283 0 0 0.0 0.0 0.0 0.0 0.0 0.0 0.0 0.0 0.0 0.0 0.0 0.0 0.0 0.0 0.0 0.0 4 10.5 5.802298395176403 0.5525998471596575 5.0 5.75 10.5 15.25 16.0 17.25 17.25 11.926860441876563 11.926860441876563 0.6914121995290762 0.0 6.0 0.0 7.5 0.0 17.0 0.0 26.75 0.0 29.0 0.0
75 25 3 1.1342015000002448 0.7604413999997632 0.0 1.894642900000008 1.894642900000008 1.894642900000008 1.894642900000008 628.53515625 622.21875 20 20 1.0 20 1 0 False 0 0 False 1.0 1.0 0.0 0.0 0.0 0.0 0.0 0.0 0.0 0.0 0.0 0.0 0.0 0.0 0.0 0.0 0 0.0 0 0.0 0.0 0.0 0.0 1 1 1.0 0.0 0.0 1.0 1.0 1.0 1.0 1.0 20.0 0.0 0.0 20.0 20.0 20.0 20.0 20.0 1 1.0 0.0 0.0 0.0 0.0 0.0 0.0 0.0 1.0 1.0 0.0 0.0 0.0 0.0 0.0 0.0 0.0 0.0 0.0 0.0 0.0 0.0 0.0 0.0
76 25 2 3.0453935000001593 2.257223700000168 0.0 5.302617200000327 5.858493600000315 7.197260100000335 3.6128732500001206 656.90234375 651.24609375 44 44 1.0 44 20 20 False 0 0 False 2.2 2.2 2.0925934551223877 2.0925934551223877 0.9511788432374488 0.9511788432374488 1.0 1.0 1.0 1.0 1.0 1.0 3.0 3.0 10.0 10.0 0 0.0 0 0.0 7.472616676907761 0.0 4.618802153517006 2 2 1.0 0.0 0.0 1.0 1.0 1.0 1.0 1.0 22.0 11.313708498984761 0.51425947722658 14.0 18.0 22.0 26.0 30.0 2 10.0 0.0 0.0 10.0 10.0 10.0 10.0 10.0 22.0 22.0 11.313708498984761 11.313708498984761 0.51425947722658 0.0 14.0 0.0 18.0 0.0 22.0 0.0 26.0 0.0 30.0 0.0
77 25 1 6.064549800000236 2.5870145999998613 0.0 8.651564400000098 9.106765200000495 15.848824500000433 3.9947122500000773 683.2421875 685.19921875 71 71 1.0 0 44 44 False 0 0 False 1.6136363636363635 1.6136363636363635 1.016512713767804 1.016512713767804 0.6299515409265265 0.6299515409265265 1.0 1.0 1.0 1.0 1.0 1.0 2.0 2.0 6.0 6.0 0 0.0 0 0.0 2.4841959139413667 4.381780460041329 8.42466616549285 0 0 0.0 0.0 0.0 0.0 0.0 0.0 0.0 0.0 0.0 0.0 0.0 0.0 0.0 0.0 0.0 0.0 4 11.0 4.618802153517006 0.41989110486518233 7.0 7.0 11.0 15.0 15.0 17.75 17.75 8.5 8.5 0.4788732394366197 0.0 9.0 0.0 11.25 0.0 18.0 0.0 24.5 0.0 26.0 0.0
78 26 3 1.1265548999997463 0.7023861000003535 0.0 1.8289410000000998 1.8289410000000998 1.8289410000000998 1.8289410000000998 645.765625 639.33984375 20 20 1.0 20 1 0 False 0 0 False 1.0 1.0 0.0 0.0 0.0 0.0 0.0 0.0 0.0 0.0 0.0 0.0 0.0 0.0 0.0 0.0 0 0.0 0 0.0 0.0 0.0 0.0 1 1 1.0 0.0 0.0 1.0 1.0 1.0 1.0 1.0 20.0 0.0 0.0 20.0 20.0 20.0 20.0 20.0 1 1.0 0.0 0.0 0.0 0.0 0.0 0.0 0.0 1.0 1.0 0.0 0.0 0.0 0.0 0.0 0.0 0.0 0.0 0.0 0.0 0.0 0.0 0.0 0.0
79 26 2 2.8919844000004105 0.9137482999998383 0.0 3.8057327000002488 3.8661543000001757 5.634673700000349 2.831317450000256 671.0546875 664.5703125 44 44 1.0 44 20 20 False 0 0 False 2.2 2.2 2.142305693455191 2.142305693455191 0.9737753152069049 0.9737753152069049 1.0 1.0 1.0 1.0 1.5 1.5 2.0 2.0 10.0 10.0 0 0.0 0 0.0 4.895916665957458 0.0 1.1547005383792515 2 2 1.0 0.0 0.0 1.0 1.0 1.0 1.0 1.0 22.0 2.8284271247461903 0.128564869306645 20.0 21.0 22.0 23.0 24.0 2 10.0 0.0 0.0 10.0 10.0 10.0 10.0 10.0 22.0 22.0 2.8284271247461903 2.8284271247461903 0.128564869306645 0.0 20.0 0.0 21.0 0.0 22.0 0.0 23.0 0.0 24.0 0.0
80 26 1 6.188086399999747 2.411164399999734 0.0 8.599250799999481 6.848484899999676 14.23392449999983 3.5912676750000116 684.13671875 679.32421875 73 73 1.0 0 44 44 False 0 0 False 1.6590909090909092 1.6590909090909092 0.9386576714124697 0.9386576714124697 0.5657662677006666 0.5657662677006666 1.0 1.0 1.0 1.0 1.0 1.0 2.0 2.0 6.0 6.0 0 0.0 0 0.0 2.882289537018549 1.0954451150103321 3.843826218756514 0 0 0.0 0.0 0.0 0.0 0.0 0.0 0.0 0.0 0.0 0.0 0.0 0.0 0.0 0.0 0.0 0.0 4 11.0 1.1547005383792515 0.10497277621629558 10.0 10.0 11.0 12.0 12.0 18.25 18.25 4.031128874149275 4.031128874149275 0.22088377392598765 0.0 15.0 0.0 15.75 0.0 17.0 0.0 19.5 0.0 24.0 0.0
81 27 3 1.138809300000048 0.9118707000001223 0.0 2.0506800000001704 2.0506800000001704 2.0506800000001704 2.0506800000001704 658.95703125 652.5390625 20 20 1.0 20 1 0 False 0 0 False 1.0 1.0 0.0 0.0 0.0 0.0 0.0 0.0 0.0 0.0 0.0 0.0 0.0 0.0 0.0 0.0 0 0.0 0 0.0 0.0 0.0 0.0 1 1 1.0 0.0 0.0 1.0 1.0 1.0 1.0 1.0 20.0 0.0 0.0 20.0 20.0 20.0 20.0 20.0 1 1.0 0.0 0.0 0.0 0.0 0.0 0.0 0.0 1.0 1.0 0.0 0.0 0.0 0.0 0.0 0.0 0.0 0.0 0.0 0.0 0.0 0.0 0.0 0.0
82 27 2 2.926184099999432 1.1049935000004325 0.0 4.0311775999998645 4.964656300000115 6.081857600000035 3.055008999999984 682.90234375 678.30078125 44 44 1.0 44 20 20 False 0 0 False 2.2 2.2 2.015727634065883 2.015727634065883 0.9162398336663103 0.9162398336663103 1.0 1.0 1.0 1.0 2.0 2.0 3.0 3.0 10.0 10.0 0 0.0 0 0.0 6.711184694225005 0.0 3.4641016151377544 2 2 1.0 0.0 0.0 1.0 1.0 1.0 1.0 1.0 22.0 8.48528137423857 0.385694607919935 16.0 19.0 22.0 25.0 28.0 2 10.0 0.0 0.0 10.0 10.0 10.0 10.0 10.0 22.0 22.0 8.48528137423857 8.48528137423857 0.385694607919935 0.0 16.0 0.0 19.0 0.0 22.0 0.0 25.0 0.0 28.0 0.0
83 27 1 6.0527112000005445 3.1333638999996083 0.0 9.186075100000153 8.035637300000303 15.267932700000188 3.849713550000047 707.3515625 707.671875 71 71 1.0 0 44 44 False 0 0 False 1.6136363636363635 1.6136363636363635 1.0829741367976042 1.0829741367976042 0.6711389016773885 0.6711389016773885 1.0 1.0 1.0 1.0 1.0 1.0 2.0 2.0 6.0 6.0 0 0.0 0 0.0 3.208934776011227 3.286335345030997 7.33314393694819 0 0 0.0 0.0 0.0 0.0 0.0 0.0 0.0 0.0 0.0 0.0 0.0 0.0 0.0 0.0 0.0 0.0 4 11.0 3.4641016151377544 0.31491832864888675 8.0 8.0 11.0 14.0 14.0 17.75 17.75 7.365459931328117 7.365459931328117 0.414955489088908 0.0 10.0 0.0 12.25 0.0 18.0 0.0 23.5 0.0 25.0 0.0
84 28 3 1.1432918000004975 0.8766238999999132 0.0 2.0199157000004107 2.0199157000004107 2.0199157000004107 2.0199157000004107 673.09765625 666.52734375 20 20 1.0 20 1 0 False 0 0 False 1.0 1.0 0.0 0.0 0.0 0.0 0.0 0.0 0.0 0.0 0.0 0.0 0.0 0.0 0.0 0.0 0 0.0 0 0.0 0.0 0.0 0.0 1 1 1.0 0.0 0.0 1.0 1.0 1.0 1.0 1.0 20.0 0.0 0.0 20.0 20.0 20.0 20.0 20.0 1 1.0 0.0 0.0 0.0 0.0 0.0 0.0 0.0 1.0 1.0 0.0 0.0 0.0 0.0 0.0 0.0 0.0 0.0 0.0 0.0 0.0 0.0 0.0 0.0
85 28 2 2.7851525999999467 1.036806100000149 0.0 3.8219587000000956 4.804049400000622 5.841874400000506 2.935385400000257 695.10546875 690.82421875 42 42 1.0 42 20 20 False 0 0 False 2.1 2.1 2.1496633763403397 2.1496633763403397 1.0236492268287332 1.0236492268287332 1.0 1.0 1.0 1.0 1.0 1.0 2.25 2.25 10.0 10.0 0 0.0 0 0.0 6.820190613172039 0.0 3.4641016151377544 2 2 1.0 0.0 0.0 1.0 1.0 1.0 1.0 1.0 21.0 8.48528137423857 0.40406101782088427 15.0 18.0 21.0 24.0 27.0 2 10.0 0.0 0.0 10.0 10.0 10.0 10.0 10.0 21.0 21.0 8.48528137423857 8.48528137423857 0.40406101782088427 0.0 15.0 0.0 18.0 0.0 21.0 0.0 24.0 0.0 27.0 0.0
86 28 1 6.300730699999917 1.9850395000003118 0.0 8.28577020000023 7.548739600000317 14.127644600000735 3.5652160750002224 716.4609375 715.91015625 73 73 1.0 0 42 42 False 0 0 False 1.7380952380952381 1.7380952380952381 1.1056291401670486 1.1056291401670486 0.6361153957125485 0.6361153957125485 1.0 1.0 1.0 1.0 1.0 1.0 2.0 2.0 6.0 6.0 0 0.0 0 0.0 1.297382387039788 3.1144823004794873 4.967393682807917 0 0 0.0 0.0 0.0 0.0 0.0 0.0 0.0 0.0 0.0 0.0 0.0 0.0 0.0 0.0 0.0 0.0 4 10.5 3.5118845842842465 0.33446519850326156 7.0 7.75 10.5 13.25 14.0 18.25 18.25 5.619905100029122 5.619905100029122 0.3079400054810478 0.0 12.0 0.0 14.25 0.0 19.0 0.0 23.0 0.0 23.0 0.0
87 29 3 1.1267479999995658 0.7504003999997622 0.0 1.877148399999328 1.877148399999328 1.877148399999328 1.877148399999328 679.8125 674.875 20 20 1.0 20 1 0 False 0 0 False 1.0 1.0 0.0 0.0 0.0 0.0 0.0 0.0 0.0 0.0 0.0 0.0 0.0 0.0 0.0 0.0 0 0.0 0 0.0 0.0 0.0 0.0 1 1 1.0 0.0 0.0 1.0 1.0 1.0 1.0 1.0 20.0 0.0 0.0 20.0 20.0 20.0 20.0 20.0 1 1.0 0.0 0.0 0.0 0.0 0.0 0.0 0.0 1.0 1.0 0.0 0.0 0.0 0.0 0.0 0.0 0.0 0.0 0.0 0.0 0.0 0.0 0.0 0.0
88 29 2 2.894708800000217 1.3983717999999499 0.0 4.293080600000167 4.4395878999995375 6.170228999999495 3.099474699999746 710.58203125 704.51171875 44 44 1.0 44 20 20 False 0 0 False 2.2 2.2 2.1908902300206643 2.1908902300206643 0.9958591954639382 0.9958591954639382 1.0 1.0 1.0 1.0 1.0 1.0 3.0 3.0 10.0 10.0 0 0.0 0 0.0 5.302829433425139 0.0 1.1547005383792515 2 2 1.0 0.0 0.0 1.0 1.0 1.0 1.0 1.0 22.0 2.8284271247461903 0.128564869306645 20.0 21.0 22.0 23.0 24.0 2 10.0 0.0 0.0 10.0 10.0 10.0 10.0 10.0 22.0 22.0 2.8284271247461903 2.8284271247461903 0.128564869306645 0.0 20.0 0.0 21.0 0.0 22.0 0.0 23.0 0.0 24.0 0.0
89 29 1 5.921031299999868 1.884035800000106 0.0 7.805067099999974 7.088181799999802 13.975296099999468 3.5270150999998577 718.1328125 716.25390625 71 71 1.0 0 44 44 False 0 0 False 1.6136363636363635 1.6136363636363635 1.0829741367976042 1.0829741367976042 0.6711389016773885 0.6711389016773885 1.0 1.0 1.0 1.0 1.0 1.0 2.0 2.0 6.0 6.0 0 0.0 0 0.0 2.6786865382586185 1.0954451150103321 3.029026246172192 0 0 0.0 0.0 0.0 0.0 0.0 0.0 0.0 0.0 0.0 0.0 0.0 0.0 0.0 0.0 0.0 0.0 4 11.0 1.1547005383792515 0.10497277621629558 10.0 10.0 11.0 12.0 12.0 17.75 17.75 3.095695936834452 3.095695936834452 0.17440540489208178 0.0 15.0 0.0 15.75 0.0 17.0 0.0 19.0 0.0 22.0 0.0
90 30 3 1.144817299999886 0.6805137999999715 0.0 1.8253310999998575 1.8253310999998575 1.8253310999998575 1.8253310999998575 698.11328125 691.7265625 20 20 1.0 20 1 0 False 0 0 False 1.0 1.0 0.0 0.0 0.0 0.0 0.0 0.0 0.0 0.0 0.0 0.0 0.0 0.0 0.0 0.0 0 0.0 0 0.0 0.0 0.0 0.0 1 1 1.0 0.0 0.0 1.0 1.0 1.0 1.0 1.0 20.0 0.0 0.0 20.0 20.0 20.0 20.0 20.0 1 1.0 0.0 0.0 0.0 0.0 0.0 0.0 0.0 1.0 1.0 0.0 0.0 0.0 0.0 0.0 0.0 0.0 0.0 0.0 0.0 0.0 0.0 0.0 0.0
91 30 2 2.715080599999851 0.8148362000000589 0.0 3.52991679999991 4.06239349999953 5.3552478999997675 2.6924316499998895 721.27734375 716.234375 42 42 1.0 42 20 20 False 0 0 False 2.1 2.1 2.04939015319192 2.04939015319192 0.9759000729485332 0.9759000729485332 1.0 1.0 1.0 1.0 1.5 1.5 2.0 2.0 10.0 10.0 0 0.0 0 0.0 5.6378187271319735 0.0 2.309401076758503 2 2 1.0 0.0 0.0 1.0 1.0 1.0 1.0 1.0 21.0 5.656854249492381 0.26937401188058957 17.0 19.0 21.0 23.0 25.0 2 10.0 0.0 0.0 10.0 10.0 10.0 10.0 10.0 21.0 21.0 5.656854249492381 5.656854249492381 0.26937401188058957 0.0 17.0 0.0 19.0 0.0 21.0 0.0 23.0 0.0 25.0 0.0
92 30 1 5.790568699999653 1.856160599999157 0.0 7.64672929999881 6.7035958999993 13.001977199998578 3.283862099999652 736.4609375 736.265625 69 69 1.0 0 42 42 False 0 0 False 1.6428571428571428 1.6428571428571428 0.9581849857407257 0.9581849857407257 0.5832430347987027 0.5832430347987027 1.0 1.0 1.0 1.0 1.0 1.0 2.0 2.0 6.0 6.0 0 0.0 0 0.0 1.8440472347750845 2.0248456731316584 4.227883631321941 0 0 0.0 0.0 0.0 0.0 0.0 0.0 0.0 0.0 0.0 0.0 0.0 0.0 0.0 0.0 0.0 0.0 4 10.5 2.3804761428476167 0.2267120136045349 8.0 8.75 10.5 12.25 13.0 17.25 17.25 4.425306015783918 4.425306015783918 0.2565394791758793 0.0 13.0 0.0 13.75 0.0 17.0 0.0 20.5 0.0 22.0 0.0
93 31 3 1.1387182000000848 0.8171963000002052 0.0 1.95591450000029 1.95591450000029 1.95591450000029 1.95591450000029 709.77734375 703.36328125 20 20 1.0 20 1 0 False 0 0 False 1.0 1.0 0.0 0.0 0.0 0.0 0.0 0.0 0.0 0.0 0.0 0.0 0.0 0.0 0.0 0.0 0 0.0 0 0.0 0.0 0.0 0.0 1 1 1.0 0.0 0.0 1.0 1.0 1.0 1.0 1.0 20.0 0.0 0.0 20.0 20.0 20.0 20.0 20.0 1 1.0 0.0 0.0 0.0 0.0 0.0 0.0 0.0 1.0 1.0 0.0 0.0 0.0 0.0 0.0 0.0 0.0 0.0 0.0 0.0 0.0 0.0 0.0 0.0
94 31 2 2.9348799000002828 0.9875498000000107 0.0 3.9224297000002935 4.3669789000002766 5.878344200000583 2.953335800000275 733.73046875 728.125 44 44 1.0 44 20 20 False 0 0 False 2.2 2.2 2.067289096988207 2.067289096988207 0.9396768622673667 0.9396768622673667 1.0 1.0 1.0 1.0 1.5 1.5 3.0 3.0 10.0 10.0 0 0.0 0 0.0 5.481788029466297 0.0 2.309401076758503 2 2 1.0 0.0 0.0 1.0 1.0 1.0 1.0 1.0 22.0 5.656854249492381 0.25712973861329 18.0 20.0 22.0 24.0 26.0 2 10.0 0.0 0.0 10.0 10.0 10.0 10.0 10.0 22.0 22.0 5.656854249492381 5.656854249492381 0.25712973861329 0.0 18.0 0.0 20.0 0.0 22.0 0.0 24.0 0.0 26.0 0.0
95 31 1 6.147935400000506 2.498244700000214 0.0 8.64618010000072 7.119598100000417 14.524524300001303 3.664465900000323 748.5625 747.14453125 73 73 1.0 0 44 44 False 0 0 False 1.6590909090909092 1.6590909090909092 1.1602562230693905 1.1602562230693905 0.6993325180144271 0.6993325180144271 1.0 1.0 1.0 1.0 1.0 1.0 2.0 2.0 6.0 6.0 0 0.0 0 0.0 1.9986436516500354 2.1908902300206643 3.602082730865575 0 0 0.0 0.0 0.0 0.0 0.0 0.0 0.0 0.0 0.0 0.0 0.0 0.0 0.0 0.0 0.0 0.0 4 11.0 2.309401076758503 0.20994555243259116 9.0 9.0 11.0 13.0 13.0 18.25 18.25 4.645786621588784 4.645786621588784 0.25456365049801555 0.0 12.0 0.0 16.5 0.0 19.0 0.0 20.75 0.0 23.0 0.0
96 32 3 1.1201919000001226 0.7509225000001152 0.0 1.8711144000002378 1.8711144000002378 1.8711144000002378 1.8711144000002378 723.4140625 717.00390625 20 20 1.0 20 1 0 False 0 0 False 1.0 1.0 0.0 0.0 0.0 0.0 0.0 0.0 0.0 0.0 0.0 0.0 0.0 0.0 0.0 0.0 0 0.0 0 0.0 0.0 0.0 0.0 1 1 1.0 0.0 0.0 1.0 1.0 1.0 1.0 1.0 20.0 0.0 0.0 20.0 20.0 20.0 20.0 20.0 1 1.0 0.0 0.0 0.0 0.0 0.0 0.0 0.0 1.0 1.0 0.0 0.0 0.0 0.0 0.0 0.0 0.0 0.0 0.0 0.0 0.0 0.0 0.0 0.0
97 32 2 2.857021399999894 1.9232865000001311 0.0 4.780307900000025 5.419290700000261 6.651422300000263 3.3402441000001204 758.30859375 762.28125 42 42 1.0 42 20 20 False 0 0 False 2.1 2.1 2.04939015319192 2.04939015319192 0.9759000729485332 0.9759000729485332 1.0 1.0 1.0 1.0 1.5 1.5 2.0 2.0 10.0 10.0 0 0.0 0 0.0 7.307872467414849 0.0 5.773502691896258 2 2 1.0 0.0 0.0 1.0 1.0 1.0 1.0 1.0 21.0 14.142135623730951 0.6734350297014738 11.0 16.0 21.0 26.0 31.0 2 10.0 0.0 0.0 10.0 10.0 10.0 10.0 10.0 21.0 21.0 14.142135623730951 14.142135623730951 0.6734350297014738 0.0 11.0 0.0 16.0 0.0 21.0 0.0 26.0 0.0 31.0 0.0
98 32 1 6.390370899999766 3.1129931000000397 0.0 9.503363999999806 9.025040599999784 16.15478630000007 4.071872650000017 791.16015625 790.56640625 71 71 1.0 0 42 42 False 0 0 False 1.6904761904761905 1.6904761904761905 0.9750070728472726 0.9750070728472726 0.5767647473181049 0.5767647473181049 1.0 1.0 1.0 1.0 1.0 1.0 2.0 2.0 6.0 6.0 0 0.0 0 0.0 3.103940757123747 5.300943312279429 11.686530708469473 0 0 0.0 0.0 0.0 0.0 0.0 0.0 0.0 0.0 0.0 0.0 0.0 0.0 0.0 0.0 0.0 0.0 4 10.5 5.802298395176403 0.5525998471596575 5.0 5.75 10.5 15.25 16.0 17.75 17.75 12.419742348374221 12.419742348374221 0.699703794274604 0.0 7.0 0.0 7.0 0.0 17.5 0.0 28.25 0.0 29.0 0.0
99 33 3 1.1405648999996174 0.6497678999999152 0.0 1.7903327999995327 1.7903327999995327 1.7903327999995327 1.7903327999995327 744.046875 738.05078125 20 20 1.0 20 1 0 False 0 0 False 1.0 1.0 0.0 0.0 0.0 0.0 0.0 0.0 0.0 0.0 0.0 0.0 0.0 0.0 0.0 0.0 0 0.0 0 0.0 0.0 0.0 0.0 1 1 1.0 0.0 0.0 1.0 1.0 1.0 1.0 1.0 20.0 0.0 0.0 20.0 20.0 20.0 20.0 20.0 1 1.0 0.0 0.0 0.0 0.0 0.0 0.0 0.0 1.0 1.0 0.0 0.0 0.0 0.0 0.0 0.0 0.0 0.0 0.0 0.0 0.0 0.0 0.0 0.0
100 33 2 2.923783800000251 1.122621099999833 0.0 4.046404900000084 4.305631699999594 5.836737699999617 2.932725049999817 767.2265625 761.703125 44 44 1.0 44 20 20 False 0 0 False 2.2 2.2 2.067289096988207 2.067289096988207 0.9396768622673667 0.9396768622673667 1.0 1.0 1.0 1.0 1.5 1.5 3.0 3.0 10.0 10.0 0 0.0 0 0.0 5.683308895353128 0.0 2.309401076758503 2 2 1.0 0.0 0.0 1.0 1.0 1.0 1.0 1.0 22.0 5.656854249492381 0.25712973861329 18.0 20.0 22.0 24.0 26.0 2 10.0 0.0 0.0 10.0 10.0 10.0 10.0 10.0 22.0 22.0 5.656854249492381 5.656854249492381 0.25712973861329 0.0 18.0 0.0 20.0 0.0 22.0 0.0 24.0 0.0 26.0 0.0
101 33 1 6.1514829000002464 2.539061800000013 0.0 8.69054470000026 7.0504831999996895 14.527282399999876 3.664882499999976 780.15625 780.54296875 73 73 1.0 0 44 44 False 0 0 False 1.6590909090909092 1.6590909090909092 1.140036348220648 1.140036348220648 0.6871451961877878 0.6871451961877878 1.0 1.0 1.0 1.0 1.0 1.0 2.0 2.0 6.0 6.0 0 0.0 0 0.0 2.064995047319616 2.1908902300206643 3.602082730865575 0 0 0.0 0.0 0.0 0.0 0.0 0.0 0.0 0.0 0.0 0.0 0.0 0.0 0.0 0.0 0.0 0.0 4 11.0 2.309401076758503 0.20994555243259116 9.0 9.0 11.0 13.0 13.0 18.25 18.25 4.645786621588784 4.645786621588784 0.25456365049801555 0.0 12.0 0.0 16.5 0.0 19.0 0.0 20.75 0.0 23.0 0.0
102 34 3 1.1418510999995988 0.8889343999996981 0.0 2.030785499999297 2.030785499999297 2.030785499999297 2.030785499999297 753.421875 747.37890625 20 20 1.0 20 1 0 False 0 0 False 1.0 1.0 0.0 0.0 0.0 0.0 0.0 0.0 0.0 0.0 0.0 0.0 0.0 0.0 0.0 0.0 0 0.0 0 0.0 0.0 0.0 0.0 1 1 1.0 0.0 0.0 1.0 1.0 1.0 1.0 1.0 20.0 0.0 0.0 20.0 20.0 20.0 20.0 20.0 1 1.0 0.0 0.0 0.0 0.0 0.0 0.0 0.0 1.0 1.0 0.0 0.0 0.0 0.0 0.0 0.0 0.0 0.0 0.0 0.0 0.0 0.0 0.0 0.0
103 34 2 3.0058275999998614 1.3429385000000593 0.0 4.348766099999921 5.4777998999992406 6.379551599999218 3.2043078499996227 787.33984375 792.4453125 44 44 1.0 44 20 20 False 0 0 False 2.2 2.2 2.117595458607661 2.117595458607661 0.9625433902762094 0.9625433902762094 1.0 1.0 1.0 1.0 1.5 1.5 2.25 2.25 10.0 10.0 0 0.0 0 0.0 7.535914012248281 0.0 4.618802153517006 2 2 1.0 0.0 0.0 1.0 1.0 1.0 1.0 1.0 22.0 11.313708498984761 0.51425947722658 14.0 18.0 22.0 26.0 30.0 2 10.0 0.0 0.0 10.0 10.0 10.0 10.0 10.0 22.0 22.0 11.313708498984761 11.313708498984761 0.51425947722658 0.0 14.0 0.0 18.0 0.0 22.0 0.0 26.0 0.0 30.0 0.0
104 34 1 6.325892600000088 2.572041099999751 0.0 8.89793369999984 9.163475399999015 15.277485299999057 3.8526682499997094 805.8046875 806.9765625 73 73 1.0 0 44 44 False 0 0 False 1.6590909090909092 1.6590909090909092 0.9631146619216513 0.9631146619216513 0.5805074674596254 0.5805074674596254 1.0 1.0 1.0 1.0 1.0 1.0 2.0 2.0 6.0 6.0 0 0.0 0 0.0 2.735546163002435 4.381780460041329 9.174693455369503 0 0 0.0 0.0 0.0 0.0 0.0 0.0 0.0 0.0 0.0 0.0 0.0 0.0 0.0 0.0 0.0 0.0 4 11.0 4.618802153517006 0.41989110486518233 7.0 7.0 11.0 15.0 15.0 18.25 18.25 9.17877987534291 9.17877987534291 0.502946842484543 0.0 9.0 0.0 11.25 0.0 18.0 0.0 25.0 0.0 28.0 0.0
105 35 3 1.1232910999996193 0.7199071000000004 0.0 1.8431981999996196 1.8431981999996196 1.8431981999996196 1.8431981999996196 770.58984375 764.578125 20 20 1.0 20 1 0 False 0 0 False 1.0 1.0 0.0 0.0 0.0 0.0 0.0 0.0 0.0 0.0 0.0 0.0 0.0 0.0 0.0 0.0 0 0.0 0 0.0 0.0 0.0 0.0 1 1 1.0 0.0 0.0 1.0 1.0 1.0 1.0 1.0 20.0 0.0 0.0 20.0 20.0 20.0 20.0 20.0 1 1.0 0.0 0.0 0.0 0.0 0.0 0.0 0.0 1.0 1.0 0.0 0.0 0.0 0.0 0.0 0.0 0.0 0.0 0.0 0.0 0.0 0.0 0.0 0.0
106 35 2 2.9790192999996634 1.3102056999998695 0.0 4.289224999999533 5.00627059999897 6.1324231999991525 3.081024149999564 792.7421875 787.609375 44 44 1.0 44 20 20 False 0 0 False 2.2 2.2 2.067289096988207 2.067289096988207 0.9396768622673667 0.9396768622673667 1.0 1.0 1.0 1.0 1.5 1.5 3.0 3.0 10.0 10.0 0 0.0 0 0.0 6.314269553954755 0.0 3.4641016151377544 2 2 1.0 0.0 0.0 1.0 1.0 1.0 1.0 1.0 22.0 8.48528137423857 0.385694607919935 16.0 19.0 22.0 25.0 28.0 2 10.0 0.0 0.0 10.0 10.0 10.0 10.0 10.0 22.0 22.0 8.48528137423857 8.48528137423857 0.385694607919935 0.0 16.0 0.0 19.0 0.0 22.0 0.0 25.0 0.0 28.0 0.0
107 35 1 6.755744299999833 2.9256094999999505 0.0 9.681353799999783 8.550710999998387 15.813776999998936 3.986395849999724 819.125 819.76171875 77 77 1.0 0 44 44 False 0 0 False 1.75 1.75 1.1638948246257896 1.1638948246257896 0.6650827569290226 0.6650827569290226 1.0 1.0 1.0 1.0 1.0 1.0 2.0 2.0 6.0 6.0 0 0.0 0 0.0 2.391390808713624 3.286335345030997 6.486524493131896 0 0 0.0 0.0 0.0 0.0 0.0 0.0 0.0 0.0 0.0 0.0 0.0 0.0 0.0 0.0 0.0 0.0 4 11.0 3.4641016151377544 0.31491832864888675 8.0 8.0 11.0 14.0 14.0 19.25 19.25 6.946221994724902 6.946221994724902 0.36084270102467025 0.0 12.0 0.0 14.25 0.0 19.0 0.0 24.0 0.0 27.0 0.0
108 36 3 1.1263314999998784 0.7818547000001672 0.0 1.9081862000000456 1.9081862000000456 1.9081862000000456 1.9081862000000456 782.90234375 776.87109375 20 20 1.0 20 1 0 False 0 0 False 1.0 1.0 0.0 0.0 0.0 0.0 0.0 0.0 0.0 0.0 0.0 0.0 0.0 0.0 0.0 0.0 0 0.0 0 0.0 0.0 0.0 0.0 1 1 1.0 0.0 0.0 1.0 1.0 1.0 1.0 1.0 20.0 0.0 0.0 20.0 20.0 20.0 20.0 20.0 1 1.0 0.0 0.0 0.0 0.0 0.0 0.0 0.0 1.0 1.0 0.0 0.0 0.0 0.0 0.0 0.0 0.0 0.0 0.0 0.0 0.0 0.0 0.0 0.0
109 36 2 2.937960300000441 1.2783867000002829 0.0 4.216347000000724 4.501185600000554 6.124533200000769 3.0761813000003713 807.671875 802.609375 44 44 1.0 44 20 20 False 0 0 False 2.2 2.2 2.067289096988207 2.067289096988207 0.9396768622673667 0.9396768622673667 1.0 1.0 1.0 1.0 1.5 1.5 3.0 3.0 10.0 10.0 0 0.0 0 0.0 5.736723803705385 0.0 2.309401076758503 2 2 1.0 0.0 0.0 1.0 1.0 1.0 1.0 1.0 22.0 5.656854249492381 0.25712973861329 18.0 20.0 22.0 24.0 26.0 2 10.0 0.0 0.0 10.0 10.0 10.0 10.0 10.0 22.0 22.0 5.656854249492381 5.656854249492381 0.25712973861329 0.0 18.0 0.0 20.0 0.0 22.0 0.0 24.0 0.0 26.0 0.0
110 36 1 6.150726499999564 1.9913832999999386 0.0 8.142109799999503 7.2768860000003315 14.266643000000272 3.5994598750000364 820.43359375 821.60546875 73 73 1.0 0 44 44 False 0 0 False 1.6590909090909092 1.6590909090909092 1.0771016625849856 1.0771016625849856 0.6492119610101283 0.6492119610101283 1.0 1.0 1.0 1.0 1.0 1.0 2.0 2.0 6.0 6.0 0 0.0 0 0.0 1.8927193039741426 2.1908902300206643 3.2519225083018197 0 0 0.0 0.0 0.0 0.0 0.0 0.0 0.0 0.0 0.0 0.0 0.0 0.0 0.0 0.0 0.0 0.0 4 11.0 2.309401076758503 0.20994555243259116 9.0 9.0 11.0 13.0 13.0 18.25 18.25 4.112987559751022 4.112987559751022 0.2253691813562204 0.0 13.0 0.0 16.75 0.0 18.5 0.0 20.0 0.0 23.0 0.0
111 37 3 1.144932800000106 0.8515261000002283 0.0 1.9964589000003343 1.9964589000003343 1.9964589000003343 1.9964589000003343 796.60546875 790.52734375 20 20 1.0 20 1 0 False 0 0 False 1.0 1.0 0.0 0.0 0.0 0.0 0.0 0.0 0.0 0.0 0.0 0.0 0.0 0.0 0.0 0.0 0 0.0 0 0.0 0.0 0.0 0.0 1 1 1.0 0.0 0.0 1.0 1.0 1.0 1.0 1.0 20.0 0.0 0.0 20.0 20.0 20.0 20.0 20.0 1 1.0 0.0 0.0 0.0 0.0 0.0 0.0 0.0 1.0 1.0 0.0 0.0 0.0 0.0 0.0 0.0 0.0 0.0 0.0 0.0 0.0 0.0 0.0 0.0
112 37 2 3.012790700000096 2.0190984999995862 0.0 5.031889199999682 6.127855300000192 7.0283481000000165 3.5286784500000294 821.4140625 815.7578125 44 44 1.0 44 20 20 False 0 0 False 2.2 2.2 2.015727634065883 2.015727634065883 0.9162398336663103 0.9162398336663103 1.0 1.0 1.0 1.0 2.0 2.0 3.0 3.0 10.0 10.0 0 0.0 0 0.0 7.294518489934753 0.0 4.618802153517006 2 2 1.0 0.0 0.0 1.0 1.0 1.0 1.0 1.0 22.0 11.313708498984761 0.51425947722658 14.0 18.0 22.0 26.0 30.0 2 10.0 0.0 0.0 10.0 10.0 10.0 10.0 10.0 22.0 22.0 11.313708498984761 11.313708498984761 0.51425947722658 0.0 14.0 0.0 18.0 0.0 22.0 0.0 26.0 0.0 30.0 0.0
113 37 1 6.41786819999993 2.592335199999866 0.0 9.010203399999796 9.813754099999755 16.038551499999812 4.042359249999976 849.49609375 851.6484375 73 73 1.0 0 44 44 False 0 0 False 1.6590909090909092 1.6590909090909092 0.9631146619216513 0.9631146619216513 0.5805074674596254 0.5805074674596254 1.0 1.0 1.0 1.0 1.0 1.0 2.0 2.0 6.0 6.0 0 0.0 0 0.0 2.692918092189151 4.381780460041329 9.174693455369503 0 0 0.0 0.0 0.0 0.0 0.0 0.0 0.0 0.0 0.0 0.0 0.0 0.0 0.0 0.0 0.0 0.0 4 11.0 4.618802153517006 0.41989110486518233 7.0 7.0 11.0 15.0 15.0 18.25 18.25 9.17877987534291 9.17877987534291 0.502946842484543 0.0 9.0 0.0 11.25 0.0 18.0 0.0 25.0 0.0 28.0 0.0
114 38 3 1.1405978999998752 0.8091250999999602 0.0 1.9497229999998353 1.9497229999998353 1.9497229999998353 1.9497229999998353 808.87109375 802.8359375 20 20 1.0 20 1 0 False 0 0 False 1.0 1.0 0.0 0.0 0.0 0.0 0.0 0.0 0.0 0.0 0.0 0.0 0.0 0.0 0.0 0.0 0 0.0 0 0.0 0.0 0.0 0.0 1 1 1.0 0.0 0.0 1.0 1.0 1.0 1.0 1.0 20.0 0.0 0.0 20.0 20.0 20.0 20.0 20.0 1 1.0 0.0 0.0 0.0 0.0 0.0 0.0 0.0 1.0 1.0 0.0 0.0 0.0 0.0 0.0 0.0 0.0 0.0 0.0 0.0 0.0 0.0 0.0 0.0
115 38 2 2.758342500000481 1.5254093999994893 0.0 4.28375189999997 5.201408499999729 6.2334748999998055 3.1309985499999016 833.12890625 829.73828125 42 42 1.0 42 20 20 False 0 0 False 2.1 2.1 2.04939015319192 2.04939015319192 0.9759000729485332 0.9759000729485332 1.0 1.0 1.0 1.0 1.0 1.0 3.0 3.0 10.0 10.0 0 0.0 0 0.0 6.542553018508905 0.0 3.4641016151377544 2 2 1.0 0.0 0.0 1.0 1.0 1.0 1.0 1.0 21.0 8.48528137423857 0.40406101782088427 15.0 18.0 21.0 24.0 27.0 2 10.0 0.0 0.0 10.0 10.0 10.0 10.0 10.0 21.0 21.0 8.48528137423857 8.48528137423857 0.40406101782088427 0.0 15.0 0.0 18.0 0.0 21.0 0.0 24.0 0.0 27.0 0.0
116 38 1 6.319912099999783 2.070113100000299 0.0 8.390025200000082 7.907007500000077 14.623500099999887 3.688865175000018 855.60546875 855.81640625 73 73 1.0 0 42 42 False 0 0 False 1.7380952380952381 1.7380952380952381 1.127473406955306 1.127473406955306 0.6486833300290802 0.6486833300290802 1.0 1.0 1.0 1.0 1.0 1.0 2.0 2.0 6.0 6.0 0 0.0 0 0.0 1.4671703422926388 3.1144823004794873 4.967393682807917 0 0 0.0 0.0 0.0 0.0 0.0 0.0 0.0 0.0 0.0 0.0 0.0 0.0 0.0 0.0 0.0 0.0 4 10.5 3.5118845842842465 0.33446519850326156 7.0 7.75 10.5 13.25 14.0 18.25 18.25 5.619905100029122 5.619905100029122 0.3079400054810478 0.0 12.0 0.0 14.25 0.0 19.0 0.0 23.0 0.0 23.0 0.0
117 39 3 1.1238741000003074 0.7740079000002424 0.0 1.8978820000005499 1.8978820000005499 1.8978820000005499 1.8978820000005499 822.40234375 816.49609375 20 20 1.0 20 1 0 False 0 0 False 1.0 1.0 0.0 0.0 0.0 0.0 0.0 0.0 0.0 0.0 0.0 0.0 0.0 0.0 0.0 0.0 0 0.0 0 0.0 0.0 0.0 0.0 1 1 1.0 0.0 0.0 1.0 1.0 1.0 1.0 1.0 20.0 0.0 0.0 20.0 20.0 20.0 20.0 20.0 1 1.0 0.0 0.0 0.0 0.0 0.0 0.0 0.0 1.0 1.0 0.0 0.0 0.0 0.0 0.0 0.0 0.0 0.0 0.0 0.0 0.0 0.0 0.0 0.0
118 39 2 2.9934349999999768 1.38042130000008 0.0 4.373856300000057 5.360507800000505 6.271738300000607 3.150337950000278 846.90234375 843.8671875 44 44 1.0 44 20 20 False 0 0 False 2.2 2.2 2.117595458607661 2.117595458607661 0.9625433902762094 0.9625433902762094 1.0 1.0 1.0 1.0 1.5 1.5 2.25 2.25 10.0 10.0 0 0.0 0 0.0 7.404052944165106 0.0 4.618802153517006 2 2 1.0 0.0 0.0 1.0 1.0 1.0 1.0 1.0 22.0 11.313708498984761 0.51425947722658 14.0 18.0 22.0 26.0 30.0 2 10.0 0.0 0.0 10.0 10.0 10.0 10.0 10.0 22.0 22.0 11.313708498984761 11.313708498984761 0.51425947722658 0.0 14.0 0.0 18.0 0.0 22.0 0.0 26.0 0.0 30.0 0.0
119 39 1 6.059735500000215 2.535139199999776 0.0 8.594874699999991 8.610321700000327 14.866613000000598 3.7498916250001457 872.80859375 875.2734375 71 71 1.0 0 44 44 False 0 0 False 1.6136363636363635 1.6136363636363635 1.061282880793589 1.061282880793589 0.657696433167858 0.657696433167858 1.0 1.0 1.0 1.0 1.0 1.0 2.0 2.0 6.0 6.0 0 0.0 0 0.0 2.6059670085376725 4.381780460041329 8.42466616549285 0 0 0.0 0.0 0.0 0.0 0.0 0.0 0.0 0.0 0.0 0.0 0.0 0.0 0.0 0.0 0.0 0.0 4 11.0 4.618802153517006 0.41989110486518233 7.0 7.0 11.0 15.0 15.0 17.75 17.75 8.5 8.5 0.4788732394366197 0.0 9.0 0.0 11.25 0.0 18.0 0.0 24.5 0.0 26.0 0.0
120 40 3 1.1234874999995554 0.6791756000000078 0.0 1.8026630999995632 1.8026630999995632 1.8026630999995632 1.8026630999995632 837.61328125 832.00390625 20 20 1.0 20 1 0 False 0 0 False 1.0 1.0 0.0 0.0 0.0 0.0 0.0 0.0 0.0 0.0 0.0 0.0 0.0 0.0 0.0 0.0 0 0.0 0 0.0 0.0 0.0 0.0 1 1 1.0 0.0 0.0 1.0 1.0 1.0 1.0 1.0 20.0 0.0 0.0 20.0 20.0 20.0 20.0 20.0 1 1.0 0.0 0.0 0.0 0.0 0.0 0.0 0.0 1.0 1.0 0.0 0.0 0.0 0.0 0.0 0.0 0.0 0.0 0.0 0.0 0.0 0.0 0.0 0.0
121 40 2 2.7172034999998687 0.958594499999549 0.0 3.6757979999994177 4.1082926999989695 5.478461099998981 2.7531766999994716 860.890625 856.15234375 42 42 1.0 42 20 20 False 0 0 False 2.1 2.1 2.1496633763403397 2.1496633763403397 1.0236492268287332 1.0236492268287332 1.0 1.0 1.0 1.0 1.0 1.0 2.25 2.25 10.0 10.0 0 0.0 0 0.0 6.058465152165191 0.0 2.309401076758503 2 2 1.0 0.0 0.0 1.0 1.0 1.0 1.0 1.0 21.0 5.656854249492381 0.26937401188058957 17.0 19.0 21.0 23.0 25.0 2 10.0 0.0 0.0 10.0 10.0 10.0 10.0 10.0 21.0 21.0 5.656854249492381 5.656854249492381 0.26937401188058957 0.0 17.0 0.0 19.0 0.0 21.0 0.0 23.0 0.0 25.0 0.0
122 40 1 6.067326600000115 1.9239934000000858 0.0 7.991320000000201 7.092821499999218 13.469781099999182 3.400608449999794 873.05859375 873.33984375 71 71 1.0 0 42 42 False 0 0 False 1.6904761904761905 1.6904761904761905 0.9997095977868197 0.9997095977868197 0.5913775085499496 0.5913775085499496 1.0 1.0 1.0 1.0 1.0 1.0 2.0 2.0 6.0 6.0 0 0.0 0 0.0 2.5259611972011142 2.0248456731316584 5.0074943834217125 0 0 0.0 0.0 0.0 0.0 0.0 0.0 0.0 0.0 0.0 0.0 0.0 0.0 0.0 0.0 0.0 0.0 4 10.5 2.3804761428476167 0.2267120136045349 8.0 8.75 10.5 12.25 13.0 17.75 17.75 5.188127472091127 5.188127472091127 0.2922888716671057 0.0 13.0 0.0 13.75 0.0 17.0 0.0 21.0 0.0 24.0 0.0
123 41 3 1.1411933999995654 0.6744744999997465 0.0 1.8156678999993119 1.8156678999993119 1.8156678999993119 1.8156678999993119 849.08203125 843.23046875 20 20 1.0 20 1 0 False 0 0 False 1.0 1.0 0.0 0.0 0.0 0.0 0.0 0.0 0.0 0.0 0.0 0.0 0.0 0.0 0.0 0.0 0 0.0 0 0.0 0.0 0.0 0.0 1 1 1.0 0.0 0.0 1.0 1.0 1.0 1.0 1.0 20.0 0.0 0.0 20.0 20.0 20.0 20.0 20.0 1 1.0 0.0 0.0 0.0 0.0 0.0 0.0 0.0 1.0 1.0 0.0 0.0 0.0 0.0 0.0 0.0 0.0 0.0 0.0 0.0 0.0 0.0 0.0 0.0
124 41 2 2.90116689999968 1.7218460999998797 0.0 4.62301299999956 4.009731799999031 6.438680899998872 3.2341208499994423 873.6796875 868.35546875 44 44 1.0 44 20 20 False 0 0 False 2.2 2.2 2.2147828692435603 2.2147828692435603 1.0067194860198 1.0067194860198 1.0 1.0 1.0 1.0 1.0 1.0 2.0 2.0 10.0 10.0 0 0.0 0 0.0 5.771481612203229 0.0 1.7320508075688772 2 2 1.0 0.0 0.0 1.0 1.0 1.0 1.0 1.0 22.0 4.242640687119285 0.1928473039599675 19.0 20.5 22.0 23.5 25.0 2 10.0 0.0 0.0 10.0 10.0 10.0 10.0 10.0 22.0 22.0 4.242640687119285 4.242640687119285 0.1928473039599675 0.0 19.0 0.0 20.5 0.0 22.0 0.0 23.5 0.0 25.0 0.0
125 41 1 5.916931600000112 1.9412114999998948 0.0 7.858143100000007 6.5821603999989975 14.296823999998878 3.6072840499996914 886.15234375 886.4609375 71 71 1.0 0 44 44 False 0 0 False 1.6136363636363635 1.6136363636363635 0.969677699773297 0.969677699773297 0.6009270252116207 0.6009270252116207 1.0 1.0 1.0 1.0 1.0 1.0 2.0 2.0 6.0 6.0 0 0.0 0 0.0 1.9092938203854293 1.4832396974191326 3.4892692644735805 0 0 0.0 0.0 0.0 0.0 0.0 0.0 0.0 0.0 0.0 0.0 0.0 0.0 0.0 0.0 0.0 0.0 4 11.0 1.8257418583505538 0.16597653257732306 9.0 9.75 11.0 12.25 13.0 17.75 17.75 4.349329450233296 4.349329450233296 0.24503264508356598 0.0 12.0 0.0 15.75 0.0 18.5 0.0 20.5 0.0 22.0 0.0
126 42 3 1.1249221999997872 0.7575123000003714 0.0 1.8824345000001586 1.8824345000001586 1.8824345000001586 1.8824345000001586 861.98046875 856.05859375 20 20 1.0 20 1 0 False 0 0 False 1.0 1.0 0.0 0.0 0.0 0.0 0.0 0.0 0.0 0.0 0.0 0.0 0.0 0.0 0.0 0.0 0 0.0 0 0.0 0.0 0.0 0.0 1 1 1.0 0.0 0.0 1.0 1.0 1.0 1.0 1.0 20.0 0.0 0.0 20.0 20.0 20.0 20.0 20.0 1 1.0 0.0 0.0 0.0 0.0 0.0 0.0 0.0 1.0 1.0 0.0 0.0 0.0 0.0 0.0 0.0 0.0 0.0 0.0 0.0 0.0 0.0 0.0 0.0
127 42 2 2.912806299999829 1.5959192999999914 0.0 4.508725599999821 5.621846500000061 6.391160099999979 3.2099423999999885 893.7109375 897.640625 42 42 1.0 42 20 20 False 0 0 False 2.1 2.1 2.04939015319192 2.04939015319192 0.9759000729485332 0.9759000729485332 1.0 1.0 1.0 1.0 1.5 1.5 2.0 2.0 10.0 10.0 0 0.0 0 0.0 7.594405835876825 0.0 5.773502691896258 2 2 1.0 0.0 0.0 1.0 1.0 1.0 1.0 1.0 21.0 14.142135623730951 0.6734350297014738 11.0 16.0 21.0 26.0 31.0 2 10.0 0.0 0.0 10.0 10.0 10.0 10.0 10.0 21.0 21.0 14.142135623730951 14.142135623730951 0.6734350297014738 0.0 11.0 0.0 16.0 0.0 21.0 0.0 26.0 0.0 31.0 0.0
128 42 1 6.410013700000036 3.01523979999979 0.0 9.425253499999826 9.304689699999926 15.816413599999805 3.986951074999979 926.6171875 926.76171875 71 71 1.0 0 42 42 False 0 0 False 1.6904761904761905 1.6904761904761905 0.9496622053642698 0.9496622053642698 0.5617720088070328 0.5617720088070328 1.0 1.0 1.0 1.0 1.5 1.5 2.0 2.0 6.0 6.0 0 0.0 0 0.0 3.03467925087755 5.300943312279429 11.509778451386456 0 0 0.0 0.0 0.0 0.0 0.0 0.0 0.0 0.0 0.0 0.0 0.0 0.0 0.0 0.0 0.0 0.0 4 10.5 5.802298395176403 0.5525998471596575 5.0 5.75 10.5 15.25 16.0 17.75 17.75 12.446552400832395 12.446552400832395 0.7012142197652054 0.0 6.0 0.0 7.5 0.0 18.0 0.0 28.25 0.0 29.0 0.0
129 43 3 1.1252580000000307 1.4741361999998617 0.0 2.5993941999998924 2.5993941999998924 2.5993941999998924 2.5993941999998924 878.94140625 873.41796875 20 20 1.0 20 1 0 False 0 0 False 1.0 1.0 0.0 0.0 0.0 0.0 0.0 0.0 0.0 0.0 0.0 0.0 0.0 0.0 0.0 0.0 0 0.0 0 0.0 0.0 0.0 0.0 1 1 1.0 0.0 0.0 1.0 1.0 1.0 1.0 1.0 20.0 0.0 0.0 20.0 20.0 20.0 20.0 20.0 1 1.0 0.0 0.0 0.0 0.0 0.0 0.0 0.0 1.0 1.0 0.0 0.0 0.0 0.0 0.0 0.0 0.0 0.0 0.0 0.0 0.0 0.0 0.0 0.0
130 43 2 2.897532400000273 1.1287034999998014 0.0 4.026235900000074 5.000928899999849 6.625630099999967 3.326960749999955 898.78515625 895.046875 44 44 1.0 44 20 20 False 0 0 False 2.2 2.2 1.98944583661936 1.98944583661936 0.904293562099709 0.904293562099709 1.0 1.0 1.0 1.0 2.0 2.0 2.25 2.25 10.0 10.0 0 0.0 0 0.0 5.8378078077305675 0.0 2.309401076758503 2 2 1.0 0.0 0.0 1.0 1.0 1.0 1.0 1.0 22.0 5.656854249492381 0.25712973861329 18.0 20.0 22.0 24.0 26.0 2 10.0 0.0 0.0 10.0 10.0 10.0 10.0 10.0 22.0 22.0 5.656854249492381 5.656854249492381 0.25712973861329 0.0 18.0 0.0 20.0 0.0 22.0 0.0 24.0 0.0 26.0 0.0
131 43 1 6.204136300000528 1.9919266999999081 0.0 8.196063000000436 8.140466900000206 14.821693100000402 3.7384544000000517 919.44921875 916.09765625 73 73 1.0 0 44 44 False 0 0 False 1.6590909090909092 1.6590909090909092 0.9631146619216513 0.9631146619216513 0.5805074674596254 0.5805074674596254 1.0 1.0 1.0 1.0 1.0 1.0 2.0 2.0 6.0 6.0 0 0.0 0 0.0 2.6178325998163343 2.1908902300206643 4.896427268938036 0 0 0.0 0.0 0.0 0.0 0.0 0.0 0.0 0.0 0.0 0.0 0.0 0.0 0.0 0.0 0.0 0.0 4 11.0 2.309401076758503 0.20994555243259116 9.0 9.0 11.0 13.0 13.0 18.25 18.25 4.9916597106239795 4.9916597106239795 0.27351560058213586 0.0 14.0 0.0 14.75 0.0 17.0 0.0 20.5 0.0 25.0 0.0
132 44 3 1.1411629999998922 0.9106692999997676 0.0 2.05183229999966 2.05183229999966 2.05183229999966 2.05183229999966 887.0859375 881.4296875 20 20 1.0 20 1 0 False 0 0 False 1.0 1.0 0.0 0.0 0.0 0.0 0.0 0.0 0.0 0.0 0.0 0.0 0.0 0.0 0.0 0.0 0 0.0 0 0.0 0.0 0.0 0.0 1 1 1.0 0.0 0.0 1.0 1.0 1.0 1.0 1.0 20.0 0.0 0.0 20.0 20.0 20.0 20.0 20.0 1 1.0 0.0 0.0 0.0 0.0 0.0 0.0 0.0 1.0 1.0 0.0 0.0 0.0 0.0 0.0 0.0 0.0 0.0 0.0 0.0 0.0 0.0 0.0 0.0
133 44 2 2.9261518999999225 1.8176745999998047 0.0 4.743826499999727 4.3960489999998345 6.795658799999387 3.4121145499996715 915.19140625 909.85546875 44 44 1.0 44 20 20 False 0 0 False 2.2 2.2 2.142305693455191 2.142305693455191 0.9737753152069049 0.9737753152069049 1.0 1.0 1.0 1.0 1.5 1.5 2.0 2.0 10.0 10.0 0 0.0 0 0.0 5.50545184340032 0.0 1.7320508075688772 2 2 1.0 0.0 0.0 1.0 1.0 1.0 1.0 1.0 22.0 4.242640687119285 0.1928473039599675 19.0 20.5 22.0 23.5 25.0 2 10.0 0.0 0.0 10.0 10.0 10.0 10.0 10.0 22.0 22.0 4.242640687119285 4.242640687119285 0.1928473039599675 0.0 19.0 0.0 20.5 0.0 22.0 0.0 23.5 0.0 25.0 0.0
134 44 1 6.704706099999953 2.4300870999999233 0.0 9.134793199999876 6.93353439999953 15.930451999999264 4.015359299999773 937.90234375 934.24609375 77 77 1.0 0 44 44 False 0 0 False 1.75 1.75 1.6156933856023148 1.6156933856023148 0.9232533632013228 0.9232533632013228 1.0 1.0 1.0 1.0 1.0 1.0 2.0 2.0 10.0 10.0 0 0.0 0 0.0 4.120693344130771 1.4832396974191326 4.535967372016691 0 0 0.0 0.0 0.0 0.0 0.0 0.0 0.0 0.0 0.0 0.0 0.0 0.0 0.0 0.0 0.0 0.0 4 11.0 1.8257418583505538 0.16597653257732306 9.0 9.75 11.0 12.25 13.0 19.25 19.25 6.075908711186061 6.075908711186061 0.31563162136031486 0.0 12.0 0.0 15.75 0.0 19.5 0.0 23.0 0.0 26.0 0.0
135 45 3 1.1308299000003217 0.6921224000001303 0.0 1.822952300000452 1.822952300000452 1.822952300000452 1.822952300000452 901.23828125 895.60546875 20 20 1.0 20 1 0 False 0 0 False 1.0 1.0 0.0 0.0 0.0 0.0 0.0 0.0 0.0 0.0 0.0 0.0 0.0 0.0 0.0 0.0 0 0.0 0 0.0 0.0 0.0 0.0 1 1 1.0 0.0 0.0 1.0 1.0 1.0 1.0 1.0 20.0 0.0 0.0 20.0 20.0 20.0 20.0 20.0 1 1.0 0.0 0.0 0.0 0.0 0.0 0.0 0.0 1.0 1.0 0.0 0.0 0.0 0.0 0.0 0.0 0.0 0.0 0.0 0.0 0.0 0.0 0.0 0.0
136 45 2 2.9370638000001463 1.1129541999998764 0.0 4.050018000000023 4.0985265000002755 5.872970300000475 2.9509893500002704 927.3046875 922.13671875 44 44 1.0 44 20 20 False 0 0 False 2.2 2.2 2.067289096988207 2.067289096988207 0.9396768622673667 0.9396768622673667 1.0 1.0 1.0 1.0 1.5 1.5 3.0 3.0 10.0 10.0 0 0.0 0 0.0 5.345091205957106 0.0 1.7320508075688772 2 2 1.0 0.0 0.0 1.0 1.0 1.0 1.0 1.0 22.0 4.242640687119285 0.1928473039599675 19.0 20.5 22.0 23.5 25.0 2 10.0 0.0 0.0 10.0 10.0 10.0 10.0 10.0 22.0 22.0 4.242640687119285 4.242640687119285 0.1928473039599675 0.0 19.0 0.0 20.5 0.0 22.0 0.0 23.5 0.0 25.0 0.0
137 45 1 6.686729000000128 2.440255200000479 0.0 9.126984200000607 6.642019399999867 14.999954500001081 3.783031625000234 952.08984375 948.5234375 77 77 1.0 0 44 44 False 0 0 False 1.75 1.75 1.5115831835960045 1.5115831835960045 0.8637618191977169 0.8637618191977169 1.0 1.0 1.0 1.0 1.0 1.0 2.0 2.0 9.0 9.0 0 0.0 0 0.0 3.9156591225024124 1.4832396974191326 4.535967372016691 0 0 0.0 0.0 0.0 0.0 0.0 0.0 0.0 0.0 0.0 0.0 0.0 0.0 0.0 0.0 0.0 0.0 4 11.0 1.8257418583505538 0.16597653257732306 9.0 9.75 11.0 12.25 13.0 19.25 19.25 6.075908711186061 6.075908711186061 0.31563162136031486 0.0 12.0 0.0 15.75 0.0 19.5 0.0 23.0 0.0 26.0 0.0
138 46 3 1.1262742000001253 0.8177985000002082 0.0 1.9440727000003335 1.9440727000003335 1.9440727000003335 1.9440727000003335 913.52734375 907.921875 20 20 1.0 20 1 0 False 0 0 False 1.0 1.0 0.0 0.0 0.0 0.0 0.0 0.0 0.0 0.0 0.0 0.0 0.0 0.0 0.0 0.0 0 0.0 0 0.0 0.0 0.0 0.0 1 1 1.0 0.0 0.0 1.0 1.0 1.0 1.0 1.0 20.0 0.0 0.0 20.0 20.0 20.0 20.0 20.0 1 1.0 0.0 0.0 0.0 0.0 0.0 0.0 0.0 1.0 1.0 0.0 0.0 0.0 0.0 0.0 0.0 0.0 0.0 0.0 0.0 0.0 0.0 0.0 0.0
139 46 2 2.9990363999997953 1.2958459999999832 0.0 4.2948823999997785 5.340565500000139 6.238955100000112 3.133950500000026 948.91015625 953.921875 44 44 1.0 44 20 20 False 0 0 False 2.2 2.2 2.117595458607661 2.117595458607661 0.9625433902762094 0.9625433902762094 1.0 1.0 1.0 1.0 1.5 1.5 2.25 2.25 10.0 10.0 0 0.0 0 0.0 7.441102068914254 0.0 4.618802153517006 2 2 1.0 0.0 0.0 1.0 1.0 1.0 1.0 1.0 22.0 11.313708498984761 0.51425947722658 14.0 18.0 22.0 26.0 30.0 2 10.0 0.0 0.0 10.0 10.0 10.0 10.0 10.0 22.0 22.0 11.313708498984761 11.313708498984761 0.51425947722658 0.0 14.0 0.0 18.0 0.0 22.0 0.0 26.0 0.0 30.0 0.0
140 46 1 6.0588232000002336 3.2632881999996926 0.0 9.322111399999926 9.2910020999999 15.561066500000038 3.923799375000044 967.015625 969.3828125 71 71 1.0 0 44 44 False 0 0 False 1.6136363636363635 1.6136363636363635 1.016512713767804 1.016512713767804 0.6299515409265265 0.6299515409265265 1.0 1.0 1.0 1.0 1.0 1.0 2.0 2.0 6.0 6.0 0 0.0 0 0.0 2.374918441400839 4.381780460041329 8.42466616549285 0 0 0.0 0.0 0.0 0.0 0.0 0.0 0.0 0.0 0.0 0.0 0.0 0.0 0.0 0.0 0.0 0.0 4 11.0 4.618802153517006 0.41989110486518233 7.0 7.0 11.0 15.0 15.0 17.75 17.75 8.5 8.5 0.4788732394366197 0.0 9.0 0.0 11.25 0.0 18.0 0.0 24.5 0.0 26.0 0.0
141 47 3 1.1391783999996505 0.827245400000379 0.0 1.9664238000000296 1.9664238000000296 1.9664238000000296 1.9664238000000296 931.6875 926.0859375 20 20 1.0 20 1 0 False 0 0 False 1.0 1.0 0.0 0.0 0.0 0.0 0.0 0.0 0.0 0.0 0.0 0.0 0.0 0.0 0.0 0.0 0 0.0 0 0.0 0.0 0.0 0.0 1 1 1.0 0.0 0.0 1.0 1.0 1.0 1.0 1.0 20.0 0.0 0.0 20.0 20.0 20.0 20.0 20.0 1 1.0 0.0 0.0 0.0 0.0 0.0 0.0 0.0 1.0 1.0 0.0 0.0 0.0 0.0 0.0 0.0 0.0 0.0 0.0 0.0 0.0 0.0 0.0 0.0
142 47 2 2.9164348999997856 1.3202751999998554 0.0 4.236710099999641 4.470135300000038 6.203133899999671 3.115862499999878 952.23828125 948.74609375 44 44 1.0 44 20 20 False 0 0 False 2.2 2.2 2.117595458607661 2.117595458607661 0.9625433902762094 0.9625433902762094 1.0 1.0 1.0 1.0 1.5 1.5 2.25 2.25 10.0 10.0 0 0.0 0 0.0 6.327716807822548 0.0 2.309401076758503 2 2 1.0 0.0 0.0 1.0 1.0 1.0 1.0 1.0 22.0 5.656854249492381 0.25712973861329 18.0 20.0 22.0 24.0 26.0 2 10.0 0.0 0.0 10.0 10.0 10.0 10.0 10.0 22.0 22.0 5.656854249492381 5.656854249492381 0.25712973861329 0.0 18.0 0.0 20.0 0.0 22.0 0.0 24.0 0.0 26.0 0.0
143 47 1 5.909837499999867 1.7993894000001092 0.0 7.709226899999976 7.158554200000253 13.912360799999647 3.5108785499999158 967.328125 967.06640625 71 71 1.0 0 44 44 False 0 0 False 1.6136363636363635 1.6136363636363635 0.969677699773297 0.969677699773297 0.6009270252116207 0.6009270252116207 1.0 1.0 1.0 1.0 1.0 1.0 2.0 2.0 6.0 6.0 0 0.0 0 0.0 2.048671712384386 2.1908902300206643 4.095729483254479 0 0 0.0 0.0 0.0 0.0 0.0 0.0 0.0 0.0 0.0 0.0 0.0 0.0 0.0 0.0 0.0 0.0 4 11.0 2.309401076758503 0.20994555243259116 9.0 9.0 11.0 13.0 13.0 17.75 17.75 4.112987559751022 4.112987559751022 0.23171760900005758 0.0 14.0 0.0 14.75 0.0 17.0 0.0 20.0 0.0 23.0 0.0
144 48 3 1.1399347999999918 0.7641007999999374 0.0 1.9040355999999292 1.9040355999999292 1.9040355999999292 1.9040355999999292 943.6328125 938.0546875 20 20 1.0 20 1 0 False 0 0 False 1.0 1.0 0.0 0.0 0.0 0.0 0.0 0.0 0.0 0.0 0.0 0.0 0.0 0.0 0.0 0.0 0 0.0 0 0.0 0.0 0.0 0.0 1 1 1.0 0.0 0.0 1.0 1.0 1.0 1.0 1.0 20.0 0.0 0.0 20.0 20.0 20.0 20.0 20.0 1 1.0 0.0 0.0 0.0 0.0 0.0 0.0 0.0 1.0 1.0 0.0 0.0 0.0 0.0 0.0 0.0 0.0 0.0 0.0 0.0 0.0 0.0 0.0 0.0
145 48 2 2.924299100000212 0.8685077999999748 0.0 3.792806900000187 4.0019316000000345 5.696842500000116 2.86268965000005 969.01171875 967.328125 44 44 1.0 44 20 20 False 0 0 False 2.2 2.2 2.0416711421361615 2.0416711421361615 0.9280323373346188 0.9280323373346188 1.0 1.0 1.0 1.0 2.0 2.0 2.25 2.25 10.0 10.0 0 0.0 0 0.0 5.056678751908212 0.0 1.1547005383792515 2 2 1.0 0.0 0.0 1.0 1.0 1.0 1.0 1.0 22.0 2.8284271247461903 0.128564869306645 20.0 21.0 22.0 23.0 24.0 2 10.0 0.0 0.0 10.0 10.0 10.0 10.0 10.0 22.0 22.0 2.8284271247461903 2.8284271247461903 0.128564869306645 0.0 20.0 0.0 21.0 0.0 22.0 0.0 23.0 0.0 24.0 0.0
146 48 1 5.876284999999825 2.621806399999855 0.0 8.49809139999968 7.354695599999786 14.194933899999796 3.5818141249999087 976.02734375 974.86328125 71 71 1.0 0 44 44 False 0 0 False 1.6136363636363635 1.6136363636363635 0.9453905084834814 0.9453905084834814 0.5858758080742702 0.5858758080742702 1.0 1.0 1.0 1.0 1.0 1.0 2.0 2.0 6.0 6.0 0 0.0 0 0.0 2.5325872016347835 1.0954451150103321 3.029026246172192 0 0 0.0 0.0 0.0 0.0 0.0 0.0 0.0 0.0 0.0 0.0 0.0 0.0 0.0 0.0 0.0 0.0 4 11.0 1.1547005383792515 0.10497277621629558 10.0 10.0 11.0 12.0 12.0 17.75 17.75 3.095695936834452 3.095695936834452 0.17440540489208178 0.0 15.0 0.0 15.75 0.0 17.0 0.0 19.0 0.0 22.0 0.0
147 49 3 1.1207272999996576 0.7810518000002276 0.0 1.9017790999998851 1.9017790999998851 1.9017790999998851 1.9017790999998851 957.0078125 951.70703125 20 20 1.0 20 1 0 False 0 0 False 1.0 1.0 0.0 0.0 0.0 0.0 0.0 0.0 0.0 0.0 0.0 0.0 0.0 0.0 0.0 0.0 0 0.0 0 0.0 0.0 0.0 0.0 1 1 1.0 0.0 0.0 1.0 1.0 1.0 1.0 1.0 20.0 0.0 0.0 20.0 20.0 20.0 20.0 20.0 1 1.0 0.0 0.0 0.0 0.0 0.0 0.0 0.0 1.0 1.0 0.0 0.0 0.0 0.0 0.0 0.0 0.0 0.0 0.0 0.0 0.0 0.0 0.0 0.0
148 49 2 2.960731499999838 1.2114293000004182 0.0 4.172160800000256 4.502349100000288 6.073939900000141 3.0509940000001166 979.1796875 974.69140625 44 44 1.0 44 20 20 False 0 0 False 2.2 2.2 2.1667341419992585 2.1667341419992585 0.9848791554542083 0.9848791554542083 1.0 1.0 1.0 1.0 1.0 1.0 2.25 2.25 10.0 10.0 0 0.0 0 0.0 6.360031446463137 0.0 2.309401076758503 2 2 1.0 0.0 0.0 1.0 1.0 1.0 1.0 1.0 22.0 5.656854249492381 0.25712973861329 18.0 20.0 22.0 24.0 26.0 2 10.0 0.0 0.0 10.0 10.0 10.0 10.0 10.0 22.0 22.0 5.656854249492381 5.656854249492381 0.25712973861329 0.0 18.0 0.0 20.0 0.0 22.0 0.0 24.0 0.0 26.0 0.0
149 49 1 6.191319399999884 1.9930973999996695 0.0 8.184416799999553 7.628084199999876 14.258356699999695 3.5971292749999293 997.28125 995.5703125 73 73 1.0 0 44 44 False 0 0 False 1.6590909090909092 1.6590909090909092 1.0330172969168459 1.0330172969168459 0.6226405625252222 0.6226405625252222 1.0 1.0 1.0 1.0 1.0 1.0 2.0 2.0 6.0 6.0 0 0.0 0 0.0 2.878164804980439 2.1908902300206643 4.896427268938036 0 0 0.0 0.0 0.0 0.0 0.0 0.0 0.0 0.0 0.0 0.0 0.0 0.0 0.0 0.0 0.0 0.0 4 11.0 2.309401076758503 0.20994555243259116 9.0 9.0 11.0 13.0 13.0 18.25 18.25 4.9916597106239795 4.9916597106239795 0.27351560058213586 0.0 14.0 0.0 14.75 0.0 17.0 0.0 20.5 0.0 25.0 0.0
