 RU AL GT ST OT TT LT CT WT RSS VMS LE AC CF PSG SIZE SGLITS_T HAS_TRAILING TOT_CHOICES PRE_CHOICES FGOALS_ORDER CP_EF_L CP_EF_A SP_ED_L SP_ED_A SP_EB_L SP_EB_A SP_MIN_L SP_MIN_A SP_LOWER_L SP_LOWER_A SP_MED_L SP_MED_A SP_UPPER_L SP_UPPER_A SP_MAX_L SP_MAX_A T_INTER_SP P_INTER_SP T_INTER_Q P_INTER_Q M_CHILD_SPREAD DIV_INDEX_SPREAD DIV_STEP_SPREAD DIVS_T DS_T DS_TD_MEAN DS_TD_STD DS_TD_CD DS_TD_MIN DS_TD_LOWER DS_TD_MED DS_TD_UPPER DS_TD_MAX DS_TS_MEAN DS_TS_STD DS_TS_CD DS_TS_MIN DS_TS_LOWER DS_TS_MED DS_TS_UPPER DS_TS_MAX PR_T PR_TS_MEAN PR_TS_STD PR_TS_CD PR_TS_MIN PR_TS_LOWER PR_TS_MED PR_TS_UPPER PR_TS_MAX PP_LE_MEAN PP_AC_MEAN PP_LE_STD PP_AC_STD PP_LE_CD PP_AC_CD PP_LE_MIN PP_AC_MIN PP_LE_LOWER PP_AC_LOWER PP_LE_MED PP_AC_MED PP_LE_UPPER PP_AC_UPPER PP_LE_MAX PP_AC_MAX
0 0 3 1.1272877999999977 0.7237637999999933 0.0 1.851051599999991 1.851051599999991 1.851051599999991 1.851051599999991 271.03515625 263.13671875 20 20 1.0 20 1 0 False 0 0 False 1.0 1.0 0.0 0.0 0.0 0.0 0.0 0.0 0.0 0.0 0.0 0.0 0.0 0.0 0.0 0.0 0 0.0 0 0.0 0.0 0.0 0.0 1 1 1.0 0.0 0.0 1.0 1.0 1.0 1.0 1.0 20.0 0.0 0.0 20.0 20.0 20.0 20.0 20.0 1 1.0 0.0 0.0 0.0 0.0 0.0 0.0 0.0 1.0 1.0 0.0 0.0 0.0 0.0 0.0 0.0 0.0 0.0 0.0 0.0 0.0 0.0 0.0 0.0
1 0 2 2.932519499999998 0.7985477000000145 0.0 3.7310672000000125 3.9484557999999907 5.5821188000000035 2.8051584000000034 295.1328125 290.8984375 44 44 1.0 44 20 20 False 0 0 False 2.2 2.2 2.0925934551223877 2.0925934551223877 0.9511788432374488 0.9511788432374488 1.0 1.0 1.0 1.0 2.0 2.0 2.0 2.0 10.0 10.0 0 0.0 0 0.0 5.142956348249516 0.0 1.1547005383792515 2 2 1.0 0.0 0.0 1.0 1.0 1.0 1.0 1.0 22.0 2.8284271247461903 0.128564869306645 20.0 21.0 22.0 23.0 24.0 2 10.0 0.0 0.0 10.0 10.0 10.0 10.0 10.0 22.0 22.0 2.8284271247461903 2.8284271247461903 0.128564869306645 0.0 20.0 0.0 21.0 0.0 22.0 0.0 23.0 0.0 24.0 0.0
2 0 1 7.1456931999999895 2.309530100000025 0.0 9.455223300000014 7.116828499999997 15.037342100000018 3.791994825000005 317.33984375 310.7890625 80 80 1.0 0 44 44 False 0 0 False 1.8181818181818181 1.8181818181818181 1.2060453783110545 1.2060453783110545 0.66332495807108 0.66332495807108 1.0 1.0 1.0 1.0 1.0 1.0 2.0 2.0 6.0 6.0 0 0.0 0 0.0 2.2147141300145146 1.0954451150103321 2.1908902300206643 0 0 0.0 0.0 0.0 0.0 0.0 0.0 0.0 0.0 0.0 0.0 0.0 0.0 0.0 0.0 0.0 0.0 4 11.0 1.1547005383792515 0.10497277621629558 10.0 10.0 11.0 12.0 12.0 20.0 20.0 3.6514837167011076 3.6514837167011076 0.18257418583505539 0.0 16.0 0.0 17.5 0.0 20.0 0.0 22.5 0.0 24.0 0.0
3 1 3 1.1273377999999923 0.8553974999999738 0.0 1.9827352999999661 1.9827352999999661 1.9827352999999661 1.9827352999999661 278.60546875 268.8515625 20 20 1.0 20 1 0 False 0 0 False 1.0 1.0 0.0 0.0 0.0 0.0 0.0 0.0 0.0 0.0 0.0 0.0 0.0 0.0 0.0 0.0 0 0.0 0 0.0 0.0 0.0 0.0 1 1 1.0 0.0 0.0 1.0 1.0 1.0 1.0 1.0 20.0 0.0 0.0 20.0 20.0 20.0 20.0 20.0 1 1.0 0.0 0.0 0.0 0.0 0.0 0.0 0.0 1.0 1.0 0.0 0.0 0.0 0.0 0.0 0.0 0.0 0.0 0.0 0.0 0.0 0.0 0.0 0.0
4 1 2 2.9182362999999896 0.8830026000000402 0.0 3.8012389000000297 4.367997099999975 5.783974199999996 2.906083799999994 303.703125 296.2421875 44 44 1.0 44 20 20 False 0 0 False 2.2 2.2 2.0925934551223877 2.0925934551223877 0.9511788432374488 0.9511788432374488 1.0 1.0 1.0 1.0 1.0 1.0 3.0 3.0 10.0 10.0 0 0.0 0 0.0 5.547972602672077 0.0 2.309401076758503 2 2 1.0 0.0 0.0 1.0 1.0 1.0 1.0 1.0 22.0 5.656854249492381 0.25712973861329 18.0 20.0 22.0 24.0 26.0 2 10.0 0.0 0.0 10.0 10.0 10.0 10.0 10.0 22.0 22.0 5.656854249492381 5.656854249492381 0.25712973861329 0.0 18.0 0.0 20.0 0.0 22.0 0.0 24.0 0.0 26.0 0.0
5 1 1 6.343678099999977 1.9639956999999697 0.0 8.307673799999947 7.141949299999972 14.091647999999942 3.5559400749999863 321.2421875 315.8359375 73 73 1.0 0 44 44 False 0 0 False 1.6590909090909092 1.6590909090909092 1.1602562230693905 1.1602562230693905 0.6993325180144271 0.6993325180144271 1.0 1.0 1.0 1.0 1.0 1.0 2.0 2.0 6.0 6.0 0 0.0 0 0.0 2.045643930626513 2.1908902300206643 3.2519225083018197 0 0 0.0 0.0 0.0 0.0 0.0 0.0 0.0 0.0 0.0 0.0 0.0 0.0 0.0 0.0 0.0 0.0 4 11.0 2.309401076758503 0.20994555243259116 9.0 9.0 11.0 13.0 13.0 18.25 18.25 4.112987559751022 4.112987559751022 0.2253691813562204 0.0 13.0 0.0 16.75 0.0 18.5 0.0 20.0 0.0 23.0 0.0
6 2 3 1.141334900000004 0.7895643000000234 0.0 1.9308992000000273 1.9308992000000273 1.9308992000000273 1.9308992000000273 296.71875 287.09765625 20 20 1.0 20 1 0 False 0 0 False 1.0 1.0 0.0 0.0 0.0 0.0 0.0 0.0 0.0 0.0 0.0 0.0 0.0 0.0 0.0 0.0 0 0.0 0 0.0 0.0 0.0 0.0 1 1 1.0 0.0 0.0 1.0 1.0 1.0 1.0 1.0 20.0 0.0 0.0 20.0 20.0 20.0 20.0 20.0 1 1.0 0.0 0.0 0.0 0.0 0.0 0.0 0.0 1.0 1.0 0.0 0.0 0.0 0.0 0.0 0.0 0.0 0.0 0.0 0.0 0.0 0.0 0.0 0.0
7 2 2 2.9119540999999884 0.7166922000000113 0.0 3.6286462999999998 3.9781003000000084 5.559545500000027 2.794529950000012 317.22265625 312.08203125 44 44 1.0 44 20 20 False 0 0 False 2.2 2.2 2.015727634065883 2.015727634065883 0.9162398336663103 0.9162398336663103 1.0 1.0 1.0 1.0 2.0 2.0 3.0 3.0 10.0 10.0 0 0.0 0 0.0 5.070502933634886 0.0 1.1547005383792515 2 2 1.0 0.0 0.0 1.0 1.0 1.0 1.0 1.0 22.0 2.8284271247461903 0.128564869306645 20.0 21.0 22.0 23.0 24.0 2 10.0 0.0 0.0 10.0 10.0 10.0 10.0 10.0 22.0 22.0 2.8284271247461903 2.8284271247461903 0.128564869306645 0.0 20.0 0.0 21.0 0.0 22.0 0.0 23.0 0.0 24.0 0.0
8 2 1 8.070444199999997 7.722493199999974 0.0 15.792937399999971 6.7218362999999925 21.3524829 5.371179874999999 379.515625 385.0 87 87 1.0 0 44 44 False 0 0 False 1.9772727272727273 1.9772727272727273 2.085259856247204 2.085259856247204 1.0546141801709996 1.0546141801709996 1.0 1.0 1.0 1.0 1.0 1.0 2.0 2.0 12.0 12.0 0 0.0 0 0.0 5.942453892497847 1.0954451150103321 4.424364361125788 0 0 0.0 0.0 0.0 0.0 0.0 0.0 0.0 0.0 0.0 0.0 0.0 0.0 0.0 0.0 0.0 0.0 4 11.0 1.1547005383792515 0.10497277621629558 10.0 10.0 11.0 12.0 12.0 21.75 21.75 6.652067347825035 6.652067347825035 0.30584217691149584 0.0 16.0 0.0 17.5 0.0 20.0 0.0 24.25 0.0 31.0 0.0
9 3 3 1.1408441000000238 0.8212515000000025 0.0 1.9620956000000263 1.9620956000000263 1.9620956000000263 1.9620956000000263 321.72265625 314.96484375 20 20 1.0 20 1 0 False 0 0 False 1.0 1.0 0.0 0.0 0.0 0.0 0.0 0.0 0.0 0.0 0.0 0.0 0.0 0.0 0.0 0.0 0 0.0 0 0.0 0.0 0.0 0.0 1 1 1.0 0.0 0.0 1.0 1.0 1.0 1.0 1.0 20.0 0.0 0.0 20.0 20.0 20.0 20.0 20.0 1 1.0 0.0 0.0 0.0 0.0 0.0 0.0 0.0 1.0 1.0 0.0 0.0 0.0 0.0 0.0 0.0 0.0 0.0 0.0 0.0 0.0 0.0 0.0 0.0
10 3 2 2.9291313000000088 0.7658471999999534 0.0 3.694978499999962 4.081282900000019 5.6570740999999884 2.843078349999992 356.62890625 351.625 44 44 1.0 44 20 20 False 0 0 False 2.2 2.2 1.98944583661936 1.98944583661936 0.904293562099709 0.904293562099709 1.0 1.0 1.0 1.0 2.0 2.0 2.25 2.25 10.0 10.0 0 0.0 0 0.0 5.012983143797713 0.0 1.1547005383792515 2 2 1.0 0.0 0.0 1.0 1.0 1.0 1.0 1.0 22.0 2.8284271247461903 0.128564869306645 20.0 21.0 22.0 23.0 24.0 2 10.0 0.0 0.0 10.0 10.0 10.0 10.0 10.0 22.0 22.0 2.8284271247461903 2.8284271247461903 0.128564869306645 0.0 20.0 0.0 21.0 0.0 22.0 0.0 23.0 0.0 24.0 0.0
11 3 1 8.048408800000075 8.012637600000048 0.0 16.061046400000123 6.711757100000042 21.71812050000011 5.46299850000003 393.015625 397.38671875 87 87 1.0 0 44 44 False 0 0 False 1.9772727272727273 1.9772727272727273 1.8234727456484294 1.8234727456484294 0.9222161012474815 0.9222161012474815 1.0 1.0 1.0 1.0 1.0 1.0 2.0 2.0 11.0 11.0 0 0.0 0 0.0 6.275423498270427 1.0954451150103321 4.424364361125788 0 0 0.0 0.0 0.0 0.0 0.0 0.0 0.0 0.0 0.0 0.0 0.0 0.0 0.0 0.0 0.0 0.0 4 11.0 1.1547005383792515 0.10497277621629558 10.0 10.0 11.0 12.0 12.0 21.75 21.75 6.652067347825035 6.652067347825035 0.30584217691149584 0.0 16.0 0.0 17.5 0.0 20.0 0.0 24.25 0.0 31.0 0.0
12 4 3 1.1391583999999852 0.7467508000000294 0.0 1.8859092000000146 1.8859092000000146 1.8859092000000146 1.8859092000000146 349.453125 340.765625 20 20 1.0 20 1 0 False 0 0 False 1.0 1.0 0.0 0.0 0.0 0.0 0.0 0.0 0.0 0.0 0.0 0.0 0.0 0.0 0.0 0.0 0 0.0 0 0.0 0.0 0.0 0.0 1 1 1.0 0.0 0.0 1.0 1.0 1.0 1.0 1.0 20.0 0.0 0.0 20.0 20.0 20.0 20.0 20.0 1 1.0 0.0 0.0 0.0 0.0 0.0 0.0 0.0 1.0 1.0 0.0 0.0 0.0 0.0 0.0 0.0 0.0 0.0 0.0 0.0 0.0 0.0 0.0 0.0
13 4 2 2.982373099999961 1.3415867999998454 0.0 4.323959899999807 5.2234961999998575 6.209869099999821 3.119036649999913 382.5390625 383.78125 44 44 1.0 44 20 20 False 0 0 False 2.2 2.2 2.1667341419992585 2.1667341419992585 0.9848791554542083 0.9848791554542083 1.0 1.0 1.0 1.0 1.0 1.0 2.25 2.25 10.0 10.0 0 0.0 0 0.0 7.438413809408561 0.0 4.618802153517006 2 2 1.0 0.0 0.0 1.0 1.0 1.0 1.0 1.0 22.0 11.313708498984761 0.51425947722658 14.0 18.0 22.0 26.0 30.0 2 10.0 0.0 0.0 10.0 10.0 10.0 10.0 10.0 22.0 22.0 11.313708498984761 11.313708498984761 0.51425947722658 0.0 14.0 0.0 18.0 0.0 22.0 0.0 26.0 0.0 30.0 0.0
14 4 1 7.627657400000004 3.714291899999978 0.0 11.341949299999982 8.439865599999905 17.551818399999803 4.42086647499994 400.51171875 398.1640625 84 84 1.0 0 44 44 False 0 0 False 1.9090909090909092 1.9090909090909092 1.7760444921383494 1.7760444921383494 0.9303090196915162 0.9303090196915162 1.0 1.0 1.0 1.0 1.0 1.0 2.0 2.0 11.0 11.0 0 0.0 0 0.0 4.368605125643843 4.381780460041329 4.242640687119285 0 0 0.0 0.0 0.0 0.0 0.0 0.0 0.0 0.0 0.0 0.0 0.0 0.0 0.0 0.0 0.0 0.0 4 11.0 4.618802153517006 0.41989110486518233 7.0 7.0 11.0 15.0 15.0 21.0 21.0 6.2182527020592095 6.2182527020592095 0.296107271526629 0.0 12.0 0.0 19.5 0.0 23.0 0.0 24.5 0.0 26.0 0.0
15 5 3 1.1372117999999318 0.6651657000000171 0.0 1.802377499999949 1.802377499999949 1.802377499999949 1.802377499999949 361.03125 352.42578125 20 20 1.0 20 1 0 False 0 0 False 1.0 1.0 0.0 0.0 0.0 0.0 0.0 0.0 0.0 0.0 0.0 0.0 0.0 0.0 0.0 0.0 0 0.0 0 0.0 0.0 0.0 0.0 1 1 1.0 0.0 0.0 1.0 1.0 1.0 1.0 1.0 20.0 0.0 0.0 20.0 20.0 20.0 20.0 20.0 1 1.0 0.0 0.0 0.0 0.0 0.0 0.0 0.0 1.0 1.0 0.0 0.0 0.0 0.0 0.0 0.0 0.0 0.0 0.0 0.0 0.0 0.0 0.0 0.0
16 5 2 2.890505799999943 1.4926756000000125 0.0 4.383181399999955 5.567837299999866 6.185558899999904 3.107160699999966 396.33984375 397.0234375 42 42 1.0 42 20 20 False 0 0 False 2.1 2.1 2.0235456115702615 2.0235456115702615 0.9635931483667911 0.9635931483667911 1.0 1.0 1.0 1.0 1.5 1.5 2.25 2.25 10.0 10.0 0 0.0 0 0.0 7.4124894603635 0.0 5.773502691896258 2 2 1.0 0.0 0.0 1.0 1.0 1.0 1.0 1.0 21.0 14.142135623730951 0.6734350297014738 11.0 16.0 21.0 26.0 31.0 2 10.0 0.0 0.0 10.0 10.0 10.0 10.0 10.0 21.0 21.0 14.142135623730951 14.142135623730951 0.6734350297014738 0.0 11.0 0.0 16.0 0.0 21.0 0.0 26.0 0.0 31.0 0.0
17 5 1 6.280106100000069 2.6368791000001863 0.0 8.916985200000255 9.278795299999956 15.10254410000016 3.8083851750000477 428.8515625 428.6640625 70 70 1.0 0 42 42 False 0 0 False 1.6666666666666667 1.6666666666666667 0.9542374472273958 0.9542374472273958 0.5725424683364374 0.5725424683364374 1.0 1.0 1.0 1.0 1.0 1.0 2.0 2.0 6.0 6.0 0 0.0 0 0.0 2.4532669073132896 5.300943312279429 10.793516572461451 0 0 0.0 0.0 0.0 0.0 0.0 0.0 0.0 0.0 0.0 0.0 0.0 0.0 0.0 0.0 0.0 0.0 4 10.5 5.802298395176403 0.5525998471596575 5.0 5.75 10.5 15.25 16.0 17.5 17.5 11.61895003862225 11.61895003862225 0.6639400022069857 0.0 6.0 0.0 8.25 0.0 18.0 0.0 27.25 0.0 28.0 0.0
18 6 3 1.1355234999999766 0.8978162000000509 0.0 2.0333397000000275 2.0333397000000275 2.0333397000000275 2.0333397000000275 379.015625 370.46484375 20 20 1.0 20 1 0 False 0 0 False 1.0 1.0 0.0 0.0 0.0 0.0 0.0 0.0 0.0 0.0 0.0 0.0 0.0 0.0 0.0 0.0 0 0.0 0 0.0 0.0 0.0 0.0 1 1 1.0 0.0 0.0 1.0 1.0 1.0 1.0 1.0 20.0 0.0 0.0 20.0 20.0 20.0 20.0 20.0 1 1.0 0.0 0.0 0.0 0.0 0.0 0.0 0.0 1.0 1.0 0.0 0.0 0.0 0.0 0.0 0.0 0.0 0.0 0.0 0.0 0.0 0.0 0.0 0.0
19 6 2 2.9155983000000276 0.8471284999998829 0.0 3.7627267999999106 4.2389731999999185 5.796066499999938 2.9122695499999764 404.12109375 399.5234375 44 44 1.0 44 20 20 False 0 0 False 2.2 2.2 2.067289096988207 2.067289096988207 0.9396768622673667 0.9396768622673667 1.0 1.0 1.0 1.0 1.5 1.5 3.0 3.0 10.0 10.0 0 0.0 0 0.0 5.143928459844673 0.0 1.1547005383792515 2 2 1.0 0.0 0.0 1.0 1.0 1.0 1.0 1.0 22.0 2.8284271247461903 0.128564869306645 20.0 21.0 22.0 23.0 24.0 2 10.0 0.0 0.0 10.0 10.0 10.0 10.0 10.0 22.0 22.0 2.8284271247461903 2.8284271247461903 0.128564869306645 0.0 20.0 0.0 21.0 0.0 22.0 0.0 23.0 0.0 24.0 0.0
20 6 1 5.918709399999926 1.742647299999902 0.0 7.661356699999828 6.835909399999764 13.457423199999766 3.3973974749999414 416.328125 410.4296875 71 71 1.0 0 44 44 False 0 0 False 1.6136363636363635 1.6136363636363635 1.016512713767804 1.016512713767804 0.6299515409265265 0.6299515409265265 1.0 1.0 1.0 1.0 1.0 1.0 2.0 2.0 6.0 6.0 0 0.0 0 0.0 2.628662340902564 1.0954451150103321 3.029026246172192 0 0 0.0 0.0 0.0 0.0 0.0 0.0 0.0 0.0 0.0 0.0 0.0 0.0 0.0 0.0 0.0 0.0 4 11.0 1.1547005383792515 0.10497277621629558 10.0 10.0 11.0 12.0 12.0 17.75 17.75 3.095695936834452 3.095695936834452 0.17440540489208178 0.0 15.0 0.0 15.75 0.0 17.0 0.0 19.0 0.0 22.0 0.0
21 7 3 1.1264312999999788 0.7160172000000955 0.0 1.8424485000000743 1.8424485000000743 1.8424485000000743 1.8424485000000743 393.96484375 385.2265625 20 20 1.0 20 1 0 False 0 0 False 1.0 1.0 0.0 0.0 0.0 0.0 0.0 0.0 0.0 0.0 0.0 0.0 0.0 0.0 0.0 0.0 0 0.0 0 0.0 0.0 0.0 0.0 1 1 1.0 0.0 0.0 1.0 1.0 1.0 1.0 1.0 20.0 0.0 0.0 20.0 20.0 20.0 20.0 20.0 1 1.0 0.0 0.0 0.0 0.0 0.0 0.0 0.0 1.0 1.0 0.0 0.0 0.0 0.0 0.0 0.0 0.0 0.0 0.0 0.0 0.0 0.0 0.0 0.0
22 7 2 2.8874736000000496 0.7471312000000694 0.0 3.634604800000119 3.8780447000001743 5.477053300000193 2.7532024500000887 418.02734375 409.5390625 44 44 1.0 44 20 20 False 0 0 False 2.2 2.2 2.0416711421361615 2.0416711421361615 0.9280323373346188 0.9280323373346188 1.0 1.0 1.0 1.0 1.5 1.5 3.0 3.0 10.0 10.0 0 0.0 0 0.0 5.196152422706631 0.0 1.1547005383792515 2 2 1.0 0.0 0.0 1.0 1.0 1.0 1.0 1.0 22.0 2.8284271247461903 0.128564869306645 20.0 21.0 22.0 23.0 24.0 2 10.0 0.0 0.0 10.0 10.0 10.0 10.0 10.0 22.0 22.0 2.8284271247461903 2.8284271247461903 0.128564869306645 0.0 20.0 0.0 21.0 0.0 22.0 0.0 23.0 0.0 24.0 0.0
23 7 1 7.073675100000031 2.439875100000023 0.0 9.513550200000054 7.159750800000154 14.990603500000248 3.781034325000057 437.26171875 430.5703125 80 80 1.0 0 44 44 False 0 0 False 1.8181818181818181 1.8181818181818181 1.4349901105360106 1.4349901105360106 0.7892445607948059 0.7892445607948059 1.0 1.0 1.0 1.0 1.0 1.0 2.0 2.0 8.0 8.0 0 0.0 0 0.0 2.3421223687251365 1.0954451150103321 2.1908902300206643 0 0 0.0 0.0 0.0 0.0 0.0 0.0 0.0 0.0 0.0 0.0 0.0 0.0 0.0 0.0 0.0 0.0 4 11.0 1.1547005383792515 0.10497277621629558 10.0 10.0 11.0 12.0 12.0 20.0 20.0 3.6514837167011076 3.6514837167011076 0.18257418583505539 0.0 16.0 0.0 17.5 0.0 20.0 0.0 22.5 0.0 24.0 0.0
24 8 3 1.138473499999975 0.8394611000000509 0.0 1.977934600000026 1.977934600000026 1.977934600000026 1.977934600000026 409.33203125 400.63671875 20 20 1.0 20 1 0 False 0 0 False 1.0 1.0 0.0 0.0 0.0 0.0 0.0 0.0 0.0 0.0 0.0 0.0 0.0 0.0 0.0 0.0 0 0.0 0 0.0 0.0 0.0 0.0 1 1 1.0 0.0 0.0 1.0 1.0 1.0 1.0 1.0 20.0 0.0 0.0 20.0 20.0 20.0 20.0 20.0 1 1.0 0.0 0.0 0.0 0.0 0.0 0.0 0.0 1.0 1.0 0.0 0.0 0.0 0.0 0.0 0.0 0.0 0.0 0.0 0.0 0.0 0.0 0.0 0.0
25 8 2 2.9175757000000146 0.7901922999999726 0.0 3.7077679999999873 4.070999000000086 5.685702600000013 2.856896050000003 432.34765625 423.953125 44 44 1.0 44 20 20 False 0 0 False 2.2 2.2 2.0416711421361615 2.0416711421361615 0.9280323373346188 0.9280323373346188 1.0 1.0 1.0 1.0 2.0 2.0 2.25 2.25 10.0 10.0 0 0.0 0 0.0 4.819751030914356 0.0 1.1547005383792515 2 2 1.0 0.0 0.0 1.0 1.0 1.0 1.0 1.0 22.0 2.8284271247461903 0.128564869306645 20.0 21.0 22.0 23.0 24.0 2 10.0 0.0 0.0 10.0 10.0 10.0 10.0 10.0 22.0 22.0 2.8284271247461903 2.8284271247461903 0.128564869306645 0.0 20.0 0.0 21.0 0.0 22.0 0.0 23.0 0.0 24.0 0.0
26 8 1 7.174651800000078 2.5884608000000355 0.0 9.763112600000113 6.6644154000001095 15.448815200000126 3.895238675000023 450.33984375 446.61328125 81 81 1.0 0 44 44 False 0 0 False 1.8409090909090908 1.8409090909090908 1.4932901370476555 1.4932901370476555 0.8111699509888499 0.8111699509888499 1.0 1.0 1.0 1.0 1.0 1.0 2.0 2.0 9.0 9.0 0 0.0 0 0.0 3.984960103287531 1.0954451150103321 2.274862633215465 0 0 0.0 0.0 0.0 0.0 0.0 0.0 0.0 0.0 0.0 0.0 0.0 0.0 0.0 0.0 0.0 0.0 4 11.0 1.1547005383792515 0.10497277621629558 10.0 10.0 11.0 12.0 12.0 20.25 20.25 4.031128874149275 4.031128874149275 0.19906809255058147 0.0 16.0 0.0 17.5 0.0 20.0 0.0 22.75 0.0 25.0 0.0
27 9 3 1.1447587000000397 0.6180996000000505 0.0 1.7628583000000901 1.7628583000000901 1.7628583000000901 1.7628583000000901 422.2734375 413.5234375 20 20 1.0 20 1 0 False 0 0 False 1.0 1.0 0.0 0.0 0.0 0.0 0.0 0.0 0.0 0.0 0.0 0.0 0.0 0.0 0.0 0.0 0 0.0 0 0.0 0.0 0.0 0.0 1 1 1.0 0.0 0.0 1.0 1.0 1.0 1.0 1.0 20.0 0.0 0.0 20.0 20.0 20.0 20.0 20.0 1 1.0 0.0 0.0 0.0 0.0 0.0 0.0 0.0 1.0 1.0 0.0 0.0 0.0 0.0 0.0 0.0 0.0 0.0 0.0 0.0 0.0 0.0 0.0 0.0
28 9 2 2.718616499999996 0.6925693999999112 0.0 3.411185899999907 3.9619211000000405 5.174044199999997 2.601245899999995 446.21484375 438.984375 42 42 1.0 42 20 20 False 0 0 False 2.1 2.1 2.1496633763403397 2.1496633763403397 1.0236492268287332 1.0236492268287332 1.0 1.0 1.0 1.0 1.0 1.0 2.25 2.25 10.0 10.0 0 0.0 0 0.0 6.058465152165191 0.0 2.309401076758503 2 2 1.0 0.0 0.0 1.0 1.0 1.0 1.0 1.0 21.0 5.656854249492381 0.26937401188058957 17.0 19.0 21.0 23.0 25.0 2 10.0 0.0 0.0 10.0 10.0 10.0 10.0 10.0 21.0 21.0 5.656854249492381 5.656854249492381 0.26937401188058957 0.0 17.0 0.0 19.0 0.0 21.0 0.0 23.0 0.0 25.0 0.0
29 9 1 7.052653100000043 2.570573700000068 0.0 9.623226800000111 6.5950124000000585 14.797271000000109 3.7323891500000173 460.21875 456.32421875 79 79 1.0 0 42 42 False 0 0 False 1.880952380952381 1.880952380952381 1.6260438441330458 1.6260438441330458 0.8644790057416193 0.8644790057416193 1.0 1.0 1.0 1.0 1.0 1.0 2.0 2.0 10.0 10.0 0 0.0 0 0.0 4.016488597025738 2.0248456731316584 2.4238399287081647 0 0 0.0 0.0 0.0 0.0 0.0 0.0 0.0 0.0 0.0 0.0 0.0 0.0 0.0 0.0 0.0 0.0 4 10.5 2.3804761428476167 0.2267120136045349 8.0 8.75 10.5 12.25 13.0 19.75 19.75 4.7871355387816905 4.7871355387816905 0.2423866095585666 0.0 13.0 0.0 18.25 0.0 21.0 0.0 22.5 0.0 24.0 0.0
30 10 3 1.1402484999999274 0.7377270000000351 0.0 1.8779754999999625 1.8779754999999625 1.8779754999999625 1.8779754999999625 435.23046875 426.55078125 20 20 1.0 20 1 0 False 0 0 False 1.0 1.0 0.0 0.0 0.0 0.0 0.0 0.0 0.0 0.0 0.0 0.0 0.0 0.0 0.0 0.0 0 0.0 0 0.0 0.0 0.0 0.0 1 1 1.0 0.0 0.0 1.0 1.0 1.0 1.0 1.0 20.0 0.0 0.0 20.0 20.0 20.0 20.0 20.0 1 1.0 0.0 0.0 0.0 0.0 0.0 0.0 0.0 1.0 1.0 0.0 0.0 0.0 0.0 0.0 0.0 0.0 0.0 0.0 0.0 0.0 0.0 0.0 0.0
31 10 2 3.0668306000000314 1.782146200000085 0.0 4.848976800000116 5.846128999999934 6.726952300000079 3.3777228500000405 467.34765625 468.9921875 44 44 1.0 44 20 20 False 0 0 False 2.2 2.2 2.0925934551223877 2.0925934551223877 0.9511788432374488 0.9511788432374488 1.0 1.0 1.0 1.0 1.5 1.5 2.25 2.25 10.0 10.0 0 0.0 0 0.0 7.0746024623295956 0.0 4.618802153517006 2 2 1.0 0.0 0.0 1.0 1.0 1.0 1.0 1.0 22.0 11.313708498984761 0.51425947722658 14.0 18.0 22.0 26.0 30.0 2 10.0 0.0 0.0 10.0 10.0 10.0 10.0 10.0 22.0 22.0 11.313708498984761 11.313708498984761 0.51425947722658 0.0 14.0 0.0 18.0 0.0 22.0 0.0 26.0 0.0 30.0 0.0
32 10 1 7.614681099999984 5.030114199999957 0.0 12.644795299999942 9.03581019999993 19.37174760000002 4.875852000000002 488.34765625 486.97265625 84 84 1.0 0 44 44 False 0 0 False 1.9090909090909092 1.9090909090909092 1.8403511017166947 1.8403511017166947 0.9639934342325543 0.9639934342325543 1.0 1.0 1.0 1.0 1.0 1.0 2.0 2.0 12.0 12.0 0 0.0 0 0.0 4.7198368090573055 4.381780460041329 4.242640687119285 0 0 0.0 0.0 0.0 0.0 0.0 0.0 0.0 0.0 0.0 0.0 0.0 0.0 0.0 0.0 0.0 0.0 4 11.0 4.618802153517006 0.41989110486518233 7.0 7.0 11.0 15.0 15.0 21.0 21.0 6.2182527020592095 6.2182527020592095 0.296107271526629 0.0 12.0 0.0 19.5 0.0 23.0 0.0 24.5 0.0 26.0 0.0
33 11 3 1.1337599999998815 0.7160040000001118 0.0 1.8497639999999933 1.8497639999999933 1.8497639999999933 1.8497639999999933 452.63671875 444.12109375 20 20 1.0 20 1 0 False 0 0 False 1.0 1.0 0.0 0.0 0.0 0.0 0.0 0.0 0.0 0.0 0.0 0.0 0.0 0.0 0.0 0.0 0 0.0 0 0.0 0.0 0.0 0.0 1 1 1.0 0.0 0.0 1.0 1.0 1.0 1.0 1.0 20.0 0.0 0.0 20.0 20.0 20.0 20.0 20.0 1 1.0 0.0 0.0 0.0 0.0 0.0 0.0 0.0 1.0 1.0 0.0 0.0 0.0 0.0 0.0 0.0 0.0 0.0 0.0 0.0 0.0 0.0 0.0 0.0
34 11 2 2.962700299999881 0.8532960000000571 0.0 3.815996299999938 4.326341200000002 5.665760299999931 2.84711539999995 475.91015625 469.671875 44 44 1.0 44 20 20 False 0 0 False 2.2 2.2 2.142305693455191 2.142305693455191 0.9737753152069049 0.9737753152069049 1.0 1.0 1.0 1.0 1.0 1.0 3.0 3.0 10.0 10.0 0 0.0 0 0.0 6.42884126417817 0.0 2.309401076758503 2 2 1.0 0.0 0.0 1.0 1.0 1.0 1.0 1.0 22.0 5.656854249492381 0.25712973861329 18.0 20.0 22.0 24.0 26.0 2 10.0 0.0 0.0 10.0 10.0 10.0 10.0 10.0 22.0 22.0 5.656854249492381 5.656854249492381 0.25712973861329 0.0 18.0 0.0 20.0 0.0 22.0 0.0 24.0 0.0 26.0 0.0
35 11 1 8.330374599999914 14.780644699999812 0.0 23.111019299999725 7.656059300000095 28.776779599999657 7.227349499999889 520.453125 524.11328125 89 89 1.0 0 44 44 False 0 0 False 2.022727272727273 2.022727272727273 2.317663582582597 2.317663582582597 1.145811209366677 1.145811209366677 1.0 1.0 1.0 1.0 1.0 1.0 2.0 2.0 15.0 15.0 0 0.0 0 0.0 5.9229514016058875 2.1908902300206643 3.684426685388108 0 0 0.0 0.0 0.0 0.0 0.0 0.0 0.0 0.0 0.0 0.0 0.0 0.0 0.0 0.0 0.0 0.0 4 11.0 2.309401076758503 0.20994555243259116 9.0 9.0 11.0 13.0 13.0 22.25 22.25 6.601767440112787 6.601767440112787 0.2967086489938331 0.0 15.0 0.0 18.0 0.0 22.0 0.0 26.25 0.0 30.0 0.0
36 12 3 1.1390292000000386 1.101349599999935 0.0 2.2403787999999736 2.2403787999999736 2.2403787999999736 2.2403787999999736 475.6484375 469.125 20 20 1.0 20 1 0 False 0 0 False 1.0 1.0 0.0 0.0 0.0 0.0 0.0 0.0 0.0 0.0 0.0 0.0 0.0 0.0 0.0 0.0 0 0.0 0 0.0 0.0 0.0 0.0 1 1 1.0 0.0 0.0 1.0 1.0 1.0 1.0 1.0 20.0 0.0 0.0 20.0 20.0 20.0 20.0 20.0 1 1.0 0.0 0.0 0.0 0.0 0.0 0.0 0.0 1.0 1.0 0.0 0.0 0.0 0.0 0.0 0.0 0.0 0.0 0.0 0.0 0.0 0.0 0.0 0.0
37 12 2 2.935443799999689 0.847002999999745 0.0 3.782446799999434 4.614305899999522 6.022825599999408 3.0257532999997068 501.421875 495.25390625 44 44 1.0 44 20 20 False 0 0 False 2.2 2.2 2.0416711421361615 2.0416711421361615 0.9280323373346188 0.9280323373346188 1.0 1.0 1.0 1.0 1.5 1.5 3.0 3.0 10.0 10.0 0 0.0 0 0.0 5.761076288333629 0.0 2.309401076758503 2 2 1.0 0.0 0.0 1.0 1.0 1.0 1.0 1.0 22.0 5.656854249492381 0.25712973861329 18.0 20.0 22.0 24.0 26.0 2 10.0 0.0 0.0 10.0 10.0 10.0 10.0 10.0 22.0 22.0 5.656854249492381 5.656854249492381 0.25712973861329 0.0 18.0 0.0 20.0 0.0 22.0 0.0 24.0 0.0 26.0 0.0
38 12 1 7.771179599999925 4.220225199999845 0.0 11.99140479999977 7.420701999999324 18.014230399999178 4.536666624999825 533.4765625 536.2109375 85 85 1.0 0 44 44 False 0 0 False 1.9318181818181819 1.9318181818181819 2.0618091770220714 2.0618091770220714 1.067289456340837 1.067289456340837 1.0 1.0 1.0 1.0 1.0 1.0 2.0 2.0 13.0 13.0 0 0.0 0 0.0 6.252912544507255 2.1908902300206643 3.9968737783422683 0 0 0.0 0.0 0.0 0.0 0.0 0.0 0.0 0.0 0.0 0.0 0.0 0.0 0.0 0.0 0.0 0.0 4 11.0 2.309401076758503 0.20994555243259116 9.0 9.0 11.0 13.0 13.0 21.25 21.25 7.135591542869215 7.135591542869215 0.33579254319384544 0.0 13.0 0.0 17.5 0.0 21.0 0.0 24.75 0.0 30.0 0.0
39 13 3 1.1312078000001407 0.7914934000000926 0.0 1.9227012000002333 1.9227012000002333 1.9227012000002333 1.9227012000002333 492.8671875 485.859375 20 20 1.0 20 1 0 False 0 0 False 1.0 1.0 0.0 0.0 0.0 0.0 0.0 0.0 0.0 0.0 0.0 0.0 0.0 0.0 0.0 0.0 0 0.0 0 0.0 0.0 0.0 0.0 1 1 1.0 0.0 0.0 1.0 1.0 1.0 1.0 1.0 20.0 0.0 0.0 20.0 20.0 20.0 20.0 20.0 1 1.0 0.0 0.0 0.0 0.0 0.0 0.0 0.0 1.0 1.0 0.0 0.0 0.0 0.0 0.0 0.0 0.0 0.0 0.0 0.0 0.0 0.0 0.0 0.0
40 13 2 2.907117600000106 0.740288699999951 0.0 3.647406300000057 3.979653200000257 5.57010750000029 2.799109200000146 516.51171875 509.48046875 44 44 1.0 44 20 20 False 0 0 False 2.2 2.2 2.1908902300206643 2.1908902300206643 0.9958591954639382 0.9958591954639382 1.0 1.0 1.0 1.0 1.0 1.0 3.0 3.0 10.0 10.0 0 0.0 0 0.0 5.302829433425139 0.0 1.1547005383792515 2 2 1.0 0.0 0.0 1.0 1.0 1.0 1.0 1.0 22.0 2.8284271247461903 0.128564869306645 20.0 21.0 22.0 23.0 24.0 2 10.0 0.0 0.0 10.0 10.0 10.0 10.0 10.0 22.0 22.0 2.8284271247461903 2.8284271247461903 0.128564869306645 0.0 20.0 0.0 21.0 0.0 22.0 0.0 23.0 0.0 24.0 0.0
41 13 1 5.933463299999801 1.794256599999926 0.0 7.727719899999727 6.627664100000118 13.297827400000017 3.357439200000016 528.8203125 524.3515625 71 71 1.0 0 44 44 False 0 0 False 1.6136363636363635 1.6136363636363635 1.016512713767804 1.016512713767804 0.6299515409265265 0.6299515409265265 1.0 1.0 1.0 1.0 1.0 1.0 2.0 2.0 6.0 6.0 0 0.0 0 0.0 2.596634423745191 1.0954451150103321 3.029026246172192 0 0 0.0 0.0 0.0 0.0 0.0 0.0 0.0 0.0 0.0 0.0 0.0 0.0 0.0 0.0 0.0 0.0 4 11.0 1.1547005383792515 0.10497277621629558 10.0 10.0 11.0 12.0 12.0 17.75 17.75 3.095695936834452 3.095695936834452 0.17440540489208178 0.0 15.0 0.0 15.75 0.0 17.0 0.0 19.0 0.0 22.0 0.0
42 14 3 1.1336801000002765 0.8078047999999853 0.0 1.9414849000002619 1.9414849000002619 1.9414849000002619 1.9414849000002619 507.0546875 499.96484375 20 20 1.0 20 1 0 False 0 0 False 1.0 1.0 0.0 0.0 0.0 0.0 0.0 0.0 0.0 0.0 0.0 0.0 0.0 0.0 0.0 0.0 0 0.0 0 0.0 0.0 0.0 0.0 1 1 1.0 0.0 0.0 1.0 1.0 1.0 1.0 1.0 20.0 0.0 0.0 20.0 20.0 20.0 20.0 20.0 1 1.0 0.0 0.0 0.0 0.0 0.0 0.0 0.0 1.0 1.0 0.0 0.0 0.0 0.0 0.0 0.0 0.0 0.0 0.0 0.0 0.0 0.0 0.0 0.0
43 14 2 2.946597999999824 0.9300041000002466 0.0 3.8766021000000705 4.48504620000034 5.818087000000332 2.923554600000159 529.05859375 523.40625 44 44 1.0 44 20 20 False 0 0 False 2.2 2.2 2.1667341419992585 2.1667341419992585 0.9848791554542083 0.9848791554542083 1.0 1.0 1.0 1.0 1.0 1.0 2.25 2.25 10.0 10.0 0 0.0 0 0.0 6.20564259364008 0.0 2.309401076758503 2 2 1.0 0.0 0.0 1.0 1.0 1.0 1.0 1.0 22.0 5.656854249492381 0.25712973861329 18.0 20.0 22.0 24.0 26.0 2 10.0 0.0 0.0 10.0 10.0 10.0 10.0 10.0 22.0 22.0 5.656854249492381 5.656854249492381 0.25712973861329 0.0 18.0 0.0 20.0 0.0 22.0 0.0 24.0 0.0 26.0 0.0
44 14 1 5.939286100000061 1.7501055999999835 0.0 7.689391700000044 7.2002779000002874 13.507478700000377 3.4101576000000904 543.53515625 540.84765625 71 71 1.0 0 44 44 False 0 0 False 1.6136363636363635 1.6136363636363635 1.039138934483047 1.039138934483047 0.6439734241866771 0.6439734241866771 1.0 1.0 1.0 1.0 1.0 1.0 2.0 2.0 6.0 6.0 0 0.0 0 0.0 2.2585352343850387 2.1908902300206643 4.095729483254479 0 0 0.0 0.0 0.0 0.0 0.0 0.0 0.0 0.0 0.0 0.0 0.0 0.0 0.0 0.0 0.0 0.0 4 11.0 2.309401076758503 0.20994555243259116 9.0 9.0 11.0 13.0 13.0 17.75 17.75 4.112987559751022 4.112987559751022 0.23171760900005758 0.0 14.0 0.0 14.75 0.0 17.0 0.0 20.0 0.0 23.0 0.0
45 15 3 1.1382360999999719 0.8738609999998062 0.0 2.012097099999778 2.012097099999778 2.012097099999778 2.012097099999778 520.40234375 513.37109375 20 20 1.0 20 1 0 False 0 0 False 1.0 1.0 0.0 0.0 0.0 0.0 0.0 0.0 0.0 0.0 0.0 0.0 0.0 0.0 0.0 0.0 0 0.0 0 0.0 0.0 0.0 0.0 1 1 1.0 0.0 0.0 1.0 1.0 1.0 1.0 1.0 20.0 0.0 0.0 20.0 20.0 20.0 20.0 20.0 1 1.0 0.0 0.0 0.0 0.0 0.0 0.0 0.0 1.0 1.0 0.0 0.0 0.0 0.0 0.0 0.0 0.0 0.0 0.0 0.0 0.0 0.0 0.0 0.0
46 15 2 2.963406500000019 0.9605502000001138 0.0 3.923956700000133 4.600568099999919 5.936053799999911 2.9822504999999353 540.90234375 535.55859375 44 44 1.0 44 20 20 False 0 0 False 2.2 2.2 2.142305693455191 2.142305693455191 0.9737753152069049 0.9737753152069049 1.0 1.0 1.0 1.0 1.0 1.0 3.0 3.0 10.0 10.0 0 0.0 0 0.0 6.42884126417817 0.0 2.309401076758503 2 2 1.0 0.0 0.0 1.0 1.0 1.0 1.0 1.0 22.0 5.656854249492381 0.25712973861329 18.0 20.0 22.0 24.0 26.0 2 10.0 0.0 0.0 10.0 10.0 10.0 10.0 10.0 22.0 22.0 5.656854249492381 5.656854249492381 0.25712973861329 0.0 18.0 0.0 20.0 0.0 22.0 0.0 24.0 0.0 26.0 0.0
47 15 1 6.443529300000023 2.2473812000000635 0.0 8.690910500000086 7.387379399999929 14.626964299999997 3.6900146499999806 556.9453125 553.7578125 75 75 1.0 0 44 44 False 0 0 False 1.7045454545454546 1.7045454545454546 1.04724545565854 1.04724545565854 0.6143840006530101 0.6143840006530101 1.0 1.0 1.0 1.0 1.0 1.0 2.0 2.0 6.0 6.0 0 0.0 0 0.0 1.8251995249246373 2.1908902300206643 2.7883686987197374 0 0 0.0 0.0 0.0 0.0 0.0 0.0 0.0 0.0 0.0 0.0 0.0 0.0 0.0 0.0 0.0 0.0 4 11.0 2.309401076758503 0.20994555243259116 9.0 9.0 11.0 13.0 13.0 18.75 18.75 3.304037933599835 3.304037933599835 0.17621535645865785 0.0 15.0 0.0 17.25 0.0 18.5 0.0 20.0 0.0 23.0 0.0
48 16 3 1.1433529000000817 0.8552091999998765 0.0 1.9985620999999583 1.9985620999999583 1.9985620999999583 1.9985620999999583 530.375 523.28515625 20 20 1.0 20 1 0 False 0 0 False 1.0 1.0 0.0 0.0 0.0 0.0 0.0 0.0 0.0 0.0 0.0 0.0 0.0 0.0 0.0 0.0 0 0.0 0 0.0 0.0 0.0 0.0 1 1 1.0 0.0 0.0 1.0 1.0 1.0 1.0 1.0 20.0 0.0 0.0 20.0 20.0 20.0 20.0 20.0 1 1.0 0.0 0.0 0.0 0.0 0.0 0.0 0.0 1.0 1.0 0.0 0.0 0.0 0.0 0.0 0.0 0.0 0.0 0.0 0.0 0.0 0.0 0.0 0.0
49 16 2 3.0370712999999796 1.45881559999998 0.0 4.4958868999999595 5.616703199999847 6.494448999999918 3.261886049999987 564.640625 568.2734375 44 44 1.0 44 20 20 False 0 0 False 2.2 2.2 2.0416711421361615 2.0416711421361615 0.9280323373346188 0.9280323373346188 1.0 1.0 1.0 1.0 2.0 2.0 2.25 2.25 10.0 10.0 0 0.0 0 0.0 7.181225522151493 0.0 4.618802153517006 2 2 1.0 0.0 0.0 1.0 1.0 1.0 1.0 1.0 22.0 11.313708498984761 0.51425947722658 14.0 18.0 22.0 26.0 30.0 2 10.0 0.0 0.0 10.0 10.0 10.0 10.0 10.0 22.0 22.0 11.313708498984761 11.313708498984761 0.51425947722658 0.0 14.0 0.0 18.0 0.0 22.0 0.0 26.0 0.0 30.0 0.0
50 16 1 6.102904600000045 2.6367347000001473 0.0 8.739639300000192 8.84603989999988 15.23408830000011 3.8415467250000432 581.49609375 582.85546875 71 71 1.0 0 44 44 False 0 0 False 1.6136363636363635 1.6136363636363635 0.9453905084834814 0.9453905084834814 0.5858758080742702 0.5858758080742702 1.0 1.0 1.0 1.0 1.0 1.0 2.0 2.0 6.0 6.0 0 0.0 0 0.0 2.248449879251067 4.381780460041329 8.42466616549285 0 0 0.0 0.0 0.0 0.0 0.0 0.0 0.0 0.0 0.0 0.0 0.0 0.0 0.0 0.0 0.0 0.0 4 11.0 4.618802153517006 0.41989110486518233 7.0 7.0 11.0 15.0 15.0 17.75 17.75 8.5 8.5 0.4788732394366197 0.0 9.0 0.0 11.25 0.0 18.0 0.0 24.5 0.0 26.0 0.0
51 17 3 1.1266710999999532 0.8654153999999608 0.0 1.992086499999914 1.992086499999914 1.992086499999914 1.992086499999914 546.02734375 539.18359375 20 20 1.0 20 1 0 False 0 0 False 1.0 1.0 0.0 0.0 0.0 0.0 0.0 0.0 0.0 0.0 0.0 0.0 0.0 0.0 0.0 0.0 0 0.0 0 0.0 0.0 0.0 0.0 1 1 1.0 0.0 0.0 1.0 1.0 1.0 1.0 1.0 20.0 0.0 0.0 20.0 20.0 20.0 20.0 20.0 1 1.0 0.0 0.0 0.0 0.0 0.0 0.0 0.0 1.0 1.0 0.0 0.0 0.0 0.0 0.0 0.0 0.0 0.0 0.0 0.0 0.0 0.0 0.0 0.0
52 17 2 2.9327342000002545 0.8816850999999133 0.0 3.814419300000168 4.437355699999841 5.806505800000082 2.9175061500000368 568.47265625 562.86328125 44 44 1.0 44 20 20 False 0 0 False 2.2 2.2 2.0416711421361615 2.0416711421361615 0.9280323373346188 0.9280323373346188 1.0 1.0 1.0 1.0 2.0 2.0 2.25 2.25 10.0 10.0 0 0.0 0 0.0 5.39444158370447 0.0 2.309401076758503 2 2 1.0 0.0 0.0 1.0 1.0 1.0 1.0 1.0 22.0 5.656854249492381 0.25712973861329 18.0 20.0 22.0 24.0 26.0 2 10.0 0.0 0.0 10.0 10.0 10.0 10.0 10.0 22.0 22.0 5.656854249492381 5.656854249492381 0.25712973861329 0.0 18.0 0.0 20.0 0.0 22.0 0.0 24.0 0.0 26.0 0.0
53 17 1 7.515820500000075 3.0566584999999122 0.0 10.572478999999987 7.209709699999564 16.37898480000007 4.127789825000036 598.8046875 603.984375 83 83 1.0 0 44 44 False 0 0 False 1.8863636363636365 1.8863636363636365 1.5434167637271248 1.5434167637271248 0.8181968386023312 0.8181968386023312 1.0 1.0 1.0 1.0 1.0 1.0 2.0 2.0 9.0 9.0 0 0.0 0 0.0 5.706831305875357 2.1908902300206643 3.4022051672408 0 0 0.0 0.0 0.0 0.0 0.0 0.0 0.0 0.0 0.0 0.0 0.0 0.0 0.0 0.0 0.0 0.0 4 11.0 2.309401076758503 0.20994555243259116 9.0 9.0 11.0 13.0 13.0 20.75 20.75 6.34428877022476 6.34428877022476 0.305748856396374 0.0 13.0 0.0 17.5 0.0 21.0 0.0 24.25 0.0 28.0 0.0
54 18 3 1.1285137999999506 0.9740094000001136 0.0 2.102523200000064 2.102523200000064 2.102523200000064 2.102523200000064 560.3046875 553.7578125 20 20 1.0 20 1 0 False 0 0 False 1.0 1.0 0.0 0.0 0.0 0.0 0.0 0.0 0.0 0.0 0.0 0.0 0.0 0.0 0.0 0.0 0 0.0 0 0.0 0.0 0.0 0.0 1 1 1.0 0.0 0.0 1.0 1.0 1.0 1.0 1.0 20.0 0.0 0.0 20.0 20.0 20.0 20.0 20.0 1 1.0 0.0 0.0 0.0 0.0 0.0 0.0 0.0 1.0 1.0 0.0 0.0 0.0 0.0 0.0 0.0 0.0 0.0 0.0 0.0 0.0 0.0 0.0 0.0
55 18 2 2.9909364999999184 1.5340164000000982 0.0 4.524952900000017 5.750644000000136 6.627476100000081 3.3278917000000092 591.9609375 595.7734375 44 44 1.0 44 20 20 False 0 0 False 2.2 2.2 2.0925934551223877 2.0925934551223877 0.9511788432374488 0.9511788432374488 1.0 1.0 1.0 1.0 1.0 1.0 3.0 3.0 10.0 10.0 0 0.0 0 0.0 7.3095827514297955 0.0 4.618802153517006 2 2 1.0 0.0 0.0 1.0 1.0 1.0 1.0 1.0 22.0 11.313708498984761 0.51425947722658 14.0 18.0 22.0 26.0 30.0 2 10.0 0.0 0.0 10.0 10.0 10.0 10.0 10.0 22.0 22.0 11.313708498984761 11.313708498984761 0.51425947722658 0.0 14.0 0.0 18.0 0.0 22.0 0.0 26.0 0.0 30.0 0.0
56 18 1 8.066633700000068 6.446961600000066 0.0 14.513595300000134 9.526907100000187 21.141071400000214 5.317917800000018 611.40625 612.50390625 87 87 1.0 0 44 44 True 0 0 False 1.9772727272727273 1.9772727272727273 1.4531077725796877 1.4531077725796877 0.7521969646294854 0.7521969646294854 1.0 1.0 1.0 1.0 1.0 1.0 2.0 2.0 8.0 8.0 0 0.0 0 0.0 4.486866739774636 4.381780460041329 4.834769901453429 0 0 0.0 0.0 0.0 0.0 0.0 0.0 0.0 0.0 0.0 0.0 0.0 0.0 0.0 0.0 0.0 0.0 4 11.0 4.618802153517006 0.41989110486518233 7.0 7.0 11.0 15.0 15.0 21.75 21.75 6.849574196011505 6.849574196011505 0.3149229515407589 0.0 12.0 0.0 20.25 0.0 23.5 0.0 25.0 0.0 28.0 0.0
57 19 3 1.1346254000000613 0.8267010000000141 0.0 1.9613264000000754 1.9613264000000754 1.9613264000000754 1.9613264000000754 577.15234375 570.6171875 20 20 1.0 20 1 0 False 0 0 False 1.0 1.0 0.0 0.0 0.0 0.0 0.0 0.0 0.0 0.0 0.0 0.0 0.0 0.0 0.0 0.0 0 0.0 0 0.0 0.0 0.0 0.0 1 1 1.0 0.0 0.0 1.0 1.0 1.0 1.0 1.0 20.0 0.0 0.0 20.0 20.0 20.0 20.0 20.0 1 1.0 0.0 0.0 0.0 0.0 0.0 0.0 0.0 1.0 1.0 0.0 0.0 0.0 0.0 0.0 0.0 0.0 0.0 0.0 0.0 0.0 0.0 0.0 0.0
58 19 2 2.9228237999999465 0.7579032000000439 0.0 3.6807269999999903 4.055446900000277 5.642053400000066 2.8353744000000347 601.1171875 598.375 44 44 1.0 44 20 20 False 0 0 False 2.2 2.2 2.0416711421361615 2.0416711421361615 0.9280323373346188 0.9280323373346188 1.0 1.0 1.0 1.0 2.0 2.0 2.25 2.25 10.0 10.0 0 0.0 0 0.0 4.82078831727758 0.0 1.1547005383792515 2 2 1.0 0.0 0.0 1.0 1.0 1.0 1.0 1.0 22.0 2.8284271247461903 0.128564869306645 20.0 21.0 22.0 23.0 24.0 2 10.0 0.0 0.0 10.0 10.0 10.0 10.0 10.0 22.0 22.0 2.8284271247461903 2.8284271247461903 0.128564869306645 0.0 20.0 0.0 21.0 0.0 22.0 0.0 23.0 0.0 24.0 0.0
59 19 1 7.717737000000227 3.454905500000393 0.0 11.17264250000062 7.424473300000443 16.814695900000686 4.23677595000018 624.28125 620.6796875 85 85 1.0 0 44 44 False 0 0 False 1.9318181818181819 1.9318181818181819 1.9812813245734675 1.9812813245734675 1.025604450367442 1.025604450367442 1.0 1.0 1.0 1.0 1.0 1.0 2.0 2.0 13.0 13.0 0 0.0 0 0.0 4.325681286808049 1.0954451150103321 2.8591956910991594 0 0 0.0 0.0 0.0 0.0 0.0 0.0 0.0 0.0 0.0 0.0 0.0 0.0 0.0 0.0 0.0 0.0 4 11.0 1.1547005383792515 0.10497277621629558 10.0 10.0 11.0 12.0 12.0 21.25 21.25 5.123475382979799 5.123475382979799 0.2411047239049317 0.0 16.0 0.0 17.5 0.0 21.0 0.0 24.75 0.0 27.0 0.0
60 20 3 1.1342374000000177 0.8152764000002435 0.0 1.9495138000002612 1.9495138000002612 1.9495138000002612 1.9495138000002612 593.90625 587.16015625 20 20 1.0 20 1 0 False 0 0 False 1.0 1.0 0.0 0.0 0.0 0.0 0.0 0.0 0.0 0.0 0.0 0.0 0.0 0.0 0.0 0.0 0 0.0 0 0.0 0.0 0.0 0.0 1 1 1.0 0.0 0.0 1.0 1.0 1.0 1.0 1.0 20.0 0.0 0.0 20.0 20.0 20.0 20.0 20.0 1 1.0 0.0 0.0 0.0 0.0 0.0 0.0 0.0 1.0 1.0 0.0 0.0 0.0 0.0 0.0 0.0 0.0 0.0 0.0 0.0 0.0 0.0 0.0 0.0
61 20 2 2.9175333999997406 0.8034984000001373 0.0 3.721031799999878 4.346362300000294 5.670545600000139 2.849446150000091 615.125 610.26171875 44 44 1.0 44 20 20 False 0 0 False 2.2 2.2 2.067289096988207 2.067289096988207 0.9396768622673667 0.9396768622673667 1.0 1.0 1.0 1.0 1.5 1.5 3.0 3.0 10.0 10.0 0 0.0 0 0.0 6.077828559609096 0.0 2.309401076758503 2 2 1.0 0.0 0.0 1.0 1.0 1.0 1.0 1.0 22.0 5.656854249492381 0.25712973861329 18.0 20.0 22.0 24.0 26.0 2 10.0 0.0 0.0 10.0 10.0 10.0 10.0 10.0 22.0 22.0 5.656854249492381 5.656854249492381 0.25712973861329 0.0 18.0 0.0 20.0 0.0 22.0 0.0 24.0 0.0 26.0 0.0
62 20 1 5.951140199999941 1.7388312000001065 0.0 7.689971400000047 7.080634800000212 13.360517000000186 3.372888800000055 630.0703125 627.921875 71 71 1.0 0 44 44 False 0 0 False 1.6136363636363635 1.6136363636363635 1.016512713767804 1.016512713767804 0.6299515409265265 0.6299515409265265 1.0 1.0 1.0 1.0 1.0 1.0 2.0 2.0 6.0 6.0 0 0.0 0 0.0 2.1353358262599107 2.1908902300206643 4.095729483254479 0 0 0.0 0.0 0.0 0.0 0.0 0.0 0.0 0.0 0.0 0.0 0.0 0.0 0.0 0.0 0.0 0.0 4 11.0 2.309401076758503 0.20994555243259116 9.0 9.0 11.0 13.0 13.0 17.75 17.75 4.112987559751022 4.112987559751022 0.23171760900005758 0.0 14.0 0.0 14.75 0.0 17.0 0.0 20.0 0.0 23.0 0.0
63 21 3 1.1417114999999853 0.7246491000000788 0.0 1.866360600000064 1.866360600000064 1.866360600000064 1.866360600000064 605.22265625 598.63671875 20 20 1.0 20 1 0 False 0 0 False 1.0 1.0 0.0 0.0 0.0 0.0 0.0 0.0 0.0 0.0 0.0 0.0 0.0 0.0 0.0 0.0 0 0.0 0 0.0 0.0 0.0 0.0 1 1 1.0 0.0 0.0 1.0 1.0 1.0 1.0 1.0 20.0 0.0 0.0 20.0 20.0 20.0 20.0 20.0 1 1.0 0.0 0.0 0.0 0.0 0.0 0.0 0.0 1.0 1.0 0.0 0.0 0.0 0.0 0.0 0.0 0.0 0.0 0.0 0.0 0.0 0.0 0.0 0.0
64 21 2 2.948889099999974 0.9070446000000061 0.0 3.85593369999998 4.3111507000000415 5.722294300000044 2.8755351500000472 626.625 621.8359375 44 44 1.0 44 20 20 False 0 0 False 2.2 2.2 2.067289096988207 2.067289096988207 0.9396768622673667 0.9396768622673667 1.0 1.0 1.0 1.0 2.0 2.0 2.0 2.0 10.0 10.0 0 0.0 0 0.0 5.371219600798313 0.0 2.309401076758503 2 2 1.0 0.0 0.0 1.0 1.0 1.0 1.0 1.0 22.0 5.656854249492381 0.25712973861329 18.0 20.0 22.0 24.0 26.0 2 10.0 0.0 0.0 10.0 10.0 10.0 10.0 10.0 22.0 22.0 5.656854249492381 5.656854249492381 0.25712973861329 0.0 18.0 0.0 20.0 0.0 22.0 0.0 24.0 0.0 26.0 0.0
65 21 1 8.057665499999985 4.41308250000003 0.0 12.470748000000015 7.491985399999862 18.19304230000006 4.581299225000009 661.87890625 665.73046875 87 87 1.0 0 44 44 False 0 0 False 1.9772727272727273 1.9772727272727273 1.6209190095492034 1.6209190095492034 0.8197751312662638 0.8197751312662638 1.0 1.0 1.0 1.0 1.0 1.0 2.0 2.0 9.0 9.0 0 0.0 0 0.0 5.882347699924745 2.1908902300206643 3.9717754216471 0 0 0.0 0.0 0.0 0.0 0.0 0.0 0.0 0.0 0.0 0.0 0.0 0.0 0.0 0.0 0.0 0.0 4 11.0 2.309401076758503 0.20994555243259116 9.0 9.0 11.0 13.0 13.0 21.75 21.75 7.365459931328117 7.365459931328117 0.33864183592313185 0.0 13.0 0.0 17.5 0.0 22.0 0.0 26.25 0.0 30.0 0.0
66 22 3 1.1418052999999873 0.7404359999997041 0.0 1.8822412999996914 1.8822412999996914 1.8822412999996914 1.8822412999996914 619.87890625 613.26953125 20 20 1.0 20 1 0 False 0 0 False 1.0 1.0 0.0 0.0 0.0 0.0 0.0 0.0 0.0 0.0 0.0 0.0 0.0 0.0 0.0 0.0 0 0.0 0 0.0 0.0 0.0 0.0 1 1 1.0 0.0 0.0 1.0 1.0 1.0 1.0 1.0 20.0 0.0 0.0 20.0 20.0 20.0 20.0 20.0 1 1.0 0.0 0.0 0.0 0.0 0.0 0.0 0.0 1.0 1.0 0.0 0.0 0.0 0.0 0.0 0.0 0.0 0.0 0.0 0.0 0.0 0.0 0.0 0.0
67 22 2 2.9427466999999297 0.7778559999997015 0.0 3.720602699999631 4.270127999999772 5.6028439999993225 2.815874049999593 642.48046875 637.74609375 44 44 1.0 44 20 20 False 0 0 False 2.2 2.2 2.0925934551223877 2.0925934551223877 0.9511788432374488 0.9511788432374488 1.0 1.0 1.0 1.0 2.0 2.0 2.0 2.0 10.0 10.0 0 0.0 0 0.0 6.311101330195862 0.0 2.309401076758503 2 2 1.0 0.0 0.0 1.0 1.0 1.0 1.0 1.0 22.0 5.656854249492381 0.25712973861329 18.0 20.0 22.0 24.0 26.0 2 10.0 0.0 0.0 10.0 10.0 10.0 10.0 10.0 22.0 22.0 5.656854249492381 5.656854249492381 0.25712973861329 0.0 18.0 0.0 20.0 0.0 22.0 0.0 24.0 0.0 26.0 0.0
68 22 1 6.455246999999986 1.9761807000001 0.0 8.431427700000086 7.033571599999732 14.034271699999408 3.542026199999782 646.59375 646.328125 75 75 1.0 0 44 44 False 0 0 False 1.7045454545454546 1.7045454545454546 1.1729419473440803 1.1729419473440803 0.6881259424418604 0.6881259424418604 1.0 1.0 1.0 1.0 1.0 1.0 2.0 2.0 6.0 6.0 0 0.0 0 0.0 1.9326869704170488 2.1908902300206643 2.7883686987197374 0 0 0.0 0.0 0.0 0.0 0.0 0.0 0.0 0.0 0.0 0.0 0.0 0.0 0.0 0.0 0.0 0.0 4 11.0 2.309401076758503 0.20994555243259116 9.0 9.0 11.0 13.0 13.0 18.75 18.75 3.304037933599835 3.304037933599835 0.17621535645865785 0.0 15.0 0.0 17.25 0.0 18.5 0.0 20.0 0.0 23.0 0.0
69 23 3 1.1306342999997696 0.7257655999997041 0.0 1.8563998999994737 1.8563998999994737 1.8563998999994737 1.8563998999994737 626.2734375 619.94140625 20 20 1.0 20 1 0 False 0 0 False 1.0 1.0 0.0 0.0 0.0 0.0 0.0 0.0 0.0 0.0 0.0 0.0 0.0 0.0 0.0 0.0 0 0.0 0 0.0 0.0 0.0 0.0 1 1 1.0 0.0 0.0 1.0 1.0 1.0 1.0 1.0 20.0 0.0 0.0 20.0 20.0 20.0 20.0 20.0 1 1.0 0.0 0.0 0.0 0.0 0.0 0.0 0.0 1.0 1.0 0.0 0.0 0.0 0.0 0.0 0.0 0.0 0.0 0.0 0.0 0.0 0.0 0.0 0.0
70 23 2 2.8844110000001137 1.3639429999999493 0.0 4.248354000000063 5.48673629999962 6.104753899999537 3.0665028999998185 661.1015625 664.55859375 42 42 1.0 42 20 20 False 0 0 False 2.1 2.1 2.125038699338017 2.125038699338017 1.0119231901609604 1.0119231901609604 1.0 1.0 1.0 1.0 1.0 1.0 2.0 2.0 10.0 10.0 0 0.0 0 0.0 7.887014644337867 0.0 5.773502691896258 2 2 1.0 0.0 0.0 1.0 1.0 1.0 1.0 1.0 21.0 14.142135623730951 0.6734350297014738 11.0 16.0 21.0 26.0 31.0 2 10.0 0.0 0.0 10.0 10.0 10.0 10.0 10.0 21.0 21.0 14.142135623730951 14.142135623730951 0.6734350297014738 0.0 11.0 0.0 16.0 0.0 21.0 0.0 26.0 0.0 31.0 0.0
71 23 1 6.461656900000207 3.1295144999996864 0.0 9.591171399999894 9.725834599999644 15.69592529999943 3.956591374999931 691.61328125 690.83984375 71 71 1.0 0 42 42 False 0 0 False 1.6904761904761905 1.6904761904761905 0.9750070728472726 0.9750070728472726 0.5767647473181049 0.5767647473181049 1.0 1.0 1.0 1.0 1.0 1.0 2.0 2.0 6.0 6.0 0 0.0 0 0.0 3.043073867632857 5.300943312279429 11.509778451386456 0 0 0.0 0.0 0.0 0.0 0.0 0.0 0.0 0.0 0.0 0.0 0.0 0.0 0.0 0.0 0.0 0.0 4 10.5 5.802298395176403 0.5525998471596575 5.0 5.75 10.5 15.25 16.0 17.75 17.75 12.446552400832395 12.446552400832395 0.7012142197652054 0.0 6.0 0.0 7.5 0.0 18.0 0.0 28.25 0.0 29.0 0.0
72 24 3 1.134356900000057 0.682675800000311 0.0 1.817032700000368 1.817032700000368 1.817032700000368 1.817032700000368 644.890625 638.8046875 20 20 1.0 20 1 0 False 0 0 False 1.0 1.0 0.0 0.0 0.0 0.0 0.0 0.0 0.0 0.0 0.0 0.0 0.0 0.0 0.0 0.0 0 0.0 0 0.0 0.0 0.0 0.0 1 1 1.0 0.0 0.0 1.0 1.0 1.0 1.0 1.0 20.0 0.0 0.0 20.0 20.0 20.0 20.0 20.0 1 1.0 0.0 0.0 0.0 0.0 0.0 0.0 0.0 1.0 1.0 0.0 0.0 0.0 0.0 0.0 0.0 0.0 0.0 0.0 0.0 0.0 0.0 0.0 0.0
73 24 2 2.8781263999999283 1.351663599999938 0.0 4.229789999999866 5.429979800000524 6.046822700000234 3.0380408000001466 678.90625 682.6015625 42 42 1.0 42 20 20 False 0 0 False 2.1 2.1 2.0235456115702615 2.0235456115702615 0.9635931483667911 0.9635931483667911 1.0 1.0 1.0 1.0 1.5 1.5 2.25 2.25 10.0 10.0 0 0.0 0 0.0 7.4124894603635 0.0 5.773502691896258 2 2 1.0 0.0 0.0 1.0 1.0 1.0 1.0 1.0 21.0 14.142135623730951 0.6734350297014738 11.0 16.0 21.0 26.0 31.0 2 10.0 0.0 0.0 10.0 10.0 10.0 10.0 10.0 21.0 21.0 14.142135623730951 14.142135623730951 0.6734350297014738 0.0 11.0 0.0 16.0 0.0 21.0 0.0 26.0 0.0 31.0 0.0
74 24 1 6.605151500000261 3.064719900000455 0.0 9.669871400000716 9.720196900000701 15.71669410000095 3.962232200000244 705.89453125 707.25390625 72 72 1.0 0 42 42 False 0 0 False 1.7142857142857142 1.7142857142857142 1.0657807005862698 1.0657807005862698 0.6217054086753241 0.6217054086753241 1.0 1.0 1.0 1.0 1.0 1.0 2.0 2.0 6.0 6.0 0 0.0 0 0.0 3.444407870480978 5.300943312279429 11.541230437002806 0 0 0.0 0.0 0.0 0.0 0.0 0.0 0.0 0.0 0.0 0.0 0.0 0.0 0.0 0.0 0.0 0.0 4 10.5 5.802298395176403 0.5525998471596575 5.0 5.75 10.5 15.25 16.0 18.0 18.0 12.24744871391589 12.24744871391589 0.6804138174397717 0.0 6.0 0.0 8.25 0.0 18.0 0.0 27.75 0.0 30.0 0.0
75 25 3 1.152510699999425 0.8024793000003001 0.0 1.9549899999997251 1.9549899999997251 1.9549899999997251 1.9549899999997251 659.16015625 653.15234375 20 20 1.0 20 1 0 False 0 0 False 1.0 1.0 0.0 0.0 0.0 0.0 0.0 0.0 0.0 0.0 0.0 0.0 0.0 0.0 0.0 0.0 0 0.0 0 0.0 0.0 0.0 0.0 1 1 1.0 0.0 0.0 1.0 1.0 1.0 1.0 1.0 20.0 0.0 0.0 20.0 20.0 20.0 20.0 20.0 1 1.0 0.0 0.0 0.0 0.0 0.0 0.0 0.0 1.0 1.0 0.0 0.0 0.0 0.0 0.0 0.0 0.0 0.0 0.0 0.0 0.0 0.0 0.0 0.0
76 25 2 2.9496222999999873 0.8207656000002999 0.0 3.770387900000287 4.404158699999698 5.725377900000012 2.877212600000064 684.99609375 681.62109375 44 44 1.0 44 20 20 False 0 0 False 2.2 2.2 1.98944583661936 1.98944583661936 0.904293562099709 0.904293562099709 1.0 1.0 1.0 1.0 2.0 2.0 2.25 2.25 10.0 10.0 0 0.0 0 0.0 5.803447251418762 0.0 2.309401076758503 2 2 1.0 0.0 0.0 1.0 1.0 1.0 1.0 1.0 22.0 5.656854249492381 0.25712973861329 18.0 20.0 22.0 24.0 26.0 2 10.0 0.0 0.0 10.0 10.0 10.0 10.0 10.0 22.0 22.0 5.656854249492381 5.656854249492381 0.25712973861329 0.0 18.0 0.0 20.0 0.0 22.0 0.0 24.0 0.0 26.0 0.0
77 25 1 7.765825199999995 3.775947500000143 0.0 11.541772700000138 7.622262099999375 17.26715060000015 4.3499404500000765 706.890625 703.4453125 85 85 1.0 0 44 44 False 0 0 False 1.9318181818181819 1.9318181818181819 2.117454892550799 2.117454892550799 1.0960942973204135 1.0960942973204135 1.0 1.0 1.0 1.0 1.0 1.0 2.0 2.0 14.0 14.0 0 0.0 0 0.0 4.295845340568332 2.1908902300206643 2.7883686987197374 0 0 0.0 0.0 0.0 0.0 0.0 0.0 0.0 0.0 0.0 0.0 0.0 0.0 0.0 0.0 0.0 0.0 4 11.0 2.309401076758503 0.20994555243259116 9.0 9.0 11.0 13.0 13.0 21.25 21.25 5.188127472091127 5.188127472091127 0.2441471751572295 0.0 15.0 0.0 18.0 0.0 22.0 0.0 25.25 0.0 26.0 0.0
78 26 3 1.1458171000003858 0.7645757999999887 0.0 1.9103929000003745 1.9103929000003745 1.9103929000003745 1.9103929000003745 666.41015625 662.734375 20 20 1.0 20 1 0 False 0 0 False 1.0 1.0 0.0 0.0 0.0 0.0 0.0 0.0 0.0 0.0 0.0 0.0 0.0 0.0 0.0 0.0 0 0.0 0 0.0 0.0 0.0 0.0 1 1 1.0 0.0 0.0 1.0 1.0 1.0 1.0 1.0 20.0 0.0 0.0 20.0 20.0 20.0 20.0 20.0 1 1.0 0.0 0.0 0.0 0.0 0.0 0.0 0.0 1.0 1.0 0.0 0.0 0.0 0.0 0.0 0.0 0.0 0.0 0.0 0.0 0.0 0.0 0.0 0.0
79 26 2 2.9332081999999673 0.848832800000082 0.0 3.7820410000000493 4.347076500000185 5.692433900000424 3.1049647500002493 695.82421875 693.42578125 44 44 1.0 44 20 20 False 0 0 False 2.2 2.2 2.067289096988207 2.067289096988207 0.9396768622673667 0.9396768622673667 1.0 1.0 1.0 1.0 2.0 2.0 2.0 2.0 10.0 10.0 0 0.0 0 0.0 5.923681287847954 0.0 2.309401076758503 2 2 1.0 0.0 0.0 1.0 1.0 1.0 1.0 1.0 22.0 5.656854249492381 0.25712973861329 18.0 20.0 22.0 24.0 26.0 2 10.0 0.0 0.0 10.0 10.0 10.0 10.0 10.0 22.0 22.0 5.656854249492381 5.656854249492381 0.25712973861329 0.0 18.0 0.0 20.0 0.0 22.0 0.0 24.0 0.0 26.0 0.0
80 26 1 6.412207299999977 1.963711399999852 0.0 8.37591869999983 7.09344880000026 14.068352600000253 3.6725712500000895 711.6796875 710.50390625 75 75 1.0 0 44 44 False 0 0 False 1.7045454545454546 1.7045454545454546 1.2309864725334123 1.2309864725334123 0.7221787305529352 0.7221787305529352 1.0 1.0 1.0 1.0 1.0 1.0 2.0 2.0 7.0 7.0 0 0.0 0 0.0 2.122963292310035 2.1908902300206643 2.7883686987197374 0 0 0.0 0.0 0.0 0.0 0.0 0.0 0.0 0.0 0.0 0.0 0.0 0.0 0.0 0.0 0.0 0.0 4 11.0 2.309401076758503 0.20994555243259116 9.0 9.0 11.0 13.0 13.0 18.75 18.75 3.304037933599835 3.304037933599835 0.17621535645865785 0.0 15.0 0.0 17.25 0.0 18.5 0.0 20.0 0.0 23.0 0.0
81 27 3 1.1455135000001064 0.7534311999997954 0.0 1.8989446999999018 1.8989446999999018 1.8989446999999018 1.8989446999999018 684.6796875 678.74609375 20 20 1.0 20 1 0 False 0 0 False 1.0 1.0 0.0 0.0 0.0 0.0 0.0 0.0 0.0 0.0 0.0 0.0 0.0 0.0 0.0 0.0 0 0.0 0 0.0 0.0 0.0 0.0 1 1 1.0 0.0 0.0 1.0 1.0 1.0 1.0 1.0 20.0 0.0 0.0 20.0 20.0 20.0 20.0 20.0 1 1.0 0.0 0.0 0.0 0.0 0.0 0.0 0.0 1.0 1.0 0.0 0.0 0.0 0.0 0.0 0.0 0.0 0.0 0.0 0.0 0.0 0.0 0.0 0.0
82 27 2 2.9549434999997857 0.9347510000001193 0.0 3.889694499999905 4.379996899999696 5.788639199999807 2.9083714499998337 709.33203125 705.87109375 44 44 1.0 44 20 20 False 0 0 False 2.2 2.2 2.0416711421361615 2.0416711421361615 0.9280323373346188 0.9280323373346188 1.0 1.0 1.0 1.0 2.0 2.0 2.25 2.25 10.0 10.0 0 0.0 0 0.0 5.507267925205745 0.0 2.309401076758503 2 2 1.0 0.0 0.0 1.0 1.0 1.0 1.0 1.0 22.0 5.656854249492381 0.25712973861329 18.0 20.0 22.0 24.0 26.0 2 10.0 0.0 0.0 10.0 10.0 10.0 10.0 10.0 22.0 22.0 5.656854249492381 5.656854249492381 0.25712973861329 0.0 18.0 0.0 20.0 0.0 22.0 0.0 24.0 0.0 26.0 0.0
83 27 1 6.1726951000003965 1.8977423000000044 0.0 8.0704374000004 7.128494899999737 13.859076600000208 3.4977227249999885 726.6171875 724.79296875 73 73 1.0 0 44 44 False 0 0 False 1.6590909090909092 1.6590909090909092 1.140036348220648 1.140036348220648 0.6871451961877878 0.6871451961877878 1.0 1.0 1.0 1.0 1.0 1.0 2.0 2.0 6.0 6.0 0 0.0 0 0.0 1.7544954067284995 2.1908902300206643 3.2519225083018197 0 0 0.0 0.0 0.0 0.0 0.0 0.0 0.0 0.0 0.0 0.0 0.0 0.0 0.0 0.0 0.0 0.0 4 11.0 2.309401076758503 0.20994555243259116 9.0 9.0 11.0 13.0 13.0 18.25 18.25 4.112987559751022 4.112987559751022 0.2253691813562204 0.0 13.0 0.0 16.75 0.0 18.5 0.0 20.0 0.0 23.0 0.0
84 28 3 1.1343873999999232 0.750311999999667 0.0 1.8846993999995902 1.8846993999995902 1.8846993999995902 1.8846993999995902 699.78125 693.83984375 20 20 1.0 20 1 0 False 0 0 False 1.0 1.0 0.0 0.0 0.0 0.0 0.0 0.0 0.0 0.0 0.0 0.0 0.0 0.0 0.0 0.0 0 0.0 0 0.0 0.0 0.0 0.0 1 1 1.0 0.0 0.0 1.0 1.0 1.0 1.0 1.0 20.0 0.0 0.0 20.0 20.0 20.0 20.0 20.0 1 1.0 0.0 0.0 0.0 0.0 0.0 0.0 0.0 1.0 1.0 0.0 0.0 0.0 0.0 0.0 0.0 0.0 0.0 0.0 0.0 0.0 0.0 0.0 0.0
85 28 2 2.951721399999542 0.8007350000000315 0.0 3.7524563999995735 4.299408899999207 5.637155799999164 2.832656699999575 723.5859375 719.95703125 44 44 1.0 44 20 20 False 0 0 False 2.2 2.2 2.0925934551223877 2.0925934551223877 0.9511788432374488 0.9511788432374488 1.0 1.0 1.0 1.0 1.0 1.0 3.0 3.0 10.0 10.0 0 0.0 0 0.0 6.113918547053108 0.0 2.309401076758503 2 2 1.0 0.0 0.0 1.0 1.0 1.0 1.0 1.0 22.0 5.656854249492381 0.25712973861329 18.0 20.0 22.0 24.0 26.0 2 10.0 0.0 0.0 10.0 10.0 10.0 10.0 10.0 22.0 22.0 5.656854249492381 5.656854249492381 0.25712973861329 0.0 18.0 0.0 20.0 0.0 22.0 0.0 24.0 0.0 26.0 0.0
86 28 1 8.149246999999946 13.527231200000529 0.0 21.676478200000474 7.611125599999468 27.313633999999638 6.861462124999889 770.96484375 775.84375 87 87 1.0 0 44 44 False 0 0 False 1.9772727272727273 1.9772727272727273 1.7452745018136147 1.7452745018136147 0.8826675641356212 0.8826675641356212 1.0 1.0 1.0 1.0 1.0 1.0 2.0 2.0 10.0 10.0 0 0.0 0 0.0 6.638523154243081 2.1908902300206643 3.7914377220257753 0 0 0.0 0.0 0.0 0.0 0.0 0.0 0.0 0.0 0.0 0.0 0.0 0.0 0.0 0.0 0.0 0.0 4 11.0 2.309401076758503 0.20994555243259116 9.0 9.0 11.0 13.0 13.0 21.75 21.75 6.3966136874651625 6.3966136874651625 0.294097181032881 0.0 15.0 0.0 18.0 0.0 21.0 0.0 24.75 0.0 30.0 0.0
87 29 3 1.1334316000001081 0.6758351999999377 0.0 1.8092668000000458 1.8092668000000458 1.8092668000000458 1.8092668000000458 726.94140625 721.125 20 20 1.0 20 1 0 False 0 0 False 1.0 1.0 0.0 0.0 0.0 0.0 0.0 0.0 0.0 0.0 0.0 0.0 0.0 0.0 0.0 0.0 0 0.0 0 0.0 0.0 0.0 0.0 1 1 1.0 0.0 0.0 1.0 1.0 1.0 1.0 1.0 20.0 0.0 0.0 20.0 20.0 20.0 20.0 20.0 1 1.0 0.0 0.0 0.0 0.0 0.0 0.0 0.0 1.0 1.0 0.0 0.0 0.0 0.0 0.0 0.0 0.0 0.0 0.0 0.0 0.0 0.0 0.0 0.0
88 29 2 2.91420949999997 0.7462299999997413 0.0 3.660439499999711 3.8839384999998856 5.469706299999757 2.7490976999998793 751.265625 749.28515625 44 44 1.0 44 20 20 False 0 0 False 2.2 2.2 2.142305693455191 2.142305693455191 0.9737753152069049 0.9737753152069049 1.0 1.0 1.0 1.0 1.0 1.0 3.0 3.0 10.0 10.0 0 0.0 0 0.0 5.315072906367324 0.0 1.1547005383792515 2 2 1.0 0.0 0.0 1.0 1.0 1.0 1.0 1.0 22.0 2.8284271247461903 0.128564869306645 20.0 21.0 22.0 23.0 24.0 2 10.0 0.0 0.0 10.0 10.0 10.0 10.0 10.0 22.0 22.0 2.8284271247461903 2.8284271247461903 0.128564869306645 0.0 20.0 0.0 21.0 0.0 22.0 0.0 23.0 0.0 24.0 0.0
89 29 1 7.4112341000000015 2.763946799999758 0.0 10.17518089999976 6.817426599999749 15.644887199999516 3.94402934999988 769.19140625 768.2578125 83 83 1.0 0 44 44 False 0 0 False 1.8863636363636365 1.8863636363636365 1.8579296941527084 1.8579296941527084 0.9849265848520381 0.9849265848520381 1.0 1.0 1.0 1.0 1.0 1.0 2.0 2.0 12.0 12.0 0 0.0 0 0.0 3.8025586753315004 1.0954451150103321 2.4031229681395834 0 0 0.0 0.0 0.0 0.0 0.0 0.0 0.0 0.0 0.0 0.0 0.0 0.0 0.0 0.0 0.0 0.0 4 11.0 1.1547005383792515 0.10497277621629558 10.0 10.0 11.0 12.0 12.0 20.75 20.75 4.425306015783918 4.425306015783918 0.21326775979681534 0.0 16.0 0.0 17.5 0.0 21.0 0.0 24.25 0.0 25.0 0.0
90 30 3 1.1300989999998592 1.429172799999833 0.0 2.559271799999692 2.559271799999692 2.559271799999692 2.559271799999692 741.00390625 734.9453125 20 20 1.0 20 1 0 False 0 0 False 1.0 1.0 0.0 0.0 0.0 0.0 0.0 0.0 0.0 0.0 0.0 0.0 0.0 0.0 0.0 0.0 0 0.0 0 0.0 0.0 0.0 0.0 1 1 1.0 0.0 0.0 1.0 1.0 1.0 1.0 1.0 20.0 0.0 0.0 20.0 20.0 20.0 20.0 20.0 1 1.0 0.0 0.0 0.0 0.0 0.0 0.0 0.0 1.0 1.0 0.0 0.0 0.0 0.0 0.0 0.0 0.0 0.0 0.0 0.0 0.0 0.0 0.0 0.0
91 30 2 2.8880349000004344 0.723600199999737 0.0 3.6116351000001714 4.602204299999812 6.1709068999998635 3.0995067499998754 762.6328125 760.5703125 44 44 1.0 44 20 20 False 0 0 False 2.2 2.2 2.0416711421361615 2.0416711421361615 0.9280323373346188 0.9280323373346188 1.0 1.0 1.0 1.0 2.0 2.0 2.25 2.25 10.0 10.0 0 0.0 0 0.0 4.792702786528703 0.0 1.1547005383792515 2 2 1.0 0.0 0.0 1.0 1.0 1.0 1.0 1.0 22.0 2.8284271247461903 0.128564869306645 20.0 21.0 22.0 23.0 24.0 2 10.0 0.0 0.0 10.0 10.0 10.0 10.0 10.0 22.0 22.0 2.8284271247461903 2.8284271247461903 0.128564869306645 0.0 20.0 0.0 21.0 0.0 22.0 0.0 23.0 0.0 24.0 0.0
92 30 1 8.293084900000053 7.664939000000459 0.0 15.958023900000512 7.611920899999291 22.128930800000376 5.565208175000038 796.6875 804.55078125 89 89 1.0 0 44 44 False 0 0 False 2.022727272727273 2.022727272727273 1.836182039458397 1.836182039458397 0.9077753902940389 0.9077753902940389 1.0 1.0 1.0 1.0 1.0 1.0 2.0 2.0 11.0 11.0 0 0.0 0 0.0 5.367366769008606 1.0954451150103321 4.14427315702042 0 0 0.0 0.0 0.0 0.0 0.0 0.0 0.0 0.0 0.0 0.0 0.0 0.0 0.0 0.0 0.0 0.0 4 11.0 1.1547005383792515 0.10497277621629558 10.0 10.0 11.0 12.0 12.0 22.25 22.25 6.751543033509698 6.751543033509698 0.30344013633751454 0.0 16.0 0.0 17.5 0.0 21.0 0.0 25.75 0.0 31.0 0.0
93 31 3 1.1277292999996007 0.8172919999999522 0.0 1.9450212999995529 1.9450212999995529 1.9450212999995529 1.9450212999995529 757.0625 751.03125 20 20 1.0 20 1 0 False 0 0 False 1.0 1.0 0.0 0.0 0.0 0.0 0.0 0.0 0.0 0.0 0.0 0.0 0.0 0.0 0.0 0.0 0 0.0 0 0.0 0.0 0.0 0.0 1 1 1.0 0.0 0.0 1.0 1.0 1.0 1.0 1.0 20.0 0.0 0.0 20.0 20.0 20.0 20.0 20.0 1 1.0 0.0 0.0 0.0 0.0 0.0 0.0 0.0 1.0 1.0 0.0 0.0 0.0 0.0 0.0 0.0 0.0 0.0 0.0 0.0 0.0 0.0 0.0 0.0
94 31 2 2.90340389999983 0.8187404000001379 0.0 3.722144299999968 4.147567499999809 5.667165599999521 2.847936149999782 780.39453125 774.80859375 44 44 1.0 44 20 20 False 0 0 False 2.2 2.2 2.0416711421361615 2.0416711421361615 0.9280323373346188 0.9280323373346188 1.0 1.0 1.0 1.0 2.0 2.0 2.25 2.25 10.0 10.0 0 0.0 0 0.0 5.301886456724624 0.0 1.7320508075688772 2 2 1.0 0.0 0.0 1.0 1.0 1.0 1.0 1.0 22.0 4.242640687119285 0.1928473039599675 19.0 20.5 22.0 23.5 25.0 2 10.0 0.0 0.0 10.0 10.0 10.0 10.0 10.0 22.0 22.0 4.242640687119285 4.242640687119285 0.1928473039599675 0.0 19.0 0.0 20.5 0.0 22.0 0.0 23.5 0.0 25.0 0.0
95 31 1 8.38013350000017 4.54220609999993 0.0 12.9223396000001 6.744080599999961 18.58950519999962 4.680175924999901 807.5859375 803.68359375 89 89 1.0 0 44 44 False 0 0 False 2.022727272727273 2.022727272727273 2.347573079959499 2.347573079959499 1.1605979271709883 1.1605979271709883 1.0 1.0 1.0 1.0 1.0 1.0 2.0 2.0 14.0 14.0 0 0.0 0 0.0 4.678921213165305 1.4832396974191326 3.4022051672408 0 0 0.0 0.0 0.0 0.0 0.0 0.0 0.0 0.0 0.0 0.0 0.0 0.0 0.0 0.0 0.0 0.0 4 11.0 1.8257418583505538 0.16597653257732306 9.0 9.75 11.0 12.25 13.0 22.25 22.25 7.41057802513857 7.41057802513857 0.33305968652308177 0.0 12.0 0.0 19.5 0.0 24.0 0.0 26.75 0.0 29.0 0.0
96 32 3 1.1269548000000214 0.7679240999997319 0.0 1.8948788999997532 1.8948788999997532 1.8948788999997532 1.8948788999997532 770.65625 764.8046875 20 20 1.0 20 1 0 False 0 0 False 1.0 1.0 0.0 0.0 0.0 0.0 0.0 0.0 0.0 0.0 0.0 0.0 0.0 0.0 0.0 0.0 0 0.0 0 0.0 0.0 0.0 0.0 1 1 1.0 0.0 0.0 1.0 1.0 1.0 1.0 1.0 20.0 0.0 0.0 20.0 20.0 20.0 20.0 20.0 1 1.0 0.0 0.0 0.0 0.0 0.0 0.0 0.0 1.0 1.0 0.0 0.0 0.0 0.0 0.0 0.0 0.0 0.0 0.0 0.0 0.0 0.0 0.0 0.0
97 32 2 2.9198751000002403 0.8495453000000452 0.0 3.7694204000002856 4.260115599999949 5.664299300000039 2.84632565000004 793.0078125 787.9921875 44 44 1.0 44 20 20 False 0 0 False 2.2 2.2 2.142305693455191 2.142305693455191 0.9737753152069049 0.9737753152069049 1.0 1.0 1.0 1.0 1.0 1.0 3.0 3.0 10.0 10.0 0 0.0 0 0.0 5.700877125495689 0.0 2.309401076758503 2 2 1.0 0.0 0.0 1.0 1.0 1.0 1.0 1.0 22.0 5.656854249492381 0.25712973861329 18.0 20.0 22.0 24.0 26.0 2 10.0 0.0 0.0 10.0 10.0 10.0 10.0 10.0 22.0 22.0 5.656854249492381 5.656854249492381 0.25712973861329 0.0 18.0 0.0 20.0 0.0 22.0 0.0 24.0 0.0 26.0 0.0
98 32 1 9.510168700000463 20.9666983999997 0.0 30.476867100000163 7.486823400000276 36.1411664000002 9.068487200000021 869.44921875 867.546875 96 96 1.0 0 44 44 False 0 0 False 2.1818181818181817 2.1818181818181817 2.4897251858502543 2.4897251858502543 1.1411240435146999 1.1411240435146999 1.0 1.0 1.0 1.0 1.0 1.0 2.0 2.0 16.0 16.0 0 0.0 0 0.0 10.6379175244123 2.1908902300206643 6.957010852370434 0 0 0.0 0.0 0.0 0.0 0.0 0.0 0.0 0.0 0.0 0.0 0.0 0.0 0.0 0.0 0.0 0.0 4 11.0 2.309401076758503 0.20994555243259116 9.0 9.0 11.0 13.0 13.0 24.0 24.0 11.135528725660043 11.135528725660043 0.46398036356916844 0.0 13.0 0.0 17.5 0.0 22.0 0.0 28.5 0.0 39.0 0.0
99 33 3 1.1286272999999483 0.7320436000001109 0.0 1.8606709000000592 1.8606709000000592 1.8606709000000592 1.8606709000000592 789.61328125 788.1796875 20 20 1.0 20 1 0 False 0 0 False 1.0 1.0 0.0 0.0 0.0 0.0 0.0 0.0 0.0 0.0 0.0 0.0 0.0 0.0 0.0 0.0 0 0.0 0 0.0 0.0 0.0 0.0 1 1 1.0 0.0 0.0 1.0 1.0 1.0 1.0 1.0 20.0 0.0 0.0 20.0 20.0 20.0 20.0 20.0 1 1.0 0.0 0.0 0.0 0.0 0.0 0.0 0.0 1.0 1.0 0.0 0.0 0.0 0.0 0.0 0.0 0.0 0.0 0.0 0.0 0.0 0.0 0.0 0.0
100 33 2 2.9405857000000424 0.8859961999999086 0.0 3.826581899999951 4.332509800000025 5.68725280000001 2.8581093000000237 826.30859375 822.34375 44 44 1.0 44 20 20 False 0 0 False 2.2 2.2 2.067289096988207 2.067289096988207 0.9396768622673667 0.9396768622673667 1.0 1.0 1.0 1.0 1.5 1.5 3.0 3.0 10.0 10.0 0 0.0 0 0.0 5.530822723609932 0.0 2.309401076758503 2 2 1.0 0.0 0.0 1.0 1.0 1.0 1.0 1.0 22.0 5.656854249492381 0.25712973861329 18.0 20.0 22.0 24.0 26.0 2 10.0 0.0 0.0 10.0 10.0 10.0 10.0 10.0 22.0 22.0 5.656854249492381 5.656854249492381 0.25712973861329 0.0 18.0 0.0 20.0 0.0 22.0 0.0 24.0 0.0 26.0 0.0
101 33 1 9.206820200000038 27.715262099999677 0.0 36.922082299999715 7.104603900000029 42.609335099999726 10.685992799999923 891.99609375 890.140625 94 94 1.0 0 44 44 False 0 0 False 2.1363636363636362 2.1363636363636362 3.400348197566456 3.400348197566456 1.5916523477970645 1.5916523477970645 1.0 1.0 1.0 1.0 1.0 1.0 2.0 2.0 23.0 23.0 0 0.0 0 0.0 10.689214074040295 2.1908902300206643 7.286974680894672 0 0 0.0 0.0 0.0 0.0 0.0 0.0 0.0 0.0 0.0 0.0 0.0 0.0 0.0 0.0 0.0 0.0 4 11.0 2.309401076758503 0.20994555243259116 9.0 9.0 11.0 13.0 13.0 23.5 23.5 11.120551545074852 11.120551545074852 0.47321495936488733 0.0 13.0 0.0 17.5 0.0 21.0 0.0 27.0 0.0 39.0 0.0
102 34 3 1.1361116000000493 0.7148226999998997 0.0 1.850934299999949 1.850934299999949 1.850934299999949 1.850934299999949 836.56640625 831.66796875 20 20 1.0 20 1 0 False 0 0 False 1.0 1.0 0.0 0.0 0.0 0.0 0.0 0.0 0.0 0.0 0.0 0.0 0.0 0.0 0.0 0.0 0 0.0 0 0.0 0.0 0.0 0.0 1 1 1.0 0.0 0.0 1.0 1.0 1.0 1.0 1.0 20.0 0.0 0.0 20.0 20.0 20.0 20.0 20.0 1 1.0 0.0 0.0 0.0 0.0 0.0 0.0 0.0 1.0 1.0 0.0 0.0 0.0 0.0 0.0 0.0 0.0 0.0 0.0 0.0 0.0 0.0 0.0 0.0
103 34 2 3.0281192999999575 1.2604843999996547 0.0 4.288603699999612 5.2592441999994435 6.139537999999561 3.0845493499997474 867.06640625 871.16015625 44 44 1.0 44 20 20 False 0 0 False 2.2 2.2 2.067289096988207 2.067289096988207 0.9396768622673667 0.9396768622673667 1.0 1.0 1.0 1.0 1.5 1.5 3.0 3.0 10.0 10.0 0 0.0 0 0.0 7.357988855658861 0.0 4.618802153517006 2 2 1.0 0.0 0.0 1.0 1.0 1.0 1.0 1.0 22.0 11.313708498984761 0.51425947722658 14.0 18.0 22.0 26.0 30.0 2 10.0 0.0 0.0 10.0 10.0 10.0 10.0 10.0 22.0 22.0 11.313708498984761 11.313708498984761 0.51425947722658 0.0 14.0 0.0 18.0 0.0 22.0 0.0 26.0 0.0 30.0 0.0
104 34 1 6.374805000000492 2.3933604999999716 0.0 8.768165500000464 8.942312299999458 14.907703500000025 3.7604774499999962 888.0546875 886.55078125 73 73 1.0 0 44 44 False 0 0 False 1.6590909090909092 1.6590909090909092 1.0102539818394234 1.0102539818394234 0.6089202082319812 0.6089202082319812 1.0 1.0 1.0 1.0 1.0 1.0 2.0 2.0 6.0 6.0 0 0.0 0 0.0 3.2227481086645313 4.381780460041329 9.174693455369503 0 0 0.0 0.0 0.0 0.0 0.0 0.0 0.0 0.0 0.0 0.0 0.0 0.0 0.0 0.0 0.0 0.0 4 11.0 4.618802153517006 0.41989110486518233 7.0 7.0 11.0 15.0 15.0 18.25 18.25 9.17877987534291 9.17877987534291 0.502946842484543 0.0 9.0 0.0 11.25 0.0 18.0 0.0 25.0 0.0 28.0 0.0
105 35 3 1.1324886999999535 0.5951885999999149 0.0 1.7276772999998684 1.7276772999998684 1.7276772999998684 1.7276772999998684 852.4609375 847.26953125 20 20 1.0 20 1 0 False 0 0 False 1.0 1.0 0.0 0.0 0.0 0.0 0.0 0.0 0.0 0.0 0.0 0.0 0.0 0.0 0.0 0.0 0 0.0 0 0.0 0.0 0.0 0.0 1 1 1.0 0.0 0.0 1.0 1.0 1.0 1.0 1.0 20.0 0.0 0.0 20.0 20.0 20.0 20.0 20.0 1 1.0 0.0 0.0 0.0 0.0 0.0 0.0 0.0 1.0 1.0 0.0 0.0 0.0 0.0 0.0 0.0 0.0 0.0 0.0 0.0 0.0 0.0 0.0 0.0
106 35 2 2.9459190000004583 2.1424967000002653 0.0 5.0884157000007235 6.193250300000614 6.816093000000592 3.423152300000311 883.11328125 886.171875 42 42 1.0 42 20 20 False 0 0 False 2.1 2.1 2.125038699338017 2.125038699338017 1.0119231901609604 1.0119231901609604 1.0 1.0 1.0 1.0 1.0 1.0 2.0 2.0 10.0 10.0 0 0.0 0 0.0 8.38838482665167 0.0 5.773502691896258 2 2 1.0 0.0 0.0 1.0 1.0 1.0 1.0 1.0 21.0 14.142135623730951 0.6734350297014738 11.0 16.0 21.0 26.0 31.0 2 10.0 0.0 0.0 10.0 10.0 10.0 10.0 10.0 21.0 21.0 14.142135623730951 14.142135623730951 0.6734350297014738 0.0 11.0 0.0 16.0 0.0 21.0 0.0 26.0 0.0 31.0 0.0
107 35 1 6.596649299999967 3.1948757999997497 0.0 9.791525099999717 9.429999600000087 16.60761810000031 4.185428625000071 904.4296875 903.8203125 73 73 1.0 0 42 42 False 0 0 False 1.7380952380952381 1.7380952380952381 1.1489024202238776 1.1489024202238776 0.661012351361683 0.661012351361683 1.0 1.0 1.0 1.0 1.0 1.0 2.0 2.0 6.0 6.0 0 0.0 0 0.0 1.2323968375610737 5.300943312279429 9.395477635543603 0 0 0.0 0.0 0.0 0.0 0.0 0.0 0.0 0.0 0.0 0.0 0.0 0.0 0.0 0.0 0.0 0.0 4 10.5 5.802298395176403 0.5525998471596575 5.0 5.75 10.5 15.25 16.0 18.25 18.25 11.026483271348727 11.026483271348727 0.6041908641834919 0.0 6.0 0.0 10.5 0.0 19.0 0.0 26.75 0.0 29.0 0.0
108 36 3 1.1364586999995936 0.7534915999996201 0.0 1.8899502999992137 1.8899502999992137 1.8899502999992137 1.8899502999992137 864.66015625 859.27734375 20 20 1.0 20 1 0 False 0 0 False 1.0 1.0 0.0 0.0 0.0 0.0 0.0 0.0 0.0 0.0 0.0 0.0 0.0 0.0 0.0 0.0 0 0.0 0 0.0 0.0 0.0 0.0 1 1 1.0 0.0 0.0 1.0 1.0 1.0 1.0 1.0 20.0 0.0 0.0 20.0 20.0 20.0 20.0 20.0 1 1.0 0.0 0.0 0.0 0.0 0.0 0.0 0.0 1.0 1.0 0.0 0.0 0.0 0.0 0.0 0.0 0.0 0.0 0.0 0.0 0.0 0.0 0.0 0.0
109 36 2 2.950446100000022 0.8823449999999866 0.0 3.8327911000000086 4.382354599999303 5.722741399999222 2.875840049999624 886.2890625 882.71484375 44 44 1.0 44 20 20 False 0 0 False 2.2 2.2 2.142305693455191 2.142305693455191 0.9737753152069049 0.9737753152069049 1.0 1.0 1.0 1.0 1.0 1.0 3.0 3.0 10.0 10.0 0 0.0 0 0.0 6.42884126417817 0.0 2.309401076758503 2 2 1.0 0.0 0.0 1.0 1.0 1.0 1.0 1.0 22.0 5.656854249492381 0.25712973861329 18.0 20.0 22.0 24.0 26.0 2 10.0 0.0 0.0 10.0 10.0 10.0 10.0 10.0 22.0 22.0 5.656854249492381 5.656854249492381 0.25712973861329 0.0 18.0 0.0 20.0 0.0 22.0 0.0 24.0 0.0 26.0 0.0
110 36 1 5.959945500000231 1.786975100000177 0.0 7.746920600000408 7.130592999999408 13.46966199999963 3.4005211999998437 877.84375 880.21875 71 71 1.0 0 44 44 False 0 0 False 1.6136363636363635 1.6136363636363635 1.016512713767804 1.016512713767804 0.6299515409265265 0.6299515409265265 1.0 1.0 1.0 1.0 1.0 1.0 2.0 2.0 6.0 6.0 0 0.0 0 0.0 2.237395826098867 2.1908902300206643 4.095729483254479 0 0 0.0 0.0 0.0 0.0 0.0 0.0 0.0 0.0 0.0 0.0 0.0 0.0 0.0 0.0 0.0 0.0 4 11.0 2.309401076758503 0.20994555243259116 9.0 9.0 11.0 13.0 13.0 17.75 17.75 4.112987559751022 4.112987559751022 0.23171760900005758 0.0 14.0 0.0 14.75 0.0 17.0 0.0 20.0 0.0 23.0 0.0
111 37 3 1.1411603999997624 0.8451553999999533 0.0 1.9863157999997156 1.9863157999997156 1.9863157999997156 1.9863157999997156 865.515625 860.72265625 20 20 1.0 20 1 0 False 0 0 False 1.0 1.0 0.0 0.0 0.0 0.0 0.0 0.0 0.0 0.0 0.0 0.0 0.0 0.0 0.0 0.0 0 0.0 0 0.0 0.0 0.0 0.0 1 1 1.0 0.0 0.0 1.0 1.0 1.0 1.0 1.0 20.0 0.0 0.0 20.0 20.0 20.0 20.0 20.0 1 1.0 0.0 0.0 0.0 0.0 0.0 0.0 0.0 1.0 1.0 0.0 0.0 0.0 0.0 0.0 0.0 0.0 0.0 0.0 0.0 0.0 0.0 0.0 0.0
112 37 2 2.933144099999822 0.8441755000005742 0.0 3.7773196000003963 4.223343599999907 5.763635400000112 2.89609020000006 893.07421875 888.37890625 44 44 1.0 44 20 20 False 0 0 False 2.2 2.2 2.2384204957490614 2.2384204957490614 1.0174638617041187 1.0174638617041187 1.0 1.0 1.0 1.0 1.0 1.0 2.25 2.25 10.0 10.0 0 0.0 0 0.0 5.787918451395112 0.0 1.7320508075688772 2 2 1.0 0.0 0.0 1.0 1.0 1.0 1.0 1.0 22.0 4.242640687119285 0.1928473039599675 19.0 20.5 22.0 23.5 25.0 2 10.0 0.0 0.0 10.0 10.0 10.0 10.0 10.0 22.0 22.0 4.242640687119285 4.242640687119285 0.1928473039599675 0.0 19.0 0.0 20.5 0.0 22.0 0.0 23.5 0.0 25.0 0.0
113 37 1 6.758062799999493 2.238018099999749 0.0 8.996080899999242 6.789714799999729 14.759716299999354 3.722823749999776 915.2890625 911.98828125 77 77 1.0 0 44 44 False 0 0 False 1.75 1.75 1.1837072233866255 1.1837072233866255 0.6764041276495003 0.6764041276495003 1.0 1.0 1.0 1.0 1.0 1.0 2.0 2.0 6.0 6.0 0 0.0 0 0.0 3.575881963681382 1.4832396974191326 4.535967372016691 0 0 0.0 0.0 0.0 0.0 0.0 0.0 0.0 0.0 0.0 0.0 0.0 0.0 0.0 0.0 0.0 0.0 4 11.0 1.8257418583505538 0.16597653257732306 9.0 9.75 11.0 12.25 13.0 19.25 19.25 6.075908711186061 6.075908711186061 0.31563162136031486 0.0 12.0 0.0 15.75 0.0 19.5 0.0 23.0 0.0 26.0 0.0
114 38 3 1.1297195000000784 0.7160314999997581 0.0 1.8457509999998365 1.8457509999998365 1.8457509999998365 1.8457509999998365 883.64453125 878.52734375 20 20 1.0 20 1 0 False 0 0 False 1.0 1.0 0.0 0.0 0.0 0.0 0.0 0.0 0.0 0.0 0.0 0.0 0.0 0.0 0.0 0.0 0 0.0 0 0.0 0.0 0.0 0.0 1 1 1.0 0.0 0.0 1.0 1.0 1.0 1.0 1.0 20.0 0.0 0.0 20.0 20.0 20.0 20.0 20.0 1 1.0 0.0 0.0 0.0 0.0 0.0 0.0 0.0 1.0 1.0 0.0 0.0 0.0 0.0 0.0 0.0 0.0 0.0 0.0 0.0 0.0 0.0 0.0 0.0
115 38 2 2.955076499999791 1.583684299999959 0.0 4.53876079999975 5.0356229999997595 6.384511799999586 3.2065932999997813 905.33203125 901.96875 44 44 1.0 44 20 20 False 0 0 False 2.2 2.2 2.1667341419992585 2.1667341419992585 0.9848791554542083 0.9848791554542083 1.0 1.0 1.0 1.0 1.0 1.0 2.25 2.25 10.0 10.0 0 0.0 0 0.0 6.360031446463137 0.0 2.309401076758503 2 2 1.0 0.0 0.0 1.0 1.0 1.0 1.0 1.0 22.0 5.656854249492381 0.25712973861329 18.0 20.0 22.0 24.0 26.0 2 10.0 0.0 0.0 10.0 10.0 10.0 10.0 10.0 22.0 22.0 5.656854249492381 5.656854249492381 0.25712973861329 0.0 18.0 0.0 20.0 0.0 22.0 0.0 24.0 0.0 26.0 0.0
116 38 1 8.099289300000464 14.970143400000097 0.0 23.06943270000056 7.844727399999897 29.453944500000148 7.396695775000012 941.69921875 945.6171875 87 87 1.0 0 44 44 False 0 0 False 1.9772727272727273 1.9772727272727273 2.1402959626208227 2.1402959626208227 1.0824485328197264 1.0824485328197264 1.0 1.0 1.0 1.0 1.0 1.0 2.0 2.0 14.0 14.0 0 0.0 0 0.0 6.537143555695302 2.1908902300206643 3.7914377220257753 0 0 0.0 0.0 0.0 0.0 0.0 0.0 0.0 0.0 0.0 0.0 0.0 0.0 0.0 0.0 0.0 0.0 4 11.0 2.309401076758503 0.20994555243259116 9.0 9.0 11.0 13.0 13.0 21.75 21.75 6.3966136874651625 6.3966136874651625 0.294097181032881 0.0 15.0 0.0 18.0 0.0 21.0 0.0 24.75 0.0 30.0 0.0
117 39 3 1.1350633999999218 0.6631679000000759 0.0 1.7982312999999976 1.7982312999999976 1.7982312999999976 1.7982312999999976 906.8046875 901.453125 20 20 1.0 20 1 0 False 0 0 False 1.0 1.0 0.0 0.0 0.0 0.0 0.0 0.0 0.0 0.0 0.0 0.0 0.0 0.0 0.0 0.0 0 0.0 0 0.0 0.0 0.0 0.0 1 1 1.0 0.0 0.0 1.0 1.0 1.0 1.0 1.0 20.0 0.0 0.0 20.0 20.0 20.0 20.0 20.0 1 1.0 0.0 0.0 0.0 0.0 0.0 0.0 0.0 1.0 1.0 0.0 0.0 0.0 0.0 0.0 0.0 0.0 0.0 0.0 0.0 0.0 0.0 0.0 0.0
118 39 2 2.910563700000125 1.3814171000002489 0.0 4.291980800000374 5.466084100000444 6.090212100000372 3.0594505500001787 937.17578125 940.34765625 42 42 1.0 42 20 20 False 0 0 False 2.1 2.1 2.0235456115702615 2.0235456115702615 0.9635931483667911 0.9635931483667911 1.0 1.0 1.0 1.0 1.5 1.5 2.25 2.25 10.0 10.0 0 0.0 0 0.0 7.641007786934913 0.0 5.773502691896258 2 2 1.0 0.0 0.0 1.0 1.0 1.0 1.0 1.0 21.0 14.142135623730951 0.6734350297014738 11.0 16.0 21.0 26.0 31.0 2 10.0 0.0 0.0 10.0 10.0 10.0 10.0 10.0 21.0 21.0 14.142135623730951 14.142135623730951 0.6734350297014738 0.0 11.0 0.0 16.0 0.0 21.0 0.0 26.0 0.0 31.0 0.0
119 39 1 7.941928700000744 5.748772300000155 0.0 13.6907010000009 8.725946300000487 19.78091310000127 4.97828632500034 959.59765625 958.83203125 84 84 1.0 0 42 42 False 0 0 False 2.0 2.0 1.5301841113520118 1.5301841113520118 0.7650920556760059 0.7650920556760059 1.0 1.0 1.0 1.0 2.0 2.0 2.0 2.0 7.0 7.0 0 0.0 0 0.0 5.586974647721763 5.300943312279429 6.29285308902091 0 0 0.0 0.0 0.0 0.0 0.0 0.0 0.0 0.0 0.0 0.0 0.0 0.0 0.0 0.0 0.0 0.0 4 10.5 5.802298395176403 0.5525998471596575 5.0 5.75 10.5 15.25 16.0 21.0 21.0 10.295630140987 10.295630140987 0.49026810195176196 0.0 6.0 0.0 18.75 0.0 24.5 0.0 26.75 0.0 29.0 0.0
120 40 3 1.134069399999703 0.7794808999998395 0.0 1.9135502999995424 1.9135502999995424 1.9135502999995424 1.9135502999995424 890.0234375 887.58984375 20 20 1.0 20 1 0 False 0 0 False 1.0 1.0 0.0 0.0 0.0 0.0 0.0 0.0 0.0 0.0 0.0 0.0 0.0 0.0 0.0 0.0 0 0.0 0 0.0 0.0 0.0 0.0 1 1 1.0 0.0 0.0 1.0 1.0 1.0 1.0 1.0 20.0 0.0 0.0 20.0 20.0 20.0 20.0 20.0 1 1.0 0.0 0.0 0.0 0.0 0.0 0.0 0.0 1.0 1.0 0.0 0.0 0.0 0.0 0.0 0.0 0.0 0.0 0.0 0.0 0.0 0.0 0.0 0.0
121 40 2 2.922298699999601 0.7958479999997508 0.0 3.7181466999993518 4.061832499999241 5.631696999998894 2.830054999999504 936.10546875 936.05859375 44 44 1.0 44 20 20 False 0 0 False 2.2 2.2 2.0416711421361615 2.0416711421361615 0.9280323373346188 0.9280323373346188 1.0 1.0 1.0 1.0 1.5 1.5 3.0 3.0 10.0 10.0 0 0.0 0 0.0 5.196152422706631 0.0 1.1547005383792515 2 2 1.0 0.0 0.0 1.0 1.0 1.0 1.0 1.0 22.0 2.8284271247461903 0.128564869306645 20.0 21.0 22.0 23.0 24.0 2 10.0 0.0 0.0 10.0 10.0 10.0 10.0 10.0 22.0 22.0 2.8284271247461903 2.8284271247461903 0.128564869306645 0.0 20.0 0.0 21.0 0.0 22.0 0.0 23.0 0.0 24.0 0.0
122 40 1 7.468496599999639 3.37911439999948 0.0 10.84761099999912 7.063695799998982 16.479307999998014 4.152738324999547 954.80078125 955.05859375 83 83 1.0 0 44 44 False 0 0 False 1.8863636363636365 1.8863636363636365 1.5129811799027633 1.5129811799027633 0.8020623122376094 0.8020623122376094 1.0 1.0 1.0 1.0 1.0 1.0 2.0 2.0 9.0 9.0 0 0.0 0 0.0 3.9761362012523045 1.0954451150103321 2.4031229681395834 0 0 0.0 0.0 0.0 0.0 0.0 0.0 0.0 0.0 0.0 0.0 0.0 0.0 0.0 0.0 0.0 0.0 4 11.0 1.1547005383792515 0.10497277621629558 10.0 10.0 11.0 12.0 12.0 20.75 20.75 4.425306015783918 4.425306015783918 0.21326775979681534 0.0 16.0 0.0 17.5 0.0 21.0 0.0 24.25 0.0 25.0 0.0
123 41 3 1.1338518000003432 0.6855845999998564 0.0 1.8194364000001997 1.8194364000001997 1.8194364000001997 1.8194364000001997 927.03125 922.3046875 20 20 1.0 20 1 0 False 0 0 False 1.0 1.0 0.0 0.0 0.0 0.0 0.0 0.0 0.0 0.0 0.0 0.0 0.0 0.0 0.0 0.0 0 0.0 0 0.0 0.0 0.0 0.0 1 1 1.0 0.0 0.0 1.0 1.0 1.0 1.0 1.0 20.0 0.0 0.0 20.0 20.0 20.0 20.0 20.0 1 1.0 0.0 0.0 0.0 0.0 0.0 0.0 0.0 1.0 1.0 0.0 0.0 0.0 0.0 0.0 0.0 0.0 0.0 0.0 0.0 0.0 0.0 0.0 0.0
124 41 2 2.8954762999997 0.7741315999998051 0.0 3.669607899999505 3.8615453000001025 5.489044299999705 2.759266299999865 949.44921875 944.8984375 44 44 1.0 44 20 20 False 0 0 False 2.2 2.2 2.117595458607661 2.117595458607661 0.9625433902762094 0.9625433902762094 1.0 1.0 1.0 1.0 1.5 1.5 2.25 2.25 10.0 10.0 0 0.0 0 0.0 5.2201532544552744 0.0 1.1547005383792515 2 2 1.0 0.0 0.0 1.0 1.0 1.0 1.0 1.0 22.0 2.8284271247461903 0.128564869306645 20.0 21.0 22.0 23.0 24.0 2 10.0 0.0 0.0 10.0 10.0 10.0 10.0 10.0 22.0 22.0 2.8284271247461903 2.8284271247461903 0.128564869306645 0.0 20.0 0.0 21.0 0.0 22.0 0.0 23.0 0.0 24.0 0.0
125 41 1 7.052750200000446 2.276524800000061 0.0 9.329275000000507 6.891870000000495 14.818319300000212 3.7378977500001156 963.390625 965.37890625 80 80 1.0 0 44 44 False 0 0 False 1.8181818181818181 1.8181818181818181 1.2625689439655898 1.2625689439655898 0.6944129191810744 0.6944129191810744 1.0 1.0 1.0 1.0 1.0 1.0 2.0 2.0 7.0 7.0 0 0.0 0 0.0 2.258134972431676 1.0954451150103321 2.1908902300206643 0 0 0.0 0.0 0.0 0.0 0.0 0.0 0.0 0.0 0.0 0.0 0.0 0.0 0.0 0.0 0.0 0.0 4 11.0 1.1547005383792515 0.10497277621629558 10.0 10.0 11.0 12.0 12.0 20.0 20.0 3.6514837167011076 3.6514837167011076 0.18257418583505539 0.0 16.0 0.0 17.5 0.0 20.0 0.0 22.5 0.0 24.0 0.0
126 42 3 1.1368350999997574 0.8058306000001494 0.0 1.9426656999999068 1.9426656999999068 1.9426656999999068 1.9426656999999068 940.11328125 935.2421875 20 20 1.0 20 1 0 False 0 0 False 1.0 1.0 0.0 0.0 0.0 0.0 0.0 0.0 0.0 0.0 0.0 0.0 0.0 0.0 0.0 0.0 0 0.0 0 0.0 0.0 0.0 0.0 1 1 1.0 0.0 0.0 1.0 1.0 1.0 1.0 1.0 20.0 0.0 0.0 20.0 20.0 20.0 20.0 20.0 1 1.0 0.0 0.0 0.0 0.0 0.0 0.0 0.0 1.0 1.0 0.0 0.0 0.0 0.0 0.0 0.0 0.0 0.0 0.0 0.0 0.0 0.0 0.0 0.0
127 42 2 2.9266444000004412 1.7673996000000898 0.0 4.694044000000531 6.01772280000057 6.636709700000438 3.332664650000254 970.59765625 974.48046875 42 42 1.0 42 20 20 False 0 0 False 2.1 2.1 2.074912807299318 2.074912807299318 0.9880537177615799 0.9880537177615799 1.0 1.0 1.0 1.0 1.0 1.0 2.25 2.25 10.0 10.0 0 0.0 0 0.0 7.540888541809909 0.0 5.773502691896258 2 2 1.0 0.0 0.0 1.0 1.0 1.0 1.0 1.0 21.0 14.142135623730951 0.6734350297014738 11.0 16.0 21.0 26.0 31.0 2 10.0 0.0 0.0 10.0 10.0 10.0 10.0 10.0 21.0 21.0 14.142135623730951 14.142135623730951 0.6734350297014738 0.0 11.0 0.0 16.0 0.0 21.0 0.0 26.0 0.0 31.0 0.0
128 42 1 8.286969499999827 7.5019996000003175 0.0 15.788969100000145 10.812107200000469 22.425678800000583 5.639293375000193 992.5234375 993.14453125 86 86 1.0 0 42 42 True 0 0 False 2.0476190476190474 2.0476190476190474 1.787327958469457 1.787327958469457 0.8831502853613789 0.8831502853613789 1.0 1.0 1.0 1.0 1.0 1.0 2.0 2.0 10.0 10.0 0 0.0 0 0.0 4.539987779725892 5.300943312279429 7.368853370776216 0 0 0.0 0.0 0.0 0.0 0.0 0.0 0.0 0.0 0.0 0.0 0.0 0.0 0.0 0.0 0.0 0.0 4 10.5 5.802298395176403 0.5525998471596575 5.0 5.75 10.5 15.25 16.0 21.5 21.5 10.723805294763608 10.723805294763608 0.49878164161691196 0.0 6.0 0.0 18.75 0.0 25.0 0.0 27.75 0.0 30.0 0.0
129 43 3 1.1313337999998794 0.8033915999999408 0.0 1.9347253999998202 1.9347253999998202 1.9347253999998202 1.9347253999998202 957.28125 952.55859375 20 20 1.0 20 1 0 False 0 0 False 1.0 1.0 0.0 0.0 0.0 0.0 0.0 0.0 0.0 0.0 0.0 0.0 0.0 0.0 0.0 0.0 0 0.0 0 0.0 0.0 0.0 0.0 1 1 1.0 0.0 0.0 1.0 1.0 1.0 1.0 1.0 20.0 0.0 0.0 20.0 20.0 20.0 20.0 20.0 1 1.0 0.0 0.0 0.0 0.0 0.0 0.0 0.0 1.0 1.0 0.0 0.0 0.0 0.0 0.0 0.0 0.0 0.0 0.0 0.0 0.0 0.0 0.0 0.0
130 43 2 2.9342245999998795 0.8339527999992242 0.0 3.7681773999991037 4.36532709999949 5.702902799998924 2.865996599999505 979.140625 975.9921875 44 44 1.0 44 20 20 False 0 0 False 2.2 2.2 2.0925934551223877 2.0925934551223877 0.9511788432374488 0.9511788432374488 1.0 1.0 1.0 1.0 1.5 1.5 2.25 2.25 10.0 10.0 0 0.0 0 0.0 5.899999999999999 0.0 2.309401076758503 2 2 1.0 0.0 0.0 1.0 1.0 1.0 1.0 1.0 22.0 5.656854249492381 0.25712973861329 18.0 20.0 22.0 24.0 26.0 2 10.0 0.0 0.0 10.0 10.0 10.0 10.0 10.0 22.0 22.0 5.656854249492381 5.656854249492381 0.25712973861329 0.0 18.0 0.0 20.0 0.0 22.0 0.0 24.0 0.0 26.0 0.0
131 43 1 6.21252249999975 1.9158177000008436 0.0 8.128340200000594 7.506432499999505 13.831242999999517 3.490642124999823 981.82421875 981.62890625 73 73 1.0 0 44 44 False 0 0 False 1.6590909090909092 1.6590909090909092 0.9869657947038658 0.9869657947038658 0.5948834926982205 0.5948834926982205 1.0 1.0 1.0 1.0 1.0 1.0 2.0 2.0 6.0 6.0 0 0.0 0 0.0 2.5762644331962625 2.1908902300206643 4.896427268938036 0 0 0.0 0.0 0.0 0.0 0.0 0.0 0.0 0.0 0.0 0.0 0.0 0.0 0.0 0.0 0.0 0.0 4 11.0 2.309401076758503 0.20994555243259116 9.0 9.0 11.0 13.0 13.0 18.25 18.25 4.9916597106239795 4.9916597106239795 0.27351560058213586 0.0 14.0 0.0 14.75 0.0 17.0 0.0 20.5 0.0 25.0 0.0
132 44 3 1.1427730999996584 1.0435902999995506 0.0 2.186363399999209 2.186363399999209 2.186363399999209 2.186363399999209 966.86328125 962.609375 20 20 1.0 20 1 0 False 0 0 False 1.0 1.0 0.0 0.0 0.0 0.0 0.0 0.0 0.0 0.0 0.0 0.0 0.0 0.0 0.0 0.0 0 0.0 0 0.0 0.0 0.0 0.0 1 1 1.0 0.0 0.0 1.0 1.0 1.0 1.0 1.0 20.0 0.0 0.0 20.0 20.0 20.0 20.0 20.0 1 1.0 0.0 0.0 0.0 0.0 0.0 0.0 0.0 1.0 1.0 0.0 0.0 0.0 0.0 0.0 0.0 0.0 0.0 0.0 0.0 0.0 0.0 0.0 0.0
133 44 2 2.9172567000000527 0.7732806999990771 0.0 3.6905373999991298 4.26407129999825 5.876900799998339 2.9527274999991278 991.140625 990.328125 44 44 1.0 44 20 20 False 0 0 False 2.2 2.2 2.117595458607661 2.117595458607661 0.9625433902762094 0.9625433902762094 1.0 1.0 1.0 1.0 1.5 1.5 2.25 2.25 10.0 10.0 0 0.0 0 0.0 5.160426338976266 0.0 1.1547005383792515 2 2 1.0 0.0 0.0 1.0 1.0 1.0 1.0 1.0 22.0 2.8284271247461903 0.128564869306645 20.0 21.0 22.0 23.0 24.0 2 10.0 0.0 0.0 10.0 10.0 10.0 10.0 10.0 22.0 22.0 2.8284271247461903 2.8284271247461903 0.128564869306645 0.0 20.0 0.0 21.0 0.0 22.0 0.0 23.0 0.0 24.0 0.0
134 44 1 8.310442800000146 6.558674399998381 0.0 14.869117199998527 7.249151099998016 20.746017999996866 5.219415049999213 1027.07421875 1034.78515625 89 89 1.0 0 44 44 False 0 0 False 2.022727272727273 2.022727272727273 1.873792775562583 1.873792775562583 0.9263694620758837 0.9263694620758837 1.0 1.0 1.0 1.0 1.0 1.0 2.0 2.0 10.0 10.0 0 0.0 0 0.0 5.578492309422057 1.0954451150103321 4.14427315702042 0 0 0.0 0.0 0.0 0.0 0.0 0.0 0.0 0.0 0.0 0.0 0.0 0.0 0.0 0.0 0.0 0.0 4 11.0 1.1547005383792515 0.10497277621629558 10.0 10.0 11.0 12.0 12.0 22.25 22.25 6.751543033509698 6.751543033509698 0.30344013633751454 0.0 16.0 0.0 17.5 0.0 21.0 0.0 25.75 0.0 31.0 0.0
135 45 3 1.1452425000004496 0.7609283000001597 0.0 1.9061708000006092 1.9061708000006092 1.9061708000006092 1.9061708000006092 987.359375 982.39453125 20 20 1.0 20 1 0 False 0 0 False 1.0 1.0 0.0 0.0 0.0 0.0 0.0 0.0 0.0 0.0 0.0 0.0 0.0 0.0 0.0 0.0 0 0.0 0 0.0 0.0 0.0 0.0 1 1 1.0 0.0 0.0 1.0 1.0 1.0 1.0 1.0 20.0 0.0 0.0 20.0 20.0 20.0 20.0 20.0 1 1.0 0.0 0.0 0.0 0.0 0.0 0.0 0.0 1.0 1.0 0.0 0.0 0.0 0.0 0.0 0.0 0.0 0.0 0.0 0.0 0.0 0.0 0.0 0.0
136 45 2 2.958195199999409 0.8179546000003484 0.0 3.7761497999997573 4.34022230000005 5.6823206000003665 2.855424600000333 1009.06640625 1005.82421875 44 44 1.0 44 20 20 False 0 0 False 2.2 2.2 2.015727634065883 2.015727634065883 0.9162398336663103 0.9162398336663103 1.0 1.0 1.0 1.0 2.0 2.0 3.0 3.0 10.0 10.0 0 0.0 0 0.0 6.061352984276693 0.0 2.309401076758503 2 2 1.0 0.0 0.0 1.0 1.0 1.0 1.0 1.0 22.0 5.656854249492381 0.25712973861329 18.0 20.0 22.0 24.0 26.0 2 10.0 0.0 0.0 10.0 10.0 10.0 10.0 10.0 22.0 22.0 5.656854249492381 5.656854249492381 0.25712973861329 0.0 18.0 0.0 20.0 0.0 22.0 0.0 24.0 0.0 26.0 0.0
137 45 1 7.484288400000423 3.7871434999992744 0.0 11.271431899999698 7.080564500000037 16.953752500000064 4.271251124999992 1025.7109375 1024.5 83 83 1.0 0 44 44 False 0 0 False 1.8863636363636365 1.8863636363636365 1.5129811799027633 1.5129811799027633 0.8020623122376094 0.8020623122376094 1.0 1.0 1.0 1.0 1.0 1.0 2.0 2.0 8.0 8.0 0 0.0 0 0.0 4.500545191951016 2.1908902300206643 2.564176280991617 0 0 0.0 0.0 0.0 0.0 0.0 0.0 0.0 0.0 0.0 0.0 0.0 0.0 0.0 0.0 0.0 0.0 4 11.0 2.309401076758503 0.20994555243259116 9.0 9.0 11.0 13.0 13.0 20.75 20.75 4.7871355387816905 4.7871355387816905 0.23070532717020195 0.0 15.0 0.0 18.0 0.0 21.0 0.0 23.75 0.0 26.0 0.0
138 46 3 1.1369990000005146 0.938422799999671 0.0 2.0754218000001856 2.0754218000001856 2.0754218000001856 2.0754218000001856 1000.16015625 995.16796875 20 20 1.0 20 1 0 False 0 0 False 1.0 1.0 0.0 0.0 0.0 0.0 0.0 0.0 0.0 0.0 0.0 0.0 0.0 0.0 0.0 0.0 0 0.0 0 0.0 0.0 0.0 0.0 1 1 1.0 0.0 0.0 1.0 1.0 1.0 1.0 1.0 20.0 0.0 0.0 20.0 20.0 20.0 20.0 20.0 1 1.0 0.0 0.0 0.0 0.0 0.0 0.0 0.0 1.0 1.0 0.0 0.0 0.0 0.0 0.0 0.0 0.0 0.0 0.0 0.0 0.0 0.0 0.0 0.0
139 46 2 2.997315099999696 1.2266477999999097 0.0 4.223962899999606 5.419099300000198 6.299384699999791 3.163957900000014 1024.0859375 1019.31640625 44 44 1.0 44 20 20 False 0 0 False 2.2 2.2 2.142305693455191 2.142305693455191 0.9737753152069049 0.9737753152069049 1.0 1.0 1.0 1.0 1.0 1.0 3.0 3.0 10.0 10.0 0 0.0 0 0.0 7.4806416837060175 0.0 4.618802153517006 2 2 1.0 0.0 0.0 1.0 1.0 1.0 1.0 1.0 22.0 11.313708498984761 0.51425947722658 14.0 18.0 22.0 26.0 30.0 2 10.0 0.0 0.0 10.0 10.0 10.0 10.0 10.0 22.0 22.0 11.313708498984761 11.313708498984761 0.51425947722658 0.0 14.0 0.0 18.0 0.0 22.0 0.0 26.0 0.0 30.0 0.0
140 46 1 7.904909900000121 4.762395299999298 0.0 12.667305199999419 9.06252829999994 18.96668989999921 4.774616399999957 1048.02734375 1047.00390625 86 86 1.0 0 44 44 False 0 0 False 1.9545454545454546 1.9545454545454546 1.4459976109624424 1.4459976109624424 0.7398127311900868 0.7398127311900868 1.0 1.0 1.0 1.0 1.0 1.0 2.0 2.0 7.0 7.0 0 0.0 0 0.0 4.318301433749997 4.381780460041329 4.969909455915671 0 0 0.0 0.0 0.0 0.0 0.0 0.0 0.0 0.0 0.0 0.0 0.0 0.0 0.0 0.0 0.0 0.0 4 11.0 4.618802153517006 0.41989110486518233 7.0 7.0 11.0 15.0 15.0 21.5 21.5 6.8068592855540455 6.8068592855540455 0.3165981063048393 0.0 12.0 0.0 19.5 0.0 23.0 0.0 25.0 0.0 28.0 0.0
141 47 3 1.1447254000008797 0.8566031999989718 0.0 2.0013285999998516 2.0013285999998516 2.0013285999998516 2.0013285999998516 1015.90234375 1010.9609375 20 20 1.0 20 1 0 False 0 0 False 1.0 1.0 0.0 0.0 0.0 0.0 0.0 0.0 0.0 0.0 0.0 0.0 0.0 0.0 0.0 0.0 0 0.0 0 0.0 0.0 0.0 0.0 1 1 1.0 0.0 0.0 1.0 1.0 1.0 1.0 1.0 20.0 0.0 0.0 20.0 20.0 20.0 20.0 20.0 1 1.0 0.0 0.0 0.0 0.0 0.0 0.0 0.0 1.0 1.0 0.0 0.0 0.0 0.0 0.0 0.0 0.0 0.0 0.0 0.0 0.0 0.0 0.0 0.0
142 47 2 2.8979494000002433 1.549759599999561 0.0 4.447708999999804 5.831428999999616 6.449037599999656 3.238714699999832 1045.99609375 1049.6171875 42 42 1.0 42 20 20 False 0 0 False 2.1 2.1 2.125038699338017 2.125038699338017 1.0119231901609604 1.0119231901609604 1.0 1.0 1.0 1.0 1.0 1.0 2.0 2.0 10.0 10.0 0 0.0 0 0.0 7.675610724886977 0.0 5.773502691896258 2 2 1.0 0.0 0.0 1.0 1.0 1.0 1.0 1.0 21.0 14.142135623730951 0.6734350297014738 11.0 16.0 21.0 26.0 31.0 2 10.0 0.0 0.0 10.0 10.0 10.0 10.0 10.0 21.0 21.0 14.142135623730951 14.142135623730951 0.6734350297014738 0.0 11.0 0.0 16.0 0.0 21.0 0.0 26.0 0.0 31.0 0.0
143 47 1 6.60610950000023 2.6571036000000277 0.0 9.263213100000257 10.109215499999664 15.712250699999913 3.9609804250000593 1068.31640625 1067.85546875 72 72 1.0 0 42 42 False 0 0 False 1.7142857142857142 1.7142857142857142 0.9699312091703453 0.9699312091703453 0.5657932053493681 0.5657932053493681 1.0 1.0 1.0 1.0 1.5 1.5 2.0 2.0 6.0 6.0 0 0.0 0 0.0 3.1041994816326994 5.300943312279429 11.541230437002806 0 0 0.0 0.0 0.0 0.0 0.0 0.0 0.0 0.0 0.0 0.0 0.0 0.0 0.0 0.0 0.0 0.0 4 10.5 5.802298395176403 0.5525998471596575 5.0 5.75 10.5 15.25 16.0 18.0 18.0 12.24744871391589 12.24744871391589 0.6804138174397717 0.0 6.0 0.0 8.25 0.0 18.0 0.0 27.75 0.0 30.0 0.0
144 48 3 1.131106599999839 0.8378196000001026 0.0 1.9689261999999417 1.9689261999999417 1.9689261999999417 1.9689261999999417 1028.9921875 1024.5234375 20 20 1.0 20 1 0 False 0 0 False 1.0 1.0 0.0 0.0 0.0 0.0 0.0 0.0 0.0 0.0 0.0 0.0 0.0 0.0 0.0 0.0 0 0.0 0 0.0 0.0 0.0 0.0 1 1 1.0 0.0 0.0 1.0 1.0 1.0 1.0 1.0 20.0 0.0 0.0 20.0 20.0 20.0 20.0 20.0 1 1.0 0.0 0.0 0.0 0.0 0.0 0.0 0.0 1.0 1.0 0.0 0.0 0.0 0.0 0.0 0.0 0.0 0.0 0.0 0.0 0.0 0.0 0.0 0.0
145 48 2 2.951073299999962 0.9231473999993796 0.0 3.8742206999993414 4.463745399999652 5.843146899999283 2.935985899999764 1050.8125 1047.9453125 44 44 1.0 44 20 20 False 0 0 False 2.2 2.2 2.117595458607661 2.117595458607661 0.9625433902762094 0.9625433902762094 1.0 1.0 1.0 1.0 1.5 1.5 2.25 2.25 10.0 10.0 0 0.0 0 0.0 5.854058421300558 0.0 2.309401076758503 2 2 1.0 0.0 0.0 1.0 1.0 1.0 1.0 1.0 22.0 5.656854249492381 0.25712973861329 18.0 20.0 22.0 24.0 26.0 2 10.0 0.0 0.0 10.0 10.0 10.0 10.0 10.0 22.0 22.0 5.656854249492381 5.656854249492381 0.25712973861329 0.0 18.0 0.0 20.0 0.0 22.0 0.0 24.0 0.0 26.0 0.0
146 48 1 7.835166500000696 4.741650899999513 0.0 12.576817400000209 7.276213799999368 18.419964299999492 4.6385208499999635 1078.96484375 1083.68359375 85 85 1.0 0 44 44 False 0 0 False 1.9318181818181819 1.9318181818181819 2.203567163769493 2.203567163769493 1.1406700612453846 1.1406700612453846 1.0 1.0 1.0 1.0 1.0 1.0 2.0 2.0 14.0 14.0 0 0.0 0 0.0 5.993432183552508 2.1908902300206643 3.9968737783422683 0 0 0.0 0.0 0.0 0.0 0.0 0.0 0.0 0.0 0.0 0.0 0.0 0.0 0.0 0.0 0.0 0.0 4 11.0 2.309401076758503 0.20994555243259116 9.0 9.0 11.0 13.0 13.0 21.25 21.25 7.455423082115014 7.455423082115014 0.3508434391583536 0.0 12.0 0.0 18.0 0.0 21.5 0.0 24.75 0.0 30.0 0.0
147 49 3 1.1357062000004134 0.7273420999995324 0.0 1.8630482999999458 1.8630482999999458 1.8630482999999458 1.8630482999999458 1043.34765625 1038.59765625 20 20 1.0 20 1 0 False 0 0 False 1.0 1.0 0.0 0.0 0.0 0.0 0.0 0.0 0.0 0.0 0.0 0.0 0.0 0.0 0.0 0.0 0 0.0 0 0.0 0.0 0.0 0.0 1 1 1.0 0.0 0.0 1.0 1.0 1.0 1.0 1.0 20.0 0.0 0.0 20.0 20.0 20.0 20.0 20.0 1 1.0 0.0 0.0 0.0 0.0 0.0 0.0 0.0 1.0 1.0 0.0 0.0 0.0 0.0 0.0 0.0 0.0 0.0 0.0 0.0 0.0 0.0 0.0 0.0
148 49 2 2.9555481000008967 0.9124878000002354 0.0 3.868035900001132 4.3378228000010495 5.731084200001078 2.8796503500004746 1065.05078125 1062.03125 44 44 1.0 44 20 20 False 0 0 False 2.2 2.2 2.0416711421361615 2.0416711421361615 0.9280323373346188 0.9280323373346188 1.0 1.0 1.0 1.0 2.0 2.0 2.25 2.25 10.0 10.0 0 0.0 0 0.0 5.5497747702046425 0.0 2.309401076758503 2 2 1.0 0.0 0.0 1.0 1.0 1.0 1.0 1.0 22.0 5.656854249492381 0.25712973861329 18.0 20.0 22.0 24.0 26.0 2 10.0 0.0 0.0 10.0 10.0 10.0 10.0 10.0 22.0 22.0 5.656854249492381 5.656854249492381 0.25712973861329 0.0 18.0 0.0 20.0 0.0 22.0 0.0 24.0 0.0 26.0 0.0
149 49 1 6.207730800000945 1.985724200000277 0.0 8.193455000001222 7.193232400001762 13.9245392000023 3.5138071500005594 1080.98046875 1080.703125 73 73 1.0 0 44 44 False 0 0 False 1.6590909090909092 1.6590909090909092 1.0771016625849856 1.0771016625849856 0.6492119610101283 0.6492119610101283 1.0 1.0 1.0 1.0 1.0 1.0 2.0 2.0 6.0 6.0 0 0.0 0 0.0 1.7781821667595863 2.1908902300206643 3.2519225083018197 0 0 0.0 0.0 0.0 0.0 0.0 0.0 0.0 0.0 0.0 0.0 0.0 0.0 0.0 0.0 0.0 0.0 4 11.0 2.309401076758503 0.20994555243259116 9.0 9.0 11.0 13.0 13.0 18.25 18.25 4.112987559751022 4.112987559751022 0.2253691813562204 0.0 13.0 0.0 16.75 0.0 18.5 0.0 20.0 0.0 23.0 0.0
