 RU AL GT ST OT TT LT CT WT RSS VMS LE AC CF PSG CSGSS CSGS TOT_CHOICES PRE_CHOICES FGOALS_ORDER CP_EF_L CP_EF_A SP_ED_L SP_ED_A SP_EB_L SP_EB_A SP_MIN_L SP_MIN_A SP_LOWER_L SP_LOWER_A SP_MED_L SP_MED_A SP_UPPER_L SP_UPPER_A SP_MAX_L SP_MAX_A DS_T DS_TD_MEAN DS_TD_STD DS_TD_CD DS_TD_MIN DS_TD_LOWER DS_TD_MED DS_TD_UPPER DS_TD_MAX DS_TS_MEAN DS_TS_STD DS_TS_CD DS_TS_MIN DS_TS_LOWER DS_TS_MED DS_TS_UPPER DS_TS_MAX PR_T PR_TS_MEAN PR_TS_STD PR_TS_CD PR_TS_MIN PR_TS_LOWER PR_TS_MED PR_TS_UPPER PR_TS_MAX
0 0 3 1.0026330000000279 0.3441525999999975 0.0 1.3467856000000253 1.3467856000000253 1.3467856000000253 1.3467856000000253 250.8046875 241.984375 18 18 1.0 18 0 0 0 0  1.0 1.0 0.0 0.0 0.0 0.0 0.0 0.0 0.0 0.0 0.0 0.0 0.0 0.0 0.0 0.0 0 0.0 0.0 0.0 0.0 0.0 0.0 0.0 0.0 0.0 0.0 0.0 0.0 0.0 0.0 0.0 0.0 1 1.0 0.0 0.0 0.0 0.0 0.0 0.0 0.0
1 0 2 2.2994959999999764 0.6479888999999943 0.02033549999999451 2.9678203999999653 4.314605999999991 4.314605999999991 4.314605999999991 302.23828125 301.55859375 26 26 1.0 26 18 18 0 0  1.4444444444444444 1.4444444444444444 0.8555852638929972 0.8555852638929972 0.5923282596182288 0.5923282596182288 1.0 1.0 1.0 1.0 1.0 1.0 1.75 1.75 4.0 4.0 0 0.0 0.0 0.0 0.0 0.0 0.0 0.0 0.0 0.0 0.0 0.0 0.0 0.0 0.0 0.0 0.0 1 18.0 0.0 0.0 18.0 18.0 18.0 18.0 18.0
2 0 1 5.3474626 2.5377512000000024 0.02988749999997964 7.915101299999982 12.229707299999973 12.229707299999973 12.229707299999973 383.328125 375.00390625 39 39 1.0 0 26 26 0 0  1.5 1.5 0.7071067811865476 0.7071067811865476 0.47140452079103173 0.47140452079103173 1.0 1.0 1.0 1.0 1.0 1.0 2.0 2.0 3.0 3.0 0 0.0 0.0 0.0 0.0 0.0 0.0 0.0 0.0 0.0 0.0 0.0 0.0 0.0 0.0 0.0 0.0 1 26.0 0.0 0.0 26.0 26.0 26.0 26.0 26.0
3 1 3 1.0082781999999995 0.3762365999999915 0.0 1.384514799999991 1.384514799999991 1.384514799999991 1.384514799999991 263.109375 254.19140625 18 18 1.0 18 0 0 0 0  1.0 1.0 0.0 0.0 0.0 0.0 0.0 0.0 0.0 0.0 0.0 0.0 0.0 0.0 0.0 0.0 0 0.0 0.0 0.0 0.0 0.0 0.0 0.0 0.0 0.0 0.0 0.0 0.0 0.0 0.0 0.0 0.0 1 1.0 0.0 0.0 0.0 0.0 0.0 0.0 0.0
4 1 2 2.312678300000016 0.5942668999999796 0.01959119999999359 2.926536399999989 4.31105119999998 4.31105119999998 4.31105119999998 311.9375 310.11328125 26 26 1.0 26 18 18 0 0  1.4444444444444444 1.4444444444444444 0.7047921864945659 0.7047921864945659 0.4879330521885456 0.4879330521885456 1.0 1.0 1.0 1.0 1.0 1.0 2.0 2.0 3.0 3.0 0 0.0 0.0 0.0 0.0 0.0 0.0 0.0 0.0 0.0 0.0 0.0 0.0 0.0 0.0 0.0 0.0 1 18.0 0.0 0.0 18.0 18.0 18.0 18.0 18.0
5 1 1 5.381652700000018 2.3023007999999763 0.029361799999982452 7.713315299999977 12.024366499999957 12.024366499999957 12.024366499999957 383.3828125 374.75 39 39 1.0 0 26 26 0 0  1.5 1.5 0.812403840463596 0.812403840463596 0.5416025603090641 0.5416025603090641 1.0 1.0 1.0 1.0 1.0 1.0 2.0 2.0 4.0 4.0 0 0.0 0.0 0.0 0.0 0.0 0.0 0.0 0.0 0.0 0.0 0.0 0.0 0.0 0.0 0.0 0.0 1 26.0 0.0 0.0 26.0 26.0 26.0 26.0 26.0
6 2 3 1.005387699999993 0.3361954999999881 0.0 1.341583199999981 1.341583199999981 1.341583199999981 1.341583199999981 274.625 266.21875 18 18 1.0 18 0 0 0 0  1.0 1.0 0.0 0.0 0.0 0.0 0.0 0.0 0.0 0.0 0.0 0.0 0.0 0.0 0.0 0.0 0 0.0 0.0 0.0 0.0 0.0 0.0 0.0 0.0 0.0 0.0 0.0 0.0 0.0 0.0 0.0 0.0 1 1.0 0.0 0.0 0.0 0.0 0.0 0.0 0.0
7 2 2 2.296509099999966 0.6728668999999741 0.020190600000027814 2.989566599999968 4.331149799999949 4.331149799999949 4.331149799999949 327.1875 326.22265625 26 26 1.0 26 18 18 0 0  1.4444444444444444 1.4444444444444444 0.9835244081556433 0.9835244081556433 0.6809015133385223 0.6809015133385223 1.0 1.0 1.0 1.0 1.0 1.0 1.75 1.75 5.0 5.0 0 0.0 0.0 0.0 0.0 0.0 0.0 0.0 0.0 0.0 0.0 0.0 0.0 0.0 0.0 0.0 0.0 1 18.0 0.0 0.0 18.0 18.0 18.0 18.0 18.0
8 2 1 5.359973100000076 2.4231336000000425 0.02977009999999325 7.812876800000112 12.14402660000006 12.14402660000006 12.14402660000006 396.37109375 387.796875 39 39 1.0 0 26 26 0 0  1.5 1.5 0.7615773105863908 0.7615773105863908 0.5077182070575939 0.5077182070575939 1.0 1.0 1.0 1.0 1.0 1.0 2.0 2.0 4.0 4.0 0 0.0 0.0 0.0 0.0 0.0 0.0 0.0 0.0 0.0 0.0 0.0 0.0 0.0 0.0 0.0 0.0 1 26.0 0.0 0.0 26.0 26.0 26.0 26.0 26.0
9 3 3 1.0087130999999943 0.3965977000000578 0.0 1.405310800000052 1.405310800000052 1.405310800000052 1.405310800000052 289.6640625 280.86328125 18 18 1.0 18 0 0 0 0  1.0 1.0 0.0 0.0 0.0 0.0 0.0 0.0 0.0 0.0 0.0 0.0 0.0 0.0 0.0 0.0 0 0.0 0.0 0.0 0.0 0.0 0.0 0.0 0.0 0.0 0.0 0.0 0.0 0.0 0.0 0.0 0.0 1 1.0 0.0 0.0 0.0 0.0 0.0 0.0 0.0
10 3 2 2.2951158999999706 0.6763808000000324 0.02011719999998718 2.99161389999999 4.396924700000042 4.396924700000042 4.396924700000042 337.78125 336.1796875 26 26 1.0 26 18 18 0 0  1.4444444444444444 1.4444444444444444 0.8555852638929972 0.8555852638929972 0.5923282596182288 0.5923282596182288 1.0 1.0 1.0 1.0 1.0 1.0 1.75 1.75 4.0 4.0 0 0.0 0.0 0.0 0.0 0.0 0.0 0.0 0.0 0.0 0.0 0.0 0.0 0.0 0.0 0.0 0.0 1 18.0 0.0 0.0 18.0 18.0 18.0 18.0 18.0
11 3 1 5.3457354000000095 2.606710700000022 0.029749100000017847 7.982195200000049 12.379119900000092 12.379119900000092 12.379119900000092 406.59375 398.3203125 39 39 1.0 0 26 26 0 0  1.5 1.5 0.648074069840786 0.648074069840786 0.43204937989385733 0.43204937989385733 1.0 1.0 1.0 1.0 1.0 1.0 2.0 2.0 3.0 3.0 0 0.0 0.0 0.0 0.0 0.0 0.0 0.0 0.0 0.0 0.0 0.0 0.0 0.0 0.0 0.0 0.0 1 26.0 0.0 0.0 26.0 26.0 26.0 26.0 26.0
12 4 3 1.0040445000000346 0.35899360000000513 0.0 1.3630381000000398 1.3630381000000398 1.3630381000000398 1.3630381000000398 351.73828125 341.26953125 18 18 1.0 18 0 0 0 0  1.0 1.0 0.0 0.0 0.0 0.0 0.0 0.0 0.0 0.0 0.0 0.0 0.0 0.0 0.0 0.0 0 0.0 0.0 0.0 0.0 0.0 0.0 0.0 0.0 0.0 0.0 0.0 0.0 0.0 0.0 0.0 0.0 1 1.0 0.0 0.0 0.0 0.0 0.0 0.0 0.0
13 4 2 2.30676499999997 0.6262460999999746 0.020128400000004376 2.953139499999949 4.316177599999989 4.316177599999989 4.316177599999989 367.65234375 362.80078125 26 26 1.0 26 18 18 0 0  1.4444444444444444 1.4444444444444444 0.7047921864945659 0.7047921864945659 0.4879330521885456 0.4879330521885456 1.0 1.0 1.0 1.0 1.0 1.0 2.0 2.0 3.0 3.0 0 0.0 0.0 0.0 0.0 0.0 0.0 0.0 0.0 0.0 0.0 0.0 0.0 0.0 0.0 0.0 0.0 1 18.0 0.0 0.0 18.0 18.0 18.0 18.0 18.0
14 4 1 5.373891299999983 2.4433951000000036 0.028819000000012807 7.846105399999999 12.162282999999988 12.162282999999988 12.162282999999988 417.203125 408.03515625 39 39 1.0 0 26 26 0 0  1.5 1.5 0.648074069840786 0.648074069840786 0.43204937989385733 0.43204937989385733 1.0 1.0 1.0 1.0 1.0 1.0 2.0 2.0 3.0 3.0 0 0.0 0.0 0.0 0.0 0.0 0.0 0.0 0.0 0.0 0.0 0.0 0.0 0.0 0.0 0.0 0.0 1 26.0 0.0 0.0 26.0 26.0 26.0 26.0 26.0
15 5 3 1.008133099999995 0.34644940000001156 0.0 1.3545825000000065 1.3545825000000065 1.3545825000000065 1.3545825000000065 361.703125 350.79296875 18 18 1.0 18 0 0 0 0  1.0 1.0 0.0 0.0 0.0 0.0 0.0 0.0 0.0 0.0 0.0 0.0 0.0 0.0 0.0 0.0 0 0.0 0.0 0.0 0.0 0.0 0.0 0.0 0.0 0.0 0.0 0.0 0.0 0.0 0.0 0.0 0.0 1 1.0 0.0 0.0 0.0 0.0 0.0 0.0 0.0
16 5 2 2.3021360999999985 0.6384526999999593 0.01991770000002191 2.9605064999999797 4.315088999999986 4.315088999999986 4.315088999999986 374.09765625 368.7421875 26 26 1.0 26 18 18 0 0  1.4444444444444444 1.4444444444444444 0.9835244081556433 0.9835244081556433 0.6809015133385223 0.6809015133385223 1.0 1.0 1.0 1.0 1.0 1.0 1.75 1.75 5.0 5.0 0 0.0 0.0 0.0 0.0 0.0 0.0 0.0 0.0 0.0 0.0 0.0 0.0 0.0 0.0 0.0 0.0 1 18.0 0.0 0.0 18.0 18.0 18.0 18.0 18.0
17 5 1 5.30753039999999 2.5307415999999563 0.02986420000001999 7.868136199999967 12.183225199999953 12.183225199999953 12.183225199999953 426.890625 418.25 39 39 1.0 0 26 26 0 0  1.5 1.5 0.7615773105863908 0.7615773105863908 0.5077182070575939 0.5077182070575939 1.0 1.0 1.0 1.0 1.0 1.0 2.0 2.0 4.0 4.0 0 0.0 0.0 0.0 0.0 0.0 0.0 0.0 0.0 0.0 0.0 0.0 0.0 0.0 0.0 0.0 0.0 1 26.0 0.0 0.0 26.0 26.0 26.0 26.0 26.0
18 6 3 1.0015136999999896 0.36422040000000777 0.0 1.3657340999999974 1.3657340999999974 1.3657340999999974 1.3657340999999974 323.48046875 315.1953125 18 18 1.0 18 0 0 0 0  1.0 1.0 0.0 0.0 0.0 0.0 0.0 0.0 0.0 0.0 0.0 0.0 0.0 0.0 0.0 0.0 0 0.0 0.0 0.0 0.0 0.0 0.0 0.0 0.0 0.0 0.0 0.0 0.0 0.0 0.0 0.0 0.0 1 1.0 0.0 0.0 0.0 0.0 0.0 0.0 0.0
19 6 2 2.3075457999999998 0.6633965000000188 0.01995199999998931 2.990894300000008 4.356628400000005 4.356628400000005 4.356628400000005 364.83984375 363.0234375 26 26 1.0 26 18 18 0 0  1.4444444444444444 1.4444444444444444 0.8555852638929972 0.8555852638929972 0.5923282596182288 0.5923282596182288 1.0 1.0 1.0 1.0 1.0 1.0 1.75 1.75 4.0 4.0 0 0.0 0.0 0.0 0.0 0.0 0.0 0.0 0.0 0.0 0.0 0.0 0.0 0.0 0.0 0.0 0.0 1 18.0 0.0 0.0 18.0 18.0 18.0 18.0 18.0
20 6 1 5.3636855000000025 2.6176237999999756 0.03007990000010352 8.011389200000082 12.368017600000087 12.368017600000087 12.368017600000087 436.875 428.53515625 39 39 1.0 0 26 26 0 0  1.5 1.5 0.8602325267042626 0.8602325267042626 0.5734883511361751 0.5734883511361751 1.0 1.0 1.0 1.0 1.0 1.0 2.0 2.0 5.0 5.0 0 0.0 0.0 0.0 0.0 0.0 0.0 0.0 0.0 0.0 0.0 0.0 0.0 0.0 0.0 0.0 0.0 1 26.0 0.0 0.0 26.0 26.0 26.0 26.0 26.0
21 7 3 1.0033422999999573 0.4561085000000844 0.0 1.4594508000000417 1.4594508000000417 1.4594508000000417 1.4594508000000417 373.828125 363.94921875 18 18 1.0 18 0 0 0 0  1.0 1.0 0.0 0.0 0.0 0.0 0.0 0.0 0.0 0.0 0.0 0.0 0.0 0.0 0.0 0.0 0 0.0 0.0 0.0 0.0 0.0 0.0 0.0 0.0 0.0 0.0 0.0 0.0 0.0 0.0 0.0 0.0 1 1.0 0.0 0.0 0.0 0.0 0.0 0.0 0.0
22 7 2 2.3008922999999584 0.7743501000000208 0.019898900000043795 3.095141300000023 4.554592100000065 4.554592100000065 4.554592100000065 390.34375 385.140625 26 26 1.0 26 18 18 0 0  1.4444444444444444 1.4444444444444444 0.7047921864945659 0.7047921864945659 0.4879330521885456 0.4879330521885456 1.0 1.0 1.0 1.0 1.0 1.0 2.0 2.0 3.0 3.0 0 0.0 0.0 0.0 0.0 0.0 0.0 0.0 0.0 0.0 0.0 0.0 0.0 0.0 0.0 0.0 0.0 1 18.0 0.0 0.0 18.0 18.0 18.0 18.0 18.0
23 7 1 5.371546300000034 3.0259147999998106 0.029747999999983676 8.427209099999828 12.981801199999893 12.981801199999893 12.981801199999893 449.171875 440.74609375 39 39 1.0 0 26 26 0 0  1.5 1.5 0.7071067811865476 0.7071067811865476 0.47140452079103173 0.47140452079103173 1.0 1.0 1.0 1.0 1.0 1.0 2.0 2.0 4.0 4.0 0 0.0 0.0 0.0 0.0 0.0 0.0 0.0 0.0 0.0 0.0 0.0 0.0 0.0 0.0 0.0 0.0 1 26.0 0.0 0.0 26.0 26.0 26.0 26.0 26.0
24 8 3 1.008641599999919 0.3369527000000119 0.0 1.3455942999999309 1.3455942999999309 1.3455942999999309 1.3455942999999309 388.01171875 377.70703125 18 18 1.0 18 0 0 0 0  1.0 1.0 0.0 0.0 0.0 0.0 0.0 0.0 0.0 0.0 0.0 0.0 0.0 0.0 0.0 0.0 0 0.0 0.0 0.0 0.0 0.0 0.0 0.0 0.0 0.0 0.0 0.0 0.0 0.0 0.0 0.0 0.0 1 1.0 0.0 0.0 0.0 0.0 0.0 0.0 0.0
25 8 2 2.30126420000002 0.677937299999968 0.0202059999999733 2.999407499999961 4.345001799999892 4.345001799999892 4.345001799999892 406.76953125 402.671875 26 26 1.0 26 18 18 0 0  1.4444444444444444 1.4444444444444444 0.8555852638929972 0.8555852638929972 0.5923282596182288 0.5923282596182288 1.0 1.0 1.0 1.0 1.0 1.0 1.75 1.75 4.0 4.0 0 0.0 0.0 0.0 0.0 0.0 0.0 0.0 0.0 0.0 0.0 0.0 0.0 0.0 0.0 0.0 0.0 1 18.0 0.0 0.0 18.0 18.0 18.0 18.0 18.0
26 8 1 5.344187299999845 2.297546099999977 0.0300814000000571 7.671814799999879 12.016816599999771 12.016816599999771 12.016816599999771 455.06640625 446.265625 39 39 1.0 0 26 26 0 0  1.5 1.5 0.7071067811865476 0.7071067811865476 0.47140452079103173 0.47140452079103173 1.0 1.0 1.0 1.0 1.0 1.0 2.0 2.0 3.0 3.0 0 0.0 0.0 0.0 0.0 0.0 0.0 0.0 0.0 0.0 0.0 0.0 0.0 0.0 0.0 0.0 0.0 1 26.0 0.0 0.0 26.0 26.0 26.0 26.0 26.0
27 9 3 1.0099225000000445 0.32763719999994123 0.0 1.3375596999999857 1.3375596999999857 1.3375596999999857 1.3375596999999857 397.390625 387.08984375 18 18 1.0 18 0 0 0 0  1.0 1.0 0.0 0.0 0.0 0.0 0.0 0.0 0.0 0.0 0.0 0.0 0.0 0.0 0.0 0.0 0 0.0 0.0 0.0 0.0 0.0 0.0 0.0 0.0 0.0 0.0 0.0 0.0 0.0 0.0 0.0 0.0 1 1.0 0.0 0.0 0.0 0.0 0.0 0.0 0.0
28 9 2 2.2969955000000084 0.6826057000000105 0.019892800000008037 2.999494000000027 4.337053700000013 4.337053700000013 4.337053700000013 413.28515625 408.2890625 26 26 1.0 26 18 18 0 0  1.4444444444444444 1.4444444444444444 0.8555852638929972 0.8555852638929972 0.5923282596182288 0.5923282596182288 1.0 1.0 1.0 1.0 1.0 1.0 1.75 1.75 4.0 4.0 0 0.0 0.0 0.0 0.0 0.0 0.0 0.0 0.0 0.0 0.0 0.0 0.0 0.0 0.0 0.0 0.0 1 18.0 0.0 0.0 18.0 18.0 18.0 18.0 18.0
29 9 1 5.345745399999998 2.506431100000043 0.030385199999869883 7.882561699999911 12.219615399999924 12.219615399999924 12.219615399999924 464.06640625 455.45703125 39 39 1.0 0 26 26 0 0  1.5 1.5 0.7071067811865476 0.7071067811865476 0.47140452079103173 0.47140452079103173 1.0 1.0 1.0 1.0 1.0 1.0 2.0 2.0 3.0 3.0 0 0.0 0.0 0.0 0.0 0.0 0.0 0.0 0.0 0.0 0.0 0.0 0.0 0.0 0.0 0.0 0.0 1 26.0 0.0 0.0 26.0 26.0 26.0 26.0 26.0
30 10 3 1.0016156000000365 0.36806989999999473 0.0 1.3696855000000312 1.3696855000000312 1.3696855000000312 1.3696855000000312 406.87890625 397.03515625 18 18 1.0 18 0 0 0 0  1.0 1.0 0.0 0.0 0.0 0.0 0.0 0.0 0.0 0.0 0.0 0.0 0.0 0.0 0.0 0.0 0 0.0 0.0 0.0 0.0 0.0 0.0 0.0 0.0 0.0 0.0 0.0 0.0 0.0 0.0 0.0 0.0 1 1.0 0.0 0.0 0.0 0.0 0.0 0.0 0.0
31 10 2 2.2917404999999462 0.6949674000001096 0.02031040000005646 3.0070183000001123 4.3767038000001435 4.3767038000001435 4.3767038000001435 424.21875 419.69140625 26 26 1.0 26 18 18 0 0  1.4444444444444444 1.4444444444444444 0.8555852638929972 0.8555852638929972 0.5923282596182288 0.5923282596182288 1.0 1.0 1.0 1.0 1.0 1.0 1.75 1.75 4.0 4.0 0 0.0 0.0 0.0 0.0 0.0 0.0 0.0 0.0 0.0 0.0 0.0 0.0 0.0 0.0 0.0 0.0 1 18.0 0.0 0.0 18.0 18.0 18.0 18.0 18.0
32 10 1 5.40093820000007 2.7927192999999875 0.029872800000021016 8.223530300000078 12.600234100000222 12.600234100000222 12.600234100000222 473.34375 465.16796875 39 39 1.0 0 26 26 0 0  1.5 1.5 0.648074069840786 0.648074069840786 0.43204937989385733 0.43204937989385733 1.0 1.0 1.0 1.0 1.0 1.0 2.0 2.0 3.0 3.0 0 0.0 0.0 0.0 0.0 0.0 0.0 0.0 0.0 0.0 0.0 0.0 0.0 0.0 0.0 0.0 0.0 1 26.0 0.0 0.0 26.0 26.0 26.0 26.0 26.0
33 11 3 1.0089229999999532 0.34570129999997334 0.0 1.3546242999999265 1.3546242999999265 1.3546242999999265 1.3546242999999265 420.3671875 410.5234375 18 18 1.0 18 0 0 0 0  1.0 1.0 0.0 0.0 0.0 0.0 0.0 0.0 0.0 0.0 0.0 0.0 0.0 0.0 0.0 0.0 0 0.0 0.0 0.0 0.0 0.0 0.0 0.0 0.0 0.0 0.0 0.0 0.0 0.0 0.0 0.0 0.0 1 1.0 0.0 0.0 0.0 0.0 0.0 0.0 0.0
34 11 2 2.3075439999999503 0.6973919999999509 0.02021300000001247 3.0251489999999137 4.37977329999984 4.37977329999984 4.37977329999984 436.2421875 430.78125 26 26 1.0 26 18 18 0 0  1.4444444444444444 1.4444444444444444 0.8555852638929972 0.8555852638929972 0.5923282596182288 0.5923282596182288 1.0 1.0 1.0 1.0 1.0 1.0 1.75 1.75 4.0 4.0 0 0.0 0.0 0.0 0.0 0.0 0.0 0.0 0.0 0.0 0.0 0.0 0.0 0.0 0.0 0.0 0.0 1 18.0 0.0 0.0 18.0 18.0 18.0 18.0 18.0
35 11 1 5.330328700000081 2.4113971000000163 0.030039900000076614 7.771765700000174 12.151539000000014 12.151539000000014 12.151539000000014 483.10546875 474.734375 39 39 1.0 0 26 26 0 0  1.5 1.5 0.7615773105863908 0.7615773105863908 0.5077182070575939 0.5077182070575939 1.0 1.0 1.0 1.0 1.0 1.0 2.0 2.0 4.0 4.0 0 0.0 0.0 0.0 0.0 0.0 0.0 0.0 0.0 0.0 0.0 0.0 0.0 0.0 0.0 0.0 0.0 1 26.0 0.0 0.0 26.0 26.0 26.0 26.0 26.0
36 12 3 1.0069755999999188 0.49915990000008037 0.0 1.5061354999999992 1.5061354999999992 1.5061354999999992 1.5061354999999992 427.06640625 416.71484375 18 18 1.0 18 0 0 0 0  1.0 1.0 0.0 0.0 0.0 0.0 0.0 0.0 0.0 0.0 0.0 0.0 0.0 0.0 0.0 0.0 0 0.0 0.0 0.0 0.0 0.0 0.0 0.0 0.0 0.0 0.0 0.0 0.0 0.0 0.0 0.0 0.0 1 1.0 0.0 0.0 0.0 0.0 0.0 0.0 0.0
37 12 2 2.2888127999999597 0.7071662000000458 0.020188899999936893 3.0161678999999424 4.522303399999942 4.522303399999942 4.522303399999942 443.23046875 437.91015625 26 26 1.0 26 18 18 0 0  1.4444444444444444 1.4444444444444444 0.7838233761296739 0.7838233761296739 0.5426469527051588 0.5426469527051588 1.0 1.0 1.0 1.0 1.0 1.0 2.0 2.0 4.0 4.0 0 0.0 0.0 0.0 0.0 0.0 0.0 0.0 0.0 0.0 0.0 0.0 0.0 0.0 0.0 0.0 0.0 1 18.0 0.0 0.0 18.0 18.0 18.0 18.0 18.0
38 12 1 5.323509800000011 2.271002500000037 0.05157969999993384 7.646091999999982 12.168395399999923 12.168395399999923 12.168395399999923 491.4921875 482.7109375 39 39 1.0 0 26 26 0 0  1.5 1.5 0.7071067811865476 0.7071067811865476 0.47140452079103173 0.47140452079103173 1.0 1.0 1.0 1.0 1.0 1.0 2.0 2.0 3.0 3.0 0 0.0 0.0 0.0 0.0 0.0 0.0 0.0 0.0 0.0 0.0 0.0 0.0 0.0 0.0 0.0 0.0 1 26.0 0.0 0.0 26.0 26.0 26.0 26.0 26.0
39 13 3 1.0028953999999715 0.37349270000004253 0.0 1.376388100000014 1.376388100000014 1.376388100000014 1.376388100000014 438.2734375 427.96484375 18 18 1.0 18 0 0 0 0  1.0 1.0 0.0 0.0 0.0 0.0 0.0 0.0 0.0 0.0 0.0 0.0 0.0 0.0 0.0 0.0 0 0.0 0.0 0.0 0.0 0.0 0.0 0.0 0.0 0.0 0.0 0.0 0.0 0.0 0.0 0.0 0.0 1 1.0 0.0 0.0 0.0 0.0 0.0 0.0 0.0
40 13 2 2.291098100000113 0.8797695999999462 0.020461700000026894 3.191329400000086 4.5677175000001 4.5677175000001 4.5677175000001 453.7109375 448.21875 26 26 1.0 26 18 18 0 0  1.4444444444444444 1.4444444444444444 0.9835244081556433 0.9835244081556433 0.6809015133385223 0.6809015133385223 1.0 1.0 1.0 1.0 1.0 1.0 1.75 1.75 5.0 5.0 0 0.0 0.0 0.0 0.0 0.0 0.0 0.0 0.0 0.0 0.0 0.0 0.0 0.0 0.0 0.0 0.0 1 18.0 0.0 0.0 18.0 18.0 18.0 18.0 18.0
41 13 1 5.3555788999999265 2.373806000000002 0.029532999999958065 7.7589178999998865 12.326635399999986 12.326635399999986 12.326635399999986 500.02734375 491.640625 39 39 1.0 0 26 26 0 0  1.5 1.5 0.7071067811865476 0.7071067811865476 0.47140452079103173 0.47140452079103173 1.0 1.0 1.0 1.0 1.0 1.0 2.0 2.0 3.0 3.0 0 0.0 0.0 0.0 0.0 0.0 0.0 0.0 0.0 0.0 0.0 0.0 0.0 0.0 0.0 0.0 0.0 1 26.0 0.0 0.0 26.0 26.0 26.0 26.0 26.0
42 14 3 1.0031943000000467 0.4006786999999292 0.0 1.403872999999976 1.403872999999976 1.403872999999976 1.403872999999976 445.88671875 435.5703125 18 18 1.0 18 0 0 0 0  1.0 1.0 0.0 0.0 0.0 0.0 0.0 0.0 0.0 0.0 0.0 0.0 0.0 0.0 0.0 0.0 0 0.0 0.0 0.0 0.0 0.0 0.0 0.0 0.0 0.0 0.0 0.0 0.0 0.0 0.0 0.0 0.0 1 1.0 0.0 0.0 0.0 0.0 0.0 0.0 0.0
43 14 2 2.310538699999995 0.7260195000000351 0.01996820000007915 3.0565264000001093 4.460399400000085 4.460399400000085 4.460399400000085 461.80078125 456.76953125 26 26 1.0 26 18 18 0 0  1.4444444444444444 1.4444444444444444 0.8555852638929972 0.8555852638929972 0.5923282596182288 0.5923282596182288 1.0 1.0 1.0 1.0 1.0 1.0 1.75 1.75 4.0 4.0 0 0.0 0.0 0.0 0.0 0.0 0.0 0.0 0.0 0.0 0.0 0.0 0.0 0.0 0.0 0.0 0.0 1 18.0 0.0 0.0 18.0 18.0 18.0 18.0 18.0
44 14 1 5.349890800000054 2.3000822000000483 0.029501500000066017 7.679474500000168 12.139873900000254 12.139873900000254 12.139873900000254 509.921875 501.46875 39 39 1.0 0 26 26 0 0  1.5 1.5 0.8602325267042626 0.8602325267042626 0.5734883511361751 0.5734883511361751 1.0 1.0 1.0 1.0 1.0 1.0 2.0 2.0 4.0 4.0 0 0.0 0.0 0.0 0.0 0.0 0.0 0.0 0.0 0.0 0.0 0.0 0.0 0.0 0.0 0.0 0.0 1 26.0 0.0 0.0 26.0 26.0 26.0 26.0 26.0
45 15 3 1.0106659999999295 0.4258657000000028 0.0 1.4365316999999322 1.4365316999999322 1.4365316999999322 1.4365316999999322 411.18359375 403.11328125 18 18 1.0 18 0 0 0 0  1.0 1.0 0.0 0.0 0.0 0.0 0.0 0.0 0.0 0.0 0.0 0.0 0.0 0.0 0.0 0.0 0 0.0 0.0 0.0 0.0 0.0 0.0 0.0 0.0 0.0 0.0 0.0 0.0 0.0 0.0 0.0 0.0 1 1.0 0.0 0.0 0.0 0.0 0.0 0.0 0.0
46 15 2 2.301915199999968 0.7639739000000532 0.02053470000004154 3.0864238000000626 4.522955499999995 4.522955499999995 4.522955499999995 457.5546875 455.64453125 26 26 1.0 26 18 18 0 0  1.4444444444444444 1.4444444444444444 0.8555852638929972 0.8555852638929972 0.5923282596182288 0.5923282596182288 1.0 1.0 1.0 1.0 1.0 1.0 1.75 1.75 4.0 4.0 0 0.0 0.0 0.0 0.0 0.0 0.0 0.0 0.0 0.0 0.0 0.0 0.0 0.0 0.0 0.0 0.0 1 18.0 0.0 0.0 18.0 18.0 18.0 18.0 18.0
47 15 1 5.3690637000000265 2.519348100000059 0.029613000000210832 7.918024800000296 12.440980300000291 12.440980300000291 12.440980300000291 517.62890625 509.7734375 39 39 1.0 0 26 26 0 0  1.5 1.5 0.812403840463596 0.812403840463596 0.5416025603090641 0.5416025603090641 1.0 1.0 1.0 1.0 1.0 1.0 2.0 2.0 4.0 4.0 0 0.0 0.0 0.0 0.0 0.0 0.0 0.0 0.0 0.0 0.0 0.0 0.0 0.0 0.0 0.0 0.0 1 26.0 0.0 0.0 26.0 26.0 26.0 26.0 26.0
48 16 3 1.0063915999999722 0.44355499999994663 0.0 1.4499465999999188 1.4499465999999188 1.4499465999999188 1.4499465999999188 462.0703125 452.72265625 18 18 1.0 18 0 0 0 0  1.0 1.0 0.0 0.0 0.0 0.0 0.0 0.0 0.0 0.0 0.0 0.0 0.0 0.0 0.0 0.0 0 0.0 0.0 0.0 0.0 0.0 0.0 0.0 0.0 0.0 0.0 0.0 0.0 0.0 0.0 0.0 0.0 1 1.0 0.0 0.0 0.0 0.0 0.0 0.0 0.0
49 16 2 2.302159299999971 0.7516610999999216 0.020190999999840642 3.0740113999997334 4.523957999999652 4.523957999999652 4.523957999999652 479.125 475.12890625 26 26 1.0 26 18 18 0 0  1.4444444444444444 1.4444444444444444 0.9835244081556433 0.9835244081556433 0.6809015133385223 0.6809015133385223 1.0 1.0 1.0 1.0 1.0 1.0 1.75 1.75 5.0 5.0 0 0.0 0.0 0.0 0.0 0.0 0.0 0.0 0.0 0.0 0.0 0.0 0.0 0.0 0.0 0.0 0.0 1 18.0 0.0 0.0 18.0 18.0 18.0 18.0 18.0
50 16 1 5.356918000000064 2.7242613000000233 0.03001169999998865 8.111191000000076 12.635148999999728 12.635148999999728 12.635148999999728 525.4140625 516.984375 39 39 1.0 0 26 26 0 0  1.5 1.5 0.7615773105863908 0.7615773105863908 0.5077182070575939 0.5077182070575939 1.0 1.0 1.0 1.0 1.0 1.0 2.0 2.0 4.0 4.0 0 0.0 0.0 0.0 0.0 0.0 0.0 0.0 0.0 0.0 0.0 0.0 0.0 0.0 0.0 0.0 0.0 1 26.0 0.0 0.0 26.0 26.0 26.0 26.0 26.0
51 17 3 1.0002872000000025 0.3467699000000266 0.0 1.347057100000029 1.347057100000029 1.347057100000029 1.347057100000029 474.33203125 464.12109375 18 18 1.0 18 0 0 0 0  1.0 1.0 0.0 0.0 0.0 0.0 0.0 0.0 0.0 0.0 0.0 0.0 0.0 0.0 0.0 0.0 0 0.0 0.0 0.0 0.0 0.0 0.0 0.0 0.0 0.0 0.0 0.0 0.0 0.0 0.0 0.0 0.0 1 1.0 0.0 0.0 0.0 0.0 0.0 0.0 0.0
52 17 2 2.2916610000000333 0.7636295999997742 0.020134200000029523 3.075424799999837 4.422481899999866 4.422481899999866 4.422481899999866 490.98828125 487.1953125 26 26 1.0 26 18 18 0 0  1.4444444444444444 1.4444444444444444 0.9217771979249536 0.9217771979249536 0.6381534447172755 0.6381534447172755 1.0 1.0 1.0 1.0 1.0 1.0 1.0 1.0 4.0 4.0 0 0.0 0.0 0.0 0.0 0.0 0.0 0.0 0.0 0.0 0.0 0.0 0.0 0.0 0.0 0.0 0.0 1 18.0 0.0 0.0 18.0 18.0 18.0 18.0 18.0
53 17 1 5.38236210000008 2.6075197999999205 0.030699299999980667 8.020581199999981 12.443063099999847 12.443063099999847 12.443063099999847 537.890625 529.4453125 39 39 1.0 0 26 26 0 0  1.5 1.5 0.648074069840786 0.648074069840786 0.43204937989385733 0.43204937989385733 1.0 1.0 1.0 1.0 1.0 1.0 2.0 2.0 3.0 3.0 0 0.0 0.0 0.0 0.0 0.0 0.0 0.0 0.0 0.0 0.0 0.0 0.0 0.0 0.0 0.0 0.0 1 26.0 0.0 0.0 26.0 26.0 26.0 26.0 26.0
54 18 3 1.0000880999998571 0.29900700000001734 0.0 1.2990950999998745 1.2990950999998745 1.2990950999998745 1.2990950999998745 485.1953125 475.01953125 18 18 1.0 18 0 0 0 0  1.0 1.0 0.0 0.0 0.0 0.0 0.0 0.0 0.0 0.0 0.0 0.0 0.0 0.0 0.0 0.0 0 0.0 0.0 0.0 0.0 0.0 0.0 0.0 0.0 0.0 0.0 0.0 0.0 0.0 0.0 0.0 0.0 1 1.0 0.0 0.0 0.0 0.0 0.0 0.0 0.0
55 18 2 2.3025894000001017 0.5419222999998397 0.020001600000000508 2.864513299999942 4.163608399999816 4.163608399999816 4.163608399999816 500.546875 496.21484375 26 26 1.0 26 18 18 0 0  1.4444444444444444 1.4444444444444444 1.0416176459053668 1.0416176459053668 0.7211199087037155 0.7211199087037155 1.0 1.0 1.0 1.0 1.0 1.0 1.0 1.0 5.0 5.0 0 0.0 0.0 0.0 0.0 0.0 0.0 0.0 0.0 0.0 0.0 0.0 0.0 0.0 0.0 0.0 0.0 1 18.0 0.0 0.0 18.0 18.0 18.0 18.0 18.0
56 18 1 5.284206599999948 2.2878646000004323 0.02962749999994685 7.601698700000327 11.765307100000143 11.765307100000143 11.765307100000143 547.94921875 539.41796875 39 39 1.0 0 26 26 0 0  1.5 1.5 0.648074069840786 0.648074069840786 0.43204937989385733 0.43204937989385733 1.0 1.0 1.0 1.0 1.0 1.0 2.0 2.0 3.0 3.0 0 0.0 0.0 0.0 0.0 0.0 0.0 0.0 0.0 0.0 0.0 0.0 0.0 0.0 0.0 0.0 0.0 1 26.0 0.0 0.0 26.0 26.0 26.0 26.0 26.0
57 19 3 1.0065305000001104 0.33905999999984715 0.0 1.3455904999999575 1.3455904999999575 1.3455904999999575 1.3455904999999575 496.6015625 486.41796875 18 18 1.0 18 0 0 0 0  1.0 1.0 0.0 0.0 0.0 0.0 0.0 0.0 0.0 0.0 0.0 0.0 0.0 0.0 0.0 0.0 0 0.0 0.0 0.0 0.0 0.0 0.0 0.0 0.0 0.0 0.0 0.0 0.0 0.0 0.0 0.0 0.0 1 1.0 0.0 0.0 0.0 0.0 0.0 0.0 0.0
58 19 2 2.3113007999999695 0.7606886999998892 0.02024069999998801 3.0922301999998467 4.437820699999804 4.437820699999804 4.437820699999804 510.76171875 505.94921875 26 26 1.0 26 18 18 0 0  1.4444444444444444 1.4444444444444444 0.7047921864945659 0.7047921864945659 0.4879330521885456 0.4879330521885456 1.0 1.0 1.0 1.0 1.0 1.0 2.0 2.0 3.0 3.0 0 0.0 0.0 0.0 0.0 0.0 0.0 0.0 0.0 0.0 0.0 0.0 0.0 0.0 0.0 0.0 0.0 1 18.0 0.0 0.0 18.0 18.0 18.0 18.0 18.0
59 19 1 5.364274100000046 3.0523697999999513 0.029639800000097694 8.446283700000095 12.884104399999899 12.884104399999899 12.884104399999899 558.38671875 549.7890625 39 39 1.0 0 26 26 0 0  1.5 1.5 0.9055385138137416 0.9055385138137416 0.6036923425424944 0.6036923425424944 1.0 1.0 1.0 1.0 1.0 1.0 2.0 2.0 4.0 4.0 0 0.0 0.0 0.0 0.0 0.0 0.0 0.0 0.0 0.0 0.0 0.0 0.0 0.0 0.0 0.0 0.0 1 26.0 0.0 0.0 26.0 26.0 26.0 26.0 26.0
60 20 3 1.0066033999998467 0.3821075999998129 0.0 1.3887109999996596 1.3887109999996596 1.3887109999996596 1.3887109999996596 502.3984375 492.0546875 18 18 1.0 18 0 0 0 0  1.0 1.0 0.0 0.0 0.0 0.0 0.0 0.0 0.0 0.0 0.0 0.0 0.0 0.0 0.0 0.0 0 0.0 0.0 0.0 0.0 0.0 0.0 0.0 0.0 0.0 0.0 0.0 0.0 0.0 0.0 0.0 0.0 1 1.0 0.0 0.0 0.0 0.0 0.0 0.0 0.0
61 20 2 2.291835600000013 0.7765992000000779 0.019908300000111012 3.088343100000202 4.477054099999862 4.477054099999862 4.477054099999862 519.3359375 515.2578125 26 26 1.0 26 18 18 0 0  1.4444444444444444 1.4444444444444444 0.8555852638929972 0.8555852638929972 0.5923282596182288 0.5923282596182288 1.0 1.0 1.0 1.0 1.0 1.0 1.75 1.75 4.0 4.0 0 0.0 0.0 0.0 0.0 0.0 0.0 0.0 0.0 0.0 0.0 0.0 0.0 0.0 0.0 0.0 0.0 1 18.0 0.0 0.0 18.0 18.0 18.0 18.0 18.0
62 20 1 5.33435389999994 2.755406899999798 0.029633199999977933 8.119393999999716 12.596448099999577 12.596448099999577 12.596448099999577 564.375 556.05859375 39 39 1.0 0 26 26 0 0  1.5 1.5 0.648074069840786 0.648074069840786 0.43204937989385733 0.43204937989385733 1.0 1.0 1.0 1.0 1.0 1.0 2.0 2.0 3.0 3.0 0 0.0 0.0 0.0 0.0 0.0 0.0 0.0 0.0 0.0 0.0 0.0 0.0 0.0 0.0 0.0 0.0 1 26.0 0.0 0.0 26.0 26.0 26.0 26.0 26.0
63 21 3 1.0027290999999536 0.404605800000013 0.0 1.4073348999999666 1.4073348999999666 1.4073348999999666 1.4073348999999666 511.984375 501.828125 18 18 1.0 18 0 0 0 0  1.0 1.0 0.0 0.0 0.0 0.0 0.0 0.0 0.0 0.0 0.0 0.0 0.0 0.0 0.0 0.0 0 0.0 0.0 0.0 0.0 0.0 0.0 0.0 0.0 0.0 0.0 0.0 0.0 0.0 0.0 0.0 0.0 1 1.0 0.0 0.0 0.0 0.0 0.0 0.0 0.0
64 21 2 2.3099119999999402 0.7746842000000242 0.020580600000016602 3.105176799999981 4.512511699999948 4.512511699999948 4.512511699999948 530.55859375 526.67578125 26 26 1.0 26 18 18 0 0  1.4444444444444444 1.4444444444444444 0.7047921864945659 0.7047921864945659 0.4879330521885456 0.4879330521885456 1.0 1.0 1.0 1.0 1.0 1.0 2.0 2.0 3.0 3.0 0 0.0 0.0 0.0 0.0 0.0 0.0 0.0 0.0 0.0 0.0 0.0 0.0 0.0 0.0 0.0 0.0 1 18.0 0.0 0.0 18.0 18.0 18.0 18.0 18.0
65 21 1 5.368805700000166 3.190778299999863 0.029564800000002833 8.589148800000032 13.10166049999998 13.10166049999998 13.10166049999998 574.28515625 565.828125 39 39 1.0 0 26 26 0 0  1.5 1.5 0.5830951894845301 0.5830951894845301 0.38873012632302006 0.38873012632302006 1.0 1.0 1.0 1.0 1.0 1.0 2.0 2.0 3.0 3.0 0 0.0 0.0 0.0 0.0 0.0 0.0 0.0 0.0 0.0 0.0 0.0 0.0 0.0 0.0 0.0 0.0 1 26.0 0.0 0.0 26.0 26.0 26.0 26.0 26.0
66 22 3 1.0059855999999172 0.43774799999999914 0.0 1.4437335999999164 1.4437335999999164 1.4437335999999164 1.4437335999999164 520.71875 510.48828125 18 18 1.0 18 0 0 0 0  1.0 1.0 0.0 0.0 0.0 0.0 0.0 0.0 0.0 0.0 0.0 0.0 0.0 0.0 0.0 0.0 0 0.0 0.0 0.0 0.0 0.0 0.0 0.0 0.0 0.0 0.0 0.0 0.0 0.0 0.0 0.0 0.0 1 1.0 0.0 0.0 0.0 0.0 0.0 0.0 0.0
67 22 2 2.3143612999998027 0.8091434999999478 0.01974249999989297 3.1432472999996435 4.58698089999956 4.58698089999956 4.58698089999956 538.0625 533.5703125 26 26 1.0 26 18 18 0 0  1.4444444444444444 1.4444444444444444 0.8555852638929972 0.8555852638929972 0.5923282596182288 0.5923282596182288 1.0 1.0 1.0 1.0 1.0 1.0 1.75 1.75 4.0 4.0 0 0.0 0.0 0.0 0.0 0.0 0.0 0.0 0.0 0.0 0.0 0.0 0.0 0.0 0.0 0.0 0.0 1 18.0 0.0 0.0 18.0 18.0 18.0 18.0 18.0
68 22 1 5.3535282000001985 2.581491800000265 0.02950620000001436 7.964526200000478 12.551507100000038 12.551507100000038 12.551507100000038 584.1015625 575.53125 39 39 1.0 0 26 26 0 0  1.5 1.5 0.812403840463596 0.812403840463596 0.5416025603090641 0.5416025603090641 1.0 1.0 1.0 1.0 1.0 1.0 2.0 2.0 4.0 4.0 0 0.0 0.0 0.0 0.0 0.0 0.0 0.0 0.0 0.0 0.0 0.0 0.0 0.0 0.0 0.0 0.0 1 26.0 0.0 0.0 26.0 26.0 26.0 26.0 26.0
69 23 3 1.0078627000000324 0.4063787999999704 0.0 1.4142415000000028 1.4142415000000028 1.4142415000000028 1.4142415000000028 529.09375 518.94921875 18 18 1.0 18 0 0 0 0  1.0 1.0 0.0 0.0 0.0 0.0 0.0 0.0 0.0 0.0 0.0 0.0 0.0 0.0 0.0 0.0 0 0.0 0.0 0.0 0.0 0.0 0.0 0.0 0.0 0.0 0.0 0.0 0.0 0.0 0.0 0.0 0.0 1 1.0 0.0 0.0 0.0 0.0 0.0 0.0 0.0
70 23 2 2.2888899999999808 0.836062199999958 0.02041860000002771 3.1453707999999665 4.559612299999969 4.559612299999969 4.559612299999969 547.0078125 543.81640625 26 26 1.0 26 18 18 0 0  1.4444444444444444 1.4444444444444444 0.7838233761296739 0.7838233761296739 0.5426469527051588 0.5426469527051588 1.0 1.0 1.0 1.0 1.0 1.0 2.0 2.0 4.0 4.0 0 0.0 0.0 0.0 0.0 0.0 0.0 0.0 0.0 0.0 0.0 0.0 0.0 0.0 0.0 0.0 0.0 1 18.0 0.0 0.0 18.0 18.0 18.0 18.0 18.0
71 23 1 5.3318606000003115 2.280892100000017 0.029698300000234212 7.6424510000005625 12.202063300000532 12.202063300000532 12.202063300000532 590.87109375 583.46484375 39 39 1.0 0 26 26 0 0  1.5 1.5 0.8602325267042626 0.8602325267042626 0.5734883511361751 0.5734883511361751 1.0 1.0 1.0 1.0 1.0 1.0 2.0 2.0 5.0 5.0 0 0.0 0.0 0.0 0.0 0.0 0.0 0.0 0.0 0.0 0.0 0.0 0.0 0.0 0.0 0.0 0.0 1 26.0 0.0 0.0 26.0 26.0 26.0 26.0 26.0
72 24 3 1.002326099999948 0.4289591000000428 0.0 1.4312851999999907 1.4312851999999907 1.4312851999999907 1.4312851999999907 535.79296875 526.3515625 18 18 1.0 18 0 0 0 0  1.0 1.0 0.0 0.0 0.0 0.0 0.0 0.0 0.0 0.0 0.0 0.0 0.0 0.0 0.0 0.0 0 0.0 0.0 0.0 0.0 0.0 0.0 0.0 0.0 0.0 0.0 0.0 0.0 0.0 0.0 0.0 0.0 1 1.0 0.0 0.0 0.0 0.0 0.0 0.0 0.0
73 24 2 2.301092600000061 0.8270431999998209 0.019678599999963353 3.147814399999845 4.579099599999836 4.579099599999836 4.579099599999836 554.53515625 551.3203125 26 26 1.0 26 18 18 0 0  1.4444444444444444 1.4444444444444444 0.7838233761296739 0.7838233761296739 0.5426469527051588 0.5426469527051588 1.0 1.0 1.0 1.0 1.0 1.0 2.0 2.0 4.0 4.0 0 0.0 0.0 0.0 0.0 0.0 0.0 0.0 0.0 0.0 0.0 0.0 0.0 0.0 0.0 0.0 0.0 1 18.0 0.0 0.0 18.0 18.0 18.0 18.0 18.0
74 24 1 5.384963500000254 2.6910517000000027 0.029267100000026858 8.105282300000283 12.684381900000119 12.684381900000119 12.684381900000119 602.98828125 595.13671875 39 39 1.0 0 26 26 0 0  1.5 1.5 0.9899494936611666 0.9899494936611666 0.6599663291074443 0.6599663291074443 1.0 1.0 1.0 1.0 1.0 1.0 2.0 2.0 5.0 5.0 0 0.0 0.0 0.0 0.0 0.0 0.0 0.0 0.0 0.0 0.0 0.0 0.0 0.0 0.0 0.0 0.0 1 26.0 0.0 0.0 26.0 26.0 26.0 26.0 26.0
