 RU AL GT ST OT TT LT CT WT RSS VMS LE AC CF PSG SIZE SGLITS_T HAS_TRAILING TOT_CHOICES PRE_CHOICES FGOALS_ORDER CP_EF_L CP_EF_A SP_ED_L SP_ED_A SP_EB_L SP_EB_A SP_MIN_L SP_MIN_A SP_LOWER_L SP_LOWER_A SP_MED_L SP_MED_A SP_UPPER_L SP_UPPER_A SP_MAX_L SP_MAX_A T_INTER_SP P_INTER_SP T_INTER_Q P_INTER_Q M_CHILD_SPREAD DIV_INDEX_SPREAD DIV_STEP_SPREAD DIVS_T DS_T DS_TD_MEAN DS_TD_STD DS_TD_CD DS_TD_MIN DS_TD_LOWER DS_TD_MED DS_TD_UPPER DS_TD_MAX DS_TS_MEAN DS_TS_STD DS_TS_CD DS_TS_MIN DS_TS_LOWER DS_TS_MED DS_TS_UPPER DS_TS_MAX PR_T PR_TS_MEAN PR_TS_STD PR_TS_CD PR_TS_MIN PR_TS_LOWER PR_TS_MED PR_TS_UPPER PR_TS_MAX PP_LE_MEAN PP_AC_MEAN PP_LE_STD PP_AC_STD PP_LE_CD PP_AC_CD PP_LE_MIN PP_AC_MIN PP_LE_LOWER PP_AC_LOWER PP_LE_MED PP_AC_MED PP_LE_UPPER PP_AC_UPPER PP_LE_MAX PP_AC_MAX
0 0 3 1.1970580999999711 1.3212259999999851 0.0 2.5182840999999563 2.5182840999999563 2.5182840999999563 2.5182840999999563 260.47265625 256.33984375 20 20 1.0 20 1 0 False 0 0  1.0 1.0 0.0 0.0 0.0 0.0 0.0 0.0 0.0 0.0 0.0 0.0 0.0 0.0 0.0 0.0 0 0.0 0 0.0 0.0 0.0 0.0 1 1 1.0 0.0 0.0 1.0 1.0 1.0 1.0 1.0 20.0 0.0 0.0 20.0 20.0 20.0 20.0 20.0 1 1.0 0.0 0.0 0.0 0.0 0.0 0.0 0.0 1.0 1.0 0.0 0.0 0.0 0.0 0.0 0.0 0.0 0.0 0.0 0.0 0.0 0.0 0.0 0.0
1 0 2 3.4871883999999866 1.3409003999999882 0.0 4.828088799999975 5.614496599999935 7.346372899999931 3.6896823999999686 296.421875 291.17578125 44 44 1.0 44 20 20 False 0 0  2.2 2.2 2.142305693455191 2.142305693455191 0.9737753152069049 0.9737753152069049 1.0 1.0 1.0 1.0 1.0 1.0 3.0 3.0 10.0 10.0 0 0.0 0 0.0 6.42884126417817 0.0 2.309401076758503 2 2 1.0 0.0 0.0 1.0 1.0 1.0 1.0 1.0 22.0 5.656854249492381 0.25712973861329 18.0 20.0 22.0 24.0 26.0 2 10.0 0.0 0.0 10.0 10.0 10.0 10.0 10.0 22.0 22.0 5.656854249492381 5.656854249492381 0.25712973861329 0.0 18.0 0.0 20.0 0.0 22.0 0.0 24.0 0.0 26.0 0.0
2 0 1 9.81374790000001 25.78642970000002 0.0 35.60017760000003 9.753132599999926 42.94655049999996 10.782818724999991 377.62109375 383.37890625 89 89 1.0 0 44 44 False 0 0  2.022727272727273 2.022727272727273 2.377106276436007 2.377106276436007 1.1751986085751045 1.1751986085751045 1.0 1.0 1.0 1.0 1.0 1.0 2.0 2.0 16.0 16.0 0 0.0 0 0.0 6.010643967919822 2.1908902300206643 3.684426685388108 0 0 0.0 0.0 0.0 0.0 0.0 0.0 0.0 0.0 0.0 0.0 0.0 0.0 0.0 0.0 0.0 0.0 4 11.0 2.309401076758503 0.20994555243259116 9.0 9.0 11.0 13.0 13.0 22.25 22.25 6.601767440112787 6.601767440112787 0.2967086489938331 0.0 15.0 0.0 18.0 0.0 22.0 0.0 26.25 0.0 30.0 0.0
3 1 3 1.2106716999999776 1.9667488999999705 0.0 3.177420599999948 3.177420599999948 3.177420599999948 3.177420599999948 292.55859375 287.97265625 20 20 1.0 20 1 0 False 0 0  1.0 1.0 0.0 0.0 0.0 0.0 0.0 0.0 0.0 0.0 0.0 0.0 0.0 0.0 0.0 0.0 0 0.0 0 0.0 0.0 0.0 0.0 1 1 1.0 0.0 0.0 1.0 1.0 1.0 1.0 1.0 20.0 0.0 0.0 20.0 20.0 20.0 20.0 20.0 1 1.0 0.0 0.0 0.0 0.0 0.0 0.0 0.0 1.0 1.0 0.0 0.0 0.0 0.0 0.0 0.0 0.0 0.0 0.0 0.0 0.0 0.0 0.0 0.0
4 1 2 3.3106312000000173 1.2320925999999588 0.0 4.542723799999976 5.625302399999953 7.720144399999924 3.879119499999959 333.4765625 325.765625 44 44 1.0 44 20 20 False 0 0  2.2 2.2 2.0416711421361615 2.0416711421361615 0.9280323373346188 0.9280323373346188 1.0 1.0 1.0 1.0 1.5 1.5 3.0 3.0 10.0 10.0 0 0.0 0 0.0 5.196152422706631 0.0 1.1547005383792515 2 2 1.0 0.0 0.0 1.0 1.0 1.0 1.0 1.0 22.0 2.8284271247461903 0.128564869306645 20.0 21.0 22.0 23.0 24.0 2 10.0 0.0 0.0 10.0 10.0 10.0 10.0 10.0 22.0 22.0 2.8284271247461903 2.8284271247461903 0.128564869306645 0.0 20.0 0.0 21.0 0.0 22.0 0.0 23.0 0.0 24.0 0.0
5 1 1 8.686787499999966 3.8063583000000136 0.0 12.49314579999998 8.959960399999915 20.213290199999904 5.1041009749999695 356.11328125 353.73828125 81 81 1.0 0 44 44 False 0 0  1.8409090909090908 1.8409090909090908 1.5241189878804604 1.5241189878804604 0.8279164872437069 0.8279164872437069 1.0 1.0 1.0 1.0 1.0 1.0 2.0 2.0 7.0 7.0 0 0.0 0 0.0 3.316118598901954 1.0954451150103321 2.274862633215465 0 0 0.0 0.0 0.0 0.0 0.0 0.0 0.0 0.0 0.0 0.0 0.0 0.0 0.0 0.0 0.0 0.0 4 11.0 1.1547005383792515 0.10497277621629558 10.0 10.0 11.0 12.0 12.0 20.25 20.25 4.031128874149275 4.031128874149275 0.19906809255058147 0.0 16.0 0.0 17.5 0.0 20.0 0.0 22.75 0.0 25.0 0.0
6 2 3 1.231430499999945 1.4556011999999754 0.0 2.6870316999999204 2.6870316999999204 2.6870316999999204 2.6870316999999204 320.16796875 311.25 20 20 1.0 20 1 0 False 0 0  1.0 1.0 0.0 0.0 0.0 0.0 0.0 0.0 0.0 0.0 0.0 0.0 0.0 0.0 0.0 0.0 0 0.0 0 0.0 0.0 0.0 0.0 1 1 1.0 0.0 0.0 1.0 1.0 1.0 1.0 1.0 20.0 0.0 0.0 20.0 20.0 20.0 20.0 20.0 1 1.0 0.0 0.0 0.0 0.0 0.0 0.0 0.0 1.0 1.0 0.0 0.0 0.0 0.0 0.0 0.0 0.0 0.0 0.0 0.0 0.0 0.0 0.0 0.0
7 2 2 3.3476203999999825 1.0670383000000356 0.0 4.414658700000018 5.288043699999918 7.101690399999939 3.5655481999999736 343.65234375 338.73046875 44 44 1.0 44 20 20 False 0 0  2.2 2.2 2.067289096988207 2.067289096988207 0.9396768622673667 0.9396768622673667 1.0 1.0 1.0 1.0 2.0 2.0 2.0 2.0 10.0 10.0 0 0.0 0 0.0 4.874423042781576 0.0 1.1547005383792515 2 2 1.0 0.0 0.0 1.0 1.0 1.0 1.0 1.0 22.0 2.8284271247461903 0.128564869306645 20.0 21.0 22.0 23.0 24.0 2 10.0 0.0 0.0 10.0 10.0 10.0 10.0 10.0 22.0 22.0 2.8284271247461903 2.8284271247461903 0.128564869306645 0.0 20.0 0.0 21.0 0.0 22.0 0.0 23.0 0.0 24.0 0.0
8 2 1 8.756116699999978 4.23693539999995 0.0 12.993052099999929 8.997473799999895 20.094742499999867 5.064078824999967 367.3828125 365.24609375 83 83 1.0 0 44 44 False 0 0  1.8863636363636365 1.8863636363636365 1.7147229634660033 1.7147229634660033 0.9090097637651101 0.9090097637651101 1.0 1.0 1.0 1.0 1.0 1.0 2.0 2.0 11.0 11.0 0 0.0 0 0.0 3.3845709104602753 1.0954451150103321 2.4031229681395834 0 0 0.0 0.0 0.0 0.0 0.0 0.0 0.0 0.0 0.0 0.0 0.0 0.0 0.0 0.0 0.0 0.0 4 11.0 1.1547005383792515 0.10497277621629558 10.0 10.0 11.0 12.0 12.0 20.75 20.75 4.425306015783918 4.425306015783918 0.21326775979681534 0.0 16.0 0.0 17.5 0.0 21.0 0.0 24.25 0.0 25.0 0.0
9 3 3 1.2894774000000098 1.6352588999999114 0.0 2.924736299999921 2.924736299999921 2.924736299999921 2.924736299999921 331.5625 322.5546875 20 20 1.0 20 1 0 False 0 0  1.0 1.0 0.0 0.0 0.0 0.0 0.0 0.0 0.0 0.0 0.0 0.0 0.0 0.0 0.0 0.0 0 0.0 0 0.0 0.0 0.0 0.0 1 1 1.0 0.0 0.0 1.0 1.0 1.0 1.0 1.0 20.0 0.0 0.0 20.0 20.0 20.0 20.0 20.0 1 1.0 0.0 0.0 0.0 0.0 0.0 0.0 0.0 1.0 1.0 0.0 0.0 0.0 0.0 0.0 0.0 0.0 0.0 0.0 0.0 0.0 0.0 0.0 0.0
10 3 2 3.231550499999912 2.427852400000063 0.0 5.659402899999975 7.805673899999903 8.584139199999896 4.306475049999946 370.2578125 373.890625 42 42 1.0 42 20 20 False 0 0  2.1 2.1 2.04939015319192 2.04939015319192 0.9759000729485332 0.9759000729485332 1.0 1.0 1.0 1.0 1.5 1.5 2.0 2.0 10.0 10.0 0 0.0 0 0.0 7.594405835876825 0.0 5.773502691896258 2 2 1.0 0.0 0.0 1.0 1.0 1.0 1.0 1.0 21.0 14.142135623730951 0.6734350297014738 11.0 16.0 21.0 26.0 31.0 2 10.0 0.0 0.0 10.0 10.0 10.0 10.0 10.0 21.0 21.0 14.142135623730951 14.142135623730951 0.6734350297014738 0.0 11.0 0.0 16.0 0.0 21.0 0.0 26.0 0.0 31.0 0.0
11 3 1 9.322494599999999 6.289742400000023 0.0 15.612237000000022 12.63222439999987 24.196376199999918 6.0846760499999775 420.01171875 418.7109375 83 83 1.0 0 42 42 False 0 0  1.9761904761904763 1.9761904761904763 1.993747485516821 1.993747485516821 1.008884269779596 1.008884269779596 1.0 1.0 1.0 1.0 1.5 1.5 2.0 2.0 13.0 13.0 0 0.0 0 0.0 3.320653320231887 5.300943312279429 7.6599608354090165 0 0 0.0 0.0 0.0 0.0 0.0 0.0 0.0 0.0 0.0 0.0 0.0 0.0 0.0 0.0 0.0 0.0 4 10.5 5.802298395176403 0.5525998471596575 5.0 5.75 10.5 15.25 16.0 20.75 20.75 10.626225419530053 10.626225419530053 0.5121072491339784 0.0 6.0 0.0 16.5 0.0 24.0 0.0 28.25 0.0 29.0 0.0
12 4 3 1.1996554000000117 1.209641099999942 0.0 2.4092964999999538 2.4092964999999538 2.4092964999999538 2.4092964999999538 359.1484375 351.78515625 20 20 1.0 20 1 0 False 0 0  1.0 1.0 0.0 0.0 0.0 0.0 0.0 0.0 0.0 0.0 0.0 0.0 0.0 0.0 0.0 0.0 0 0.0 0 0.0 0.0 0.0 0.0 1 1 1.0 0.0 0.0 1.0 1.0 1.0 1.0 1.0 20.0 0.0 0.0 20.0 20.0 20.0 20.0 20.0 1 1.0 0.0 0.0 0.0 0.0 0.0 0.0 0.0 1.0 1.0 0.0 0.0 0.0 0.0 0.0 0.0 0.0 0.0 0.0 0.0 0.0 0.0 0.0 0.0
13 4 2 3.355382100000014 1.260097400000035 0.0 4.615479500000049 5.094981999999931 7.024776000000003 3.5389308499999856 385.87890625 379.125 44 44 1.0 44 20 20 False 0 0  2.2 2.2 2.142305693455191 2.142305693455191 0.9737753152069049 0.9737753152069049 1.0 1.0 1.0 1.0 1.0 1.0 3.0 3.0 10.0 10.0 0 0.0 0 0.0 5.315072906367324 0.0 1.1547005383792515 2 2 1.0 0.0 0.0 1.0 1.0 1.0 1.0 1.0 22.0 2.8284271247461903 0.128564869306645 20.0 21.0 22.0 23.0 24.0 2 10.0 0.0 0.0 10.0 10.0 10.0 10.0 10.0 22.0 22.0 2.8284271247461903 2.8284271247461903 0.128564869306645 0.0 20.0 0.0 21.0 0.0 22.0 0.0 23.0 0.0 24.0 0.0
14 4 1 7.259322799999978 2.5779491999999493 0.0 9.837271999999928 8.702650799999901 16.86204799999993 4.258341624999979 408.80859375 402.875 73 73 1.0 0 44 44 False 0 0  1.6590909090909092 1.6590909090909092 0.9631146619216513 0.9631146619216513 0.5805074674596254 0.5805074674596254 1.0 1.0 1.0 1.0 1.0 1.0 2.0 2.0 6.0 6.0 0 0.0 0 0.0 2.921449246945653 1.0954451150103321 3.843826218756514 0 0 0.0 0.0 0.0 0.0 0.0 0.0 0.0 0.0 0.0 0.0 0.0 0.0 0.0 0.0 0.0 0.0 4 11.0 1.1547005383792515 0.10497277621629558 10.0 10.0 11.0 12.0 12.0 18.25 18.25 4.031128874149275 4.031128874149275 0.22088377392598765 0.0 15.0 0.0 15.75 0.0 17.0 0.0 19.5 0.0 24.0 0.0
15 5 3 1.1419647999999825 1.6667830000000095 0.0 2.808747799999992 2.808747799999992 2.808747799999992 2.808747799999992 374.515625 366.25 20 20 1.0 20 1 0 False 0 0  1.0 1.0 0.0 0.0 0.0 0.0 0.0 0.0 0.0 0.0 0.0 0.0 0.0 0.0 0.0 0.0 0 0.0 0 0.0 0.0 0.0 0.0 1 1 1.0 0.0 0.0 1.0 1.0 1.0 1.0 1.0 20.0 0.0 0.0 20.0 20.0 20.0 20.0 20.0 1 1.0 0.0 0.0 0.0 0.0 0.0 0.0 0.0 1.0 1.0 0.0 0.0 0.0 0.0 0.0 0.0 0.0 0.0 0.0 0.0 0.0 0.0 0.0 0.0
16 5 2 3.3236297000000263 1.0639817999999366 0.0 4.387611499999963 5.289977499999935 7.196359299999955 3.613696749999974 401.4140625 393.7734375 44 44 1.0 44 20 20 False 0 0  2.2 2.2 2.067289096988207 2.067289096988207 0.9396768622673667 0.9396768622673667 1.0 1.0 1.0 1.0 1.5 1.5 3.0 3.0 10.0 10.0 0 0.0 0 0.0 5.162363799656122 0.0 1.1547005383792515 2 2 1.0 0.0 0.0 1.0 1.0 1.0 1.0 1.0 22.0 2.8284271247461903 0.128564869306645 20.0 21.0 22.0 23.0 24.0 2 10.0 0.0 0.0 10.0 10.0 10.0 10.0 10.0 22.0 22.0 2.8284271247461903 2.8284271247461903 0.128564869306645 0.0 20.0 0.0 21.0 0.0 22.0 0.0 23.0 0.0 24.0 0.0
17 5 1 7.038891899999925 2.8323351999999318 0.0 9.871227099999857 9.016465799999878 17.06758639999981 4.304579774999944 423.12890625 416.36328125 73 73 1.0 0 44 44 False 0 0  1.6590909090909092 1.6590909090909092 1.0102539818394234 1.0102539818394234 0.6089202082319812 0.6089202082319812 1.0 1.0 1.0 1.0 1.0 1.0 2.0 2.0 6.0 6.0 0 0.0 0 0.0 3.081494686695438 1.0954451150103321 3.843826218756514 0 0 0.0 0.0 0.0 0.0 0.0 0.0 0.0 0.0 0.0 0.0 0.0 0.0 0.0 0.0 0.0 0.0 4 11.0 1.1547005383792515 0.10497277621629558 10.0 10.0 11.0 12.0 12.0 18.25 18.25 4.031128874149275 4.031128874149275 0.22088377392598765 0.0 15.0 0.0 15.75 0.0 17.0 0.0 19.5 0.0 24.0 0.0
18 6 3 1.108327399999979 1.9785996000000239 0.0 3.086927000000003 3.086927000000003 3.086927000000003 3.086927000000003 389.8515625 381.56640625 20 20 1.0 20 1 0 False 0 0  1.0 1.0 0.0 0.0 0.0 0.0 0.0 0.0 0.0 0.0 0.0 0.0 0.0 0.0 0.0 0.0 0 0.0 0 0.0 0.0 0.0 0.0 1 1 1.0 0.0 0.0 1.0 1.0 1.0 1.0 1.0 20.0 0.0 0.0 20.0 20.0 20.0 20.0 20.0 1 1.0 0.0 0.0 0.0 0.0 0.0 0.0 0.0 1.0 1.0 0.0 0.0 0.0 0.0 0.0 0.0 0.0 0.0 0.0 0.0 0.0 0.0 0.0 0.0
19 6 2 3.2572351999999682 1.9712554999999838 0.0 5.228490699999952 6.938457199999931 8.315417699999955 4.173587199999972 420.04296875 413.46484375 44 44 1.0 44 20 20 False 0 0  2.2 2.2 2.067289096988207 2.067289096988207 0.9396768622673667 0.9396768622673667 1.0 1.0 1.0 1.0 1.5 1.5 3.0 3.0 10.0 10.0 0 0.0 0 0.0 6.772739475278816 0.0 3.4641016151377544 2 2 1.0 0.0 0.0 1.0 1.0 1.0 1.0 1.0 22.0 8.48528137423857 0.385694607919935 16.0 19.0 22.0 25.0 28.0 2 10.0 0.0 0.0 10.0 10.0 10.0 10.0 10.0 22.0 22.0 8.48528137423857 8.48528137423857 0.385694607919935 0.0 16.0 0.0 19.0 0.0 22.0 0.0 25.0 0.0 28.0 0.0
20 6 1 8.148618699999957 4.028188099999909 0.0 12.176806799999866 10.948293599999829 20.49222449999982 5.1663591499999555 441.2421875 441.50390625 79 79 1.0 0 44 44 False 0 0  1.7954545454545454 1.7954545454545454 1.4072824786197053 1.4072824786197053 0.7838028994843929 0.7838028994843929 1.0 1.0 1.0 1.0 1.0 1.0 2.0 2.0 8.0 8.0 0 0.0 0 0.0 2.102180587661416 3.286335345030997 4.48051336344397 0 0 0.0 0.0 0.0 0.0 0.0 0.0 0.0 0.0 0.0 0.0 0.0 0.0 0.0 0.0 0.0 0.0 4 11.0 3.4641016151377544 0.31491832864888675 8.0 8.0 11.0 14.0 14.0 19.75 19.75 5.737304826019502 5.737304826019502 0.2904964468870634 0.0 12.0 0.0 17.25 0.0 21.0 0.0 23.5 0.0 25.0 0.0
21 7 3 1.1239377000000275 1.6203003000000535 0.0 2.744238000000081 2.744238000000081 2.744238000000081 2.744238000000081 398.48046875 390.65625 20 20 1.0 20 1 0 False 0 0  1.0 1.0 0.0 0.0 0.0 0.0 0.0 0.0 0.0 0.0 0.0 0.0 0.0 0.0 0.0 0.0 0 0.0 0 0.0 0.0 0.0 0.0 1 1 1.0 0.0 0.0 1.0 1.0 1.0 1.0 1.0 20.0 0.0 0.0 20.0 20.0 20.0 20.0 20.0 1 1.0 0.0 0.0 0.0 0.0 0.0 0.0 0.0 1.0 1.0 0.0 0.0 0.0 0.0 0.0 0.0 0.0 0.0 0.0 0.0 0.0 0.0 0.0 0.0
22 7 2 3.1223016000000428 2.0754908000000682 0.0 5.197792400000111 6.7546443000001375 7.942030400000192 3.9908881000000918 431.68359375 425.2734375 44 44 1.0 44 20 20 False 0 0  2.2 2.2 2.0416711421361615 2.0416711421361615 0.9280323373346188 0.9280323373346188 1.0 1.0 1.0 1.0 2.0 2.0 2.25 2.25 10.0 10.0 0 0.0 0 0.0 6.451356446515723 0.0 3.4641016151377544 2 2 1.0 0.0 0.0 1.0 1.0 1.0 1.0 1.0 22.0 8.48528137423857 0.385694607919935 16.0 19.0 22.0 25.0 28.0 2 10.0 0.0 0.0 10.0 10.0 10.0 10.0 10.0 22.0 22.0 8.48528137423857 8.48528137423857 0.385694607919935 0.0 16.0 0.0 19.0 0.0 22.0 0.0 25.0 0.0 28.0 0.0
23 7 1 7.945776299999864 4.104550599999982 0.0 12.050326899999845 10.672950100000122 19.992357300000037 5.034490124999991 455.91015625 455.80078125 79 79 1.0 0 44 44 False 0 0  1.7954545454545454 1.7954545454545454 1.4399538987217524 1.4399538987217524 0.8019996397943937 0.8019996397943937 1.0 1.0 1.0 1.0 1.0 1.0 2.0 2.0 8.0 8.0 0 0.0 0 0.0 2.3605202361182944 3.286335345030997 4.48051336344397 0 0 0.0 0.0 0.0 0.0 0.0 0.0 0.0 0.0 0.0 0.0 0.0 0.0 0.0 0.0 0.0 0.0 4 11.0 3.4641016151377544 0.31491832864888675 8.0 8.0 11.0 14.0 14.0 19.75 19.75 5.737304826019502 5.737304826019502 0.2904964468870634 0.0 12.0 0.0 17.25 0.0 21.0 0.0 23.5 0.0 25.0 0.0
24 8 3 1.2429423999998903 1.7092677999999637 0.0 2.952210199999854 2.952210199999854 2.952210199999854 2.952210199999854 418.76953125 410.8203125 20 20 1.0 20 1 0 False 0 0  1.0 1.0 0.0 0.0 0.0 0.0 0.0 0.0 0.0 0.0 0.0 0.0 0.0 0.0 0.0 0.0 0 0.0 0 0.0 0.0 0.0 0.0 1 1 1.0 0.0 0.0 1.0 1.0 1.0 1.0 1.0 20.0 0.0 0.0 20.0 20.0 20.0 20.0 20.0 1 1.0 0.0 0.0 0.0 0.0 0.0 0.0 0.0 1.0 1.0 0.0 0.0 0.0 0.0 0.0 0.0 0.0 0.0 0.0 0.0 0.0 0.0 0.0 0.0
25 8 2 3.2141921999999568 1.6312666999999124 0.0 4.845458899999869 5.649057699999844 7.797669099999723 3.930516049999852 443.74609375 439.19140625 44 44 1.0 44 20 20 False 0 0  2.2 2.2 2.1667341419992585 2.1667341419992585 0.9848791554542083 0.9848791554542083 1.0 1.0 1.0 1.0 1.0 1.0 2.25 2.25 10.0 10.0 0 0.0 0 0.0 5.665686189686116 0.0 1.7320508075688772 2 2 1.0 0.0 0.0 1.0 1.0 1.0 1.0 1.0 22.0 4.242640687119285 0.1928473039599675 19.0 20.5 22.0 23.5 25.0 2 10.0 0.0 0.0 10.0 10.0 10.0 10.0 10.0 22.0 22.0 4.242640687119285 4.242640687119285 0.1928473039599675 0.0 19.0 0.0 20.5 0.0 22.0 0.0 23.5 0.0 25.0 0.0
26 8 1 8.52118459999997 6.941557600000124 0.0 15.462742200000093 8.931383299999823 23.260411299999816 5.85696249999998 475.30078125 470.7265625 82 82 1.0 0 44 44 False 0 0  1.8636363636363635 1.8636363636363635 1.8247766233592984 1.8247766233592984 0.9791484320464529 0.9791484320464529 1.0 1.0 1.0 1.0 1.0 1.0 2.0 2.0 12.0 12.0 0 0.0 0 0.0 4.9209662761401916 1.4832396974191326 3.449637662132068 0 0 0.0 0.0 0.0 0.0 0.0 0.0 0.0 0.0 0.0 0.0 0.0 0.0 0.0 0.0 0.0 0.0 4 11.0 1.8257418583505538 0.16597653257732306 9.0 9.75 11.0 12.25 13.0 20.5 20.5 6.60807586719967 6.60807586719967 0.3223451642536424 0.0 12.0 0.0 18.0 0.0 21.0 0.0 23.5 0.0 28.0 0.0
27 9 3 1.269714800000088 1.4415562000000932 0.0 2.711271000000181 2.711271000000181 2.711271000000181 2.711271000000181 434.09375 426.28125 20 20 1.0 20 1 0 False 0 0  1.0 1.0 0.0 0.0 0.0 0.0 0.0 0.0 0.0 0.0 0.0 0.0 0.0 0.0 0.0 0.0 0 0.0 0 0.0 0.0 0.0 0.0 1 1 1.0 0.0 0.0 1.0 1.0 1.0 1.0 1.0 20.0 0.0 0.0 20.0 20.0 20.0 20.0 20.0 1 1.0 0.0 0.0 0.0 0.0 0.0 0.0 0.0 1.0 1.0 0.0 0.0 0.0 0.0 0.0 0.0 0.0 0.0 0.0 0.0 0.0 0.0 0.0 0.0
28 9 2 3.369039500000042 1.4473859000000289 0.0 4.816425400000071 5.58110030000023 7.527696400000252 3.7798014000001388 463.26953125 458.76171875 44 44 1.0 44 20 20 False 0 0  2.2 2.2 2.142305693455191 2.142305693455191 0.9737753152069049 0.9737753152069049 1.0 1.0 1.0 1.0 1.0 1.0 3.0 3.0 10.0 10.0 0 0.0 0 0.0 5.999999999999999 0.0 2.309401076758503 2 2 1.0 0.0 0.0 1.0 1.0 1.0 1.0 1.0 22.0 5.656854249492381 0.25712973861329 18.0 20.0 22.0 24.0 26.0 2 10.0 0.0 0.0 10.0 10.0 10.0 10.0 10.0 22.0 22.0 5.656854249492381 5.656854249492381 0.25712973861329 0.0 18.0 0.0 20.0 0.0 22.0 0.0 24.0 0.0 26.0 0.0
29 9 1 8.584707700000024 6.7426112000001694 0.0 15.327318900000193 9.184743200000241 22.855015300000446 5.756693150000103 503.20703125 510.08984375 84 84 1.0 0 44 44 False 0 0  1.9090909090909092 1.9090909090909092 2.066546178487771 2.066546178487771 1.0824765696840706 1.0824765696840706 1.0 1.0 1.0 1.0 1.0 1.0 2.0 2.0 13.0 13.0 0 0.0 0 0.0 6.032624800488681 2.1908902300206643 3.687817782917155 0 0 0.0 0.0 0.0 0.0 0.0 0.0 0.0 0.0 0.0 0.0 0.0 0.0 0.0 0.0 0.0 0.0 4 11.0 2.309401076758503 0.20994555243259116 9.0 9.0 11.0 13.0 13.0 21.0 21.0 6.733003292241386 6.733003292241386 0.32061920439244695 0.0 13.0 0.0 17.5 0.0 21.0 0.0 24.5 0.0 29.0 0.0
