 RU AL GT ST OT TT LT CT WT RSS VMS LE AC CF PSG SIZE SGLITS_T HAS_TRAILING TOT_CHOICES PRE_CHOICES FGOALS_ORDER CP_EF_L CP_EF_A SP_ED_L SP_ED_A SP_EB_L SP_EB_A SP_MIN_L SP_MIN_A SP_LOWER_L SP_LOWER_A SP_MED_L SP_MED_A SP_UPPER_L SP_UPPER_A SP_MAX_L SP_MAX_A T_INTER_SP P_INTER_SP T_INTER_Q P_INTER_Q M_CHILD_SPREAD DIV_INDEX_SPREAD DIV_STEP_SPREAD DIVS_T DS_T DS_TD_MEAN DS_TD_STD DS_TD_CD DS_TD_MIN DS_TD_LOWER DS_TD_MED DS_TD_UPPER DS_TD_MAX DS_TS_MEAN DS_TS_STD DS_TS_CD DS_TS_MIN DS_TS_LOWER DS_TS_MED DS_TS_UPPER DS_TS_MAX PR_T PR_TS_MEAN PR_TS_STD PR_TS_CD PR_TS_MIN PR_TS_LOWER PR_TS_MED PR_TS_UPPER PR_TS_MAX PP_LE_MEAN PP_AC_MEAN PP_LE_STD PP_AC_STD PP_LE_CD PP_AC_CD PP_LE_MIN PP_AC_MIN PP_LE_LOWER PP_AC_LOWER PP_LE_MED PP_AC_MED PP_LE_UPPER PP_AC_UPPER PP_LE_MAX PP_AC_MAX
0 0 3 1.1293668999999937 0.873993800000008 0.0 2.0033607000000018 2.0033607000000018 2.0033607000000018 2.0033607000000018 254.14453125 243.75 20 20 1.0 20 1 0 False 0 0 False 1.0 1.0 0.0 0.0 0.0 0.0 0.0 0.0 0.0 0.0 0.0 0.0 0.0 0.0 0.0 0.0 0 0.0 0 0.0 0.0 0.0 0.0 1 1 1.0 0.0 0.0 1.0 1.0 1.0 1.0 1.0 20.0 0.0 0.0 20.0 20.0 20.0 20.0 20.0 1 1.0 0.0 0.0 0.0 0.0 0.0 0.0 0.0 1.0 1.0 0.0 0.0 0.0 0.0 0.0 0.0 0.0 0.0 0.0 0.0 0.0 0.0 0.0 0.0
1 0 2 2.9215201000000093 1.147217600000019 0.0 4.068737700000028 5.439701000000028 6.07209840000003 3.0501470000000133 294.765625 294.1015625 42 42 1.0 42 20 20 False 0 0 False 2.1 2.1 2.04939015319192 2.04939015319192 0.9759000729485332 0.9759000729485332 1.0 1.0 1.0 1.0 1.5 1.5 2.0 2.0 10.0 10.0 0 0.0 0 0.0 7.3576490810584305 0.0 5.773502691896258 6 2 3.0 0.0 0.0 3.0 3.0 3.0 3.0 3.0 21.0 14.142135623730951 0.6734350297014738 11.0 16.0 21.0 26.0 31.0 2 10.0 0.0 0.0 10.0 10.0 10.0 10.0 10.0 21.0 21.0 14.142135623730951 14.142135623730951 0.6734350297014738 0.0 11.0 0.0 16.0 0.0 21.0 0.0 26.0 0.0 31.0 0.0
2 0 1 6.13621969999997 1.4653350999999972 0.0 7.601554799999967 7.120981300000032 13.673653199999997 1.749768699999998 276.4921875 269.38671875 71 71 1.0 0 42 42 False 0 0 False 1.6904761904761905 1.6904761904761905 0.9496622053642698 0.9496622053642698 0.5617720088070328 0.5617720088070328 1.0 1.0 1.0 1.0 1.5 1.5 2.0 2.0 6.0 6.0 0 0.0 0 0.0 3.47726391341054 5.236092690801669 11.946349977201312 0 0 0.0 0.0 0.0 0.0 0.0 0.0 0.0 0.0 0.0 0.0 0.0 0.0 0.0 0.0 0.0 0.0 8 5.25 2.712405363721075 0.5166486407087761 2.0 3.0 5.0 8.0 8.0 8.875 8.875 5.817154434453817 5.817154434453817 0.6554540207835287 0.0 2.0 0.0 4.0 0.0 8.5 0.0 14.25 0.0 15.0 0.0
3 1 3 1.1335547000000048 0.7752527000000171 0.0 1.908807400000022 1.908807400000022 1.908807400000022 1.908807400000022 260.87890625 250.8515625 20 20 1.0 20 1 0 False 0 0 False 1.0 1.0 0.0 0.0 0.0 0.0 0.0 0.0 0.0 0.0 0.0 0.0 0.0 0.0 0.0 0.0 0 0.0 0 0.0 0.0 0.0 0.0 1 1 1.0 0.0 0.0 1.0 1.0 1.0 1.0 1.0 20.0 0.0 0.0 20.0 20.0 20.0 20.0 20.0 1 1.0 0.0 0.0 0.0 0.0 0.0 0.0 0.0 1.0 1.0 0.0 0.0 0.0 0.0 0.0 0.0 0.0 0.0 0.0 0.0 0.0 0.0 0.0 0.0
4 1 2 2.8862761000000106 1.315349999999981 0.0 4.2016260999999915 5.484597100000045 6.110433500000013 3.0953004500000105 298.17578125 297.36328125 42 42 1.0 42 20 20 False 0 0 False 2.1 2.1 2.2219005615155596 2.2219005615155596 1.0580478864359808 1.0580478864359808 1.0 1.0 1.0 1.0 1.0 1.0 2.0 2.0 10.0 10.0 0 0.0 0 0.0 8.227089400267873 0.0 5.773502691896258 6 2 3.0 0.0 0.0 3.0 3.0 3.0 3.0 3.0 21.0 14.142135623730951 0.6734350297014738 11.0 16.0 21.0 26.0 31.0 2 10.0 0.0 0.0 10.0 10.0 10.0 10.0 10.0 21.0 21.0 14.142135623730951 14.142135623730951 0.6734350297014738 0.0 11.0 0.0 16.0 0.0 21.0 0.0 26.0 0.0 31.0 0.0
5 1 1 6.130487100000039 1.4282077999999672 0.0 7.558694900000006 7.218948100000034 13.66912840000002 1.7484358875000066 289.19140625 286.71484375 71 71 1.0 0 42 42 False 0 0 False 1.6904761904761905 1.6904761904761905 0.9750070728472726 0.9750070728472726 0.5767647473181049 0.5767647473181049 1.0 1.0 1.0 1.0 1.0 1.0 2.0 2.0 6.0 6.0 0 0.0 0 0.0 2.978871808030223 5.236092690801669 11.275280237956148 0 0 0.0 0.0 0.0 0.0 0.0 0.0 0.0 0.0 0.0 0.0 0.0 0.0 0.0 0.0 0.0 0.0 8 5.25 2.712405363721075 0.5166486407087761 2.0 3.0 5.0 8.0 8.0 8.875 8.875 5.866064633612068 5.866064633612068 0.6609650291393879 0.0 2.0 0.0 4.0 0.0 8.5 0.0 13.5 0.0 16.0 0.0
6 2 3 1.1397816999999293 0.7283065999999678 0.0 1.8680882999998971 1.8680882999998971 1.8680882999998971 1.8680882999998971 271.9296875 261.92578125 20 20 1.0 20 1 0 False 0 0 False 1.0 1.0 0.0 0.0 0.0 0.0 0.0 0.0 0.0 0.0 0.0 0.0 0.0 0.0 0.0 0.0 0 0.0 0 0.0 0.0 0.0 0.0 1 1 1.0 0.0 0.0 1.0 1.0 1.0 1.0 1.0 20.0 0.0 0.0 20.0 20.0 20.0 20.0 20.0 1 1.0 0.0 0.0 0.0 0.0 0.0 0.0 0.0 1.0 1.0 0.0 0.0 0.0 0.0 0.0 0.0 0.0 0.0 0.0 0.0 0.0 0.0 0.0 0.0
7 2 2 2.92948439999995 0.7372562999999701 0.0 3.66674069999992 3.932668499999849 5.534828999999817 2.781551099999902 297.16015625 291.0 44 44 1.0 44 20 20 False 0 0 False 2.2 2.2 2.067289096988207 2.067289096988207 0.9396768622673667 0.9396768622673667 1.0 1.0 1.0 1.0 1.5 1.5 3.0 3.0 10.0 10.0 0 0.0 0 0.0 5.128352561983233 0.0 1.1547005383792515 6 2 3.0 0.0 0.0 3.0 3.0 3.0 3.0 3.0 22.0 2.8284271247461903 0.128564869306645 20.0 21.0 22.0 23.0 24.0 2 10.0 0.0 0.0 10.0 10.0 10.0 10.0 10.0 22.0 22.0 2.8284271247461903 2.8284271247461903 0.128564869306645 0.0 20.0 0.0 21.0 0.0 22.0 0.0 23.0 0.0 24.0 0.0
8 2 1 7.076920500000014 1.6441548999999753 0.0 8.72107539999999 5.500026599999856 14.255904399999807 1.823355324999973 310.4375 302.4140625 81 81 1.0 0 44 44 False 0 0 False 1.8409090909090908 1.8409090909090908 1.7110201202815989 1.7110201202815989 0.9294430283011155 0.9294430283011155 1.0 1.0 1.0 1.0 1.0 1.0 2.0 2.0 11.0 11.0 0 0.0 0 0.0 3.817065583589241 1.1055415967851334 3.147971127920684 0 0 0.0 0.0 0.0 0.0 0.0 0.0 0.0 0.0 0.0 0.0 0.0 0.0 0.0 0.0 0.0 0.0 8 5.5 0.5345224838248488 0.09718590614997251 5.0 5.0 5.5 6.0 6.0 10.125 10.125 3.2705394924123103 3.2705394924123103 0.3230162461641788 0.0 7.0 0.0 8.0 0.0 8.5 0.0 11.75 0.0 16.0 0.0
9 3 3 1.1391311000000002 0.7900754000000063 0.0 1.9292065000000065 1.9292065000000065 1.9292065000000065 1.9292065000000065 298.59375 288.30078125 20 20 1.0 20 1 0 False 0 0 False 1.0 1.0 0.0 0.0 0.0 0.0 0.0 0.0 0.0 0.0 0.0 0.0 0.0 0.0 0.0 0.0 0 0.0 0 0.0 0.0 0.0 0.0 1 1 1.0 0.0 0.0 1.0 1.0 1.0 1.0 1.0 20.0 0.0 0.0 20.0 20.0 20.0 20.0 20.0 1 1.0 0.0 0.0 0.0 0.0 0.0 0.0 0.0 1.0 1.0 0.0 0.0 0.0 0.0 0.0 0.0 0.0 0.0 0.0 0.0 0.0 0.0 0.0 0.0
10 3 2 2.9408973000000174 0.8354761000000508 0.0 3.776373400000068 4.330914600000028 5.705579900000075 2.8670374000000436 323.0546875 315.11328125 44 44 1.0 44 20 20 False 0 0 False 2.2 2.2 2.117595458607661 2.117595458607661 0.9625433902762094 0.9625433902762094 1.0 1.0 1.0 1.0 1.5 1.5 2.25 2.25 10.0 10.0 0 0.0 0 0.0 5.854058421300558 0.0 2.309401076758503 6 2 3.0 0.0 0.0 3.0 3.0 3.0 3.0 3.0 22.0 5.656854249492381 0.25712973861329 18.0 20.0 22.0 24.0 26.0 2 10.0 0.0 0.0 10.0 10.0 10.0 10.0 10.0 22.0 22.0 5.656854249492381 5.656854249492381 0.25712973861329 0.0 18.0 0.0 20.0 0.0 22.0 0.0 24.0 0.0 26.0 0.0
11 3 1 6.3207196999999695 1.4363205000000079 0.0 7.757040199999977 5.890902300000036 13.462620100000052 1.7161367000000052 317.9375 310.66015625 75 75 1.0 0 44 44 False 0 0 False 1.7045454545454546 1.7045454545454546 1.04724545565854 1.04724545565854 0.6143840006530101 0.6143840006530101 1.0 1.0 1.0 1.0 1.0 1.0 2.0 2.0 6.0 6.0 0 0.0 0 0.0 2.3816511912314557 1.855921454276674 4.855552377319071 0 0 0.0 0.0 0.0 0.0 0.0 0.0 0.0 0.0 0.0 0.0 0.0 0.0 0.0 0.0 0.0 0.0 8 5.5 1.1952286093343936 0.21731429260625337 4.0 4.75 5.5 6.25 7.0 9.375 9.375 3.2043497223082786 3.2043497223082786 0.341797303712883 0.0 4.0 0.0 7.0 0.0 10.0 0.0 11.25 0.0 14.0 0.0
12 4 3 1.136049500000027 0.7566356999999897 0.0 1.8926852000000167 1.8926852000000167 1.8926852000000167 1.8926852000000167 310.81640625 300.48046875 20 20 1.0 20 1 0 False 0 0 False 1.0 1.0 0.0 0.0 0.0 0.0 0.0 0.0 0.0 0.0 0.0 0.0 0.0 0.0 0.0 0.0 0 0.0 0 0.0 0.0 0.0 0.0 1 1 1.0 0.0 0.0 1.0 1.0 1.0 1.0 1.0 20.0 0.0 0.0 20.0 20.0 20.0 20.0 20.0 1 1.0 0.0 0.0 0.0 0.0 0.0 0.0 0.0 1.0 1.0 0.0 0.0 0.0 0.0 0.0 0.0 0.0 0.0 0.0 0.0 0.0 0.0 0.0 0.0
13 4 2 2.936630199999982 0.9616038999999148 0.0 3.898234099999897 4.253912499999956 5.7909192999999135 2.909577599999956 336.171875 329.26171875 44 44 1.0 44 20 20 False 0 0 False 2.2 2.2 2.142305693455191 2.142305693455191 0.9737753152069049 0.9737753152069049 1.0 1.0 1.0 1.0 1.0 1.0 3.0 3.0 10.0 10.0 0 0.0 0 0.0 5.466260147486578 0.0 1.7320508075688772 6 2 3.0 0.0 0.0 3.0 3.0 3.0 3.0 3.0 22.0 4.242640687119285 0.1928473039599675 19.0 20.5 22.0 23.5 25.0 2 10.0 0.0 0.0 10.0 10.0 10.0 10.0 10.0 22.0 22.0 4.242640687119285 4.242640687119285 0.1928473039599675 0.0 19.0 0.0 20.5 0.0 22.0 0.0 23.5 0.0 25.0 0.0
14 4 1 8.696192899999872 7.58136109999991 0.0 16.277553999999782 5.830734499999949 22.068473299999695 2.7921819499999643 401.421875 396.25390625 94 94 1.0 0 44 44 False 0 0 False 2.1363636363636362 2.1363636363636362 2.9221759103003975 2.9221759103003975 1.3678270218427393 1.3678270218427393 1.0 1.0 1.0 1.0 1.5 1.5 2.0 2.0 20.0 20.0 0 0.0 0 0.0 10.230353071470313 1.3333333333333333 8.203996316159312 0 0 0.0 0.0 0.0 0.0 0.0 0.0 0.0 0.0 0.0 0.0 0.0 0.0 0.0 0.0 0.0 0.0 8 5.5 0.9258200997725514 0.168330927231373 4.0 5.0 5.5 6.0 7.0 11.75 11.75 7.126409634992524 7.126409634992524 0.6065029476589382 0.0 4.0 0.0 9.5 0.0 10.0 0.0 11.0 0.0 28.0 0.0
15 5 3 1.1354872999999657 0.7171333000000573 0.0 1.852620600000023 1.852620600000023 1.852620600000023 1.852620600000023 367.421875 359.25 20 20 1.0 20 1 0 False 0 0 False 1.0 1.0 0.0 0.0 0.0 0.0 0.0 0.0 0.0 0.0 0.0 0.0 0.0 0.0 0.0 0.0 0 0.0 0 0.0 0.0 0.0 0.0 1 1 1.0 0.0 0.0 1.0 1.0 1.0 1.0 1.0 20.0 0.0 0.0 20.0 20.0 20.0 20.0 20.0 1 1.0 0.0 0.0 0.0 0.0 0.0 0.0 0.0 1.0 1.0 0.0 0.0 0.0 0.0 0.0 0.0 0.0 0.0 0.0 0.0 0.0 0.0 0.0 0.0
16 5 2 2.9268223999999634 0.8868315000000564 0.0 3.81365390000002 4.139791000000002 5.666274500000043 2.847303850000017 391.9453125 382.63671875 44 44 1.0 44 20 20 False 0 0 False 2.2 2.2 2.117595458607661 2.117595458607661 0.9625433902762094 0.9625433902762094 1.0 1.0 1.0 1.0 1.5 1.5 2.25 2.25 10.0 10.0 0 0.0 0 0.0 5.559676249567055 0.0 1.7320508075688772 6 2 3.0 0.0 0.0 3.0 3.0 3.0 3.0 3.0 22.0 4.242640687119285 0.1928473039599675 19.0 20.5 22.0 23.5 25.0 2 10.0 0.0 0.0 10.0 10.0 10.0 10.0 10.0 22.0 22.0 4.242640687119285 4.242640687119285 0.1928473039599675 0.0 19.0 0.0 20.5 0.0 22.0 0.0 23.5 0.0 25.0 0.0
17 5 1 7.880658100000005 2.027917699999904 0.0 9.908575799999909 5.717111000000045 15.574850299999952 1.9803428124999911 399.51171875 390.80078125 89 89 1.0 0 44 44 False 0 0 False 2.022727272727273 2.022727272727273 1.8234727456484294 1.8234727456484294 0.9014921439160773 0.9014921439160773 1.0 1.0 1.0 1.0 1.0 1.0 2.0 2.0 11.0 11.0 0 0.0 0 0.0 4.621829938830626 1.3333333333333333 4.251633672941366 0 0 0.0 0.0 0.0 0.0 0.0 0.0 0.0 0.0 0.0 0.0 0.0 0.0 0.0 0.0 0.0 0.0 8 5.5 0.9258200997725514 0.168330927231373 4.0 5.0 5.5 6.0 7.0 11.125 11.125 4.882549100038393 4.882549100038393 0.4388808179809791 0.0 4.0 0.0 8.0 0.0 10.0 0.0 14.5 0.0 19.0 0.0
18 6 3 1.1373254000000372 0.6753308000000118 0.0 1.812656200000049 1.812656200000049 1.812656200000049 1.812656200000049 385.3828125 375.6640625 20 20 1.0 20 1 0 False 0 0 False 1.0 1.0 0.0 0.0 0.0 0.0 0.0 0.0 0.0 0.0 0.0 0.0 0.0 0.0 0.0 0.0 0 0.0 0 0.0 0.0 0.0 0.0 1 1 1.0 0.0 0.0 1.0 1.0 1.0 1.0 1.0 20.0 0.0 0.0 20.0 20.0 20.0 20.0 20.0 1 1.0 0.0 0.0 0.0 0.0 0.0 0.0 0.0 1.0 1.0 0.0 0.0 0.0 0.0 0.0 0.0 0.0 0.0 0.0 0.0 0.0 0.0 0.0 0.0
19 6 2 3.0220967999999573 1.4077919000000918 0.0 4.429888700000049 5.36229440000011 6.242544900000098 3.1356393000000367 415.1171875 414.96484375 44 44 1.0 44 20 20 False 0 0 False 2.2 2.2 2.142305693455191 2.142305693455191 0.9737753152069049 0.9737753152069049 1.0 1.0 1.0 1.0 1.0 1.0 3.0 3.0 10.0 10.0 0 0.0 0 0.0 7.598684096605147 0.0 4.618802153517006 6 2 3.0 0.0 0.0 3.0 3.0 3.0 3.0 3.0 22.0 11.313708498984761 0.51425947722658 14.0 18.0 22.0 26.0 30.0 2 10.0 0.0 0.0 10.0 10.0 10.0 10.0 10.0 22.0 22.0 11.313708498984761 11.313708498984761 0.51425947722658 0.0 14.0 0.0 18.0 0.0 22.0 0.0 26.0 0.0 30.0 0.0
20 6 1 6.086419399999983 1.656104199999902 0.0 7.742523599999885 7.019724300000149 13.985068499999983 1.781716212499994 406.1171875 398.8203125 73 73 1.0 0 44 44 False 0 0 False 1.6590909090909092 1.6590909090909092 0.9869657947038658 0.9869657947038658 0.5948834926982205 0.5948834926982205 1.0 1.0 1.0 1.0 1.0 1.0 2.0 2.0 6.0 6.0 0 0.0 0 0.0 2.7906925441605077 4.041451884327381 8.870597499605086 0 0 0.0 0.0 0.0 0.0 0.0 0.0 0.0 0.0 0.0 0.0 0.0 0.0 0.0 0.0 0.0 0.0 8 5.5 2.2038926600773587 0.40070775637770156 3.0 3.75 5.5 7.25 8.0 9.125 9.125 4.2907708265199025 4.2907708265199025 0.47022146044053725 0.0 5.0 0.0 5.0 0.0 8.5 0.0 13.0 0.0 15.0 0.0
21 7 3 1.1214200000000574 0.8582823000000417 0.0 1.979702300000099 1.979702300000099 1.979702300000099 1.979702300000099 396.37890625 386.67578125 20 20 1.0 20 1 0 False 0 0 False 1.0 1.0 0.0 0.0 0.0 0.0 0.0 0.0 0.0 0.0 0.0 0.0 0.0 0.0 0.0 0.0 0 0.0 0 0.0 0.0 0.0 0.0 1 1 1.0 0.0 0.0 1.0 1.0 1.0 1.0 1.0 20.0 0.0 0.0 20.0 20.0 20.0 20.0 20.0 1 1.0 0.0 0.0 0.0 0.0 0.0 0.0 0.0 1.0 1.0 0.0 0.0 0.0 0.0 0.0 0.0 0.0 0.0 0.0 0.0 0.0 0.0 0.0 0.0
22 7 2 2.7062486000000376 0.6940279000000942 0.0 3.400276500000132 4.292497800000234 5.379978800000231 2.704337550000119 416.92578125 409.01953125 42 42 1.0 42 20 20 False 0 0 False 2.1 2.1 2.04939015319192 2.04939015319192 0.9759000729485332 0.9759000729485332 1.0 1.0 1.0 1.0 1.0 1.0 3.0 3.0 10.0 10.0 0 0.0 0 0.0 5.988739433303138 0.0 2.886751345948129 6 2 3.0 0.0 0.0 3.0 3.0 3.0 3.0 3.0 21.0 7.0710678118654755 0.3367175148507369 16.0 18.5 21.0 23.5 26.0 2 10.0 0.0 0.0 10.0 10.0 10.0 10.0 10.0 21.0 21.0 7.0710678118654755 7.0710678118654755 0.3367175148507369 0.0 16.0 0.0 18.5 0.0 21.0 0.0 23.5 0.0 26.0 0.0
23 7 1 7.231131999999974 1.5304217000001188 0.0 8.761553700000093 5.863897400000269 14.141532500000324 1.8012315125000349 420.37890625 411.54296875 83 83 1.0 0 42 42 False 0 0 False 1.9761904761904763 1.9761904761904763 1.6599749518841225 1.6599749518841225 0.8399873250497969 0.8399873250497969 1.0 1.0 1.0 1.0 2.0 2.0 2.0 2.0 10.0 10.0 0 0.0 0 0.0 3.4454912095347328 2.5873624493766707 3.4830940906677275 0 0 0.0 0.0 0.0 0.0 0.0 0.0 0.0 0.0 0.0 0.0 0.0 0.0 0.0 0.0 0.0 0.0 8 5.25 1.3887301496588271 0.26452002850644324 4.0 4.0 5.0 6.25 7.0 10.375 10.375 3.2486260832190936 3.2486260832190936 0.31312058633437045 0.0 5.0 0.0 8.5 0.0 11.0 0.0 12.5 0.0 14.0 0.0
24 8 3 1.123139599999945 0.7282483000001037 0.0 1.8513879000000486 1.8513879000000486 1.8513879000000486 1.8513879000000486 411.15625 401.8125 20 20 1.0 20 1 0 False 0 0 False 1.0 1.0 0.0 0.0 0.0 0.0 0.0 0.0 0.0 0.0 0.0 0.0 0.0 0.0 0.0 0.0 0 0.0 0 0.0 0.0 0.0 0.0 1 1 1.0 0.0 0.0 1.0 1.0 1.0 1.0 1.0 20.0 0.0 0.0 20.0 20.0 20.0 20.0 20.0 1 1.0 0.0 0.0 0.0 0.0 0.0 0.0 0.0 1.0 1.0 0.0 0.0 0.0 0.0 0.0 0.0 0.0 0.0 0.0 0.0 0.0 0.0 0.0 0.0
25 8 2 2.875360799999953 1.2847273999999516 0.0 4.160088199999905 5.395433699999984 6.011476099999953 3.0198552999999606 441.80078125 440.7109375 42 42 1.0 42 20 20 False 0 0 False 2.1 2.1 2.074912807299318 2.074912807299318 0.9880537177615799 0.9880537177615799 1.0 1.0 1.0 1.0 1.0 1.0 2.25 2.25 10.0 10.0 0 0.0 0 0.0 7.560092592025574 0.0 5.773502691896258 6 2 3.0 0.0 0.0 3.0 3.0 3.0 3.0 3.0 21.0 14.142135623730951 0.6734350297014738 11.0 16.0 21.0 26.0 31.0 2 10.0 0.0 0.0 10.0 10.0 10.0 10.0 10.0 21.0 21.0 14.142135623730951 14.142135623730951 0.6734350297014738 0.0 11.0 0.0 16.0 0.0 21.0 0.0 26.0 0.0 31.0 0.0
26 8 1 8.360042700000122 5.313137299999994 0.0 13.673180000000116 7.0685077999999635 19.68465610000007 2.4941860375000005 446.0859375 439.03515625 91 91 1.0 0 42 42 True 0 0 False 2.1666666666666665 2.1666666666666665 1.9624820142395458 1.9624820142395458 0.958421448814662 0.958421448814662 1.0 1.0 1.0 1.0 1.5 1.5 2.0 2.0 12.0 12.0 0 0.0 0 0.0 8.18442352030907 5.236092690801669 7.007436526053351 0 0 0.0 0.0 0.0 0.0 0.0 0.0 0.0 0.0 0.0 0.0 0.0 0.0 0.0 0.0 0.0 0.0 8 5.25 2.712405363721075 0.5166486407087761 2.0 3.0 5.0 8.0 8.0 11.375 11.375 7.501190381723233 7.501190381723233 0.6594453082833611 0.0 3.0 0.0 3.75 0.0 13.0 0.0 15.25 0.0 24.0 0.0
27 9 3 1.1267465999999615 0.7484632000000317 0.0 1.8752097999999933 1.8752097999999933 1.8752097999999933 1.8752097999999933 427.7578125 418.59375 20 20 1.0 20 1 0 False 0 0 False 1.0 1.0 0.0 0.0 0.0 0.0 0.0 0.0 0.0 0.0 0.0 0.0 0.0 0.0 0.0 0.0 0 0.0 0 0.0 0.0 0.0 0.0 1 1 1.0 0.0 0.0 1.0 1.0 1.0 1.0 1.0 20.0 0.0 0.0 20.0 20.0 20.0 20.0 20.0 1 1.0 0.0 0.0 0.0 0.0 0.0 0.0 0.0 1.0 1.0 0.0 0.0 0.0 0.0 0.0 0.0 0.0 0.0 0.0 0.0 0.0 0.0 0.0 0.0
28 9 2 2.7305098999999586 0.9275058000000058 0.0 3.6580156999999645 4.128693500000054 5.533225499999958 2.7806919999999735 452.859375 444.4921875 42 42 1.0 42 20 20 False 0 0 False 2.1 2.1 2.125038699338017 2.125038699338017 1.0119231901609604 1.0119231901609604 1.0 1.0 1.0 1.0 1.0 1.0 2.0 2.0 10.0 10.0 0 0.0 0 0.0 6.002915958099029 0.0 2.309401076758503 6 2 3.0 0.0 0.0 3.0 3.0 3.0 3.0 3.0 21.0 5.656854249492381 0.26937401188058957 17.0 19.0 21.0 23.0 25.0 2 10.0 0.0 0.0 10.0 10.0 10.0 10.0 10.0 21.0 21.0 5.656854249492381 5.656854249492381 0.26937401188058957 0.0 17.0 0.0 19.0 0.0 21.0 0.0 23.0 0.0 25.0 0.0
29 9 1 7.88423419999998 3.8468402000000026 0.0 11.731074399999983 5.701854300000065 17.26429989999994 2.191855574999991 468.78125 463.31640625 87 87 1.0 0 42 42 False 0 0 False 2.0714285714285716 2.0714285714285716 1.866166765648918 1.866166765648918 0.9009080937615466 0.9009080937615466 1.0 1.0 1.0 1.0 1.5 1.5 2.0 2.0 9.0 9.0 0 0.0 0 0.0 7.900260479646135 1.9364916731037085 6.184096987883967 0 0 0.0 0.0 0.0 0.0 0.0 0.0 0.0 0.0 0.0 0.0 0.0 0.0 0.0 0.0 0.0 0.0 8 5.25 1.164964745021435 0.22189804667074955 4.0 4.0 5.5 6.0 7.0 10.875 10.875 5.89036743942418 5.89036743942418 0.5416429829355568 0.0 5.0 0.0 8.0 0.0 9.0 0.0 11.0 0.0 24.0 0.0
30 10 3 1.1277483999999447 0.6976687999999456 0.0 1.8254171999998903 1.8254171999998903 1.8254171999998903 1.8254171999998903 446.56640625 437.31640625 20 20 1.0 20 1 0 False 0 0 False 1.0 1.0 0.0 0.0 0.0 0.0 0.0 0.0 0.0 0.0 0.0 0.0 0.0 0.0 0.0 0.0 0 0.0 0 0.0 0.0 0.0 0.0 1 1 1.0 0.0 0.0 1.0 1.0 1.0 1.0 1.0 20.0 0.0 0.0 20.0 20.0 20.0 20.0 20.0 1 1.0 0.0 0.0 0.0 0.0 0.0 0.0 0.0 1.0 1.0 0.0 0.0 0.0 0.0 0.0 0.0 0.0 0.0 0.0 0.0 0.0 0.0 0.0 0.0
31 10 2 2.712430599999891 0.7007372999999006 0.0 3.4131678999997916 4.0212652999997545 5.238585099999682 2.633467099999848 469.07421875 461.4453125 42 42 1.0 42 20 20 False 0 0 False 2.1 2.1 2.1496633763403397 2.1496633763403397 1.0236492268287332 1.0236492268287332 1.0 1.0 1.0 1.0 1.0 1.0 2.25 2.25 10.0 10.0 0 0.0 0 0.0 6.058465152165191 0.0 2.309401076758503 6 2 3.0 0.0 0.0 3.0 3.0 3.0 3.0 3.0 21.0 5.656854249492381 0.26937401188058957 17.0 19.0 21.0 23.0 25.0 2 10.0 0.0 0.0 10.0 10.0 10.0 10.0 10.0 21.0 21.0 5.656854249492381 5.656854249492381 0.26937401188058957 0.0 17.0 0.0 19.0 0.0 21.0 0.0 23.0 0.0 25.0 0.0
32 10 1 8.813356800000207 7.325434399999949 0.0 16.138791200000156 5.805825699999701 21.37737629999984 2.7056774999999753 496.78515625 492.10546875 95 95 1.0 0 42 42 False 0 0 False 2.261904761904762 2.261904761904762 2.6324385783446607 2.6324385783446607 1.1638149504260604 1.1638149504260604 1.0 1.0 1.0 1.0 1.0 1.0 2.0 2.0 12.0 12.0 0 0.0 0 0.0 7.6863532611392795 1.9364916731037085 6.565376353771859 0 0 0.0 0.0 0.0 0.0 0.0 0.0 0.0 0.0 0.0 0.0 0.0 0.0 0.0 0.0 0.0 0.0 8 5.25 1.164964745021435 0.22189804667074955 4.0 4.0 5.5 6.0 7.0 11.875 11.875 7.120142454433659 7.120142454433659 0.5995909435312555 0.0 5.0 0.0 7.75 0.0 9.0 0.0 14.5 0.0 27.0 0.0
33 11 3 1.1228604000002633 0.8743908999999235 0.0 1.9972513000001868 1.9972513000001868 1.9972513000001868 1.9972513000001868 469.24609375 461.30859375 20 20 1.0 20 1 0 False 0 0 False 1.0 1.0 0.0 0.0 0.0 0.0 0.0 0.0 0.0 0.0 0.0 0.0 0.0 0.0 0.0 0.0 0 0.0 0 0.0 0.0 0.0 0.0 1 1 1.0 0.0 0.0 1.0 1.0 1.0 1.0 1.0 20.0 0.0 0.0 20.0 20.0 20.0 20.0 20.0 1 1.0 0.0 0.0 0.0 0.0 0.0 0.0 0.0 1.0 1.0 0.0 0.0 0.0 0.0 0.0 0.0 0.0 0.0 0.0 0.0 0.0 0.0 0.0 0.0
34 11 2 2.886194499999988 0.7325174999999149 0.0 3.6187119999999027 4.039805400000091 5.6159633000000895 2.8222047000000146 491.3828125 486.2734375 44 44 1.0 44 20 20 False 0 0 False 2.2 2.2 2.117595458607661 2.117595458607661 0.9625433902762094 0.9625433902762094 1.0 1.0 1.0 1.0 1.5 1.5 2.25 2.25 10.0 10.0 0 0.0 0 0.0 5.160426338976266 0.0 1.1547005383792515 6 2 3.0 0.0 0.0 3.0 3.0 3.0 3.0 3.0 22.0 2.8284271247461903 0.128564869306645 20.0 21.0 22.0 23.0 24.0 2 10.0 0.0 0.0 10.0 10.0 10.0 10.0 10.0 22.0 22.0 2.8284271247461903 2.8284271247461903 0.128564869306645 0.0 20.0 0.0 21.0 0.0 22.0 0.0 23.0 0.0 24.0 0.0
35 11 1 7.313233700000012 1.8599850000001652 0.0 9.173218700000177 5.608848100000273 14.789182000000267 1.8823724000000155 499.7734375 492.66015625 84 84 1.0 0 44 44 False 0 0 False 1.9090909090909092 1.9090909090909092 1.9626534224512537 1.9626534224512537 1.0280565546173233 1.0280565546173233 1.0 1.0 1.0 1.0 1.0 1.0 2.0 2.0 13.0 13.0 0 0.0 0 0.0 3.815745976263607 1.1055415967851334 3.6666666666666665 0 0 0.0 0.0 0.0 0.0 0.0 0.0 0.0 0.0 0.0 0.0 0.0 0.0 0.0 0.0 0.0 0.0 8 5.5 0.5345224838248488 0.09718590614997251 5.0 5.0 5.5 6.0 6.0 10.5 10.5 3.779644730092272 3.779644730092272 0.3599661647706926 0.0 7.0 0.0 8.0 0.0 9.0 0.0 11.75 0.0 18.0 0.0
36 12 3 1.1232662000001596 0.7883747999999287 0.0 1.9116410000000883 1.9116410000000883 1.9116410000000883 1.9116410000000883 486.47265625 477.6171875 20 20 1.0 20 1 0 False 0 0 False 1.0 1.0 0.0 0.0 0.0 0.0 0.0 0.0 0.0 0.0 0.0 0.0 0.0 0.0 0.0 0.0 0 0.0 0 0.0 0.0 0.0 0.0 1 1 1.0 0.0 0.0 1.0 1.0 1.0 1.0 1.0 20.0 0.0 0.0 20.0 20.0 20.0 20.0 20.0 1 1.0 0.0 0.0 0.0 0.0 0.0 0.0 0.0 1.0 1.0 0.0 0.0 0.0 0.0 0.0 0.0 0.0 0.0 0.0 0.0 0.0 0.0 0.0 0.0
37 12 2 2.894145500000093 1.9244917000002602 0.0 4.818637200000353 6.1130832000003466 6.730278200000441 3.3795032500002264 517.890625 518.296875 42 42 1.0 42 20 20 False 0 0 False 2.1 2.1 2.1496633763403397 2.1496633763403397 1.0236492268287332 1.0236492268287332 1.0 1.0 1.0 1.0 1.0 1.0 2.25 2.25 10.0 10.0 0 0.0 0 0.0 8.450739612601962 0.0 5.773502691896258 6 2 3.0 0.0 0.0 3.0 3.0 3.0 3.0 3.0 21.0 14.142135623730951 0.6734350297014738 11.0 16.0 21.0 26.0 31.0 2 10.0 0.0 0.0 10.0 10.0 10.0 10.0 10.0 21.0 21.0 14.142135623730951 14.142135623730951 0.6734350297014738 0.0 11.0 0.0 16.0 0.0 21.0 0.0 26.0 0.0 31.0 0.0
38 12 1 5.840198300000111 1.3470309000002203 0.0 7.187229200000331 7.77965420000055 13.917507400000773 1.7732492000001088 511.484375 507.93359375 69 69 1.0 0 42 42 False 0 0 False 1.6428571428571428 1.6428571428571428 0.9581849857407257 0.9581849857407257 0.5832430347987027 0.5832430347987027 1.0 1.0 1.0 1.0 1.0 1.0 2.0 2.0 6.0 6.0 0 0.0 0 0.0 2.429096581875994 5.236092690801669 10.589237198422012 0 0 0.0 0.0 0.0 0.0 0.0 0.0 0.0 0.0 0.0 0.0 0.0 0.0 0.0 0.0 0.0 0.0 8 5.25 2.712405363721075 0.5166486407087761 2.0 3.0 5.0 8.0 8.0 8.625 8.625 5.705573715987852 5.705573715987852 0.6615157931580119 0.0 2.0 0.0 4.0 0.0 7.5 0.0 13.5 0.0 16.0 0.0
39 13 3 1.135793999999862 0.7907624999998575 0.0 1.9265564999997196 1.9265564999997196 1.9265564999997196 1.9265564999997196 498.4453125 489.5703125 20 20 1.0 20 1 0 False 0 0 False 1.0 1.0 0.0 0.0 0.0 0.0 0.0 0.0 0.0 0.0 0.0 0.0 0.0 0.0 0.0 0.0 0 0.0 0 0.0 0.0 0.0 0.0 1 1 1.0 0.0 0.0 1.0 1.0 1.0 1.0 1.0 20.0 0.0 0.0 20.0 20.0 20.0 20.0 20.0 1 1.0 0.0 0.0 0.0 0.0 0.0 0.0 0.0 1.0 1.0 0.0 0.0 0.0 0.0 0.0 0.0 0.0 0.0 0.0 0.0 0.0 0.0 0.0 0.0
40 13 2 2.923455500000159 1.1014766999998642 0.0 4.024932200000023 4.450771899999893 5.951488699999743 2.9899121999998783 520.890625 512.3359375 44 44 1.0 44 20 20 False 0 0 False 2.2 2.2 2.0925934551223877 2.0925934551223877 0.9511788432374488 0.9511788432374488 1.0 1.0 1.0 1.0 2.0 2.0 2.0 2.0 10.0 10.0 0 0.0 0 0.0 5.50272659687904 0.0 1.7320508075688772 6 2 3.0 0.0 0.0 3.0 3.0 3.0 3.0 3.0 22.0 4.242640687119285 0.1928473039599675 19.0 20.5 22.0 23.5 25.0 2 10.0 0.0 0.0 10.0 10.0 10.0 10.0 10.0 22.0 22.0 4.242640687119285 4.242640687119285 0.1928473039599675 0.0 19.0 0.0 20.5 0.0 22.0 0.0 23.5 0.0 25.0 0.0
41 13 1 7.717385400000012 2.090181699999789 0.0 9.807567099999801 6.016380799999922 15.759055799999544 2.003410087499958 526.6171875 518.484375 87 87 1.0 0 44 44 False 0 0 False 1.9772727272727273 1.9772727272727273 1.898452691421222 1.898452691421222 0.9601369933624572 0.9601369933624572 1.0 1.0 1.0 1.0 1.0 1.0 2.0 2.0 9.0 9.0 0 0.0 0 0.0 5.054123388199036 1.3333333333333333 4.322904116447646 0 0 0.0 0.0 0.0 0.0 0.0 0.0 0.0 0.0 0.0 0.0 0.0 0.0 0.0 0.0 0.0 0.0 8 5.5 0.9258200997725514 0.168330927231373 4.0 5.0 5.5 6.0 7.0 10.875 10.875 5.111262075065218 5.111262075065218 0.47000111035082465 0.0 4.0 0.0 7.5 0.0 10.0 0.0 14.5 0.0 19.0 0.0
42 14 3 1.1388616999998362 0.7919622000000572 0.0 1.9308238999998935 1.9308238999998935 1.9308238999998935 1.9308238999998935 512.3125 503.08984375 20 20 1.0 20 1 0 False 0 0 False 1.0 1.0 0.0 0.0 0.0 0.0 0.0 0.0 0.0 0.0 0.0 0.0 0.0 0.0 0.0 0.0 0 0.0 0 0.0 0.0 0.0 0.0 1 1 1.0 0.0 0.0 1.0 1.0 1.0 1.0 1.0 20.0 0.0 0.0 20.0 20.0 20.0 20.0 20.0 1 1.0 0.0 0.0 0.0 0.0 0.0 0.0 0.0 1.0 1.0 0.0 0.0 0.0 0.0 0.0 0.0 0.0 0.0 0.0 0.0 0.0 0.0 0.0 0.0
43 14 2 2.944215900000188 1.146418100000119 0.0 4.090634000000307 4.348048100000085 6.0214579000002 3.025053700000086 535.05859375 526.7890625 44 44 1.0 44 20 20 False 0 0 False 2.2 2.2 2.0416711421361615 2.0416711421361615 0.9280323373346188 0.9280323373346188 1.0 1.0 1.0 1.0 2.0 2.0 2.25 2.25 10.0 10.0 0 0.0 0 0.0 5.552476924760695 0.0 2.309401076758503 6 2 3.0 0.0 0.0 3.0 3.0 3.0 3.0 3.0 22.0 5.656854249492381 0.25712973861329 18.0 20.0 22.0 24.0 26.0 2 10.0 0.0 0.0 10.0 10.0 10.0 10.0 10.0 22.0 22.0 5.656854249492381 5.656854249492381 0.25712973861329 0.0 18.0 0.0 20.0 0.0 22.0 0.0 24.0 0.0 26.0 0.0
44 14 1 7.860843199999977 1.8220325999998295 0.0 9.682875799999806 5.9275049999999965 15.704333700000007 1.996838199999992 540.33984375 533.44140625 89 89 1.0 0 44 44 False 0 0 False 2.022727272727273 2.022727272727273 1.9468356718512194 1.9468356718512194 0.9624805568702657 0.9624805568702657 1.0 1.0 1.0 1.0 1.0 1.0 2.0 2.0 10.0 10.0 0 0.0 0 0.0 3.9469297095630447 1.855921454276674 3.766629793329841 0 0 0.0 0.0 0.0 0.0 0.0 0.0 0.0 0.0 0.0 0.0 0.0 0.0 0.0 0.0 0.0 0.0 8 5.5 1.1952286093343936 0.21731429260625337 4.0 4.75 5.5 6.25 7.0 11.125 11.125 4.517821851923146 4.517821851923146 0.4060963462402828 0.0 5.0 0.0 7.75 0.0 10.5 0.0 14.75 0.0 17.0 0.0
45 15 3 1.1364197000001468 0.8495203000000515 0.0 1.9859400000001983 1.9859400000001983 1.9859400000001983 1.9859400000001983 527.6015625 518.5 20 20 1.0 20 1 0 False 0 0 False 1.0 1.0 0.0 0.0 0.0 0.0 0.0 0.0 0.0 0.0 0.0 0.0 0.0 0.0 0.0 0.0 0 0.0 0 0.0 0.0 0.0 0.0 1 1 1.0 0.0 0.0 1.0 1.0 1.0 1.0 1.0 20.0 0.0 0.0 20.0 20.0 20.0 20.0 20.0 1 1.0 0.0 0.0 0.0 0.0 0.0 0.0 0.0 1.0 1.0 0.0 0.0 0.0 0.0 0.0 0.0 0.0 0.0 0.0 0.0 0.0 0.0 0.0 0.0
46 15 2 2.896534499999916 1.3759523000000513 0.0 4.272486799999967 5.640477200000191 6.258426800000166 3.143405400000063 559.57421875 560.0234375 42 42 1.0 42 20 20 False 0 0 False 2.1 2.1 2.125038699338017 2.125038699338017 1.0119231901609604 1.0119231901609604 1.0 1.0 1.0 1.0 1.0 1.0 2.0 2.0 10.0 10.0 0 0.0 0 0.0 8.571172615225992 0.0 5.773502691896258 6 2 3.0 0.0 0.0 3.0 3.0 3.0 3.0 3.0 21.0 14.142135623730951 0.6734350297014738 11.0 16.0 21.0 26.0 31.0 2 10.0 0.0 0.0 10.0 10.0 10.0 10.0 10.0 21.0 21.0 14.142135623730951 14.142135623730951 0.6734350297014738 0.0 11.0 0.0 16.0 0.0 21.0 0.0 26.0 0.0 31.0 0.0
47 15 1 5.856637999999691 1.6871766000000434 0.0 7.543814599999735 7.328155800000047 13.8022413999999 1.7588369999999784 553.734375 551.265625 69 69 1.0 0 42 42 False 0 0 False 1.6428571428571428 1.6428571428571428 0.9581849857407257 0.9581849857407257 0.5832430347987027 0.5832430347987027 1.0 1.0 1.0 1.0 1.0 1.0 2.0 2.0 6.0 6.0 0 0.0 0 0.0 2.429096581875994 5.236092690801669 10.589237198422012 0 0 0.0 0.0 0.0 0.0 0.0 0.0 0.0 0.0 0.0 0.0 0.0 0.0 0.0 0.0 0.0 0.0 8 5.25 2.712405363721075 0.5166486407087761 2.0 3.0 5.0 8.0 8.0 8.625 8.625 5.705573715987852 5.705573715987852 0.6615157931580119 0.0 2.0 0.0 4.0 0.0 7.5 0.0 13.5 0.0 16.0 0.0
48 16 3 1.1228506000000493 0.7151496000001885 0.0 1.8380002000002378 1.8380002000002378 1.8380002000002378 1.8380002000002378 538.41015625 529.38671875 20 20 1.0 20 1 0 False 0 0 False 1.0 1.0 0.0 0.0 0.0 0.0 0.0 0.0 0.0 0.0 0.0 0.0 0.0 0.0 0.0 0.0 0 0.0 0 0.0 0.0 0.0 0.0 1 1 1.0 0.0 0.0 1.0 1.0 1.0 1.0 1.0 20.0 0.0 0.0 20.0 20.0 20.0 20.0 20.0 1 1.0 0.0 0.0 0.0 0.0 0.0 0.0 0.0 1.0 1.0 0.0 0.0 0.0 0.0 0.0 0.0 0.0 0.0 0.0 0.0 0.0 0.0 0.0 0.0
49 16 2 2.897943199999929 1.073382500000207 0.0 3.9713257000001363 3.917030600000487 5.809325900000374 2.9187380000001895 563.05859375 558.0625 44 44 1.0 44 20 20 False 0 0 False 2.2 2.2 2.015727634065883 2.015727634065883 0.9162398336663103 0.9162398336663103 1.0 1.0 1.0 1.0 2.0 2.0 3.0 3.0 10.0 10.0 0 0.0 0 0.0 5.105878964487896 0.0 1.1547005383792515 6 2 3.0 0.0 0.0 3.0 3.0 3.0 3.0 3.0 22.0 2.8284271247461903 0.128564869306645 20.0 21.0 22.0 23.0 24.0 2 10.0 0.0 0.0 10.0 10.0 10.0 10.0 10.0 22.0 22.0 2.8284271247461903 2.8284271247461903 0.128564869306645 0.0 20.0 0.0 21.0 0.0 22.0 0.0 23.0 0.0 24.0 0.0
50 16 1 7.16254489999983 1.5850363999999217 0.0 8.747581299999752 5.483384900000317 14.556907200000126 1.853108437500012 569.12890625 562.5625 83 83 1.0 0 44 44 False 0 0 False 1.8863636363636365 1.8863636363636365 1.728232180392614 1.728232180392614 0.916171276352711 0.916171276352711 1.0 1.0 1.0 1.0 1.0 1.0 2.0 2.0 11.0 11.0 0 0.0 0 0.0 3.309101835646298 1.1055415967851334 3.0810802578893584 0 0 0.0 0.0 0.0 0.0 0.0 0.0 0.0 0.0 0.0 0.0 0.0 0.0 0.0 0.0 0.0 0.0 8 5.5 0.5345224838248488 0.09718590614997251 5.0 5.0 5.5 6.0 6.0 10.375 10.375 3.020761493398643 3.020761493398643 0.2911577343034837 0.0 8.0 0.0 8.0 0.0 9.5 0.0 11.0 0.0 16.0 0.0
51 17 3 1.125610199999926 0.7307229999997276 0.0 1.8563331999996535 1.8563331999996535 1.8563331999996535 1.8563331999996535 555.45703125 546.5546875 20 20 1.0 20 1 0 False 0 0 False 1.0 1.0 0.0 0.0 0.0 0.0 0.0 0.0 0.0 0.0 0.0 0.0 0.0 0.0 0.0 0.0 0 0.0 0 0.0 0.0 0.0 0.0 1 1 1.0 0.0 0.0 1.0 1.0 1.0 1.0 1.0 20.0 0.0 0.0 20.0 20.0 20.0 20.0 20.0 1 1.0 0.0 0.0 0.0 0.0 0.0 0.0 0.0 1.0 1.0 0.0 0.0 0.0 0.0 0.0 0.0 0.0 0.0 0.0 0.0 0.0 0.0 0.0 0.0
52 17 2 2.9152996000000826 1.4478503000000842 0.0 4.363149900000167 5.60143979999981 6.21948309999982 3.1240194499999063 587.32421875 587.49609375 42 42 1.0 42 20 20 False 0 0 False 2.1 2.1 2.125038699338017 2.125038699338017 1.0119231901609604 1.0119231901609604 1.0 1.0 1.0 1.0 1.0 1.0 2.0 2.0 10.0 10.0 0 0.0 0 0.0 7.827196177431608 0.0 5.773502691896258 6 2 3.0 0.0 0.0 3.0 3.0 3.0 3.0 3.0 21.0 14.142135623730951 0.6734350297014738 11.0 16.0 21.0 26.0 31.0 2 10.0 0.0 0.0 10.0 10.0 10.0 10.0 10.0 21.0 21.0 14.142135623730951 14.142135623730951 0.6734350297014738 0.0 11.0 0.0 16.0 0.0 21.0 0.0 26.0 0.0 31.0 0.0
53 17 1 7.12189789999951 2.009421100000054 0.0 9.131318999999564 7.267025899999794 15.350802099999385 1.9526243749999352 582.12109375 578.9140625 81 81 1.0 0 42 42 False 0 0 False 1.9285714285714286 1.9285714285714286 2.157153240854626 2.157153240854626 1.1185239026653617 1.1185239026653617 1.0 1.0 1.0 1.0 1.0 1.0 2.0 2.0 14.0 14.0 0 0.0 0 0.0 4.4503114620039295 5.236092690801669 6.8043082757258375 0 0 0.0 0.0 0.0 0.0 0.0 0.0 0.0 0.0 0.0 0.0 0.0 0.0 0.0 0.0 0.0 0.0 8 5.25 2.712405363721075 0.5166486407087761 2.0 3.0 5.0 8.0 8.0 10.125 10.125 5.89036743942418 5.89036743942418 0.5817646853752276 0.0 2.0 0.0 4.0 0.0 12.0 0.0 15.25 0.0 16.0 0.0
54 18 3 1.1253507999999783 0.7712236999999504 0.0 1.8965744999999288 1.8965744999999288 1.8965744999999288 1.8965744999999288 568.66015625 559.6796875 20 20 1.0 20 1 0 False 0 0 False 1.0 1.0 0.0 0.0 0.0 0.0 0.0 0.0 0.0 0.0 0.0 0.0 0.0 0.0 0.0 0.0 0 0.0 0 0.0 0.0 0.0 0.0 1 1 1.0 0.0 0.0 1.0 1.0 1.0 1.0 1.0 20.0 0.0 0.0 20.0 20.0 20.0 20.0 20.0 1 1.0 0.0 0.0 0.0 0.0 0.0 0.0 0.0 1.0 1.0 0.0 0.0 0.0 0.0 0.0 0.0 0.0 0.0 0.0 0.0 0.0 0.0 0.0 0.0
55 18 2 2.9176670000000513 1.0906473999998525 0.0 4.008314399999904 3.978992999999832 5.904888899999833 2.9667528499999207 592.30078125 587.44140625 44 44 1.0 44 20 20 False 0 0 False 2.2 2.2 2.067289096988207 2.067289096988207 0.9396768622673667 0.9396768622673667 1.0 1.0 1.0 1.0 1.5 1.5 3.0 3.0 10.0 10.0 0 0.0 0 0.0 5.143928459844673 0.0 1.1547005383792515 6 2 3.0 0.0 0.0 3.0 3.0 3.0 3.0 3.0 22.0 2.8284271247461903 0.128564869306645 20.0 21.0 22.0 23.0 24.0 2 10.0 0.0 0.0 10.0 10.0 10.0 10.0 10.0 22.0 22.0 2.8284271247461903 2.8284271247461903 0.128564869306645 0.0 20.0 0.0 21.0 0.0 22.0 0.0 23.0 0.0 24.0 0.0
56 18 1 7.981450600000244 4.790031299999953 0.0 12.771481900000197 5.530993399999886 18.67637080000003 2.3681262875000044 606.33984375 601.93359375 89 89 1.0 0 44 44 False 0 0 False 2.022727272727273 2.022727272727273 2.129402540550757 2.129402540550757 1.0527383346543067 1.0527383346543067 1.0 1.0 1.0 1.0 1.0 1.0 2.0 2.0 11.0 11.0 0 0.0 0 0.0 7.421054897056349 1.1055415967851334 6.396070842495588 0 0 0.0 0.0 0.0 0.0 0.0 0.0 0.0 0.0 0.0 0.0 0.0 0.0 0.0 0.0 0.0 0.0 8 5.5 0.5345224838248488 0.09718590614997251 5.0 5.0 5.5 6.0 6.0 11.125 11.125 5.667892024377317 5.667892024377317 0.5094734403934668 0.0 7.0 0.0 8.0 0.0 8.5 0.0 11.75 0.0 24.0 0.0
57 19 3 1.1293841000000953 0.8000181000000453 0.0 1.9294022000001405 1.9294022000001405 1.9294022000001405 1.9294022000001405 582.9765625 574.33984375 20 20 1.0 20 1 0 False 0 0 False 1.0 1.0 0.0 0.0 0.0 0.0 0.0 0.0 0.0 0.0 0.0 0.0 0.0 0.0 0.0 0.0 0 0.0 0 0.0 0.0 0.0 0.0 1 1 1.0 0.0 0.0 1.0 1.0 1.0 1.0 1.0 20.0 0.0 0.0 20.0 20.0 20.0 20.0 20.0 1 1.0 0.0 0.0 0.0 0.0 0.0 0.0 0.0 1.0 1.0 0.0 0.0 0.0 0.0 0.0 0.0 0.0 0.0 0.0 0.0 0.0 0.0 0.0 0.0
58 19 2 2.9211398999998437 0.8429398000000106 0.0 3.7640796999998543 4.372508699999969 5.693481899999995 2.861105899999984 606.890625 600.16796875 44 44 1.0 44 20 20 False 0 0 False 2.2 2.2 2.1908902300206643 2.1908902300206643 0.9958591954639382 0.9958591954639382 1.0 1.0 1.0 1.0 1.0 1.0 3.0 3.0 10.0 10.0 0 0.0 0 0.0 6.403124237432848 0.0 2.309401076758503 6 2 3.0 0.0 0.0 3.0 3.0 3.0 3.0 3.0 22.0 5.656854249492381 0.25712973861329 18.0 20.0 22.0 24.0 26.0 2 10.0 0.0 0.0 10.0 10.0 10.0 10.0 10.0 22.0 22.0 5.656854249492381 5.656854249492381 0.25712973861329 0.0 18.0 0.0 20.0 0.0 22.0 0.0 24.0 0.0 26.0 0.0
59 19 1 8.123717399999634 2.077919300000019 0.0 10.201636699999654 5.94445619999982 15.895118599999648 2.0207197249999638 612.80078125 605.6484375 91 91 1.0 0 44 44 False 0 0 False 2.0681818181818183 2.0681818181818183 2.128409464810353 2.128409464810353 1.0291210599083025 1.0291210599083025 1.0 1.0 1.0 1.0 1.0 1.0 2.0 2.0 13.0 13.0 0 0.0 0 0.0 4.234811215751876 1.855921454276674 3.7481476906748368 0 0 0.0 0.0 0.0 0.0 0.0 0.0 0.0 0.0 0.0 0.0 0.0 0.0 0.0 0.0 0.0 0.0 8 5.5 1.1952286093343936 0.21731429260625337 4.0 4.75 5.5 6.25 7.0 11.375 11.375 4.596194077712559 4.596194077712559 0.40406101782088427 0.0 5.0 0.0 8.0 0.0 10.5 0.0 14.75 0.0 18.0 0.0
60 20 3 1.1250937000000363 0.7886911999999029 0.0 1.9137848999999392 1.9137848999999392 1.9137848999999392 1.9137848999999392 600.2109375 591.5234375 20 20 1.0 20 1 0 False 0 0 False 1.0 1.0 0.0 0.0 0.0 0.0 0.0 0.0 0.0 0.0 0.0 0.0 0.0 0.0 0.0 0.0 0 0.0 0 0.0 0.0 0.0 0.0 1 1 1.0 0.0 0.0 1.0 1.0 1.0 1.0 1.0 20.0 0.0 0.0 20.0 20.0 20.0 20.0 20.0 1 1.0 0.0 0.0 0.0 0.0 0.0 0.0 0.0 1.0 1.0 0.0 0.0 0.0 0.0 0.0 0.0 0.0 0.0 0.0 0.0 0.0 0.0 0.0 0.0
61 20 2 2.7595592000000693 0.9569580000002134 0.0 3.7165172000002826 4.639601400000174 5.630302100000222 2.829475250000087 623.78515625 616.63671875 42 42 1.0 42 20 20 False 0 0 False 2.1 2.1 2.074912807299318 2.074912807299318 0.9880537177615799 0.9880537177615799 1.0 1.0 1.0 1.0 1.0 1.0 2.25 2.25 10.0 10.0 0 0.0 0 0.0 6.57533269120278 0.0 3.4641016151377544 6 2 3.0 0.0 0.0 3.0 3.0 3.0 3.0 3.0 21.0 8.48528137423857 0.40406101782088427 15.0 18.0 21.0 24.0 27.0 2 10.0 0.0 0.0 10.0 10.0 10.0 10.0 10.0 21.0 21.0 8.48528137423857 8.48528137423857 0.40406101782088427 0.0 15.0 0.0 18.0 0.0 21.0 0.0 24.0 0.0 27.0 0.0
62 20 1 6.819419899999787 1.4472933999998077 0.0 8.266713299999594 6.202630800000065 13.897015399999816 1.7708997499999626 624.03125 616.3046875 79 79 1.0 0 42 42 False 0 0 False 1.880952380952381 1.880952380952381 1.4684051569625436 1.4684051569625436 0.7806710961066687 0.7806710961066687 1.0 1.0 1.0 1.0 2.0 2.0 2.0 2.0 9.0 9.0 0 0.0 0 0.0 2.2574099031632393 3.032234233110042 4.680782223327872 0 0 0.0 0.0 0.0 0.0 0.0 0.0 0.0 0.0 0.0 0.0 0.0 0.0 0.0 0.0 0.0 0.0 8 5.25 1.6690459207925603 0.31791350872239243 3.0 4.0 5.0 7.0 7.0 9.875 9.875 3.48209706929603 3.48209706929603 0.35261742473883845 0.0 5.0 0.0 7.25 0.0 11.0 0.0 12.25 0.0 14.0 0.0
63 21 3 1.140892899999983 0.7880373999999506 0.0 1.9289302999999336 1.9289302999999336 1.9289302999999336 1.9289302999999336 614.58203125 605.75 20 20 1.0 20 1 0 False 0 0 False 1.0 1.0 0.0 0.0 0.0 0.0 0.0 0.0 0.0 0.0 0.0 0.0 0.0 0.0 0.0 0.0 0 0.0 0 0.0 0.0 0.0 0.0 1 1 1.0 0.0 0.0 1.0 1.0 1.0 1.0 1.0 20.0 0.0 0.0 20.0 20.0 20.0 20.0 20.0 1 1.0 0.0 0.0 0.0 0.0 0.0 0.0 0.0 1.0 1.0 0.0 0.0 0.0 0.0 0.0 0.0 0.0 0.0 0.0 0.0 0.0 0.0 0.0 0.0
64 21 2 2.924938900000029 0.8543019000001664 0.0 3.7792408000001956 4.317103299999985 5.708171100000129 2.868396150000052 637.359375 629.44140625 44 44 1.0 44 20 20 False 0 0 False 2.2 2.2 2.142305693455191 2.142305693455191 0.9737753152069049 0.9737753152069049 1.0 1.0 1.0 1.0 1.0 1.0 3.0 3.0 10.0 10.0 0 0.0 0 0.0 5.549774770204642 0.0 2.309401076758503 6 2 3.0 0.0 0.0 3.0 3.0 3.0 3.0 3.0 22.0 5.656854249492381 0.25712973861329 18.0 20.0 22.0 24.0 26.0 2 10.0 0.0 0.0 10.0 10.0 10.0 10.0 10.0 22.0 22.0 5.656854249492381 5.656854249492381 0.25712973861329 0.0 18.0 0.0 20.0 0.0 22.0 0.0 24.0 0.0 26.0 0.0
65 21 1 7.984682199999611 1.8460772999998198 0.0 9.83075949999943 5.87941439999986 15.53893059999956 1.9760257999999453 642.390625 635.12890625 90 90 1.0 0 44 44 False 0 0 False 2.0454545454545454 2.0454545454545454 2.209435847751117 2.209435847751117 1.0801686366783239 1.0801686366783239 1.0 1.0 1.0 1.0 1.0 1.0 2.0 2.0 12.0 12.0 0 0.0 0 0.0 4.480098323891512 1.855921454276674 3.912231531435167 0 0 0.0 0.0 0.0 0.0 0.0 0.0 0.0 0.0 0.0 0.0 0.0 0.0 0.0 0.0 0.0 0.0 8 5.5 1.1952286093343936 0.21731429260625337 4.0 4.75 5.5 6.25 7.0 11.25 11.25 4.713203338949606 4.713203338949606 0.41895140790663166 0.0 5.0 0.0 7.75 0.0 10.5 0.0 14.75 0.0 18.0 0.0
66 22 3 1.1357391000000803 0.6584485999999856 0.0 1.7941877000000659 1.7941877000000659 1.7941877000000659 1.7941877000000659 628.81640625 619.96484375 20 20 1.0 20 1 0 False 0 0 False 1.0 1.0 0.0 0.0 0.0 0.0 0.0 0.0 0.0 0.0 0.0 0.0 0.0 0.0 0.0 0.0 0 0.0 0 0.0 0.0 0.0 0.0 1 1 1.0 0.0 0.0 1.0 1.0 1.0 1.0 1.0 20.0 0.0 0.0 20.0 20.0 20.0 20.0 20.0 1 1.0 0.0 0.0 0.0 0.0 0.0 0.0 0.0 1.0 1.0 0.0 0.0 0.0 0.0 0.0 0.0 0.0 0.0 0.0 0.0 0.0 0.0 0.0 0.0
67 22 2 2.9180092999998237 0.8744567999997912 0.0 3.792466099999615 4.193300599999702 5.586653799999681 2.8074363499998185 652.953125 645.14453125 44 44 1.0 44 20 20 False 0 0 False 2.2 2.2 2.067289096988207 2.067289096988207 0.9396768622673667 0.9396768622673667 1.0 1.0 1.0 1.0 2.0 2.0 2.0 2.0 10.0 10.0 0 0.0 0 0.0 5.293392107146418 0.0 2.309401076758503 6 2 3.0 0.0 0.0 3.0 3.0 3.0 3.0 3.0 22.0 5.656854249492381 0.25712973861329 18.0 20.0 22.0 24.0 26.0 2 10.0 0.0 0.0 10.0 10.0 10.0 10.0 10.0 22.0 22.0 5.656854249492381 5.656854249492381 0.25712973861329 0.0 18.0 0.0 20.0 0.0 22.0 0.0 24.0 0.0 26.0 0.0
68 22 1 7.213886800000239 1.6464153000002284 0.0 8.860302100000467 5.773630099999764 14.446955900000148 1.839522037500025 655.86328125 650.765625 83 83 1.0 0 44 44 False 0 0 False 1.8863636363636365 1.8863636363636365 1.8453701852223037 1.8453701852223037 0.9782685319250766 0.9782685319250766 1.0 1.0 1.0 1.0 1.0 1.0 2.0 2.0 12.0 12.0 0 0.0 0 0.0 4.763709012284338 1.855921454276674 3.5852707940498254 0 0 0.0 0.0 0.0 0.0 0.0 0.0 0.0 0.0 0.0 0.0 0.0 0.0 0.0 0.0 0.0 0.0 8 5.5 1.1952286093343936 0.21731429260625337 4.0 4.75 5.5 6.25 7.0 10.375 10.375 3.8521793460696654 3.8521793460696654 0.37129439480189547 0.0 5.0 0.0 7.75 0.0 10.5 0.0 11.75 0.0 17.0 0.0
69 23 3 1.1336734000001343 0.6759361000000581 0.0 1.8096095000001924 1.8096095000001924 1.8096095000001924 1.8096095000001924 643.390625 635.8203125 20 20 1.0 20 1 0 False 0 0 False 1.0 1.0 0.0 0.0 0.0 0.0 0.0 0.0 0.0 0.0 0.0 0.0 0.0 0.0 0.0 0.0 0 0.0 0 0.0 0.0 0.0 0.0 1 1 1.0 0.0 0.0 1.0 1.0 1.0 1.0 1.0 20.0 0.0 0.0 20.0 20.0 20.0 20.0 20.0 1 1.0 0.0 0.0 0.0 0.0 0.0 0.0 0.0 1.0 1.0 0.0 0.0 0.0 0.0 0.0 0.0 0.0 0.0 0.0 0.0 0.0 0.0 0.0 0.0
70 23 2 2.9217292000004136 0.7651557999998886 0.0 3.686885000000302 3.917886500000577 5.4964945000004946 2.762432650000221 663.93359375 658.88671875 44 44 1.0 44 20 20 False 0 0 False 2.2 2.2 2.067289096988207 2.067289096988207 0.9396768622673667 0.9396768622673667 1.0 1.0 1.0 1.0 1.5 1.5 3.0 3.0 10.0 10.0 0 0.0 0 0.0 5.098038838612354 0.0 1.1547005383792515 6 2 3.0 0.0 0.0 3.0 3.0 3.0 3.0 3.0 22.0 2.8284271247461903 0.128564869306645 20.0 21.0 22.0 23.0 24.0 2 10.0 0.0 0.0 10.0 10.0 10.0 10.0 10.0 22.0 22.0 2.8284271247461903 2.8284271247461903 0.128564869306645 0.0 20.0 0.0 21.0 0.0 22.0 0.0 23.0 0.0 24.0 0.0
71 23 1 5.864943500000095 1.7313805999999659 0.0 7.596324100000061 5.92215100000044 13.092818600000555 1.6701982625000653 660.95703125 654.33203125 71 71 1.0 0 44 44 False 0 0 False 1.6136363636363635 1.6136363636363635 1.016512713767804 1.016512713767804 0.6299515409265265 0.6299515409265265 1.0 1.0 1.0 1.0 1.0 1.0 2.0 2.0 6.0 6.0 0 0.0 0 0.0 2.457227070507133 1.1055415967851334 3.861310946067698 0 0 0.0 0.0 0.0 0.0 0.0 0.0 0.0 0.0 0.0 0.0 0.0 0.0 0.0 0.0 0.0 0.0 8 5.5 0.5345224838248488 0.09718590614997251 5.0 5.0 5.5 6.0 6.0 8.875 8.875 2.5319388392523003 2.5319388392523003 0.28528888329603386 0.0 6.0 0.0 7.75 0.0 8.0 0.0 9.5 0.0 14.0 0.0
72 24 3 1.1284736999998586 0.8023038999998562 0.0 1.9307775999997148 1.9307775999997148 1.9307775999997148 1.9307775999997148 655.84765625 648.16796875 20 20 1.0 20 1 0 False 0 0 False 1.0 1.0 0.0 0.0 0.0 0.0 0.0 0.0 0.0 0.0 0.0 0.0 0.0 0.0 0.0 0.0 0 0.0 0 0.0 0.0 0.0 0.0 1 1 1.0 0.0 0.0 1.0 1.0 1.0 1.0 1.0 20.0 0.0 0.0 20.0 20.0 20.0 20.0 20.0 1 1.0 0.0 0.0 0.0 0.0 0.0 0.0 0.0 1.0 1.0 0.0 0.0 0.0 0.0 0.0 0.0 0.0 0.0 0.0 0.0 0.0 0.0 0.0 0.0
73 24 2 2.8964425000001484 1.025404800000274 0.0 3.9218473000004224 5.233786400000213 5.852624900000137 2.940520750000019 688.17578125 690.06640625 42 42 1.0 42 20 20 False 0 0 False 2.1 2.1 2.125038699338017 2.125038699338017 1.0119231901609604 1.0119231901609604 1.0 1.0 1.0 1.0 1.0 1.0 2.0 2.0 10.0 10.0 0 0.0 0 0.0 7.773995111909961 0.0 5.773502691896258 6 2 3.0 0.0 0.0 3.0 3.0 3.0 3.0 3.0 21.0 14.142135623730951 0.6734350297014738 11.0 16.0 21.0 26.0 31.0 2 10.0 0.0 0.0 10.0 10.0 10.0 10.0 10.0 21.0 21.0 14.142135623730951 14.142135623730951 0.6734350297014738 0.0 11.0 0.0 16.0 0.0 21.0 0.0 26.0 0.0 31.0 0.0
74 24 1 6.073588399999721 1.8595876999995653 0.0 7.933176099999287 6.911651900000038 13.785800999999424 1.7567308499999115 682.94921875 681.234375 71 71 1.0 0 42 42 False 0 0 False 1.6904761904761905 1.6904761904761905 0.9750070728472726 0.9750070728472726 0.5767647473181049 0.5767647473181049 1.0 1.0 1.0 1.0 1.0 1.0 2.0 2.0 6.0 6.0 0 0.0 0 0.0 3.039159265333173 5.236092690801669 11.42335570467608 0 0 0.0 0.0 0.0 0.0 0.0 0.0 0.0 0.0 0.0 0.0 0.0 0.0 0.0 0.0 0.0 0.0 8 5.25 2.712405363721075 0.5166486407087761 2.0 3.0 5.0 8.0 8.0 8.875 8.875 5.841660722773962 5.841660722773962 0.6582152927069252 0.0 3.0 0.0 3.75 0.0 8.5 0.0 13.5 0.0 16.0 0.0
75 25 3 1.124914800000056 0.8425215999998272 0.0 1.9674363999998832 1.9674363999998832 1.9674363999998832 1.9674363999998832 668.44140625 660.74609375 20 20 1.0 20 1 0 False 0 0 False 1.0 1.0 0.0 0.0 0.0 0.0 0.0 0.0 0.0 0.0 0.0 0.0 0.0 0.0 0.0 0.0 0 0.0 0 0.0 0.0 0.0 0.0 1 1 1.0 0.0 0.0 1.0 1.0 1.0 1.0 1.0 20.0 0.0 0.0 20.0 20.0 20.0 20.0 20.0 1 1.0 0.0 0.0 0.0 0.0 0.0 0.0 0.0 1.0 1.0 0.0 0.0 0.0 0.0 0.0 0.0 0.0 0.0 0.0 0.0 0.0 0.0 0.0 0.0
76 25 2 2.8929747999995925 0.7783226000001378 0.0 3.6712973999997303 4.0493122999997695 5.638733799999613 2.8335930999998027 691.1015625 684.05078125 44 44 1.0 44 20 20 False 0 0 False 2.2 2.2 2.067289096988207 2.067289096988207 0.9396768622673667 0.9396768622673667 1.0 1.0 1.0 1.0 1.5 1.5 3.0 3.0 10.0 10.0 0 0.0 0 0.0 5.070502933634886 0.0 1.1547005383792515 6 2 3.0 0.0 0.0 3.0 3.0 3.0 3.0 3.0 22.0 2.8284271247461903 0.128564869306645 20.0 21.0 22.0 23.0 24.0 2 10.0 0.0 0.0 10.0 10.0 10.0 10.0 10.0 22.0 22.0 2.8284271247461903 2.8284271247461903 0.128564869306645 0.0 20.0 0.0 21.0 0.0 22.0 0.0 23.0 0.0 24.0 0.0
77 25 1 8.300343900000598 8.832797299999811 0.0 17.13314120000041 5.6309943999995085 22.771875000000023 2.880154499999989 731.88671875 729.7890625 91 91 1.0 0 44 44 False 0 0 False 2.0681818181818183 2.0681818181818183 2.385983559785924 2.385983559785924 1.1536623805558313 1.1536623805558313 1.0 1.0 1.0 1.0 1.0 1.0 2.0 2.0 12.0 12.0 0 0.0 0 0.0 8.526862633092925 1.1055415967851334 7.542011962629365 0 0 0.0 0.0 0.0 0.0 0.0 0.0 0.0 0.0 0.0 0.0 0.0 0.0 0.0 0.0 0.0 0.0 8 5.5 0.5345224838248488 0.09718590614997251 5.0 5.0 5.5 6.0 6.0 11.375 11.375 6.7175144212722016 6.7175144212722016 0.5905507183536002 0.0 7.0 0.0 8.0 0.0 8.0 0.0 11.75 0.0 27.0 0.0
78 26 3 1.1235277999998061 0.8030180000001792 0.0 1.9265457999999853 1.9265457999999853 1.9265457999999853 1.9265457999999853 701.5234375 695.5703125 20 20 1.0 20 1 0 False 0 0 False 1.0 1.0 0.0 0.0 0.0 0.0 0.0 0.0 0.0 0.0 0.0 0.0 0.0 0.0 0.0 0.0 0 0.0 0 0.0 0.0 0.0 0.0 1 1 1.0 0.0 0.0 1.0 1.0 1.0 1.0 1.0 20.0 0.0 0.0 20.0 20.0 20.0 20.0 20.0 1 1.0 0.0 0.0 0.0 0.0 0.0 0.0 0.0 1.0 1.0 0.0 0.0 0.0 0.0 0.0 0.0 0.0 0.0 0.0 0.0 0.0 0.0 0.0 0.0
79 26 2 3.0265527999999904 1.877784100000099 0.0 4.904336900000089 5.954392199999916 6.830882700000075 3.429701650000027 735.01953125 738.02734375 44 44 1.0 44 20 20 False 0 0 False 2.2 2.2 2.067289096988207 2.067289096988207 0.9396768622673667 0.9396768622673667 1.0 1.0 1.0 1.0 1.5 1.5 3.0 3.0 10.0 10.0 0 0.0 0 0.0 7.408778576796582 0.0 4.618802153517006 6 2 3.0 0.0 0.0 3.0 3.0 3.0 3.0 3.0 22.0 11.313708498984761 0.51425947722658 14.0 18.0 22.0 26.0 30.0 2 10.0 0.0 0.0 10.0 10.0 10.0 10.0 10.0 22.0 22.0 11.313708498984761 11.313708498984761 0.51425947722658 0.0 14.0 0.0 18.0 0.0 22.0 0.0 26.0 0.0 30.0 0.0
80 26 1 6.61583089999931 1.4732666000002155 0.0 8.089097499999525 7.6357212999998865 14.9199801999996 1.8986783499999405 724.8671875 719.54296875 78 78 1.0 0 44 44 False 0 0 False 1.7727272727272727 1.7727272727272727 1.3616617133357618 1.3616617133357618 0.7681168639329938 0.7681168639329938 1.0 1.0 1.0 1.0 1.0 1.0 2.0 2.0 8.0 8.0 0 0.0 0 0.0 2.43404740645278 4.041451884327381 5.799904213768438 0 0 0.0 0.0 0.0 0.0 0.0 0.0 0.0 0.0 0.0 0.0 0.0 0.0 0.0 0.0 0.0 0.0 8 5.5 2.2038926600773587 0.40070775637770156 3.0 3.75 5.5 7.25 8.0 9.75 9.75 3.9188190640986296 3.9188190640986296 0.4019301604203723 0.0 5.0 0.0 5.75 0.0 11.0 0.0 12.25 0.0 15.0 0.0
81 27 3 1.132576500000141 0.7318347000001495 0.0 1.8644112000002906 1.8644112000002906 1.8644112000002906 1.8644112000002906 716.1953125 708.7578125 20 20 1.0 20 1 0 False 0 0 False 1.0 1.0 0.0 0.0 0.0 0.0 0.0 0.0 0.0 0.0 0.0 0.0 0.0 0.0 0.0 0.0 0 0.0 0 0.0 0.0 0.0 0.0 1 1 1.0 0.0 0.0 1.0 1.0 1.0 1.0 1.0 20.0 0.0 0.0 20.0 20.0 20.0 20.0 20.0 1 1.0 0.0 0.0 0.0 0.0 0.0 0.0 0.0 1.0 1.0 0.0 0.0 0.0 0.0 0.0 0.0 0.0 0.0 0.0 0.0 0.0 0.0 0.0 0.0
82 27 2 2.8698698000000604 0.6918721000002961 0.0 3.5617419000003565 3.8723140000006424 5.426153100000647 2.7276712000003727 738.01953125 734.53125 44 44 1.0 44 20 20 False 0 0 False 2.2 2.2 2.067289096988207 2.067289096988207 0.9396768622673667 0.9396768622673667 1.0 1.0 1.0 1.0 1.5 1.5 3.0 3.0 10.0 10.0 0 0.0 0 0.0 5.072474741188959 0.0 1.1547005383792515 6 2 3.0 0.0 0.0 3.0 3.0 3.0 3.0 3.0 22.0 2.8284271247461903 0.128564869306645 20.0 21.0 22.0 23.0 24.0 2 10.0 0.0 0.0 10.0 10.0 10.0 10.0 10.0 22.0 22.0 2.8284271247461903 2.8284271247461903 0.128564869306645 0.0 20.0 0.0 21.0 0.0 22.0 0.0 23.0 0.0 24.0 0.0
83 27 1 6.839391999999634 1.5126886000000468 0.0 8.352080599999681 5.439661600000477 13.778233700000328 1.7563813375000308 740.87890625 736.171875 80 80 1.0 0 44 44 False 0 0 False 1.8181818181818181 1.8181818181818181 1.5741033220532072 1.5741033220532072 0.865756827129264 0.865756827129264 1.0 1.0 1.0 1.0 1.0 1.0 2.0 2.0 10.0 10.0 0 0.0 0 0.0 3.1069104528427376 1.1055415967851334 2.8674417556808756 0 0 0.0 0.0 0.0 0.0 0.0 0.0 0.0 0.0 0.0 0.0 0.0 0.0 0.0 0.0 0.0 0.0 8 5.5 0.5345224838248488 0.09718590614997251 5.0 5.0 5.5 6.0 6.0 10.0 10.0 3.0237157840738176 3.0237157840738176 0.30237157840738177 0.0 7.0 0.0 8.0 0.0 8.5 0.0 11.75 0.0 15.0 0.0
84 28 3 1.1368676000003006 0.8077942999998413 0.0 1.944661900000142 1.944661900000142 1.944661900000142 1.944661900000142 729.9296875 722.53125 20 20 1.0 20 1 0 False 0 0 False 1.0 1.0 0.0 0.0 0.0 0.0 0.0 0.0 0.0 0.0 0.0 0.0 0.0 0.0 0.0 0.0 0 0.0 0 0.0 0.0 0.0 0.0 1 1 1.0 0.0 0.0 1.0 1.0 1.0 1.0 1.0 20.0 0.0 0.0 20.0 20.0 20.0 20.0 20.0 1 1.0 0.0 0.0 0.0 0.0 0.0 0.0 0.0 1.0 1.0 0.0 0.0 0.0 0.0 0.0 0.0 0.0 0.0 0.0 0.0 0.0 0.0 0.0 0.0
85 28 2 3.0292336999998497 1.8618145000001505 0.0 4.8910482 5.959356300000195 6.835710100000142 3.4321531500000333 759.83984375 762.81640625 44 44 1.0 44 20 20 False 0 0 False 2.2 2.2 2.015727634065883 2.015727634065883 0.9162398336663103 0.9162398336663103 1.0 1.0 1.0 1.0 2.0 2.0 3.0 3.0 10.0 10.0 0 0.0 0 0.0 7.116178749862876 0.0 4.618802153517006 6 2 3.0 0.0 0.0 3.0 3.0 3.0 3.0 3.0 22.0 11.313708498984761 0.51425947722658 14.0 18.0 22.0 26.0 30.0 2 10.0 0.0 0.0 10.0 10.0 10.0 10.0 10.0 22.0 22.0 11.313708498984761 11.313708498984761 0.51425947722658 0.0 14.0 0.0 18.0 0.0 22.0 0.0 26.0 0.0 30.0 0.0
86 28 1 7.423276900000019 2.2958342000003995 0.0 9.719111100000418 7.631115500000533 16.55482120000056 2.1029992500000816 756.11328125 751.49609375 85 85 1.0 0 44 44 False 0 0 False 1.9318181818181819 1.9318181818181819 2.084245748050451 2.084245748050451 1.078903681343763 1.078903681343763 1.0 1.0 1.0 1.0 1.0 1.0 2.0 2.0 14.0 14.0 0 0.0 0 0.0 4.4701431467086294 4.041451884327381 5.246030245179047 0 0 0.0 0.0 0.0 0.0 0.0 0.0 0.0 0.0 0.0 0.0 0.0 0.0 0.0 0.0 0.0 0.0 8 5.5 2.2038926600773587 0.40070775637770156 3.0 3.75 5.5 7.25 8.0 10.625 10.625 4.718883039751796 4.718883039751796 0.4441301684472278 0.0 5.0 0.0 5.75 0.0 12.0 0.0 13.5 0.0 17.0 0.0
87 29 3 1.1379976999999144 0.9134788999998591 0.0 2.0514765999997735 2.0514765999997735 2.0514765999997735 2.0514765999997735 744.1015625 736.71875 20 20 1.0 20 1 0 False 0 0 False 1.0 1.0 0.0 0.0 0.0 0.0 0.0 0.0 0.0 0.0 0.0 0.0 0.0 0.0 0.0 0.0 0 0.0 0 0.0 0.0 0.0 0.0 1 1 1.0 0.0 0.0 1.0 1.0 1.0 1.0 1.0 20.0 0.0 0.0 20.0 20.0 20.0 20.0 20.0 1 1.0 0.0 0.0 0.0 0.0 0.0 0.0 0.0 1.0 1.0 0.0 0.0 0.0 0.0 0.0 0.0 0.0 0.0 0.0 0.0 0.0 0.0 0.0 0.0
88 29 2 2.8982889000000114 1.2597527000000355 0.0 4.158041600000047 5.595792499999789 6.20951819999982 3.1188235499998314 775.89453125 777.74609375 42 42 1.0 42 20 20 False 0 0 False 2.1 2.1 2.125038699338017 2.125038699338017 1.0119231901609604 1.0119231901609604 1.0 1.0 1.0 1.0 1.0 1.0 2.0 2.0 10.0 10.0 0 0.0 0 0.0 8.424666165492848 0.0 5.773502691896258 6 2 3.0 0.0 0.0 3.0 3.0 3.0 3.0 3.0 21.0 14.142135623730951 0.6734350297014738 11.0 16.0 21.0 26.0 31.0 2 10.0 0.0 0.0 10.0 10.0 10.0 10.0 10.0 21.0 21.0 14.142135623730951 14.142135623730951 0.6734350297014738 0.0 11.0 0.0 16.0 0.0 21.0 0.0 26.0 0.0 31.0 0.0
89 29 1 5.842810900000359 1.3231231999994861 0.0 7.165934099999845 7.264271299999564 13.375452299999665 1.7054347999999493 771.3671875 769.19921875 69 69 1.0 0 42 42 False 0 0 False 1.6428571428571428 1.6428571428571428 1.0078092292238203 1.0078092292238203 0.613449096049282 0.613449096049282 1.0 1.0 1.0 1.0 1.0 1.0 2.0 2.0 6.0 6.0 0 0.0 0 0.0 2.4933585251010095 5.236092690801669 10.739012472703852 0 0 0.0 0.0 0.0 0.0 0.0 0.0 0.0 0.0 0.0 0.0 0.0 0.0 0.0 0.0 0.0 0.0 8 5.25 2.712405363721075 0.5166486407087761 2.0 3.0 5.0 8.0 8.0 8.625 8.625 5.680480361981471 5.680480361981471 0.6586064187804603 0.0 3.0 0.0 3.75 0.0 7.5 0.0 13.5 0.0 16.0 0.0
90 30 3 1.1259619999997312 0.8227660000001151 0.0 1.9487279999998464 1.9487279999998464 1.9487279999998464 1.9487279999998464 758.09375 750.8359375 20 20 1.0 20 1 0 False 0 0 False 1.0 1.0 0.0 0.0 0.0 0.0 0.0 0.0 0.0 0.0 0.0 0.0 0.0 0.0 0.0 0.0 0 0.0 0 0.0 0.0 0.0 0.0 1 1 1.0 0.0 0.0 1.0 1.0 1.0 1.0 1.0 20.0 0.0 0.0 20.0 20.0 20.0 20.0 20.0 1 1.0 0.0 0.0 0.0 0.0 0.0 0.0 0.0 1.0 1.0 0.0 0.0 0.0 0.0 0.0 0.0 0.0 0.0 0.0 0.0 0.0 0.0 0.0 0.0
91 30 2 2.922791499999903 1.3085486999996192 0.0 4.231340199999522 4.038461399999505 6.1800681999993685 3.1041723499997147 781.72265625 778.33984375 44 44 1.0 44 20 20 False 0 0 False 2.2 2.2 2.015727634065883 2.015727634065883 0.9162398336663103 0.9162398336663103 1.0 1.0 1.0 1.0 2.0 2.0 3.0 3.0 10.0 10.0 0 0.0 0 0.0 5.124451190127582 0.0 1.1547005383792515 6 2 3.0 0.0 0.0 3.0 3.0 3.0 3.0 3.0 22.0 2.8284271247461903 0.128564869306645 20.0 21.0 22.0 23.0 24.0 2 10.0 0.0 0.0 10.0 10.0 10.0 10.0 10.0 22.0 22.0 2.8284271247461903 2.8284271247461903 0.128564869306645 0.0 20.0 0.0 21.0 0.0 22.0 0.0 23.0 0.0 24.0 0.0
92 30 1 6.960419600000705 1.584103300000379 0.0 8.544522900001084 5.607985599999438 14.724591100000453 1.8744064125000506 783.87109375 778.60546875 81 81 1.0 0 44 44 False 0 0 False 1.8409090909090908 1.8409090909090908 1.6130742254030408 1.6130742254030408 0.8762378508362197 0.8762378508362197 1.0 1.0 1.0 1.0 1.0 1.0 2.0 2.0 10.0 10.0 0 0.0 0 0.0 4.2023642991153585 1.1055415967851334 3.072051431861127 0 0 0.0 0.0 0.0 0.0 0.0 0.0 0.0 0.0 0.0 0.0 0.0 0.0 0.0 0.0 0.0 0.0 8 5.5 0.5345224838248488 0.09718590614997251 5.0 5.0 5.5 6.0 6.0 10.125 10.125 3.1367635732209265 3.1367635732209265 0.30980380970083227 0.0 8.0 0.0 8.0 0.0 8.5 0.0 11.0 0.0 16.0 0.0
93 31 3 1.1257041000002346 0.7072322000000213 0.0 1.8329363000002559 1.8329363000002559 1.8329363000002559 1.8329363000002559 772.08203125 764.7421875 20 20 1.0 20 1 0 False 0 0 False 1.0 1.0 0.0 0.0 0.0 0.0 0.0 0.0 0.0 0.0 0.0 0.0 0.0 0.0 0.0 0.0 0 0.0 0 0.0 0.0 0.0 0.0 1 1 1.0 0.0 0.0 1.0 1.0 1.0 1.0 1.0 20.0 0.0 0.0 20.0 20.0 20.0 20.0 20.0 1 1.0 0.0 0.0 0.0 0.0 0.0 0.0 0.0 1.0 1.0 0.0 0.0 0.0 0.0 0.0 0.0 0.0 0.0 0.0 0.0 0.0 0.0 0.0 0.0
94 31 2 2.898623599999837 0.7196642999997493 0.0 3.6182878999995864 3.892145599999594 5.451224199999842 2.7396717499999568 793.453125 790.0703125 44 44 1.0 44 20 20 False 0 0 False 2.2 2.2 2.015727634065883 2.015727634065883 0.9162398336663103 0.9162398336663103 1.0 1.0 1.0 1.0 2.0 2.0 3.0 3.0 10.0 10.0 0 0.0 0 0.0 5.105878964487896 0.0 1.1547005383792515 6 2 3.0 0.0 0.0 3.0 3.0 3.0 3.0 3.0 22.0 2.8284271247461903 0.128564869306645 20.0 21.0 22.0 23.0 24.0 2 10.0 0.0 0.0 10.0 10.0 10.0 10.0 10.0 22.0 22.0 2.8284271247461903 2.8284271247461903 0.128564869306645 0.0 20.0 0.0 21.0 0.0 22.0 0.0 23.0 0.0 24.0 0.0
95 31 1 7.065631700000495 1.5317431000000852 0.0 8.59737480000058 5.461933299999373 14.048599000000422 1.7896127250000973 797.37109375 792.68359375 82 82 1.0 0 44 44 False 0 0 False 1.8636363636363635 1.8636363636363635 1.5934591462412702 1.5934591462412702 0.8550268589587304 0.8550268589587304 1.0 1.0 1.0 1.0 1.0 1.0 2.0 2.0 10.0 10.0 0 0.0 0 0.0 2.9035814305727565 1.1055415967851334 3.013856886670854 0 0 0.0 0.0 0.0 0.0 0.0 0.0 0.0 0.0 0.0 0.0 0.0 0.0 0.0 0.0 0.0 0.0 8 5.5 0.5345224838248488 0.09718590614997251 5.0 5.0 5.5 6.0 6.0 10.25 10.25 2.9154759474226504 2.9154759474226504 0.2844366777973317 0.0 7.0 0.0 8.0 0.0 9.5 0.0 11.75 0.0 15.0 0.0
96 32 3 1.127733400000011 0.7091022999995857 0.0 1.8368356999995967 1.8368356999995967 1.8368356999995967 1.8368356999995967 786.3359375 779.0546875 20 20 1.0 20 1 0 False 0 0 False 1.0 1.0 0.0 0.0 0.0 0.0 0.0 0.0 0.0 0.0 0.0 0.0 0.0 0.0 0.0 0.0 0 0.0 0 0.0 0.0 0.0 0.0 1 1 1.0 0.0 0.0 1.0 1.0 1.0 1.0 1.0 20.0 0.0 0.0 20.0 20.0 20.0 20.0 20.0 1 1.0 0.0 0.0 0.0 0.0 0.0 0.0 0.0 1.0 1.0 0.0 0.0 0.0 0.0 0.0 0.0 0.0 0.0 0.0 0.0 0.0 0.0 0.0 0.0
97 32 2 2.9945684999999003 1.3066407000001163 0.0 4.301209200000017 5.26259189999962 6.138044899999613 3.083201349999797 817.1328125 820.13671875 44 44 1.0 44 20 20 False 0 0 False 2.2 2.2 2.067289096988207 2.067289096988207 0.9396768622673667 0.9396768622673667 1.0 1.0 1.0 1.0 1.5 1.5 3.0 3.0 10.0 10.0 0 0.0 0 0.0 7.411477585475112 0.0 4.618802153517006 6 2 3.0 0.0 0.0 3.0 3.0 3.0 3.0 3.0 22.0 11.313708498984761 0.51425947722658 14.0 18.0 22.0 26.0 30.0 2 10.0 0.0 0.0 10.0 10.0 10.0 10.0 10.0 22.0 22.0 11.313708498984761 11.313708498984761 0.51425947722658 0.0 14.0 0.0 18.0 0.0 22.0 0.0 26.0 0.0 30.0 0.0
98 32 1 7.680863400000703 2.9290650999996615 0.0 10.609928500000365 7.550267399999598 16.747973399999978 2.1270858249999947 814.921875 809.390625 87 87 1.0 0 44 44 False 0 0 False 1.9772727272727273 1.9772727272727273 1.4861943965562443 1.4861943965562443 0.7516385453847673 0.7516385453847673 1.0 1.0 1.0 1.0 1.5 1.5 2.0 2.0 8.0 8.0 0 0.0 0 0.0 5.525462285734506 4.041451884327381 5.240732561176708 0 0 0.0 0.0 0.0 0.0 0.0 0.0 0.0 0.0 0.0 0.0 0.0 0.0 0.0 0.0 0.0 0.0 8 5.5 2.2038926600773587 0.40070775637770156 3.0 3.75 5.5 7.25 8.0 10.875 10.875 5.139135558215436 5.139135558215436 0.47256418926118954 0.0 4.0 0.0 6.0 0.0 12.0 0.0 13.5 0.0 19.0 0.0
99 33 3 1.1222432999999228 0.7422637000000805 0.0 1.8645070000000032 1.8645070000000032 1.8645070000000032 1.8645070000000032 800.875 793.5859375 20 20 1.0 20 1 0 False 0 0 False 1.0 1.0 0.0 0.0 0.0 0.0 0.0 0.0 0.0 0.0 0.0 0.0 0.0 0.0 0.0 0.0 0 0.0 0 0.0 0.0 0.0 0.0 1 1 1.0 0.0 0.0 1.0 1.0 1.0 1.0 1.0 20.0 0.0 0.0 20.0 20.0 20.0 20.0 20.0 1 1.0 0.0 0.0 0.0 0.0 0.0 0.0 0.0 1.0 1.0 0.0 0.0 0.0 0.0 0.0 0.0 0.0 0.0 0.0 0.0 0.0 0.0 0.0 0.0
100 33 2 3.0064197000000377 1.6198388000004798 0.0 4.626258500000517 5.6144371000006 6.490765500000521 3.2596791000002554 826.109375 819.20703125 44 44 1.0 44 20 20 False 0 0 False 2.2 2.2 2.1908902300206643 2.1908902300206643 0.9958591954639382 0.9958591954639382 1.0 1.0 1.0 1.0 1.0 1.0 3.0 3.0 10.0 10.0 0 0.0 0 0.0 7.499333303701069 0.0 4.618802153517006 6 2 3.0 0.0 0.0 3.0 3.0 3.0 3.0 3.0 22.0 11.313708498984761 0.51425947722658 14.0 18.0 22.0 26.0 30.0 2 10.0 0.0 0.0 10.0 10.0 10.0 10.0 10.0 22.0 22.0 11.313708498984761 11.313708498984761 0.51425947722658 0.0 14.0 0.0 18.0 0.0 22.0 0.0 26.0 0.0 30.0 0.0
101 33 1 7.418277999999532 2.3293019000000186 0.0 9.74757989999955 7.293183500000396 16.23834540000007 2.0635367249999916 828.01171875 823.56640625 85 85 1.0 0 44 44 False 0 0 False 1.9318181818181819 1.9318181818181819 2.0953739442336685 2.0953739442336685 1.0846641593680166 1.0846641593680166 1.0 1.0 1.0 1.0 1.0 1.0 2.0 2.0 14.0 14.0 0 0.0 0 0.0 4.669638836088305 4.041451884327381 5.246030245179047 0 0 0.0 0.0 0.0 0.0 0.0 0.0 0.0 0.0 0.0 0.0 0.0 0.0 0.0 0.0 0.0 0.0 8 5.5 2.2038926600773587 0.40070775637770156 3.0 3.75 5.5 7.25 8.0 10.625 10.625 4.718883039751796 4.718883039751796 0.4441301684472278 0.0 5.0 0.0 5.75 0.0 12.0 0.0 13.5 0.0 17.0 0.0
102 34 3 1.1373693000001595 0.9110795999999937 0.0 2.048448900000153 2.048448900000153 2.048448900000153 2.048448900000153 815.5546875 808.2890625 20 20 1.0 20 1 0 False 0 0 False 1.0 1.0 0.0 0.0 0.0 0.0 0.0 0.0 0.0 0.0 0.0 0.0 0.0 0.0 0.0 0.0 0 0.0 0 0.0 0.0 0.0 0.0 1 1 1.0 0.0 0.0 1.0 1.0 1.0 1.0 1.0 20.0 0.0 0.0 20.0 20.0 20.0 20.0 20.0 1 1.0 0.0 0.0 0.0 0.0 0.0 0.0 0.0 1.0 1.0 0.0 0.0 0.0 0.0 0.0 0.0 0.0 0.0 0.0 0.0 0.0 0.0 0.0 0.0
103 34 2 2.905922399999895 0.8534931000001507 0.0 3.7594155000000455 4.439500900000439 5.807864400000199 2.9183001500001637 838.04296875 831.97265625 44 44 1.0 44 20 20 False 0 0 False 2.2 2.2 2.0416711421361615 2.0416711421361615 0.9280323373346188 0.9280323373346188 1.0 1.0 1.0 1.0 1.5 1.5 3.0 3.0 10.0 10.0 0 0.0 0 0.0 5.761076288333629 0.0 2.309401076758503 6 2 3.0 0.0 0.0 3.0 3.0 3.0 3.0 3.0 22.0 5.656854249492381 0.25712973861329 18.0 20.0 22.0 24.0 26.0 2 10.0 0.0 0.0 10.0 10.0 10.0 10.0 10.0 22.0 22.0 5.656854249492381 5.656854249492381 0.25712973861329 0.0 18.0 0.0 20.0 0.0 22.0 0.0 24.0 0.0 26.0 0.0
104 34 1 7.871131799999148 1.7788014999995312 0.0 9.649933299998679 6.0104477000002134 15.457797699998878 1.9662047374998792 842.43359375 837.5546875 89 89 1.0 0 44 44 False 0 0 False 2.022727272727273 2.022727272727273 1.797784636242247 1.797784636242247 0.8887924044343691 0.8887924044343691 1.0 1.0 1.0 1.0 1.0 1.0 2.0 2.0 10.0 10.0 0 0.0 0 0.0 3.9711966575028748 1.855921454276674 3.766629793329841 0 0 0.0 0.0 0.0 0.0 0.0 0.0 0.0 0.0 0.0 0.0 0.0 0.0 0.0 0.0 0.0 0.0 8 5.5 1.1952286093343936 0.21731429260625337 4.0 4.75 5.5 6.25 7.0 11.125 11.125 4.517821851923146 4.517821851923146 0.4060963462402828 0.0 5.0 0.0 7.75 0.0 10.5 0.0 14.75 0.0 17.0 0.0
105 35 3 1.1342778000002909 0.8843901000003598 0.0 2.0186679000006507 2.0186679000006507 2.0186679000006507 2.0186679000006507 829.890625 822.6484375 20 20 1.0 20 1 0 False 0 0 False 1.0 1.0 0.0 0.0 0.0 0.0 0.0 0.0 0.0 0.0 0.0 0.0 0.0 0.0 0.0 0.0 0 0.0 0 0.0 0.0 0.0 0.0 1 1 1.0 0.0 0.0 1.0 1.0 1.0 1.0 1.0 20.0 0.0 0.0 20.0 20.0 20.0 20.0 20.0 1 1.0 0.0 0.0 0.0 0.0 0.0 0.0 0.0 1.0 1.0 0.0 0.0 0.0 0.0 0.0 0.0 0.0 0.0 0.0 0.0 0.0 0.0 0.0 0.0
106 35 2 2.776606700000116 0.9476415999996561 0.0 3.724248299999772 4.751750700000343 5.742916200000423 2.8858603500002005 852.90234375 847.47265625 42 42 1.0 42 20 20 False 0 0 False 2.1 2.1 2.074912807299318 2.074912807299318 0.9880537177615799 0.9880537177615799 1.0 1.0 1.0 1.0 1.0 1.0 2.25 2.25 10.0 10.0 0 0.0 0 0.0 6.479583319936553 0.0 3.4641016151377544 6 2 3.0 0.0 0.0 3.0 3.0 3.0 3.0 3.0 21.0 8.48528137423857 0.40406101782088427 15.0 18.0 21.0 24.0 27.0 2 10.0 0.0 0.0 10.0 10.0 10.0 10.0 10.0 21.0 21.0 8.48528137423857 8.48528137423857 0.40406101782088427 0.0 15.0 0.0 18.0 0.0 21.0 0.0 24.0 0.0 27.0 0.0
107 35 1 7.694901300000083 2.418116300000065 0.0 10.113017600000148 6.302558200000476 15.855933800000571 2.015634762500099 855.765625 851.09765625 87 87 1.0 0 42 42 False 0 0 False 2.0714285714285716 2.0714285714285716 2.31002963916005 2.31002963916005 1.1151867223531273 1.1151867223531273 1.0 1.0 1.0 1.0 1.5 1.5 2.0 2.0 15.0 15.0 0 0.0 0 0.0 5.902193181669128 3.032234233110042 3.9431727214403267 0 0 0.0 0.0 0.0 0.0 0.0 0.0 0.0 0.0 0.0 0.0 0.0 0.0 0.0 0.0 0.0 0.0 8 5.25 1.6690459207925603 0.31791350872239243 3.0 4.0 5.0 7.0 7.0 10.875 10.875 4.051013982414068 4.051013982414068 0.3725070328656614 0.0 5.0 0.0 8.5 0.0 11.0 0.0 12.5 0.0 18.0 0.0
108 36 3 1.13580439999987 0.8582415000000765 0.0 1.9940458999999464 1.9940458999999464 1.9940458999999464 1.9940458999999464 843.5078125 836.40625 20 20 1.0 20 1 0 False 0 0 False 1.0 1.0 0.0 0.0 0.0 0.0 0.0 0.0 0.0 0.0 0.0 0.0 0.0 0.0 0.0 0.0 0 0.0 0 0.0 0.0 0.0 0.0 1 1 1.0 0.0 0.0 1.0 1.0 1.0 1.0 1.0 20.0 0.0 0.0 20.0 20.0 20.0 20.0 20.0 1 1.0 0.0 0.0 0.0 0.0 0.0 0.0 0.0 1.0 1.0 0.0 0.0 0.0 0.0 0.0 0.0 0.0 0.0 0.0 0.0 0.0 0.0 0.0 0.0
109 36 2 2.9371845000001713 0.7532223000002887 0.0 3.69040680000046 4.082340500000214 5.684452700000406 2.856678350000152 866.85546875 863.91796875 44 44 1.0 44 20 20 False 0 0 False 2.2 2.2 2.015727634065883 2.015727634065883 0.9162398336663103 0.9162398336663103 1.0 1.0 1.0 1.0 2.0 2.0 3.0 3.0 10.0 10.0 0 0.0 0 0.0 5.124451190127582 0.0 1.1547005383792515 6 2 3.0 0.0 0.0 3.0 3.0 3.0 3.0 3.0 22.0 2.8284271247461903 0.128564869306645 20.0 21.0 22.0 23.0 24.0 2 10.0 0.0 0.0 10.0 10.0 10.0 10.0 10.0 22.0 22.0 2.8284271247461903 2.8284271247461903 0.128564869306645 0.0 20.0 0.0 21.0 0.0 22.0 0.0 23.0 0.0 24.0 0.0
110 36 1 6.827174999999897 1.5077564999996866 0.0 8.334931499999584 5.643766300000266 14.01938419999999 1.7860974499999855 869.703125 865.48828125 80 80 1.0 0 44 44 False 0 0 False 1.8181818181818181 1.8181818181818181 1.6178183310309824 1.6178183310309824 0.8898000820670403 0.8898000820670403 1.0 1.0 1.0 1.0 1.0 1.0 2.0 2.0 10.0 10.0 0 0.0 0 0.0 3.289100457295552 1.1055415967851334 2.8674417556808756 0 0 0.0 0.0 0.0 0.0 0.0 0.0 0.0 0.0 0.0 0.0 0.0 0.0 0.0 0.0 0.0 0.0 8 5.5 0.5345224838248488 0.09718590614997251 5.0 5.0 5.5 6.0 6.0 10.0 10.0 3.0237157840738176 3.0237157840738176 0.30237157840738177 0.0 7.0 0.0 8.0 0.0 8.5 0.0 11.75 0.0 15.0 0.0
111 37 3 1.139477899999747 0.6741971000001286 0.0 1.8136749999998756 1.8136749999998756 1.8136749999998756 1.8136749999998756 858.49609375 851.34765625 20 20 1.0 20 1 0 False 0 0 False 1.0 1.0 0.0 0.0 0.0 0.0 0.0 0.0 0.0 0.0 0.0 0.0 0.0 0.0 0.0 0.0 0 0.0 0 0.0 0.0 0.0 0.0 1 1 1.0 0.0 0.0 1.0 1.0 1.0 1.0 1.0 20.0 0.0 0.0 20.0 20.0 20.0 20.0 20.0 1 1.0 0.0 0.0 0.0 0.0 0.0 0.0 0.0 1.0 1.0 0.0 0.0 0.0 0.0 0.0 0.0 0.0 0.0 0.0 0.0 0.0 0.0 0.0 0.0
112 37 2 2.9255684999999403 0.7678558000001203 0.0 3.6934243000000606 3.9035412000000633 5.507099299999936 2.768076649999955 881.328125 878.203125 44 44 1.0 44 20 20 False 0 0 False 2.2 2.2 2.067289096988207 2.067289096988207 0.9396768622673667 0.9396768622673667 1.0 1.0 1.0 1.0 1.5 1.5 3.0 3.0 10.0 10.0 0 0.0 0 0.0 5.098038838612354 0.0 1.1547005383792515 6 2 3.0 0.0 0.0 3.0 3.0 3.0 3.0 3.0 22.0 2.8284271247461903 0.128564869306645 20.0 21.0 22.0 23.0 24.0 2 10.0 0.0 0.0 10.0 10.0 10.0 10.0 10.0 22.0 22.0 2.8284271247461903 2.8284271247461903 0.128564869306645 0.0 20.0 0.0 21.0 0.0 22.0 0.0 23.0 0.0 24.0 0.0
113 37 1 7.035391100000652 2.2586976000005734 0.0 9.294088700001225 5.466369700000541 14.801188000001162 1.883669537500154 884.046875 879.78125 82 82 1.0 0 44 44 False 0 0 False 1.8636363636363635 1.8636363636363635 1.4720798305404987 1.4720798305404987 0.7898964944363652 0.7898964944363652 1.0 1.0 1.0 1.0 1.0 1.0 2.0 2.0 9.0 9.0 0 0.0 0 0.0 3.1715744193571513 1.1055415967851334 3.013856886670854 0 0 0.0 0.0 0.0 0.0 0.0 0.0 0.0 0.0 0.0 0.0 0.0 0.0 0.0 0.0 0.0 0.0 8 5.5 0.5345224838248488 0.09718590614997251 5.0 5.0 5.5 6.0 6.0 10.25 10.25 2.9154759474226504 2.9154759474226504 0.2844366777973317 0.0 7.0 0.0 8.0 0.0 9.5 0.0 11.75 0.0 15.0 0.0
114 38 3 1.1296297000000095 0.67374419999976 0.0 1.8033738999997695 1.8033738999997695 1.8033738999997695 1.8033738999997695 872.78125 865.640625 20 20 1.0 20 1 0 False 0 0 False 1.0 1.0 0.0 0.0 0.0 0.0 0.0 0.0 0.0 0.0 0.0 0.0 0.0 0.0 0.0 0.0 0 0.0 0 0.0 0.0 0.0 0.0 1 1 1.0 0.0 0.0 1.0 1.0 1.0 1.0 1.0 20.0 0.0 0.0 20.0 20.0 20.0 20.0 20.0 1 1.0 0.0 0.0 0.0 0.0 0.0 0.0 0.0 1.0 1.0 0.0 0.0 0.0 0.0 0.0 0.0 0.0 0.0 0.0 0.0 0.0 0.0 0.0 0.0
115 38 2 2.946423399999844 0.8710118999998713 0.0 3.8174352999997154 4.233324699999571 5.620809199999485 2.8247808499997404 896.01171875 889.87109375 44 44 1.0 44 20 20 False 0 0 False 2.2 2.2 2.015727634065883 2.015727634065883 0.9162398336663103 0.9162398336663103 1.0 1.0 1.0 1.0 2.0 2.0 3.0 3.0 10.0 10.0 0 0.0 0 0.0 5.58480080217728 0.0 2.309401076758503 6 2 3.0 0.0 0.0 3.0 3.0 3.0 3.0 3.0 22.0 5.656854249492381 0.25712973861329 18.0 20.0 22.0 24.0 26.0 2 10.0 0.0 0.0 10.0 10.0 10.0 10.0 10.0 22.0 22.0 5.656854249492381 5.656854249492381 0.25712973861329 0.0 18.0 0.0 20.0 0.0 22.0 0.0 24.0 0.0 26.0 0.0
116 38 1 7.467763800000171 1.8041980999998941 0.0 9.271961900000065 5.816957599999569 14.89277109999955 1.8952622999999704 903.19921875 897.0703125 85 85 1.0 0 44 44 False 0 0 False 1.9318181818181819 1.9318181818181819 1.9929845245286204 1.9929845245286204 1.0316625774030506 1.0316625774030506 1.0 1.0 1.0 1.0 1.0 1.0 2.0 2.0 13.0 13.0 0 0.0 0 0.0 5.5845076064601775 1.855921454276674 4.251633672941366 0 0 0.0 0.0 0.0 0.0 0.0 0.0 0.0 0.0 0.0 0.0 0.0 0.0 0.0 0.0 0.0 0.0 8 5.5 1.1952286093343936 0.21731429260625337 4.0 4.75 5.5 6.25 7.0 10.625 10.625 4.373213921133975 4.373213921133975 0.41159660434202117 0.0 5.0 0.0 7.75 0.0 10.5 0.0 11.75 0.0 19.0 0.0
117 39 3 1.1281779000003098 0.7079835000002959 0.0 1.8361614000006057 1.8361614000006057 1.8361614000006057 1.8361614000006057 889.03515625 881.92578125 20 20 1.0 20 1 0 False 0 0 False 1.0 1.0 0.0 0.0 0.0 0.0 0.0 0.0 0.0 0.0 0.0 0.0 0.0 0.0 0.0 0.0 0 0.0 0 0.0 0.0 0.0 0.0 1 1 1.0 0.0 0.0 1.0 1.0 1.0 1.0 1.0 20.0 0.0 0.0 20.0 20.0 20.0 20.0 20.0 1 1.0 0.0 0.0 0.0 0.0 0.0 0.0 0.0 1.0 1.0 0.0 0.0 0.0 0.0 0.0 0.0 0.0 0.0 0.0 0.0 0.0 0.0 0.0 0.0
118 39 2 2.9343909000000394 0.8688641999999618 0.0 3.803255100000001 4.230717700000355 5.639416500000607 2.8338452500003086 909.99609375 904.359375 44 44 1.0 44 20 20 False 0 0 False 2.2 2.2 1.98944583661936 1.98944583661936 0.904293562099709 0.904293562099709 1.0 1.0 1.0 1.0 2.0 2.0 2.25 2.25 10.0 10.0 0 0.0 0 0.0 5.373081052803874 0.0 2.309401076758503 6 2 3.0 0.0 0.0 3.0 3.0 3.0 3.0 3.0 22.0 5.656854249492381 0.25712973861329 18.0 20.0 22.0 24.0 26.0 2 10.0 0.0 0.0 10.0 10.0 10.0 10.0 10.0 22.0 22.0 5.656854249492381 5.656854249492381 0.25712973861329 0.0 18.0 0.0 20.0 0.0 22.0 0.0 24.0 0.0 26.0 0.0
119 39 1 8.882150500000535 8.492539699999838 0.0 17.374690200000373 5.802250699999945 23.01410670000098 2.9103790875001323 952.40234375 949.4609375 96 96 1.0 0 44 44 False 0 0 False 2.1818181818181817 2.1818181818181817 3.1273194352183302 3.1273194352183302 1.433354741141735 1.433354741141735 1.0 1.0 1.0 1.0 1.0 1.0 2.0 2.0 21.0 21.0 0 0.0 0 0.0 9.507500301523583 1.855921454276674 7.738791177495933 0 0 0.0 0.0 0.0 0.0 0.0 0.0 0.0 0.0 0.0 0.0 0.0 0.0 0.0 0.0 0.0 0.0 8 5.5 1.1952286093343936 0.21731429260625337 4.0 4.75 5.5 6.25 7.0 12.0 12.0 7.151423434733616 7.151423434733616 0.595951952894468 0.0 4.0 0.0 9.25 0.0 10.5 0.0 12.5 0.0 28.0 0.0
120 40 3 1.1364424000000781 0.6554962999997542 0.0 1.7919386999998324 1.7919386999998324 1.7919386999998324 1.7919386999998324 923.5859375 917.4375 20 20 1.0 20 1 0 False 0 0 False 1.0 1.0 0.0 0.0 0.0 0.0 0.0 0.0 0.0 0.0 0.0 0.0 0.0 0.0 0.0 0.0 0 0.0 0 0.0 0.0 0.0 0.0 1 1 1.0 0.0 0.0 1.0 1.0 1.0 1.0 1.0 20.0 0.0 0.0 20.0 20.0 20.0 20.0 20.0 1 1.0 0.0 0.0 0.0 0.0 0.0 0.0 0.0 1.0 1.0 0.0 0.0 0.0 0.0 0.0 0.0 0.0 0.0 0.0 0.0 0.0 0.0 0.0 0.0
121 40 2 3.0150599000000966 1.2630117999998447 0.0 4.278071699999941 5.186112399999843 6.070010399999774 3.0492158499998254 955.0546875 958.44921875 44 44 1.0 44 20 20 False 0 0 False 2.2 2.2 2.015727634065883 2.015727634065883 0.9162398336663103 0.9162398336663103 1.0 1.0 1.0 1.0 2.0 2.0 3.0 3.0 10.0 10.0 0 0.0 0 0.0 7.171471257698799 0.0 4.618802153517006 6 2 3.0 0.0 0.0 3.0 3.0 3.0 3.0 3.0 22.0 11.313708498984761 0.51425947722658 14.0 18.0 22.0 26.0 30.0 2 10.0 0.0 0.0 10.0 10.0 10.0 10.0 10.0 22.0 22.0 11.313708498984761 11.313708498984761 0.51425947722658 0.0 14.0 0.0 18.0 0.0 22.0 0.0 26.0 0.0 30.0 0.0
122 40 1 6.617111699999555 1.4778830999998718 0.0 8.094994799999427 6.854906599999708 14.1650051999992 1.804294062499892 945.6328125 940.8984375 78 78 1.0 0 44 44 False 0 0 False 1.7727272727272727 1.7727272727272727 1.476382070100189 1.476382070100189 0.8328309113385682 0.8328309113385682 1.0 1.0 1.0 1.0 1.0 1.0 2.0 2.0 9.0 9.0 0 0.0 0 0.0 2.230748679125796 4.041451884327381 5.703312877422891 0 0 0.0 0.0 0.0 0.0 0.0 0.0 0.0 0.0 0.0 0.0 0.0 0.0 0.0 0.0 0.0 0.0 8 5.5 2.2038926600773587 0.40070775637770156 3.0 3.75 5.5 7.25 8.0 9.75 9.75 4.026696625558687 4.026696625558687 0.41299452569832684 0.0 5.0 0.0 5.75 0.0 10.5 0.0 13.0 0.0 15.0 0.0
123 41 3 1.1250342999996974 0.6745517999997901 0.0 1.7995860999994875 1.7995860999994875 1.7995860999994875 1.7995860999994875 936.63671875 930.09765625 20 20 1.0 20 1 0 False 0 0 False 1.0 1.0 0.0 0.0 0.0 0.0 0.0 0.0 0.0 0.0 0.0 0.0 0.0 0.0 0.0 0.0 0 0.0 0 0.0 0.0 0.0 0.0 1 1 1.0 0.0 0.0 1.0 1.0 1.0 1.0 1.0 20.0 0.0 0.0 20.0 20.0 20.0 20.0 20.0 1 1.0 0.0 0.0 0.0 0.0 0.0 0.0 0.0 1.0 1.0 0.0 0.0 0.0 0.0 0.0 0.0 0.0 0.0 0.0 0.0 0.0 0.0 0.0 0.0
124 41 2 2.9135810999996465 0.8417738000000554 0.0 3.755354899999702 4.035716999999522 5.554940999999189 2.791855099999623 961.6328125 955.3203125 44 44 1.0 44 20 20 False 0 0 False 2.2 2.2 2.2384204957490614 2.2384204957490614 1.0174638617041187 1.0174638617041187 1.0 1.0 1.0 1.0 1.0 1.0 2.25 2.25 10.0 10.0 0 0.0 0 0.0 5.787918451395112 0.0 1.7320508075688772 6 2 3.0 0.0 0.0 3.0 3.0 3.0 3.0 3.0 22.0 4.242640687119285 0.1928473039599675 19.0 20.5 22.0 23.5 25.0 2 10.0 0.0 0.0 10.0 10.0 10.0 10.0 10.0 22.0 22.0 4.242640687119285 4.242640687119285 0.1928473039599675 0.0 19.0 0.0 20.5 0.0 22.0 0.0 23.5 0.0 25.0 0.0
125 41 1 8.680518000000347 8.22189639999965 0.0 16.902414399999998 5.618508299999348 22.457355399999187 2.841141974999914 985.81640625 982.6171875 94 94 1.0 0 44 44 False 0 0 False 2.1363636363636362 2.1363636363636362 2.4456026896976204 2.4456026896976204 1.1447501951776096 1.1447501951776096 1.0 1.0 1.0 1.0 1.0 1.0 2.0 2.0 16.0 16.0 0 0.0 0 0.0 10.063383835215467 1.3333333333333333 8.203996316159312 0 0 0.0 0.0 0.0 0.0 0.0 0.0 0.0 0.0 0.0 0.0 0.0 0.0 0.0 0.0 0.0 0.0 8 5.5 0.9258200997725514 0.168330927231373 4.0 5.0 5.5 6.0 7.0 11.75 11.75 7.126409634992524 7.126409634992524 0.6065029476589382 0.0 4.0 0.0 9.5 0.0 10.0 0.0 11.0 0.0 28.0 0.0
126 42 3 1.1219621000001325 0.7240979999999126 0.0 1.8460601000000452 1.8460601000000452 1.8460601000000452 1.8460601000000452 953.3125 947.2421875 20 20 1.0 20 1 0 False 0 0 False 1.0 1.0 0.0 0.0 0.0 0.0 0.0 0.0 0.0 0.0 0.0 0.0 0.0 0.0 0.0 0.0 0 0.0 0 0.0 0.0 0.0 0.0 1 1 1.0 0.0 0.0 1.0 1.0 1.0 1.0 1.0 20.0 0.0 0.0 20.0 20.0 20.0 20.0 20.0 1 1.0 0.0 0.0 0.0 0.0 0.0 0.0 0.0 1.0 1.0 0.0 0.0 0.0 0.0 0.0 0.0 0.0 0.0 0.0 0.0 0.0 0.0 0.0 0.0
127 42 2 2.9412289000001692 0.9199745999999323 0.0 3.8612035000001015 4.132853100000261 5.707263600000147 2.867817200000104 977.51171875 971.375 44 44 1.0 44 20 20 False 0 0 False 2.2 2.2 2.117595458607661 2.117595458607661 0.9625433902762094 0.9625433902762094 1.0 1.0 1.0 1.0 1.0 1.0 3.0 3.0 10.0 10.0 0 0.0 0 0.0 5.338539126015654 0.0 1.7320508075688772 6 2 3.0 0.0 0.0 3.0 3.0 3.0 3.0 3.0 22.0 4.242640687119285 0.1928473039599675 19.0 20.5 22.0 23.5 25.0 2 10.0 0.0 0.0 10.0 10.0 10.0 10.0 10.0 22.0 22.0 4.242640687119285 4.242640687119285 0.1928473039599675 0.0 19.0 0.0 20.5 0.0 22.0 0.0 23.5 0.0 25.0 0.0
128 42 1 7.724708700000178 1.8732189999998354 0.0 9.597927700000014 5.71624589999999 15.30519130000016 1.9470480625000022 983.21875 977.3984375 87 87 1.0 0 44 44 False 0 0 False 1.9772727272727273 1.9772727272727273 1.836182039458397 1.836182039458397 0.9286437900709134 0.9286437900709134 1.0 1.0 1.0 1.0 1.0 1.0 2.0 2.0 9.0 9.0 0 0.0 0 0.0 5.1140656385474665 1.3333333333333333 4.322904116447646 0 0 0.0 0.0 0.0 0.0 0.0 0.0 0.0 0.0 0.0 0.0 0.0 0.0 0.0 0.0 0.0 0.0 8 5.5 0.9258200997725514 0.168330927231373 4.0 5.0 5.5 6.0 7.0 10.875 10.875 5.111262075065218 5.111262075065218 0.47000111035082465 0.0 4.0 0.0 7.5 0.0 10.0 0.0 14.5 0.0 19.0 0.0
129 43 3 1.1244214999995847 0.8758940000000166 0.0 2.0003154999996013 2.0003154999996013 2.0003154999996013 2.0003154999996013 968.7578125 962.25390625 20 20 1.0 20 1 0 False 0 0 False 1.0 1.0 0.0 0.0 0.0 0.0 0.0 0.0 0.0 0.0 0.0 0.0 0.0 0.0 0.0 0.0 0 0.0 0 0.0 0.0 0.0 0.0 1 1 1.0 0.0 0.0 1.0 1.0 1.0 1.0 1.0 20.0 0.0 0.0 20.0 20.0 20.0 20.0 20.0 1 1.0 0.0 0.0 0.0 0.0 0.0 0.0 0.0 1.0 1.0 0.0 0.0 0.0 0.0 0.0 0.0 0.0 0.0 0.0 0.0 0.0 0.0 0.0 0.0
130 43 2 2.921459799999866 0.8965732000003754 0.0 3.8180330000002414 4.423340399999688 5.818348499999843 2.9232903499998883 992.03125 986.1953125 44 44 1.0 44 20 20 False 0 0 False 2.2 2.2 2.067289096988207 2.067289096988207 0.9396768622673667 0.9396768622673667 1.0 1.0 1.0 1.0 1.5 1.5 3.0 3.0 10.0 10.0 0 0.0 0 0.0 5.817215828899594 0.0 2.309401076758503 6 2 3.0 0.0 0.0 3.0 3.0 3.0 3.0 3.0 22.0 5.656854249492381 0.25712973861329 18.0 20.0 22.0 24.0 26.0 2 10.0 0.0 0.0 10.0 10.0 10.0 10.0 10.0 22.0 22.0 5.656854249492381 5.656854249492381 0.25712973861329 0.0 18.0 0.0 20.0 0.0 22.0 0.0 24.0 0.0 26.0 0.0
131 43 1 9.335724199999618 11.167122299999392 0.0 20.50284649999901 5.995936099999767 26.321194999998852 3.3236999749998404 1019.9453125 1016.640625 100 100 1.0 0 44 44 False 0 0 False 2.272727272727273 2.272727272727273 2.8231899849871818 2.8231899849871818 1.2422035933943598 1.2422035933943598 1.0 1.0 1.0 1.0 1.0 1.0 2.0 2.0 18.0 18.0 0 0.0 0 0.0 8.768015691908506 1.855921454276674 7.295356209413097 0 0 0.0 0.0 0.0 0.0 0.0 0.0 0.0 0.0 0.0 0.0 0.0 0.0 0.0 0.0 0.0 0.0 8 5.5 1.1952286093343936 0.21731429260625337 4.0 4.75 5.5 6.25 7.0 12.5 12.5 7.3484692283495345 7.3484692283495345 0.5878775382679627 0.0 5.0 0.0 7.75 0.0 10.5 0.0 14.75 0.0 28.0 0.0
132 44 3 1.1345940000002201 0.7938965999996981 0.0 1.9284905999999182 1.9284905999999182 1.9284905999999182 1.9284905999999182 989.8515625 983.44140625 20 20 1.0 20 1 0 False 0 0 False 1.0 1.0 0.0 0.0 0.0 0.0 0.0 0.0 0.0 0.0 0.0 0.0 0.0 0.0 0.0 0.0 0 0.0 0 0.0 0.0 0.0 0.0 1 1 1.0 0.0 0.0 1.0 1.0 1.0 1.0 1.0 20.0 0.0 0.0 20.0 20.0 20.0 20.0 20.0 1 1.0 0.0 0.0 0.0 0.0 0.0 0.0 0.0 1.0 1.0 0.0 0.0 0.0 0.0 0.0 0.0 0.0 0.0 0.0 0.0 0.0 0.0 0.0 0.0
133 44 2 3.0137970000001815 1.2116818000006333 0.0 4.225478800000815 5.270878600000742 6.153969400000733 3.091293350000342 1020.03125 1023.9140625 44 44 1.0 44 20 20 False 0 0 False 2.2 2.2 2.0925934551223877 2.0925934551223877 0.9511788432374488 0.9511788432374488 1.0 1.0 1.0 1.0 1.5 1.5 2.25 2.25 10.0 10.0 0 0.0 0 0.0 7.0746024623295956 0.0 4.618802153517006 6 2 3.0 0.0 0.0 3.0 3.0 3.0 3.0 3.0 22.0 11.313708498984761 0.51425947722658 14.0 18.0 22.0 26.0 30.0 2 10.0 0.0 0.0 10.0 10.0 10.0 10.0 10.0 22.0 22.0 11.313708498984761 11.313708498984761 0.51425947722658 0.0 14.0 0.0 18.0 0.0 22.0 0.0 26.0 0.0 30.0 0.0
134 44 1 8.152859200000194 3.587784799999554 0.0 11.740643999999747 6.9442158000005065 17.89461340000048 2.270788425000106 1028.5390625 1030.03515625 91 91 1.0 0 44 44 False 0 0 False 2.0681818181818183 2.0681818181818183 1.847660082408788 1.847660082408788 0.8933741057800733 0.8933741057800733 1.0 1.0 1.0 1.0 1.5 1.5 2.0 2.0 10.0 10.0 0 0.0 0 0.0 7.45993084296485 4.041451884327381 5.3870987862979955 0 0 0.0 0.0 0.0 0.0 0.0 0.0 0.0 0.0 0.0 0.0 0.0 0.0 0.0 0.0 0.0 0.0 8 5.5 2.2038926600773587 0.40070775637770156 3.0 3.75 5.5 7.25 8.0 11.375 11.375 6.1164298643664905 6.1164298643664905 0.5377081199443069 0.0 5.0 0.0 5.75 0.0 12.0 0.0 13.5 0.0 23.0 0.0
135 45 3 1.1359908000000587 0.7438396000002285 0.0 1.8798304000002872 1.8798304000002872 1.8798304000002872 1.8798304000002872 1003.68359375 997.33203125 20 20 1.0 20 1 0 False 0 0 False 1.0 1.0 0.0 0.0 0.0 0.0 0.0 0.0 0.0 0.0 0.0 0.0 0.0 0.0 0.0 0.0 0 0.0 0 0.0 0.0 0.0 0.0 1 1 1.0 0.0 0.0 1.0 1.0 1.0 1.0 1.0 20.0 0.0 0.0 20.0 20.0 20.0 20.0 20.0 1 1.0 0.0 0.0 0.0 0.0 0.0 0.0 0.0 1.0 1.0 0.0 0.0 0.0 0.0 0.0 0.0 0.0 0.0 0.0 0.0 0.0 0.0 0.0 0.0
136 45 2 2.9388403999996626 0.9510565999995606 0.0 3.8898969999992232 4.364509599999565 5.7697273999995105 2.899168699999791 1029.05859375 1023.5078125 44 44 1.0 44 20 20 False 0 0 False 2.2 2.2 2.1908902300206643 2.1908902300206643 0.9958591954639382 0.9958591954639382 1.0 1.0 1.0 1.0 1.0 1.0 3.0 3.0 10.0 10.0 0 0.0 0 0.0 5.8651513194460705 0.0 2.309401076758503 6 2 3.0 0.0 0.0 3.0 3.0 3.0 3.0 3.0 22.0 5.656854249492381 0.25712973861329 18.0 20.0 22.0 24.0 26.0 2 10.0 0.0 0.0 10.0 10.0 10.0 10.0 10.0 22.0 22.0 5.656854249492381 5.656854249492381 0.25712973861329 0.0 18.0 0.0 20.0 0.0 22.0 0.0 24.0 0.0 26.0 0.0
137 45 1 8.64991490000034 7.679573299999788 0.0 16.329488200000128 5.932856199999492 22.09921559999964 2.7961045749999727 1057.88671875 1054.86328125 94 94 1.0 0 44 44 False 0 0 False 2.1363636363636362 2.1363636363636362 3.2103822064055043 3.2103822064055043 1.5027320966153426 1.5027320966153426 1.0 1.0 1.0 1.0 1.0 1.0 2.0 2.0 22.0 22.0 0 0.0 0 0.0 10.541192320472577 1.855921454276674 8.10178306849109 0 0 0.0 0.0 0.0 0.0 0.0 0.0 0.0 0.0 0.0 0.0 0.0 0.0 0.0 0.0 0.0 0.0 8 5.5 1.1952286093343936 0.21731429260625337 4.0 4.75 5.5 6.25 7.0 11.75 11.75 7.126409634992524 7.126409634992524 0.6065029476589382 0.0 5.0 0.0 7.75 0.0 10.5 0.0 11.75 0.0 28.0 0.0
138 46 3 1.1385592999995424 0.8475380000002133 0.0 1.9860972999997557 1.9860972999997557 1.9860972999997557 1.9860972999997557 1028.265625 1022.5234375 20 20 1.0 20 1 0 False 0 0 False 1.0 1.0 0.0 0.0 0.0 0.0 0.0 0.0 0.0 0.0 0.0 0.0 0.0 0.0 0.0 0.0 0 0.0 0 0.0 0.0 0.0 0.0 1 1 1.0 0.0 0.0 1.0 1.0 1.0 1.0 1.0 20.0 0.0 0.0 20.0 20.0 20.0 20.0 20.0 1 1.0 0.0 0.0 0.0 0.0 0.0 0.0 0.0 1.0 1.0 0.0 0.0 0.0 0.0 0.0 0.0 0.0 0.0 0.0 0.0 0.0 0.0 0.0 0.0
139 46 2 2.9599583999995502 1.2118110999999772 0.0 4.171769499999527 5.056578599999057 6.157866799999283 3.0929953999997224 1052.58984375 1047.85546875 44 44 1.0 44 20 20 False 0 0 False 2.2 2.2 2.067289096988207 2.067289096988207 0.9396768622673667 0.9396768622673667 1.0 1.0 1.0 1.0 1.5 1.5 3.0 3.0 10.0 10.0 0 0.0 0 0.0 6.889847603539572 0.0 3.4641016151377544 6 2 3.0 0.0 0.0 3.0 3.0 3.0 3.0 3.0 22.0 8.48528137423857 0.385694607919935 16.0 19.0 22.0 25.0 28.0 2 10.0 0.0 0.0 10.0 10.0 10.0 10.0 10.0 22.0 22.0 8.48528137423857 8.48528137423857 0.385694607919935 0.0 16.0 0.0 19.0 0.0 22.0 0.0 25.0 0.0 28.0 0.0
140 46 1 8.356399099999862 4.791000100000019 0.0 13.147399199999882 7.602968999999803 19.305265999999165 2.4469611499999075 1065.94921875 1067.79296875 93 93 1.0 0 44 44 True 0 0 False 2.1136363636363638 2.1136363636363638 1.797784636242247 1.797784636242247 0.8887924044343691 0.8887924044343691 1.0 1.0 1.0 1.0 1.0 1.0 2.0 2.0 9.0 9.0 0 0.0 0 0.0 9.132900180253774 3.3166247903554 5.6242283421323185 0 0 0.0 0.0 0.0 0.0 0.0 0.0 0.0 0.0 0.0 0.0 0.0 0.0 0.0 0.0 0.0 0.0 8 5.5 1.6035674514745464 0.2915577184499175 4.0 4.0 5.5 7.0 7.0 11.625 11.625 5.50162313711664 5.50162313711664 0.4732579042680981 0.0 5.0 0.0 9.25 0.0 10.5 0.0 12.75 0.0 23.0 0.0
141 47 3 1.1368766000000505 0.8088757999998961 0.0 1.9457523999999466 1.9457523999999466 1.9457523999999466 1.9457523999999466 1041.640625 1035.3515625 20 20 1.0 20 1 0 False 0 0 False 1.0 1.0 0.0 0.0 0.0 0.0 0.0 0.0 0.0 0.0 0.0 0.0 0.0 0.0 0.0 0.0 0 0.0 0 0.0 0.0 0.0 0.0 1 1 1.0 0.0 0.0 1.0 1.0 1.0 1.0 1.0 20.0 0.0 0.0 20.0 20.0 20.0 20.0 20.0 1 1.0 0.0 0.0 0.0 0.0 0.0 0.0 0.0 1.0 1.0 0.0 0.0 0.0 0.0 0.0 0.0 0.0 0.0 0.0 0.0 0.0 0.0 0.0 0.0
142 47 2 2.91768690000049 0.7629563999994389 0.0 3.680643299999929 4.040690499999982 5.626395699999875 2.8274102499998435 1058.73046875 1053.17578125 44 44 1.0 44 20 20 False 0 0 False 2.2 2.2 2.067289096988207 2.067289096988207 0.9396768622673667 0.9396768622673667 1.0 1.0 1.0 1.0 1.5 1.5 3.0 3.0 10.0 10.0 0 0.0 0 0.0 5.162363799656122 0.0 1.1547005383792515 6 2 3.0 0.0 0.0 3.0 3.0 3.0 3.0 3.0 22.0 2.8284271247461903 0.128564869306645 20.0 21.0 22.0 23.0 24.0 2 10.0 0.0 0.0 10.0 10.0 10.0 10.0 10.0 22.0 22.0 2.8284271247461903 2.8284271247461903 0.128564869306645 0.0 20.0 0.0 21.0 0.0 22.0 0.0 23.0 0.0 24.0 0.0
143 47 1 6.062509999999747 1.3120355000005475 0.0 7.374545500000295 5.600725800000191 13.00094120000017 1.6587379624999699 1057.45703125 1053.4453125 73 73 1.0 0 44 44 False 0 0 False 1.6590909090909092 1.6590909090909092 1.0330172969168459 1.0330172969168459 0.6226405625252222 0.6226405625252222 1.0 1.0 1.0 1.0 1.0 1.0 2.0 2.0 6.0 6.0 0 0.0 0 0.0 3.1226230629694034 1.1055415967851334 4.529992641642294 0 0 0.0 0.0 0.0 0.0 0.0 0.0 0.0 0.0 0.0 0.0 0.0 0.0 0.0 0.0 0.0 0.0 8 5.5 0.5345224838248488 0.09718590614997251 5.0 5.0 5.5 6.0 6.0 9.125 9.125 2.5319388392523003 2.5319388392523003 0.27747274950710143 0.0 6.0 0.0 7.75 0.0 8.5 0.0 10.25 0.0 14.0 0.0
144 48 3 1.1236622000001262 0.9059735000005276 0.0 2.0296357000006537 2.0296357000006537 2.0296357000006537 2.0296357000006537 1055.60546875 1050.08984375 20 20 1.0 20 1 0 False 0 0 False 1.0 1.0 0.0 0.0 0.0 0.0 0.0 0.0 0.0 0.0 0.0 0.0 0.0 0.0 0.0 0.0 0 0.0 0 0.0 0.0 0.0 0.0 1 1 1.0 0.0 0.0 1.0 1.0 1.0 1.0 1.0 20.0 0.0 0.0 20.0 20.0 20.0 20.0 20.0 1 1.0 0.0 0.0 0.0 0.0 0.0 0.0 0.0 1.0 1.0 0.0 0.0 0.0 0.0 0.0 0.0 0.0 0.0 0.0 0.0 0.0 0.0 0.0 0.0
145 48 2 2.940150199999607 0.7898674000000483 0.0 3.7300175999996554 4.431930700000748 5.759653300000309 2.894337650000125 1078.24609375 1073.76953125 44 44 1.0 44 20 20 False 0 0 False 2.2 2.2 2.1908902300206643 2.1908902300206643 0.9958591954639382 0.9958591954639382 1.0 1.0 1.0 1.0 1.0 1.0 3.0 3.0 10.0 10.0 0 0.0 0 0.0 6.403124237432848 0.0 2.309401076758503 6 2 3.0 0.0 0.0 3.0 3.0 3.0 3.0 3.0 22.0 5.656854249492381 0.25712973861329 18.0 20.0 22.0 24.0 26.0 2 10.0 0.0 0.0 10.0 10.0 10.0 10.0 10.0 22.0 22.0 5.656854249492381 5.656854249492381 0.25712973861329 0.0 18.0 0.0 20.0 0.0 22.0 0.0 24.0 0.0 26.0 0.0
146 48 1 8.404772699999512 3.706781599999431 0.0 12.111554299998943 6.025931200000059 17.871207599999252 2.2676529249998225 1091.46875 1091.69140625 93 93 1.0 0 44 44 False 0 0 False 2.1136363636363638 2.1136363636363638 2.2845884988066216 2.2845884988066216 1.080880580080552 1.080880580080552 1.0 1.0 1.0 1.0 1.0 1.0 2.0 2.0 12.0 12.0 0 0.0 0 0.0 5.938019224796229 1.855921454276674 5.09288719686584 0 0 0.0 0.0 0.0 0.0 0.0 0.0 0.0 0.0 0.0 0.0 0.0 0.0 0.0 0.0 0.0 0.0 8 5.5 1.1952286093343936 0.21731429260625337 4.0 4.75 5.5 6.25 7.0 11.625 11.625 5.7802001942592165 5.7802001942592165 0.4972215220868143 0.0 5.0 0.0 7.5 0.0 10.5 0.0 14.75 0.0 22.0 0.0
147 49 3 1.1333816999999726 0.7193169999993643 0.0 1.852698699999337 1.852698699999337 1.852698699999337 1.852698699999337 1072.6875 1066.78125 20 20 1.0 20 1 0 False 0 0 False 1.0 1.0 0.0 0.0 0.0 0.0 0.0 0.0 0.0 0.0 0.0 0.0 0.0 0.0 0.0 0.0 0 0.0 0 0.0 0.0 0.0 0.0 1 1 1.0 0.0 0.0 1.0 1.0 1.0 1.0 1.0 20.0 0.0 0.0 20.0 20.0 20.0 20.0 20.0 1 1.0 0.0 0.0 0.0 0.0 0.0 0.0 0.0 1.0 1.0 0.0 0.0 0.0 0.0 0.0 0.0 0.0 0.0 0.0 0.0 0.0 0.0 0.0 0.0
148 49 2 2.984338600000001 1.0909478999999465 0.0 4.075286499999947 4.834707999999409 5.927985199999284 2.9782899999996744 1096.09765625 1090.83984375 44 44 1.0 44 20 20 False 0 0 False 2.2 2.2 2.142305693455191 2.142305693455191 0.9737753152069049 0.9737753152069049 1.0 1.0 1.0 1.0 1.0 1.0 3.0 3.0 10.0 10.0 0 0.0 0 0.0 6.9670653793401405 0.0 3.4641016151377544 6 2 3.0 0.0 0.0 3.0 3.0 3.0 3.0 3.0 22.0 8.48528137423857 0.385694607919935 16.0 19.0 22.0 25.0 28.0 2 10.0 0.0 0.0 10.0 10.0 10.0 10.0 10.0 22.0 22.0 8.48528137423857 8.48528137423857 0.385694607919935 0.0 16.0 0.0 19.0 0.0 22.0 0.0 25.0 0.0 28.0 0.0
149 49 1 8.596308600000839 4.056037900000547 0.0 12.652346500001386 6.501655599999367 18.58033170000067 2.356193562500067 1108.8671875 1109.94140625 95 95 1.0 0 44 44 False 0 0 False 2.159090909090909 2.159090909090909 2.261335084333227 2.261335084333227 1.0473551969543367 1.0473551969543367 1.0 1.0 1.0 1.0 1.5 1.5 2.0 2.0 14.0 14.0 0 0.0 0 0.0 8.637245768345945 3.3166247903554 5.381939964155841 0 0 0.0 0.0 0.0 0.0 0.0 0.0 0.0 0.0 0.0 0.0 0.0 0.0 0.0 0.0 0.0 0.0 8 5.5 1.6035674514745464 0.2915577184499175 4.0 4.0 5.5 7.0 7.0 11.875 11.875 5.462534733462636 5.462534733462636 0.46000292492316935 0.0 5.0 0.0 9.25 0.0 11.5 0.0 12.75 0.0 23.0 0.0
