 RU AL GT ST OT TT LT CT WT RSS VMS LE AC CF PSG CSGSS CSGS TOT_CHOICES PRE_CHOICES FGOALS_ORDER CP_EF_L CP_EF_A SP_ED_L SP_ED_A SP_EB_L SP_EB_A SP_MIN_L SP_MIN_A SP_LOWER_L SP_LOWER_A SP_MED_L SP_MED_A SP_UPPER_L SP_UPPER_A SP_MAX_L SP_MAX_A DS_T DS_TD_MEAN DS_TD_STD DS_TD_CD DS_TD_MIN DS_TD_LOWER DS_TD_MED DS_TD_UPPER DS_TD_MAX DS_TS_MEAN DS_TS_STD DS_TS_CD DS_TS_MIN DS_TS_LOWER DS_TS_MED DS_TS_UPPER DS_TS_MAX PR_T PR_TS_MEAN PR_TS_STD PR_TS_CD PR_TS_MIN PR_TS_LOWER PR_TS_MED PR_TS_UPPER PR_TS_MAX
0 0 3 1.0120060999999971 0.3118517000000054 0.0 1.3238578000000025 1.3238578000000025 1.3238578000000025 1.3238578000000025 218.79296875 215.37890625 18 18 1.0 18 0 0 0 0  1.0 1.0 0.0 0.0 0.0 0.0 0.0 0.0 0.0 0.0 0.0 0.0 0.0 0.0 0.0 0.0 0 0.0 0.0 0.0 0.0 0.0 0.0 0.0 0.0 0.0 0.0 0.0 0.0 0.0 0.0 0.0 0.0 1 1.0 0.0 0.0 0.0 0.0 0.0 0.0 0.0
1 0 2 1.5126717999999997 0.4970292000000036 0.0 2.0097010000000033 3.333558800000006 3.333558800000006 3.333558800000006 259.7265625 263.30078125 26 26 1.0 26 18 18 0 0  1.4444444444444444 1.4444444444444444 0.7047921864945659 0.7047921864945659 0.4879330521885456 0.4879330521885456 1.0 1.0 1.0 1.0 1.0 1.0 2.0 2.0 3.0 3.0 0 0.0 0.0 0.0 0.0 0.0 0.0 0.0 0.0 0.0 0.0 0.0 0.0 0.0 0.0 0.0 0.0 1 18.0 0.0 0.0 18.0 18.0 18.0 18.0 18.0
2 0 1 3.8193078999999983 3.118578200000016 0.0 6.937886100000014 10.27144490000002 10.27144490000002 10.27144490000002 372.99609375 385.3203125 39 39 1.0 0 26 26 0 0  1.5 1.5 0.812403840463596 0.812403840463596 0.5416025603090641 0.5416025603090641 1.0 1.0 1.0 1.0 1.0 1.0 2.0 2.0 3.0 3.0 0 0.0 0.0 0.0 0.0 0.0 0.0 0.0 0.0 0.0 0.0 0.0 0.0 0.0 0.0 0.0 0.0 1 26.0 0.0 0.0 26.0 26.0 26.0 26.0 26.0
3 1 3 1.0299866999999736 0.4095741000000217 0.0 1.4395607999999953 1.4395607999999953 1.4395607999999953 1.4395607999999953 222.7578125 220.29296875 18 18 1.0 18 0 0 0 0  1.0 1.0 0.0 0.0 0.0 0.0 0.0 0.0 0.0 0.0 0.0 0.0 0.0 0.0 0.0 0.0 0 0.0 0.0 0.0 0.0 0.0 0.0 0.0 0.0 0.0 0.0 0.0 0.0 0.0 0.0 0.0 0.0 1 1.0 0.0 0.0 0.0 0.0 0.0 0.0 0.0
4 1 2 1.5204701999999983 0.7073091999999974 0.0 2.2277793999999957 3.667340199999991 3.667340199999991 3.667340199999991 266.55859375 267.109375 26 26 1.0 26 18 18 0 0  1.4444444444444444 1.4444444444444444 1.0416176459053668 1.0416176459053668 0.7211199087037155 0.7211199087037155 1.0 1.0 1.0 1.0 1.0 1.0 1.0 1.0 5.0 5.0 0 0.0 0.0 0.0 0.0 0.0 0.0 0.0 0.0 0.0 0.0 0.0 0.0 0.0 0.0 0.0 0.0 1 18.0 0.0 0.0 18.0 18.0 18.0 18.0 18.0
5 1 1 3.7958384000000223 2.3548564999999826 0.0 6.150694900000005 9.818035099999996 9.818035099999996 9.818035099999996 382.19921875 395.47265625 39 39 1.0 0 26 26 0 0  1.5 1.5 0.9055385138137416 0.9055385138137416 0.6036923425424944 0.6036923425424944 1.0 1.0 1.0 1.0 1.0 1.0 2.0 2.0 5.0 5.0 0 0.0 0.0 0.0 0.0 0.0 0.0 0.0 0.0 0.0 0.0 0.0 0.0 0.0 0.0 0.0 0.0 1 26.0 0.0 0.0 26.0 26.0 26.0 26.0 26.0
6 2 3 1.008664500000016 0.3501412999999758 0.0 1.3588057999999918 1.3588057999999918 1.3588057999999918 1.3588057999999918 233.65625 229.546875 18 18 1.0 18 0 0 0 0  1.0 1.0 0.0 0.0 0.0 0.0 0.0 0.0 0.0 0.0 0.0 0.0 0.0 0.0 0.0 0.0 0 0.0 0.0 0.0 0.0 0.0 0.0 0.0 0.0 0.0 0.0 0.0 0.0 0.0 0.0 0.0 0.0 1 1.0 0.0 0.0 0.0 0.0 0.0 0.0 0.0
7 2 2 1.5110181000000154 0.48009180000001095 0.0 1.9911099000000263 3.349915700000018 3.349915700000018 3.349915700000018 274.79296875 272.19921875 26 26 1.0 26 18 18 0 0  1.4444444444444444 1.4444444444444444 0.9835244081556433 0.9835244081556433 0.6809015133385223 0.6809015133385223 1.0 1.0 1.0 1.0 1.0 1.0 1.75 1.75 5.0 5.0 0 0.0 0.0 0.0 0.0 0.0 0.0 0.0 0.0 0.0 0.0 0.0 0.0 0.0 0.0 0.0 0.0 1 18.0 0.0 0.0 18.0 18.0 18.0 18.0 18.0
8 2 1 3.8239962000000105 2.3999098000000103 0.0 6.223906000000021 9.573821700000039 9.573821700000039 9.573821700000039 394.03515625 405.828125 39 39 1.0 0 26 26 0 0  1.5 1.5 0.5830951894845301 0.5830951894845301 0.38873012632302006 0.38873012632302006 1.0 1.0 1.0 1.0 1.0 1.0 2.0 2.0 3.0 3.0 0 0.0 0.0 0.0 0.0 0.0 0.0 0.0 0.0 0.0 0.0 0.0 0.0 0.0 0.0 0.0 0.0 1 26.0 0.0 0.0 26.0 26.0 26.0 26.0 26.0
9 3 3 1.0089025000000191 0.47161049999999705 0.0 1.4805130000000162 1.4805130000000162 1.4805130000000162 1.4805130000000162 244.34765625 235.53515625 18 18 1.0 18 0 0 0 0  1.0 1.0 0.0 0.0 0.0 0.0 0.0 0.0 0.0 0.0 0.0 0.0 0.0 0.0 0.0 0.0 0 0.0 0.0 0.0 0.0 0.0 0.0 0.0 0.0 0.0 0.0 0.0 0.0 0.0 0.0 0.0 0.0 1 1.0 0.0 0.0 0.0 0.0 0.0 0.0 0.0
10 3 2 1.4999685999999883 0.5416039000000126 0.0 2.041572500000001 3.522085500000017 3.522085500000017 3.522085500000017 299.26953125 302.7890625 26 26 1.0 26 18 18 0 0  1.4444444444444444 1.4444444444444444 0.7838233761296739 0.7838233761296739 0.5426469527051588 0.5426469527051588 1.0 1.0 1.0 1.0 1.0 1.0 1.75 1.75 3.0 3.0 0 0.0 0.0 0.0 0.0 0.0 0.0 0.0 0.0 0.0 0.0 0.0 0.0 0.0 0.0 0.0 0.0 1 18.0 0.0 0.0 18.0 18.0 18.0 18.0 18.0
11 3 1 3.8131344999999754 3.6650153000000216 0.0 7.478149799999997 11.000235300000014 11.000235300000014 11.000235300000014 406.87109375 418.73828125 39 39 1.0 0 26 26 0 0  1.5 1.5 0.8602325267042626 0.8602325267042626 0.5734883511361751 0.5734883511361751 1.0 1.0 1.0 1.0 1.0 1.0 2.0 2.0 4.0 4.0 0 0.0 0.0 0.0 0.0 0.0 0.0 0.0 0.0 0.0 0.0 0.0 0.0 0.0 0.0 0.0 0.0 1 26.0 0.0 0.0 26.0 26.0 26.0 26.0 26.0
12 4 3 1.0029657000000185 0.3903473999999676 0.0 1.393313099999986 1.393313099999986 1.393313099999986 1.393313099999986 265.1171875 264.33203125 18 18 1.0 18 0 0 0 0  1.0 1.0 0.0 0.0 0.0 0.0 0.0 0.0 0.0 0.0 0.0 0.0 0.0 0.0 0.0 0.0 0 0.0 0.0 0.0 0.0 0.0 0.0 0.0 0.0 0.0 0.0 0.0 0.0 0.0 0.0 0.0 0.0 1 1.0 0.0 0.0 0.0 0.0 0.0 0.0 0.0
13 4 2 1.510291499999994 0.4809925999999649 0.0 1.9912840999999588 3.384597199999945 3.384597199999945 3.384597199999945 321.171875 324.015625 26 26 1.0 26 18 18 0 0  1.4444444444444444 1.4444444444444444 0.7047921864945659 0.7047921864945659 0.4879330521885456 0.4879330521885456 1.0 1.0 1.0 1.0 1.0 1.0 2.0 2.0 3.0 3.0 0 0.0 0.0 0.0 0.0 0.0 0.0 0.0 0.0 0.0 0.0 0.0 0.0 0.0 0.0 0.0 0.0 1 18.0 0.0 0.0 18.0 18.0 18.0 18.0 18.0
14 4 1 3.817400799999973 3.7440037000000075 0.0 7.5614044999999805 10.946001699999925 10.946001699999925 10.946001699999925 418.5625 430.2421875 39 39 1.0 0 26 26 0 0  1.5 1.5 0.9055385138137416 0.9055385138137416 0.6036923425424944 0.6036923425424944 1.0 1.0 1.0 1.0 1.0 1.0 2.0 2.0 4.0 4.0 0 0.0 0.0 0.0 0.0 0.0 0.0 0.0 0.0 0.0 0.0 0.0 0.0 0.0 0.0 0.0 0.0 1 26.0 0.0 0.0 26.0 26.0 26.0 26.0 26.0
15 5 3 1.003562699999975 0.337578499999978 0.0 1.341141199999953 1.341141199999953 1.341141199999953 1.341141199999953 344.47265625 336.0859375 18 18 1.0 18 0 0 0 0  1.0 1.0 0.0 0.0 0.0 0.0 0.0 0.0 0.0 0.0 0.0 0.0 0.0 0.0 0.0 0.0 0 0.0 0.0 0.0 0.0 0.0 0.0 0.0 0.0 0.0 0.0 0.0 0.0 0.0 0.0 0.0 0.0 1 1.0 0.0 0.0 0.0 0.0 0.0 0.0 0.0
16 5 2 1.4907848999999942 0.46171229999998786 0.0 1.952497199999982 3.293638399999935 3.293638399999935 3.293638399999935 367.3828125 358.67578125 26 26 1.0 26 18 18 0 0  1.4444444444444444 1.4444444444444444 0.7047921864945659 0.7047921864945659 0.4879330521885456 0.4879330521885456 1.0 1.0 1.0 1.0 1.0 1.0 2.0 2.0 3.0 3.0 0 0.0 0.0 0.0 0.0 0.0 0.0 0.0 0.0 0.0 0.0 0.0 0.0 0.0 0.0 0.0 0.0 1 18.0 0.0 0.0 18.0 18.0 18.0 18.0 18.0
17 5 1 3.8221472999999833 4.226285499999989 0.0 8.048432799999972 11.342071199999907 11.342071199999907 11.342071199999907 424.2109375 436.78515625 39 39 1.0 0 26 26 0 0  1.5 1.5 0.812403840463596 0.812403840463596 0.5416025603090641 0.5416025603090641 1.0 1.0 1.0 1.0 1.0 1.0 2.0 2.0 4.0 4.0 0 0.0 0.0 0.0 0.0 0.0 0.0 0.0 0.0 0.0 0.0 0.0 0.0 0.0 0.0 0.0 0.0 1 26.0 0.0 0.0 26.0 26.0 26.0 26.0 26.0
18 6 3 1.0058129000000235 0.37840819999999553 0.0 1.384221100000019 1.384221100000019 1.384221100000019 1.384221100000019 348.75 341.19140625 18 18 1.0 18 0 0 0 0  1.0 1.0 0.0 0.0 0.0 0.0 0.0 0.0 0.0 0.0 0.0 0.0 0.0 0.0 0.0 0.0 0 0.0 0.0 0.0 0.0 0.0 0.0 0.0 0.0 0.0 0.0 0.0 0.0 0.0 0.0 0.0 0.0 1 1.0 0.0 0.0 0.0 0.0 0.0 0.0 0.0
19 6 2 1.4970658999999955 0.5565727999999837 0.0 2.053638699999979 3.4378597999999982 3.4378597999999982 3.4378597999999982 372.28125 363.73828125 26 26 1.0 26 18 18 0 0  1.4444444444444444 1.4444444444444444 0.8555852638929972 0.8555852638929972 0.5923282596182288 0.5923282596182288 1.0 1.0 1.0 1.0 1.0 1.0 1.75 1.75 4.0 4.0 0 0.0 0.0 0.0 0.0 0.0 0.0 0.0 0.0 0.0 0.0 0.0 0.0 0.0 0.0 0.0 0.0 1 18.0 0.0 0.0 18.0 18.0 18.0 18.0 18.0
20 6 1 3.7895132000000302 3.7831296000000236 0.0 7.572642800000054 11.010502600000052 11.010502600000052 11.010502600000052 436.54296875 447.9375 39 39 1.0 0 26 26 0 0  1.5 1.5 0.9055385138137416 0.9055385138137416 0.6036923425424944 0.6036923425424944 1.0 1.0 1.0 1.0 1.0 1.0 2.0 2.0 5.0 5.0 0 0.0 0.0 0.0 0.0 0.0 0.0 0.0 0.0 0.0 0.0 0.0 0.0 0.0 0.0 0.0 0.0 1 26.0 0.0 0.0 26.0 26.0 26.0 26.0 26.0
21 7 3 1.0026601999999798 0.4454118999999821 0.0 1.448072099999962 1.448072099999962 1.448072099999962 1.448072099999962 363.578125 355.40625 18 18 1.0 18 0 0 0 0  1.0 1.0 0.0 0.0 0.0 0.0 0.0 0.0 0.0 0.0 0.0 0.0 0.0 0.0 0.0 0.0 0 0.0 0.0 0.0 0.0 0.0 0.0 0.0 0.0 0.0 0.0 0.0 0.0 0.0 0.0 0.0 0.0 1 1.0 0.0 0.0 0.0 0.0 0.0 0.0 0.0
22 7 2 1.496408400000007 0.485952999999995 0.0 1.982361400000002 3.430433499999964 3.430433499999964 3.430433499999964 386.765625 377.98828125 26 26 1.0 26 18 18 0 0  1.4444444444444444 1.4444444444444444 0.7838233761296739 0.7838233761296739 0.5426469527051588 0.5426469527051588 1.0 1.0 1.0 1.0 1.0 1.0 2.0 2.0 4.0 4.0 0 0.0 0.0 0.0 0.0 0.0 0.0 0.0 0.0 0.0 0.0 0.0 0.0 0.0 0.0 0.0 0.0 1 18.0 0.0 0.0 18.0 18.0 18.0 18.0 18.0
23 7 1 3.7912818000000215 4.052728700000003 0.0 7.844010500000024 11.274443999999988 11.274443999999988 11.274443999999988 442.29296875 453.109375 39 39 1.0 0 26 26 0 0  1.5 1.5 0.9486832980505138 0.9486832980505138 0.6324555320336759 0.6324555320336759 1.0 1.0 1.0 1.0 1.0 1.0 2.0 2.0 5.0 5.0 0 0.0 0.0 0.0 0.0 0.0 0.0 0.0 0.0 0.0 0.0 0.0 0.0 0.0 0.0 0.0 0.0 1 26.0 0.0 0.0 26.0 26.0 26.0 26.0 26.0
24 8 3 1.0011005000001205 0.32053099999998835 0.0 1.3216315000001089 1.3216315000001089 1.3216315000001089 1.3216315000001089 372.5390625 363.71484375 18 18 1.0 18 0 0 0 0  1.0 1.0 0.0 0.0 0.0 0.0 0.0 0.0 0.0 0.0 0.0 0.0 0.0 0.0 0.0 0.0 0 0.0 0.0 0.0 0.0 0.0 0.0 0.0 0.0 0.0 0.0 0.0 0.0 0.0 0.0 0.0 0.0 1 1.0 0.0 0.0 0.0 0.0 0.0 0.0 0.0
25 8 2 1.5073165000000017 0.4966282999999976 0.0 2.0039447999999993 3.325576300000108 3.325576300000108 3.325576300000108 394.5546875 385.484375 26 26 1.0 26 18 18 0 0  1.4444444444444444 1.4444444444444444 0.9835244081556433 0.9835244081556433 0.6809015133385223 0.6809015133385223 1.0 1.0 1.0 1.0 1.0 1.0 1.75 1.75 5.0 5.0 0 0.0 0.0 0.0 0.0 0.0 0.0 0.0 0.0 0.0 0.0 0.0 0.0 0.0 0.0 0.0 0.0 1 18.0 0.0 0.0 18.0 18.0 18.0 18.0 18.0
26 8 1 3.821566400000023 3.4201683000000003 0.0 7.241734700000023 10.567311000000132 10.567311000000132 10.567311000000132 447.5078125 460.1953125 39 39 1.0 0 26 26 0 0  1.5 1.5 0.9899494936611666 0.9899494936611666 0.6599663291074443 0.6599663291074443 1.0 1.0 1.0 1.0 1.0 1.0 2.0 2.0 5.0 5.0 0 0.0 0.0 0.0 0.0 0.0 0.0 0.0 0.0 0.0 0.0 0.0 0.0 0.0 0.0 0.0 0.0 1 26.0 0.0 0.0 26.0 26.0 26.0 26.0 26.0
27 9 3 1.005565100000041 0.3390219000000627 0.0 1.3445870000001037 1.3445870000001037 1.3445870000001037 1.3445870000001037 378.27734375 371.46484375 18 18 1.0 18 0 0 0 0  1.0 1.0 0.0 0.0 0.0 0.0 0.0 0.0 0.0 0.0 0.0 0.0 0.0 0.0 0.0 0.0 0 0.0 0.0 0.0 0.0 0.0 0.0 0.0 0.0 0.0 0.0 0.0 0.0 0.0 0.0 0.0 0.0 1 1.0 0.0 0.0 0.0 0.0 0.0 0.0 0.0
28 9 2 1.5086454000000344 0.6068252999999402 0.0 2.1154706999999746 3.4600577000000783 3.4600577000000783 3.4600577000000783 401.640625 393.53515625 26 26 1.0 26 18 18 0 0  1.4444444444444444 1.4444444444444444 0.7838233761296739 0.7838233761296739 0.5426469527051588 0.5426469527051588 1.0 1.0 1.0 1.0 1.0 1.0 2.0 2.0 4.0 4.0 0 0.0 0.0 0.0 0.0 0.0 0.0 0.0 0.0 0.0 0.0 0.0 0.0 0.0 0.0 0.0 0.0 1 18.0 0.0 0.0 18.0 18.0 18.0 18.0 18.0
29 9 1 3.79095700000002 3.3951546000000405 0.0 7.186111600000061 10.646169300000139 10.646169300000139 10.646169300000139 460.05078125 471.55078125 39 39 1.0 0 26 26 0 0  1.5 1.5 0.9055385138137416 0.9055385138137416 0.6036923425424944 0.6036923425424944 1.0 1.0 1.0 1.0 1.0 1.0 2.0 2.0 5.0 5.0 0 0.0 0.0 0.0 0.0 0.0 0.0 0.0 0.0 0.0 0.0 0.0 0.0 0.0 0.0 0.0 0.0 1 26.0 0.0 0.0 26.0 26.0 26.0 26.0 26.0
30 10 3 1.0000194999999792 0.34532749999999623 0.0 1.3453469999999754 1.3453469999999754 1.3453469999999754 1.3453469999999754 385.36328125 376.7265625 18 18 1.0 18 0 0 0 0  1.0 1.0 0.0 0.0 0.0 0.0 0.0 0.0 0.0 0.0 0.0 0.0 0.0 0.0 0.0 0.0 0 0.0 0.0 0.0 0.0 0.0 0.0 0.0 0.0 0.0 0.0 0.0 0.0 0.0 0.0 0.0 0.0 1 1.0 0.0 0.0 0.0 0.0 0.0 0.0 0.0
31 10 2 1.5112699999999961 0.49704689999998664 0.0 2.0083168999999828 3.353663899999958 3.353663899999958 3.353663899999958 409.0625 400.04296875 26 26 1.0 26 18 18 0 0  1.4444444444444444 1.4444444444444444 0.7047921864945659 0.7047921864945659 0.4879330521885456 0.4879330521885456 1.0 1.0 1.0 1.0 1.0 1.0 2.0 2.0 3.0 3.0 0 0.0 0.0 0.0 0.0 0.0 0.0 0.0 0.0 0.0 0.0 0.0 0.0 0.0 0.0 0.0 0.0 1 18.0 0.0 0.0 18.0 18.0 18.0 18.0 18.0
32 10 1 3.79787859999999 3.053899200000018 0.0 6.851777800000008 10.205441699999966 10.205441699999966 10.205441699999966 471.07421875 482.82421875 39 39 1.0 0 26 26 0 0  1.5 1.5 0.5830951894845301 0.5830951894845301 0.38873012632302006 0.38873012632302006 1.0 1.0 1.0 1.0 1.0 1.0 2.0 2.0 3.0 3.0 0 0.0 0.0 0.0 0.0 0.0 0.0 0.0 0.0 0.0 0.0 0.0 0.0 0.0 0.0 0.0 0.0 1 26.0 0.0 0.0 26.0 26.0 26.0 26.0 26.0
33 11 3 1.0028213000000505 0.33907579999998916 0.0 1.3418971000000397 1.3418971000000397 1.3418971000000397 1.3418971000000397 400.39453125 392.48046875 18 18 1.0 18 0 0 0 0  1.0 1.0 0.0 0.0 0.0 0.0 0.0 0.0 0.0 0.0 0.0 0.0 0.0 0.0 0.0 0.0 0 0.0 0.0 0.0 0.0 0.0 0.0 0.0 0.0 0.0 0.0 0.0 0.0 0.0 0.0 0.0 0.0 1 1.0 0.0 0.0 0.0 0.0 0.0 0.0 0.0
34 11 2 1.4991774000000078 0.5093622999999923 0.0 2.0085397 3.3504368000000397 3.3504368000000397 3.3504368000000397 422.9375 414.87890625 26 26 1.0 26 18 18 0 0  1.4444444444444444 1.4444444444444444 0.7838233761296739 0.7838233761296739 0.5426469527051588 0.5426469527051588 1.0 1.0 1.0 1.0 1.0 1.0 2.0 2.0 4.0 4.0 0 0.0 0.0 0.0 0.0 0.0 0.0 0.0 0.0 0.0 0.0 0.0 0.0 0.0 0.0 0.0 0.0 1 18.0 0.0 0.0 18.0 18.0 18.0 18.0 18.0
35 11 1 3.790432600000031 3.2075596000000246 0.0 6.997992200000056 10.348429000000095 10.348429000000095 10.348429000000095 475.74609375 486.8203125 39 39 1.0 0 26 26 0 0  1.5 1.5 0.7071067811865476 0.7071067811865476 0.47140452079103173 0.47140452079103173 1.0 1.0 1.0 1.0 1.0 1.0 2.0 2.0 3.0 3.0 0 0.0 0.0 0.0 0.0 0.0 0.0 0.0 0.0 0.0 0.0 0.0 0.0 0.0 0.0 0.0 0.0 1 26.0 0.0 0.0 26.0 26.0 26.0 26.0 26.0
36 12 3 1.0097963999999706 0.345405499999913 0.0 1.3552018999998836 1.3552018999998836 1.3552018999998836 1.3552018999998836 407.4140625 399.94921875 18 18 1.0 18 0 0 0 0  1.0 1.0 0.0 0.0 0.0 0.0 0.0 0.0 0.0 0.0 0.0 0.0 0.0 0.0 0.0 0.0 0 0.0 0.0 0.0 0.0 0.0 0.0 0.0 0.0 0.0 0.0 0.0 0.0 0.0 0.0 0.0 0.0 1 1.0 0.0 0.0 0.0 0.0 0.0 0.0 0.0
37 12 2 1.505781200000058 0.5149671999999725 0.0 2.0207484000000306 3.3759502999999143 3.3759502999999143 3.3759502999999143 430.41015625 422.109375 26 26 1.0 26 18 18 0 0  1.4444444444444444 1.4444444444444444 0.7838233761296739 0.7838233761296739 0.5426469527051588 0.5426469527051588 1.0 1.0 1.0 1.0 1.0 1.0 1.75 1.75 3.0 3.0 0 0.0 0.0 0.0 0.0 0.0 0.0 0.0 0.0 0.0 0.0 0.0 0.0 0.0 0.0 0.0 0.0 1 18.0 0.0 0.0 18.0 18.0 18.0 18.0 18.0
38 12 1 3.7735441000000094 3.5098723000000405 0.0 7.28341640000005 10.659366699999964 10.659366699999964 10.659366699999964 487.70703125 499.234375 39 39 1.0 0 26 26 0 0  1.5 1.5 0.7071067811865476 0.7071067811865476 0.47140452079103173 0.47140452079103173 1.0 1.0 1.0 1.0 1.0 1.0 2.0 2.0 3.0 3.0 0 0.0 0.0 0.0 0.0 0.0 0.0 0.0 0.0 0.0 0.0 0.0 0.0 0.0 0.0 0.0 0.0 1 26.0 0.0 0.0 26.0 26.0 26.0 26.0 26.0
39 13 3 1.0076997000000176 0.38045639999990044 0.0 1.388156099999918 1.388156099999918 1.388156099999918 1.388156099999918 415.13671875 406.37890625 18 18 1.0 18 0 0 0 0  1.0 1.0 0.0 0.0 0.0 0.0 0.0 0.0 0.0 0.0 0.0 0.0 0.0 0.0 0.0 0.0 0 0.0 0.0 0.0 0.0 0.0 0.0 0.0 0.0 0.0 0.0 0.0 0.0 0.0 0.0 0.0 0.0 1 1.0 0.0 0.0 0.0 0.0 0.0 0.0 0.0
40 13 2 1.5069370999999876 0.5007219000000589 0.0 2.0076590000000465 3.3958150999999646 3.3958150999999646 3.3958150999999646 438.3125 429.421875 26 26 1.0 26 18 18 0 0  1.4444444444444444 1.4444444444444444 0.8555852638929972 0.8555852638929972 0.5923282596182288 0.5923282596182288 1.0 1.0 1.0 1.0 1.0 1.0 1.75 1.75 4.0 4.0 0 0.0 0.0 0.0 0.0 0.0 0.0 0.0 0.0 0.0 0.0 0.0 0.0 0.0 0.0 0.0 0.0 1 18.0 0.0 0.0 18.0 18.0 18.0 18.0 18.0
41 13 1 3.773296499999958 3.862566300000026 0.0 7.635862799999984 11.031677899999949 11.031677899999949 11.031677899999949 493.0078125 504.1875 39 39 1.0 0 26 26 0 0  1.5 1.5 0.812403840463596 0.812403840463596 0.5416025603090641 0.5416025603090641 1.0 1.0 1.0 1.0 1.0 1.0 2.0 2.0 4.0 4.0 0 0.0 0.0 0.0 0.0 0.0 0.0 0.0 0.0 0.0 0.0 0.0 0.0 0.0 0.0 0.0 0.0 1 26.0 0.0 0.0 26.0 26.0 26.0 26.0 26.0
42 14 3 1.0137311000001148 0.42294329999990055 0.0 1.4366744000000153 1.4366744000000153 1.4366744000000153 1.4366744000000153 422.66015625 414.11328125 18 18 1.0 18 0 0 0 0  1.0 1.0 0.0 0.0 0.0 0.0 0.0 0.0 0.0 0.0 0.0 0.0 0.0 0.0 0.0 0.0 0 0.0 0.0 0.0 0.0 0.0 0.0 0.0 0.0 0.0 0.0 0.0 0.0 0.0 0.0 0.0 0.0 1 1.0 0.0 0.0 0.0 0.0 0.0 0.0 0.0
43 14 2 1.4992948000000013 0.4968420000000435 0.0 1.9961368000000448 3.43281120000006 3.43281120000006 3.43281120000006 446.57421875 437.921875 26 26 1.0 26 18 18 0 0  1.4444444444444444 1.4444444444444444 0.8555852638929972 0.8555852638929972 0.5923282596182288 0.5923282596182288 1.0 1.0 1.0 1.0 1.0 1.0 1.75 1.75 4.0 4.0 0 0.0 0.0 0.0 0.0 0.0 0.0 0.0 0.0 0.0 0.0 0.0 0.0 0.0 0.0 0.0 0.0 1 18.0 0.0 0.0 18.0 18.0 18.0 18.0 18.0
44 14 1 3.857114900000056 3.055882600000018 0.0 6.912997500000074 10.345808700000134 10.345808700000134 10.345808700000134 504.48046875 515.8515625 39 39 1.0 0 26 26 0 0  1.5 1.5 0.9055385138137416 0.9055385138137416 0.6036923425424944 0.6036923425424944 1.0 1.0 1.0 1.0 1.0 1.0 2.0 2.0 4.0 4.0 0 0.0 0.0 0.0 0.0 0.0 0.0 0.0 0.0 0.0 0.0 0.0 0.0 0.0 0.0 0.0 0.0 1 26.0 0.0 0.0 26.0 26.0 26.0 26.0 26.0
45 15 3 1.0107565000000989 0.6082807000000514 0.0 1.6190372000001503 1.6190372000001503 1.6190372000001503 1.6190372000001503 435.91015625 428.0 18 18 1.0 18 0 0 0 0  1.0 1.0 0.0 0.0 0.0 0.0 0.0 0.0 0.0 0.0 0.0 0.0 0.0 0.0 0.0 0.0 0 0.0 0.0 0.0 0.0 0.0 0.0 0.0 0.0 0.0 0.0 0.0 0.0 0.0 0.0 0.0 0.0 1 1.0 0.0 0.0 0.0 0.0 0.0 0.0 0.0
46 15 2 1.4976383999999996 0.5026687000000152 0.0 2.0003071000000148 3.619344300000165 3.619344300000165 3.619344300000165 459.63671875 451.3203125 26 26 1.0 26 18 18 0 0  1.4444444444444444 1.4444444444444444 0.7838233761296739 0.7838233761296739 0.5426469527051588 0.5426469527051588 1.0 1.0 1.0 1.0 1.0 1.0 1.75 1.75 3.0 3.0 0 0.0 0.0 0.0 0.0 0.0 0.0 0.0 0.0 0.0 0.0 0.0 0.0 0.0 0.0 0.0 0.0 1 18.0 0.0 0.0 18.0 18.0 18.0 18.0 18.0
47 15 1 3.7957883999999638 2.810606100000001 0.0 6.606394499999965 10.22573880000013 10.22573880000013 10.22573880000013 512.84375 524.8984375 39 39 1.0 0 26 26 0 0  1.5 1.5 0.9055385138137416 0.9055385138137416 0.6036923425424944 0.6036923425424944 1.0 1.0 1.0 1.0 1.0 1.0 2.0 2.0 5.0 5.0 0 0.0 0.0 0.0 0.0 0.0 0.0 0.0 0.0 0.0 0.0 0.0 0.0 0.0 0.0 0.0 0.0 1 26.0 0.0 0.0 26.0 26.0 26.0 26.0 26.0
48 16 3 1.009233299999977 0.3868490000000122 0.0 1.3960822999999891 1.3960822999999891 1.3960822999999891 1.3960822999999891 441.21875 432.95703125 18 18 1.0 18 0 0 0 0  1.0 1.0 0.0 0.0 0.0 0.0 0.0 0.0 0.0 0.0 0.0 0.0 0.0 0.0 0.0 0.0 0 0.0 0.0 0.0 0.0 0.0 0.0 0.0 0.0 0.0 0.0 0.0 0.0 0.0 0.0 0.0 0.0 1 1.0 0.0 0.0 0.0 0.0 0.0 0.0 0.0
49 16 2 1.5012215000000708 0.6762738000000468 0.0 2.1774953000001176 3.5735776000001067 3.5735776000001067 3.5735776000001067 465.10546875 456.7734375 26 26 1.0 26 18 18 0 0  1.4444444444444444 1.4444444444444444 0.7047921864945659 0.7047921864945659 0.4879330521885456 0.4879330521885456 1.0 1.0 1.0 1.0 1.0 1.0 2.0 2.0 3.0 3.0 0 0.0 0.0 0.0 0.0 0.0 0.0 0.0 0.0 0.0 0.0 0.0 0.0 0.0 0.0 0.0 0.0 1 18.0 0.0 0.0 18.0 18.0 18.0 18.0 18.0
50 16 1 3.7978109999999674 3.64163080000003 0.0 7.439441799999997 11.013019400000104 11.013019400000104 11.013019400000104 523.19140625 534.8359375 39 39 1.0 0 26 26 0 0  1.5 1.5 0.8602325267042626 0.8602325267042626 0.5734883511361751 0.5734883511361751 1.0 1.0 1.0 1.0 1.0 1.0 2.0 2.0 5.0 5.0 0 0.0 0.0 0.0 0.0 0.0 0.0 0.0 0.0 0.0 0.0 0.0 0.0 0.0 0.0 0.0 0.0 1 26.0 0.0 0.0 26.0 26.0 26.0 26.0 26.0
51 17 3 1.009127799999959 0.41702180000001476 0.0 1.4261495999999738 1.4261495999999738 1.4261495999999738 1.4261495999999738 450.14453125 442.4765625 18 18 1.0 18 0 0 0 0  1.0 1.0 0.0 0.0 0.0 0.0 0.0 0.0 0.0 0.0 0.0 0.0 0.0 0.0 0.0 0.0 0 0.0 0.0 0.0 0.0 0.0 0.0 0.0 0.0 0.0 0.0 0.0 0.0 0.0 0.0 0.0 0.0 1 1.0 0.0 0.0 0.0 0.0 0.0 0.0 0.0
52 17 2 1.4953237999999658 0.6814516999999682 0.0 2.176775499999934 3.602925099999908 3.602925099999908 3.602925099999908 472.76953125 464.8828125 26 26 1.0 26 18 18 0 0  1.4444444444444444 1.4444444444444444 0.7047921864945659 0.7047921864945659 0.4879330521885456 0.4879330521885456 1.0 1.0 1.0 1.0 1.0 1.0 2.0 2.0 3.0 3.0 0 0.0 0.0 0.0 0.0 0.0 0.0 0.0 0.0 0.0 0.0 0.0 0.0 0.0 0.0 0.0 0.0 1 18.0 0.0 0.0 18.0 18.0 18.0 18.0 18.0
53 17 1 3.797331200000059 2.7783861000000343 0.0 6.575717300000093 10.178642400000001 10.178642400000001 10.178642400000001 532.8828125 544.98828125 39 39 1.0 0 26 26 0 0  1.5 1.5 0.648074069840786 0.648074069840786 0.43204937989385733 0.43204937989385733 1.0 1.0 1.0 1.0 1.0 1.0 2.0 2.0 3.0 3.0 0 0.0 0.0 0.0 0.0 0.0 0.0 0.0 0.0 0.0 0.0 0.0 0.0 0.0 0.0 0.0 0.0 1 26.0 0.0 0.0 26.0 26.0 26.0 26.0 26.0
54 18 3 1.0045789999999215 0.3973452999999836 0.0 1.401924299999905 1.401924299999905 1.401924299999905 1.401924299999905 457.7109375 449.93359375 18 18 1.0 18 0 0 0 0  1.0 1.0 0.0 0.0 0.0 0.0 0.0 0.0 0.0 0.0 0.0 0.0 0.0 0.0 0.0 0.0 0 0.0 0.0 0.0 0.0 0.0 0.0 0.0 0.0 0.0 0.0 0.0 0.0 0.0 0.0 0.0 0.0 1 1.0 0.0 0.0 0.0 0.0 0.0 0.0 0.0
55 18 2 1.5021026000000006 0.5106320999998957 0.0 2.0127346999998963 3.4146589999998014 3.4146589999998014 3.4146589999998014 480.4453125 472.296875 26 26 1.0 26 18 18 0 0  1.4444444444444444 1.4444444444444444 0.7838233761296739 0.7838233761296739 0.5426469527051588 0.5426469527051588 1.0 1.0 1.0 1.0 1.0 1.0 1.75 1.75 3.0 3.0 0 0.0 0.0 0.0 0.0 0.0 0.0 0.0 0.0 0.0 0.0 0.0 0.0 0.0 0.0 0.0 0.0 1 18.0 0.0 0.0 18.0 18.0 18.0 18.0 18.0
56 18 1 3.8200345999999854 3.00013610000002 0.0 6.820170700000006 10.234829699999807 10.234829699999807 10.234829699999807 539.14453125 551.11328125 39 39 1.0 0 26 26 0 0  1.5 1.5 0.9486832980505138 0.9486832980505138 0.6324555320336759 0.6324555320336759 1.0 1.0 1.0 1.0 1.0 1.0 2.0 2.0 5.0 5.0 0 0.0 0.0 0.0 0.0 0.0 0.0 0.0 0.0 0.0 0.0 0.0 0.0 0.0 0.0 0.0 0.0 1 26.0 0.0 0.0 26.0 26.0 26.0 26.0 26.0
57 19 3 1.0077911000001905 0.37132969999998977 0.0 1.3791208000001802 1.3791208000001802 1.3791208000001802 1.3791208000001802 463.21875 455.13671875 18 18 1.0 18 0 0 0 0  1.0 1.0 0.0 0.0 0.0 0.0 0.0 0.0 0.0 0.0 0.0 0.0 0.0 0.0 0.0 0.0 0 0.0 0.0 0.0 0.0 0.0 0.0 0.0 0.0 0.0 0.0 0.0 0.0 0.0 0.0 0.0 0.0 1 1.0 0.0 0.0 0.0 0.0 0.0 0.0 0.0
58 19 2 1.4964940000002116 0.48740389999994704 0.0 1.9838979000001586 3.363018700000339 3.363018700000339 3.363018700000339 486.79296875 478.45703125 26 26 1.0 26 18 18 0 0  1.4444444444444444 1.4444444444444444 0.7838233761296739 0.7838233761296739 0.5426469527051588 0.5426469527051588 1.0 1.0 1.0 1.0 1.0 1.0 2.0 2.0 4.0 4.0 0 0.0 0.0 0.0 0.0 0.0 0.0 0.0 0.0 0.0 0.0 0.0 0.0 0.0 0.0 0.0 0.0 1 18.0 0.0 0.0 18.0 18.0 18.0 18.0 18.0
59 19 1 3.8512527999999406 4.5121630000001005 0.0 8.363415800000041 11.72643450000038 11.72643450000038 11.72643450000038 546.765625 559.0 39 39 1.0 0 26 26 0 0  1.5 1.5 0.9486832980505138 0.9486832980505138 0.6324555320336759 0.6324555320336759 1.0 1.0 1.0 1.0 1.0 1.0 2.0 2.0 5.0 5.0 0 0.0 0.0 0.0 0.0 0.0 0.0 0.0 0.0 0.0 0.0 0.0 0.0 0.0 0.0 0.0 0.0 1 26.0 0.0 0.0 26.0 26.0 26.0 26.0 26.0
60 20 3 1.0158029999998917 0.6100591999998528 0.0 1.6258621999997445 1.6258621999997445 1.6258621999997445 1.6258621999997445 475.27734375 467.68359375 18 18 1.0 18 0 0 0 0  1.0 1.0 0.0 0.0 0.0 0.0 0.0 0.0 0.0 0.0 0.0 0.0 0.0 0.0 0.0 0.0 0 0.0 0.0 0.0 0.0 0.0 0.0 0.0 0.0 0.0 0.0 0.0 0.0 0.0 0.0 0.0 0.0 1 1.0 0.0 0.0 0.0 0.0 0.0 0.0 0.0
61 20 2 1.5413332000001674 0.4898222000000487 0.0 2.031155400000216 3.6570175999999606 3.6570175999999606 3.6570175999999606 498.62890625 490.7578125 26 26 1.0 26 18 18 0 0  1.4444444444444444 1.4444444444444444 0.8555852638929972 0.8555852638929972 0.5923282596182288 0.5923282596182288 1.0 1.0 1.0 1.0 1.0 1.0 1.75 1.75 4.0 4.0 0 0.0 0.0 0.0 0.0 0.0 0.0 0.0 0.0 0.0 0.0 0.0 0.0 0.0 0.0 0.0 0.0 1 18.0 0.0 0.0 18.0 18.0 18.0 18.0 18.0
62 20 1 3.809217199999864 3.616007599999989 0.0 7.425224799999853 11.082242399999814 11.082242399999814 11.082242399999814 557.0546875 569.328125 39 39 1.0 0 26 26 0 0  1.5 1.5 0.7615773105863908 0.7615773105863908 0.5077182070575939 0.5077182070575939 1.0 1.0 1.0 1.0 1.0 1.0 2.0 2.0 4.0 4.0 0 0.0 0.0 0.0 0.0 0.0 0.0 0.0 0.0 0.0 0.0 0.0 0.0 0.0 0.0 0.0 0.0 1 26.0 0.0 0.0 26.0 26.0 26.0 26.0 26.0
63 21 3 1.0068722000001458 0.37058069999994814 0.0 1.377452900000094 1.377452900000094 1.377452900000094 1.377452900000094 483.76953125 475.90234375 18 18 1.0 18 0 0 0 0  1.0 1.0 0.0 0.0 0.0 0.0 0.0 0.0 0.0 0.0 0.0 0.0 0.0 0.0 0.0 0.0 0 0.0 0.0 0.0 0.0 0.0 0.0 0.0 0.0 0.0 0.0 0.0 0.0 0.0 0.0 0.0 0.0 1 1.0 0.0 0.0 0.0 0.0 0.0 0.0 0.0
64 21 2 1.4950465000000008 0.4885812000001124 0.0 1.9836277000001132 3.361080600000207 3.361080600000207 3.361080600000207 507.625 499.46875 26 26 1.0 26 18 18 0 0  1.4444444444444444 1.4444444444444444 0.9217771979249536 0.9217771979249536 0.6381534447172755 0.6381534447172755 1.0 1.0 1.0 1.0 1.0 1.0 1.0 1.0 4.0 4.0 0 0.0 0.0 0.0 0.0 0.0 0.0 0.0 0.0 0.0 0.0 0.0 0.0 0.0 0.0 0.0 0.0 1 18.0 0.0 0.0 18.0 18.0 18.0 18.0 18.0
65 21 1 3.798966000000007 3.573838999999964 0.0 7.372804999999971 10.733885600000178 10.733885600000178 10.733885600000178 546.3359375 559.5546875 39 39 1.0 0 26 26 0 0  1.5 1.5 0.9486832980505138 0.9486832980505138 0.6324555320336759 0.6324555320336759 1.0 1.0 1.0 1.0 1.0 1.0 2.0 2.0 5.0 5.0 0 0.0 0.0 0.0 0.0 0.0 0.0 0.0 0.0 0.0 0.0 0.0 0.0 0.0 0.0 0.0 0.0 1 26.0 0.0 0.0 26.0 26.0 26.0 26.0 26.0
66 22 3 1.0040854999999738 0.4137871000001496 0.0 1.4178726000001234 1.4178726000001234 1.4178726000001234 1.4178726000001234 431.3046875 426.48828125 18 18 1.0 18 0 0 0 0  1.0 1.0 0.0 0.0 0.0 0.0 0.0 0.0 0.0 0.0 0.0 0.0 0.0 0.0 0.0 0.0 0 0.0 0.0 0.0 0.0 0.0 0.0 0.0 0.0 0.0 0.0 0.0 0.0 0.0 0.0 0.0 0.0 1 1.0 0.0 0.0 0.0 0.0 0.0 0.0 0.0
67 22 2 1.5004718999999227 0.5232031000000461 0.0 2.023674999999969 3.441547600000092 3.441547600000092 3.441547600000092 484.82421875 484.68359375 26 26 1.0 26 18 18 0 0  1.4444444444444444 1.4444444444444444 0.8555852638929972 0.8555852638929972 0.5923282596182288 0.5923282596182288 1.0 1.0 1.0 1.0 1.0 1.0 1.75 1.75 4.0 4.0 0 0.0 0.0 0.0 0.0 0.0 0.0 0.0 0.0 0.0 0.0 0.0 0.0 0.0 0.0 0.0 0.0 1 18.0 0.0 0.0 18.0 18.0 18.0 18.0 18.0
68 22 1 3.800367999999878 2.382226399999979 0.0 6.182594399999857 9.62414199999995 9.62414199999995 9.62414199999995 572.5078125 587.84375 39 39 1.0 0 26 26 0 0  1.5 1.5 0.9055385138137416 0.9055385138137416 0.6036923425424944 0.6036923425424944 1.0 1.0 1.0 1.0 1.0 1.0 2.0 2.0 4.0 4.0 0 0.0 0.0 0.0 0.0 0.0 0.0 0.0 0.0 0.0 0.0 0.0 0.0 0.0 0.0 0.0 0.0 1 26.0 0.0 0.0 26.0 26.0 26.0 26.0 26.0
69 23 3 1.0042375999998399 0.3583378999999809 0.0 1.3625754999998207 1.3625754999998207 1.3625754999998207 1.3625754999998207 503.6484375 499.03125 18 18 1.0 18 0 0 0 0  1.0 1.0 0.0 0.0 0.0 0.0 0.0 0.0 0.0 0.0 0.0 0.0 0.0 0.0 0.0 0.0 0 0.0 0.0 0.0 0.0 0.0 0.0 0.0 0.0 0.0 0.0 0.0 0.0 0.0 0.0 0.0 0.0 1 1.0 0.0 0.0 0.0 0.0 0.0 0.0 0.0
70 23 2 1.4962456000000657 0.48481290000000854 0.0 1.9810585000000742 3.343633999999895 3.343633999999895 3.343633999999895 528.04296875 522.60546875 26 26 1.0 26 18 18 0 0  1.4444444444444444 1.4444444444444444 0.7838233761296739 0.7838233761296739 0.5426469527051588 0.5426469527051588 1.0 1.0 1.0 1.0 1.0 1.0 2.0 2.0 4.0 4.0 0 0.0 0.0 0.0 0.0 0.0 0.0 0.0 0.0 0.0 0.0 0.0 0.0 0.0 0.0 0.0 0.0 1 18.0 0.0 0.0 18.0 18.0 18.0 18.0 18.0
71 23 1 3.7990740000000756 4.103027700000098 0.0 7.902101700000173 11.245735700000068 11.245735700000068 11.245735700000068 582.265625 595.625 39 39 1.0 0 26 26 0 0  1.5 1.5 0.7615773105863908 0.7615773105863908 0.5077182070575939 0.5077182070575939 1.0 1.0 1.0 1.0 1.0 1.0 2.0 2.0 4.0 4.0 0 0.0 0.0 0.0 0.0 0.0 0.0 0.0 0.0 0.0 0.0 0.0 0.0 0.0 0.0 0.0 0.0 1 26.0 0.0 0.0 26.0 26.0 26.0 26.0 26.0
72 24 3 1.0060611000001245 0.3288844000001063 0.0 1.3349455000002308 1.3349455000002308 1.3349455000002308 1.3349455000002308 513.359375 506.984375 18 18 1.0 18 0 0 0 0  1.0 1.0 0.0 0.0 0.0 0.0 0.0 0.0 0.0 0.0 0.0 0.0 0.0 0.0 0.0 0.0 0 0.0 0.0 0.0 0.0 0.0 0.0 0.0 0.0 0.0 0.0 0.0 0.0 0.0 0.0 0.0 0.0 1 1.0 0.0 0.0 0.0 0.0 0.0 0.0 0.0
73 24 2 1.5004608999999505 0.46443179999999984 0.0 1.9648926999999503 3.299838200000181 3.299838200000181 3.299838200000181 537.59765625 530.796875 26 26 1.0 26 18 18 0 0  1.4444444444444444 1.4444444444444444 0.8555852638929972 0.8555852638929972 0.5923282596182288 0.5923282596182288 1.0 1.0 1.0 1.0 1.0 1.0 1.75 1.75 4.0 4.0 0 0.0 0.0 0.0 0.0 0.0 0.0 0.0 0.0 0.0 0.0 0.0 0.0 0.0 0.0 0.0 0.0 1 18.0 0.0 0.0 18.0 18.0 18.0 18.0 18.0
74 24 1 3.7928293999999596 2.880243000000007 0.0 6.673072399999967 9.972910600000148 9.972910600000148 9.972910600000148 587.25390625 600.484375 39 39 1.0 0 26 26 0 0  1.5 1.5 0.812403840463596 0.812403840463596 0.5416025603090641 0.5416025603090641 1.0 1.0 1.0 1.0 1.0 1.0 2.0 2.0 4.0 4.0 0 0.0 0.0 0.0 0.0 0.0 0.0 0.0 0.0 0.0 0.0 0.0 0.0 0.0 0.0 0.0 0.0 1 26.0 0.0 0.0 26.0 26.0 26.0 26.0 26.0
