problem   ps1 ps1 ps1 ps1 ps1 ps1 ps1 ps1 ps2 ps2 ps2 ps2 ps2 ps2 ps2 ps2 ps3 ps3 ps3 ps3 ps3 ps3 ps3 ps3
   "Wait time" "Yield time" "Percent wait time" "Percent yield time" Size Length "Expansion factor" "Sub-Plan expansion deviation" "Wait time" "Yield time" "Percent wait time" "Percent yield time" Size Length "Expansion factor" "Sub-Plan expansion deviation" "Wait time" "Yield time" "Percent wait time" "Percent yield time" Size Length "Expansion factor" "Sub-Plan expansion deviation"
planning_mode AL PN                        
online 1.0 1.0 2.650177199999874 2.650177199999874   1.0 2.0 2.0 0.0 4.178610750000004 4.178610750000004   3.0 7.0 2.0 0.7071067811865476 4.486628249999782 4.486628249999782   3.0 7.0 2.0 0.7071067811865476
online 1.0 2.0 1.3904948500000098 3.9592520500003374   2.0 3.0 2.0 0.5773502691896257 2.902179899999993 8.23871820000003   3.0 11.0 2.166666666666667 1.356202681860537 3.0820774000000597 8.812261849999615   3.0 11.0 2.166666666666667 1.322875655532295
online 1.0 3.0 0.828874200000044 5.2417896499999515   2.0 3.0 1.5 0.7071067811865476 1.5664378999997837 9.905163599999703   3.0 5.0 1.666666666666667 0.5773502691896257 1.942031450000087 10.502613150000315   3.0 5.0 1.666666666666667 0.5773502691896257
online 1.0 4.0 1.226518949999985 6.784597699999523   2.0 5.0 2.5 0.7071067811865476 1.1570896499999326 11.63886340000008   3.0 5.0 1.5 0.5773502691896257 1.717270800000151 12.47771420000184   3.0 6.0 1.666666666666667 0.6900655593423543
online 1.0 5.0 0.5456188499999257 6.97940360000041   1.0 1.0 1.0 0.0 0.6906183999998348 11.737563199999784   2.0 2.0 1.0 0.0 1.0508891000000058 13.48164429999959   2.0 3.5 1.5 0.7071067811865476
online 1.0 6.0 0.7963351500000613 7.797580950000302   1.5 3.0 2.0 0.0 1.1777625500001534 12.849103850000345   2.0 4.5 2.333333333333333 0.7071067811865476 1.216514650000363 14.27508679999991   2.5 4.5 2.0 0.7071067811865476
online 1.0 7.0 0.5756208000000242 8.123424549999964   1.0 2.5 1.5 0.0 0.29199259999995775 13.168848150000485   1.0 1.0 1.0 0.0 0.5657492500001808 14.742352349999411   1.5 2.0 1.0 0.0
online 1.0 8.0 0.4360533999999774 8.545032500000161   1.0 2.0 1.5 0.0 0.5600483499999598 13.615174050000975   2.0 3.0 1.5 0.0 0.7608147000001679 15.20274879999971   2.0 3.5 1.9 0.5773502691896257
online 1.0 9.0 0.2924254499999961 8.584232449999604   1.0 1.0 1.0 0.0 0.2930593500000782 13.524285549999746   1.0 1.0 1.0 0.0 0.4240663499999755 14.94257359999932   2.0 2.0 1.0 0.0
online 1.0 10.0 0.42364764999996396 9.005649400000465   1.0 2.0 2.0 0.0 0.4224493500000648 14.183008749999315   1.0 2.0 2.0 0.0 0.606517299999922 15.75357149999978   2.0 2.5 2.0 0.0
online 1.0 11.0 0.2958408499999905 9.356097000000005   1.0 1.0 1.0 0.0 0.3941440499999942 14.546142400000004   1.0 1.0 1.0 0.0 0.5645839499999283 16.330487649999668   2.0 2.5 1.5 0.28867513459481287
online 1.0 12.0 0.4289232999999797 9.83006270000027   1.0 2.0 2.0 0.0 0.5726468000000295 15.068831350000124   2.0 3.0 1.5 0.6422285251880866 1.032197150000002 16.679135949999647   2.5 4.0 2.0 0.7071067811865476
online 1.0 13.0 0.2961733500000321 9.718319149999992   1.0 1.0 1.0 0.0 0.29001975000002744 14.798829200000796   1.0 1.0 1.0 0.0 0.38003010000014825 16.16368385000078   1.0 1.5 1.25 0.0
online 1.0 14.0 0.42436969999998553 10.10767559999968   1.0 2.0 2.0 0.0 0.423657650000024 15.228296900000316   1.0 2.0 2.0 0.0 0.41954055000007884 16.58094989999859   1.0 2.0 1.75 0.0
online 1.0 15.0 0.30656000000004724 10.501920250000111   1.0 1.0 1.0 0.0 0.2960536999999448 15.591575450000166   1.0 1.0 1.0 0.0 0.4208035500000733 16.86514520000094   1.0 2.0 2.0 0.0
online 1.0 16.0 0.425382849999977 10.7594902499998   1.0 2.0 2.0 0.0 0.42639849999994794 15.78471695000043   1.0 2.0 2.0 0.0 0.536948700000039 17.495629800000643   1.5 2.5 2.0 0.3535533905932738
online 1.0 17.0 0.2959492000000239 11.076859249999925   1.0 1.0 1.0 0.0 0.4230761000002303 16.58304219999927   1.0 2.0 1.0 0.0 0.8248583500000564 17.76783925000114   2.0 4.0 2.0 0.7071067811865476
online 1.0 18.0 0.29454479999998284 11.349762249999994   1.0 1.0 1.0 0.0 0.5913976499999762 17.74073339999978   1.5 2.5 2.0 0.0 1.0137089499998524 18.79407009999963   2.0 5.0 2.5 1.414213562373095
online 1.0 19.0         0.2932013500000181 18.03235759999984   1.0 1.0 1.0 0.0 0.28765084999986357 19.486160049999683   1.0 1.0 1.0 0.0
online 1.0 20.0         0.423142149999876 18.427640549999992   1.0 2.0 2.0 0.0 0.6456459999999993 20.240756750000628   2.0 3.0 2.0 0.7071067811865476
online 1.0 21.0         0.2918548500001634 18.647330450000595   1.0 1.0 1.0 0.0 0.7953209999998592 20.93944719999996   1.5 3.5 2.25 0.3535533905932738
online 1.0 22.0         0.4268210000000465 19.02507355000046   1.0 2.0 2.0 0.0 0.5488828000002286 21.39510119999994   1.5 2.5 1.5 0.3535533905932738
online 1.0 23.0         0.3722970499999292 19.373464649999846   1.0 1.5 1.5 0.0 0.28344145000005483 20.418337050000044   1.0 1.0 1.0 0.0
online 1.0 24.0         0.4250038499999391 19.743509400000434   1.0 2.0 2.0 0.0 0.41989564999960294 20.84172584999999   1.0 2.0 2.0 0.0
online 1.0 25.0         0.2930092500000683 20.08903020000062   1.0 1.0 1.0 0.0 0.6070326000001387 21.45310820000001   1.0 3.0 3.0 0.0
online 1.0 26.0         0.2934217000000103 19.650352999999935   1.0 1.0 1.0 0.0 0.28384135000020194 21.738242600000284   1.0 1.0 1.0 0.0
online 1.0 27.0                 0.9486943000000565 22.75828835000039   1.0 5.0 5.0 0.0
online 1.0 28.0                 0.2828453999998999 23.042481750000448   1.0 1.0 1.0 0.0
online 1.0 29.0                 0.42361405000002605 23.46915480000039   1.0 2.0 2.0 0.0
online 1.0 30.0                 0.6194036999997934 24.093657150000546   1.0 3.0 3.0 0.0
online 1.0 31.0                 0.6288936999998356 24.72518415000062   2.0 3.0 1.5 0.7071067811865476
online 2.0 1.0 2.08186735000001 2.08186735000001   3.0 7.0 2.0 0.5773502691896257 2.777933100000208 2.777933100000208   3.0 12.0 4.0 2.645751311064591 2.8950994999998443 2.8950994999998443   3.0 12.0 4.0 2.645751311064591
online 2.0 2.0 0.5946045000001448 2.5970258999998066   3.0 5.0 1.333333333333333 0.5773502691896257 0.9121918499999992 3.748658049999733   3.0 7.0 1.333333333333333 0.5773502691896257 1.3981714999997055 3.912281100000314   3.0 11.0 1.857142857142857 0.6900655593423543
online 2.0 3.0 0.37488974999985203 2.9506336500001282   2.5 2.5 1.0 0.0 0.9669285500000344 4.635842150000144   2.5 6.0 2.75 2.4748737341529163 1.1437886999999591 4.820857249999904   3.0 6.5 2.75 2.4748737341529163
online 2.0 4.0 0.5055070500000909 3.425991999999923   3.0 3.0 1.0 0.0 0.5028300000001309 5.020547950000093   3.0 3.5 1.0 0.0 1.2224290999996585 5.555503199999748   3.0 6.0 1.75 0.28867513459481287
online 2.0 5.0 0.26788320000019894 3.1122247499999176   2.0 2.0 1.0 0.0 0.2688497000000325 5.733047349999438   2.0 2.0 1.0 0.0 0.6262212000000318 6.243784850000225   3.0 5.0 1.666666666666667 0.5773502691896257
online 2.0 6.0 0.38704510000019354 3.536113450000002   3.0 3.0 1.0 0.0 0.38487304999986804 6.126721050000015   3.0 3.0 1.0 0.0 0.888057000000174 7.171111399999958   3.0 7.0 2.333333333333333 0.5773502691896257
online 3.0 1.0 1.215470100000285 1.215470100000285   1.0 13.0 1.0 0.0 1.2186281999996704 1.2186281999996704   1.0 13.0 1.0 0.0 1.3462385500001517 1.3462385500001517   1.0 14.0 1.0 0.0
