   LE LE AC AC CF CF CP_EF_L CP_EF_L SP_EB_L SP_EB_L GT GT ST ST GT_POTT GT_POTT ST_POTT ST_POTT TT TT LT LT WT WT MET MET CT CT
statistic   0.5 IQR 0.5 IQR 0.5 IQR 0.5 IQR 0.5 IQR 0.5 IQR 0.5 IQR 0.5 IQR 0.5 IQR 0.5 IQR 0.5 IQR 0.5 IQR 0.5 IQR 0.5 IQR
problem planning_mode AL                            
ps1 offline 1 27.0 1.0 40.0 0.0 0.675 0.02499999999999991 1.5 0.055555555555556024 0.4122312949338949 0.016424946998409684 6.246211599999981 0.27178710000008266 1.404303800000037 0.23707669999998804 0.8159382924622312 0.021087453636940756 0.1821160849019594 0.021191063070879257 7.685953700000027 0.3723324000001469 11.70881509999947 0.38672839999969 11.70881509999947 0.38672839999969 0.0 0.0 11.70881509999947 0.38672839999969
ps1 offline 2 18.0 0.0 27.0 0.0 0.6666666666666666 0.0 1.384615384615385 0.0 0.4697648479246601 0.0 2.273496899999969 0.0042144999998190436 0.5332993999999758 0.07660229999991935 0.8072353525476332 0.022717129288094218 0.18920334198827238 0.022877783104916255 2.818657400000006 0.07106660000010878 4.036130600000206 0.11729370000006245 4.036130600000206 0.11729370000006245 0.0 0.0 4.036130600000206 0.11729370000006245
ps1 offline 3 13.0 0.0 19.0 0.0 0.6842105263157895 0.0 1.0 0.0 0.0 0.0 1.088777900000025 0.0016377999999979131 0.1197797999999466 0.011453800000083392 0.900963830736706 0.008161285142057828 0.09903616926329356 0.008161285142058924 1.209622100000018 0.013672300000067139 1.209622100000018 0.013672300000067139 1.209622100000018 0.013672300000067139 0.0 0.0 1.209622100000018 0.013672300000067139
ps1 online 1 32.111111111111114 0.3333333333333333 43.55555555555556 0.4444444444444444 0.7347005249179162 0.014792333270594113 1.7839506172839508 0.018518518518518504 0.5198904342726213 0.00782134200568514 6.194859516666682 0.06274290833332892 0.3816296833332995 0.21274017222230127 0.9407334765922895 0.0303058636747803 0.05840329331551429 0.030358136060007535 6.587054211111136 0.20993813888880208 2.926929899999967 0.11276464166678268 1.0539467552142294 0.022181305704898045 0.8180503290167844 0.029193771513609294 10.19253006666667 0.2254642444445033
ps1 online 2 18.0 0.0 27.0 0.0 0.6666666666666666 0.0 1.384615384615385 0.0 0.4697648479246601 0.0 2.04406586666668 0.005028475000013379 0.18432140000000038 0.13412708055552988 0.9151759794691183 0.05107197899292889 0.0810393141303695 0.05129879241682046 2.241494883333323 0.13751839444438976 2.181495394444464 0.09281892499999518 1.1098176555555268 0.06670961157408109 0.5813982418518704 0.025435422222198602 3.500979161110998 0.2134578583333656
ps1 online 3 13.0 0.0 19.0 0.0 0.6842105263157895 0.0 1.0 0.0 0.0 0.0 1.0966340111111217 0.0035458638889133264 0.11848176111109193 0.02606629722221342 0.902524655793678 0.01849786598993138 0.0974753442063219 0.018497865989931233 1.215380866666699 0.03493085555552966 1.215380866666699 0.03493085555552966 1.215380866666699 0.03493085555552966 0.0 0.0 1.215380866666699 0.03493085555552966
ps2 offline 1 41.0 1.0 56.0 0.0 0.7321428571428571 0.017857142857142905 1.782608695652174 0.043478260869564966 0.9434920683473847 0.16154638382208897 10.2060907 0.30358680000028926 3.991080699999657 0.7456243999999397 0.7221738257460665 0.030941523185980424 0.276507524106893 0.030926646128217383 14.15453549999938 1.0592331000000001 19.1023114999997 0.9069947999999819 19.1023114999997 0.9069947999999819 0.0 0.0 19.1023114999997 0.9069947999999819
ps2 offline 2 23.0 0.0 37.0 0.0 0.6216216216216216 0.0 1.769230769230769 0.0 0.9556979324672851 0.0 2.954954000000043 0.012460900000434094 0.6929089000000488 0.16463060000010898 0.8071075516382854 0.03671883799518938 0.18989502850568518 0.036866356698190994 3.648904900000076 0.14532030000013618 4.883100200000058 0.12536239999963072 4.883100200000058 0.12536239999963072 0.0 0.0 4.883100200000058 0.12536239999963072
ps2 offline 3 13.0 0.0 19.0 0.0 0.6842105263157895 0.0 1.0 0.0 0.0 0.0 1.092175699999991 0.001716000000100859 0.1166805999999951 0.007766400000036797 0.9035235789293863 0.005666376059403677 0.09647642107061387 0.005666376059404399 1.209392200000138 0.009770099999740989 1.209392200000138 0.009770099999740989 1.209392200000138 0.009770099999740989 0.0 0.0 1.209392200000138 0.009770099999740989
ps2 online 1 53.72222222222222 2.75 66.33333333333333 2.6666666666666665 0.8096400499101559 0.012164868947773404 1.9656848363942185 0.07995571115327021 0.8512048254319793 0.06780228648993515 10.408719561111186 0.515231538888684 0.9046240277777239 0.33685107222228344 0.9162679961905289 0.028226291571894505 0.08251937481237831 0.02825237464776191 11.298934422222228 0.6563602249999243 5.010890755555651 0.1965054194443544 1.5705754046399754 0.05605370302376659 1.1131037233912489 0.05710283772081486 16.24484178888903 0.713845625000261
ps2 online 2 28.0 0.5555555555555556 40.333333333333336 0.6666666666666666 0.6839179605137051 0.0018912529550827203 2.1538461538461537 0.04273504273504273 1.0102666407879433 0.017427582257386387 3.2389812055556564 0.08091636666677143 0.32035086111121597 0.24130622499989426 0.9063656081672247 0.059842051055131344 0.09101458852172009 0.06000543546321267 3.576237694444531 0.23741224722218515 2.8820245444443375 0.15161950555550557 1.4381778902777764 0.08839371365746507 0.7080502629629458 0.031061613703736828 4.855997049999977 0.2869878055558591
ps2 online 3 13.0 0.0 19.0 0.0 0.6842105263157895 0.0 1.0 0.0 0.0 0.0 1.0984190611111186 0.0038678666666689646 0.1188992666666956 0.016175533333347553 0.9025617233727067 0.011721614516130062 0.0974382766272933 0.011721614516130163 1.2180514555555166 0.018415441666723684 1.2180514555555166 0.018415441666723684 1.2180514555555166 0.018415441666723684 0.0 0.0 1.2180514555555166 0.018415441666723684
ps3 offline 1 57.0 0.0 74.0 0.0 0.7702702702702703 0.0 1.9 0.0 0.7981974151633211 0.14204497431811036 16.02044520000004 0.02405580000014851 14.43522909999996 1.9081680999996795 0.5258822687157536 0.03278795068795115 0.47331743584704417 0.03284228514739862 30.49798719999997 1.910996499999591 36.95471770000029 1.652556399996115 36.95471770000029 1.652556399996115 0.0 0.0 36.95471770000029 1.652556399996115
ps3 offline 2 30.0 0.0 47.0 0.0 0.6382978723404256 0.0 2.142857142857143 0.0 0.7515226708398921 0.022631697317753163 4.107708900000375 0.014648600000100487 1.022670799999901 0.3794781000003129 0.7992719548353391 0.05807525087999221 0.1985595160748665 0.05827279964886262 5.150449699999797 0.3739666000003581 6.50488439999981 0.37138570000149684 6.50488439999981 0.37138570000149684 0.0 0.0 6.50488439999981 0.37138570000149684
ps3 offline 3 14.0 0.0 21.0 0.0 0.6666666666666666 0.0 1.0 0.0 0.0 0.0 1.196912300000122 0.0019680000001469633 0.1510054000000309 0.013084999999961211 0.8881759227525929 0.00852145032513596 0.11182407724740767 0.008521450325136182 1.348674800000254 0.013658400000110982 1.348674800000254 0.013658400000110982 1.348674800000254 0.013658400000110982 0.0 0.0 1.348674800000254 0.013658400000110982
ps3 online 1 69.66666666666667 2.861111111111111 85.22222222222223 2.888888888888889 0.8138995364227563 0.010825104720858576 2.0246913580246915 0.05962532299741589 0.7764661134017667 0.04264679633671843 13.50314219444463 0.5604882111112127 1.2053216499999932 0.43930565833331514 0.9152646409186102 0.027863472063868435 0.08339609068487837 0.027767235875940984 14.667025255555549 0.6624433055556285 5.195859383333337 0.19308348888879717 1.966062879294085 0.05278516645929613 1.5614059498359296 0.05747417454089549 20.787152077777755 0.7581772111118023
ps3 online 2 35.0 0.4444444444444444 50.333333333333336 0.4444444444444444 0.6886898096304592 0.001701222753854327 2.5 0.031746031746031536 0.8116251172722104 0.01812528340032382 4.1128095888887986 0.06455671666691269 0.44334367222223153 0.3244080638888044 0.8999795239426059 0.06091931851530007 0.09772515815057647 0.061061217480678796 4.569854561111102 0.3271179999997888 3.057553194444362 0.13553526111100844 1.7869680407407402 0.11876516157402842 1.1743433770371141 0.06416834759246245 5.9555612055555445 0.3663537138887451
ps3 online 3 14.0 0.0 21.0 0.0 0.6666666666666666 0.0 1.0 0.0 0.0 0.0 1.1990642333333499 0.005128397222295546 0.1468779555554115 0.013086005555495736 0.8909993191945227 0.00841254640922943 0.10900068080547737 0.00841254640922936 1.3461554499999606 0.014699055555460102 1.3461554499999606 0.014699055555460102 1.3461554499999606 0.014699055555460102 0.0 0.0 1.3461554499999606 0.014699055555460102
