 RU AL GT ST OT TT LT CT WT RSS VMS LE AC CF PSG SIZE SGLITS_T HAS_TRAILING TOT_CHOICES PRE_CHOICES FGOALS_ORDER CP_EF_L CP_EF_A SP_ED_L SP_ED_A SP_EB_L SP_EB_A SP_MIN_L SP_MIN_A SP_LOWER_L SP_LOWER_A SP_MED_L SP_MED_A SP_UPPER_L SP_UPPER_A SP_MAX_L SP_MAX_A T_INTER_SP P_INTER_SP T_INTER_Q P_INTER_Q M_CHILD_SPREAD DIV_INDEX_SPREAD DIV_STEP_SPREAD DIVS_T DS_T DS_TD_MEAN DS_TD_STD DS_TD_CD DS_TD_MIN DS_TD_LOWER DS_TD_MED DS_TD_UPPER DS_TD_MAX DS_TS_MEAN DS_TS_STD DS_TS_CD DS_TS_MIN DS_TS_LOWER DS_TS_MED DS_TS_UPPER DS_TS_MAX PR_T PR_TS_MEAN PR_TS_STD PR_TS_CD PR_TS_MIN PR_TS_LOWER PR_TS_MED PR_TS_UPPER PR_TS_MAX PP_LE_MEAN PP_AC_MEAN PP_LE_STD PP_AC_STD PP_LE_CD PP_AC_CD PP_LE_MIN PP_AC_MIN PP_LE_LOWER PP_AC_LOWER PP_LE_MED PP_AC_MED PP_LE_UPPER PP_AC_UPPER PP_LE_MAX PP_AC_MAX
0 0 3 1.1306557000000055 0.7634714000000287 0.0 1.8941271000000341 1.8941271000000341 1.8941271000000341 1.8941271000000341 355.40234375 351.5703125 20 20 1.0 20 1 0 False 0 0 False 1.0 1.0 0.0 0.0 0.0 0.0 0.0 0.0 0.0 0.0 0.0 0.0 0.0 0.0 0.0 0.0 0 0.0 0 0.0 0.0 0.0 0.0 0 0 0.0 0.0 0.0 0.0 0.0 0.0 0.0 0.0 0.0 0.0 0.0 0.0 0.0 0.0 0.0 0.0 1 1.0 0.0 0.0 0.0 0.0 0.0 0.0 0.0 1.0 1.0 0.0 0.0 0.0 0.0 0.0 0.0 0.0 0.0 0.0 0.0 0.0 0.0 0.0 0.0
1 0 2 4.624350900000053 3.3469234000000085 0.014740400000022191 7.986014700000084 9.880141800000118 9.880141800000118 9.880141800000118 494.10546875 501.09375 44 44 1.0 44 20 20 False 0 0 False 2.2 2.2 2.0416711421361615 2.0416711421361615 0.9280323373346188 0.9280323373346188 1.0 1.0 1.0 1.0 2.0 2.0 2.25 2.25 10.0 10.0 11 0.55 23 0.5227272727272727 5.787918451395112 0.0 0.0 0 0 0.0 0.0 0.0 0.0 0.0 0.0 0.0 0.0 0.0 0.0 0.0 0.0 0.0 0.0 0.0 0.0 1 20.0 0.0 0.0 20.0 20.0 20.0 20.0 20.0 44.0 44.0 0.0 0.0 0.0 0.0 44.0 0.0 44.0 0.0 44.0 0.0 44.0 0.0 44.0 0.0
2 0 1 14.698526599999923 38.61230329999998 0.03458809999997925 53.34541799999988 63.2255598 63.2255598 63.2255598 846.04296875 867.9375 73 73 1.0 0 44 44 False 0 0 False 1.6590909090909092 1.6590909090909092 1.0771016625849856 1.0771016625849856 0.6492119610101283 0.6492119610101283 1.0 1.0 1.0 1.0 1.0 1.0 2.0 2.0 6.0 6.0 10 0.22727272727272727 17 0.2328767123287671 2.718499145356823 0.0 0.0 0 0 0.0 0.0 0.0 0.0 0.0 0.0 0.0 0.0 0.0 0.0 0.0 0.0 0.0 0.0 0.0 0.0 1 44.0 0.0 0.0 44.0 44.0 44.0 44.0 44.0 73.0 73.0 0.0 0.0 0.0 0.0 73.0 0.0 73.0 0.0 73.0 0.0 73.0 0.0 73.0 0.0
3 1 3 1.129700300000053 0.7801297000000886 0.0 1.9098300000001416 1.9098300000001416 1.9098300000001416 1.9098300000001416 380.515625 379.5703125 20 20 1.0 20 1 0 False 0 0 False 1.0 1.0 0.0 0.0 0.0 0.0 0.0 0.0 0.0 0.0 0.0 0.0 0.0 0.0 0.0 0.0 0 0.0 0 0.0 0.0 0.0 0.0 0 0 0.0 0.0 0.0 0.0 0.0 0.0 0.0 0.0 0.0 0.0 0.0 0.0 0.0 0.0 0.0 0.0 1 1.0 0.0 0.0 0.0 0.0 0.0 0.0 0.0 1.0 1.0 0.0 0.0 0.0 0.0 0.0 0.0 0.0 0.0 0.0 0.0 0.0 0.0 0.0 0.0
4 1 2 4.286470700000024 1.4881120000000294 0.014869599999968841 5.789452300000022 7.699282300000164 7.699282300000164 7.699282300000164 507.953125 526.6484375 42 42 1.0 42 20 20 False 0 0 False 2.1 2.1 2.074912807299318 2.074912807299318 0.9880537177615799 0.9880537177615799 1.0 1.0 1.0 1.0 1.0 1.0 2.25 2.25 10.0 10.0 3 0.15 10 0.23809523809523808 7.484316936100448 0.0 0.0 0 0 0.0 0.0 0.0 0.0 0.0 0.0 0.0 0.0 0.0 0.0 0.0 0.0 0.0 0.0 0.0 0.0 1 20.0 0.0 0.0 20.0 20.0 20.0 20.0 20.0 42.0 42.0 0.0 0.0 0.0 0.0 42.0 0.0 42.0 0.0 42.0 0.0 42.0 0.0 42.0 0.0
5 1 1 13.839999100000028 21.42338040000007 0.03476070000002096 35.29814020000012 42.99742250000028 42.99742250000028 42.99742250000028 792.0234375 813.87890625 71 71 1.0 0 42 42 False 0 0 False 1.6904761904761905 1.6904761904761905 0.9997095977868197 0.9997095977868197 0.5913775085499496 0.5913775085499496 1.0 1.0 1.0 1.0 1.0 1.0 2.0 2.0 6.0 6.0 16 0.38095238095238093 19 0.2676056338028169 3.271637085843472 0.0 0.0 0 0 0.0 0.0 0.0 0.0 0.0 0.0 0.0 0.0 0.0 0.0 0.0 0.0 0.0 0.0 0.0 0.0 1 42.0 0.0 0.0 42.0 42.0 42.0 42.0 42.0 71.0 71.0 0.0 0.0 0.0 0.0 71.0 0.0 71.0 0.0 71.0 0.0 71.0 0.0 71.0 0.0
6 2 3 1.1261187000000632 0.7742051999999262 0.0 1.9003238999999894 1.9003238999999894 1.9003238999999894 1.9003238999999894 595.51171875 589.890625 20 20 1.0 20 1 0 False 0 0 False 1.0 1.0 0.0 0.0 0.0 0.0 0.0 0.0 0.0 0.0 0.0 0.0 0.0 0.0 0.0 0.0 0 0.0 0 0.0 0.0 0.0 0.0 0 0 0.0 0.0 0.0 0.0 0.0 0.0 0.0 0.0 0.0 0.0 0.0 0.0 0.0 0.0 0.0 0.0 1 1.0 0.0 0.0 0.0 0.0 0.0 0.0 0.0 1.0 1.0 0.0 0.0 0.0 0.0 0.0 0.0 0.0 0.0 0.0 0.0 0.0 0.0 0.0 0.0
7 2 2 4.592397699999964 4.653601900000069 0.015288100000020677 9.261287700000054 11.161611600000043 11.161611600000043 11.161611600000043 628.1875 632.77734375 44 44 1.0 44 20 20 False 0 0 False 2.2 2.2 2.0416711421361615 2.0416711421361615 0.9280323373346188 0.9280323373346188 1.0 1.0 1.0 1.0 2.0 2.0 2.25 2.25 10.0 10.0 3 0.15 10 0.22727272727272727 5.199999999999998 0.0 0.0 0 0 0.0 0.0 0.0 0.0 0.0 0.0 0.0 0.0 0.0 0.0 0.0 0.0 0.0 0.0 0.0 0.0 1 20.0 0.0 0.0 20.0 20.0 20.0 20.0 20.0 44.0 44.0 0.0 0.0 0.0 0.0 44.0 0.0 44.0 0.0 44.0 0.0 44.0 0.0 44.0 0.0
8 2 1 14.737616700000046 47.31717660000015 0.03535160000006954 62.09014490000027 73.25175650000031 73.25175650000031 73.25175650000031 838.71875 859.703125 73 73 1.0 0 44 44 False 0 0 False 1.6590909090909092 1.6590909090909092 1.1194513153135752 1.1194513153135752 0.6747377790931138 0.6747377790931138 1.0 1.0 1.0 1.0 1.0 1.0 2.0 2.0 6.0 6.0 22 0.5 36 0.4931506849315068 3.1236153957387036 0.0 0.0 0 0 0.0 0.0 0.0 0.0 0.0 0.0 0.0 0.0 0.0 0.0 0.0 0.0 0.0 0.0 0.0 0.0 1 44.0 0.0 0.0 44.0 44.0 44.0 44.0 44.0 73.0 73.0 0.0 0.0 0.0 0.0 73.0 0.0 73.0 0.0 73.0 0.0 73.0 0.0 73.0 0.0
9 3 3 1.1244691999998508 0.8894173000000478 0.0 2.0138864999998987 2.0138864999998987 2.0138864999998987 2.0138864999998987 436.0703125 431.6015625 20 20 1.0 20 1 0 False 0 0 False 1.0 1.0 0.0 0.0 0.0 0.0 0.0 0.0 0.0 0.0 0.0 0.0 0.0 0.0 0.0 0.0 0 0.0 0 0.0 0.0 0.0 0.0 0 0 0.0 0.0 0.0 0.0 0.0 0.0 0.0 0.0 0.0 0.0 0.0 0.0 0.0 0.0 0.0 0.0 1 1.0 0.0 0.0 0.0 0.0 0.0 0.0 0.0 1.0 1.0 0.0 0.0 0.0 0.0 0.0 0.0 0.0 0.0 0.0 0.0 0.0 0.0 0.0 0.0
10 3 2 4.6237207000003195 2.3947401999999443 0.015475599999774658 7.0339365000000384 9.047822999999937 9.047822999999937 9.047822999999937 567.12109375 580.0234375 44 44 1.0 44 20 20 False 0 0 False 2.2 2.2 2.067289096988207 2.067289096988207 0.9396768622673667 0.9396768622673667 1.0 1.0 1.0 1.0 1.5 1.5 3.0 3.0 10.0 10.0 5 0.25 13 0.29545454545454547 7.1456280339799365 0.0 0.0 0 0 0.0 0.0 0.0 0.0 0.0 0.0 0.0 0.0 0.0 0.0 0.0 0.0 0.0 0.0 0.0 0.0 1 20.0 0.0 0.0 20.0 20.0 20.0 20.0 20.0 44.0 44.0 0.0 0.0 0.0 0.0 44.0 0.0 44.0 0.0 44.0 0.0 44.0 0.0 44.0 0.0
11 3 1 14.715094900000224 43.18931199999986 0.034507100000041646 57.938914000000125 66.98673700000006 66.98673700000006 66.98673700000006 898.75 920.44140625 73 73 1.0 0 44 44 False 0 0 False 1.6590909090909092 1.6590909090909092 0.9386576714124697 0.9386576714124697 0.5657662677006666 0.5657662677006666 1.0 1.0 1.0 1.0 1.0 1.0 2.0 2.0 6.0 6.0 19 0.4318181818181818 33 0.4520547945205479 3.177391401087135 0.0 0.0 0 0 0.0 0.0 0.0 0.0 0.0 0.0 0.0 0.0 0.0 0.0 0.0 0.0 0.0 0.0 0.0 0.0 1 44.0 0.0 0.0 44.0 44.0 44.0 44.0 44.0 73.0 73.0 0.0 0.0 0.0 0.0 73.0 0.0 73.0 0.0 73.0 0.0 73.0 0.0 73.0 0.0
12 4 3 1.1250824999999622 0.7264896000000363 0.0 1.8515720999999985 1.8515720999999985 1.8515720999999985 1.8515720999999985 449.80078125 445.17578125 20 20 1.0 20 1 0 False 0 0 False 1.0 1.0 0.0 0.0 0.0 0.0 0.0 0.0 0.0 0.0 0.0 0.0 0.0 0.0 0.0 0.0 0 0.0 0 0.0 0.0 0.0 0.0 0 0 0.0 0.0 0.0 0.0 0.0 0.0 0.0 0.0 0.0 0.0 0.0 0.0 0.0 0.0 0.0 0.0 1 1.0 0.0 0.0 0.0 0.0 0.0 0.0 0.0 1.0 1.0 0.0 0.0 0.0 0.0 0.0 0.0 0.0 0.0 0.0 0.0 0.0 0.0 0.0 0.0
13 4 2 4.293339199999934 2.874921800000152 0.01443039999986695 7.182691399999953 9.034263499999952 9.034263499999952 9.034263499999952 575.92578125 591.89453125 42 42 1.0 42 20 20 False 0 0 False 2.1 2.1 2.125038699338017 2.125038699338017 1.0119231901609604 1.0119231901609604 1.0 1.0 1.0 1.0 1.0 1.0 2.0 2.0 10.0 10.0 6 0.3 13 0.30952380952380953 5.046285762816053 0.0 0.0 0 0 0.0 0.0 0.0 0.0 0.0 0.0 0.0 0.0 0.0 0.0 0.0 0.0 0.0 0.0 0.0 0.0 1 20.0 0.0 0.0 20.0 20.0 20.0 20.0 20.0 42.0 42.0 0.0 0.0 0.0 0.0 42.0 0.0 42.0 0.0 42.0 0.0 42.0 0.0 42.0 0.0
14 4 1 13.282889999999497 19.249213600000246 0.03399839999985943 32.5661019999996 41.600365499999555 41.600365499999555 41.600365499999555 836.00390625 860.44140625 69 69 1.0 0 42 42 False 0 0 False 1.6428571428571428 1.6428571428571428 1.0078092292238203 1.0078092292238203 0.613449096049282 0.613449096049282 1.0 1.0 1.0 1.0 1.0 1.0 2.0 2.0 6.0 6.0 10 0.23809523809523808 13 0.18840579710144928 2.2198470867236284 0.0 0.0 0 0 0.0 0.0 0.0 0.0 0.0 0.0 0.0 0.0 0.0 0.0 0.0 0.0 0.0 0.0 0.0 0.0 1 42.0 0.0 0.0 42.0 42.0 42.0 42.0 42.0 69.0 69.0 0.0 0.0 0.0 0.0 69.0 0.0 69.0 0.0 69.0 0.0 69.0 0.0 69.0 0.0
15 5 3 1.1242171999999186 0.6819085999999857 0.0 1.8061257999999043 1.8061257999999043 1.8061257999999043 1.8061257999999043 639.828125 634.375 20 20 1.0 20 1 0 False 0 0 False 1.0 1.0 0.0 0.0 0.0 0.0 0.0 0.0 0.0 0.0 0.0 0.0 0.0 0.0 0.0 0.0 0 0.0 0 0.0 0.0 0.0 0.0 0 0 0.0 0.0 0.0 0.0 0.0 0.0 0.0 0.0 0.0 0.0 0.0 0.0 0.0 0.0 0.0 0.0 1 1.0 0.0 0.0 0.0 0.0 0.0 0.0 0.0 1.0 1.0 0.0 0.0 0.0 0.0 0.0 0.0 0.0 0.0 0.0 0.0 0.0 0.0 0.0 0.0
16 5 2 4.278750300000013 2.103984299999979 0.014584800000022824 6.397319400000015 8.20344519999992 8.20344519999992 8.20344519999992 673.71484375 679.21484375 42 42 1.0 42 20 20 False 0 0 False 2.1 2.1 2.0235456115702615 2.0235456115702615 0.9635931483667911 0.9635931483667911 1.0 1.0 1.0 1.0 1.5 1.5 2.25 2.25 10.0 10.0 3 0.15 10 0.23809523809523808 5.665244919683524 0.0 0.0 0 0 0.0 0.0 0.0 0.0 0.0 0.0 0.0 0.0 0.0 0.0 0.0 0.0 0.0 0.0 0.0 0.0 1 20.0 0.0 0.0 20.0 20.0 20.0 20.0 20.0 42.0 42.0 0.0 0.0 0.0 0.0 42.0 0.0 42.0 0.0 42.0 0.0 42.0 0.0 42.0 0.0
17 5 1 13.911192799999867 21.676331700000333 0.03286479999991343 35.62038930000011 43.82383450000003 43.82383450000003 43.82383450000003 860.40625 881.828125 71 71 1.0 0 42 42 False 0 0 False 1.6904761904761905 1.6904761904761905 0.9496622053642698 0.9496622053642698 0.5617720088070328 0.5617720088070328 1.0 1.0 1.0 1.0 1.5 1.5 2.0 2.0 6.0 6.0 5 0.11904761904761904 5 0.07042253521126761 2.2341868947956876 0.0 0.0 0 0 0.0 0.0 0.0 0.0 0.0 0.0 0.0 0.0 0.0 0.0 0.0 0.0 0.0 0.0 0.0 0.0 1 42.0 0.0 0.0 42.0 42.0 42.0 42.0 42.0 71.0 71.0 0.0 0.0 0.0 0.0 71.0 0.0 71.0 0.0 71.0 0.0 71.0 0.0 71.0 0.0
18 6 3 1.1243290000001593 0.6993540000000849 0.0 1.8236830000002442 1.8236830000002442 1.8236830000002442 1.8236830000002442 487.69921875 484.40234375 20 20 1.0 20 1 0 False 0 0 False 1.0 1.0 0.0 0.0 0.0 0.0 0.0 0.0 0.0 0.0 0.0 0.0 0.0 0.0 0.0 0.0 0 0.0 0 0.0 0.0 0.0 0.0 0 0 0.0 0.0 0.0 0.0 0.0 0.0 0.0 0.0 0.0 0.0 0.0 0.0 0.0 0.0 0.0 0.0 1 1.0 0.0 0.0 0.0 0.0 0.0 0.0 0.0 1.0 1.0 0.0 0.0 0.0 0.0 0.0 0.0 0.0 0.0 0.0 0.0 0.0 0.0 0.0 0.0
19 6 2 4.592292000000043 2.6305891000000656 0.01467939999997725 7.237560500000086 9.06124350000033 9.06124350000033 9.06124350000033 622.73828125 634.63671875 44 44 1.0 44 20 20 False 0 0 False 2.2 2.2 2.0416711421361615 2.0416711421361615 0.9280323373346188 0.9280323373346188 1.0 1.0 1.0 1.0 2.0 2.0 2.25 2.25 10.0 10.0 8 0.4 19 0.4318181818181818 6.296030495478877 0.0 0.0 0 0 0.0 0.0 0.0 0.0 0.0 0.0 0.0 0.0 0.0 0.0 0.0 0.0 0.0 0.0 0.0 0.0 1 20.0 0.0 0.0 20.0 20.0 20.0 20.0 20.0 44.0 44.0 0.0 0.0 0.0 0.0 44.0 0.0 44.0 0.0 44.0 0.0 44.0 0.0 44.0 0.0
20 6 1 14.006089000000486 19.410955500000114 0.03514369999953715 33.45218820000014 42.51343170000047 42.51343170000047 42.51343170000047 870.78125 893.328125 71 71 1.0 0 44 44 False 0 0 False 1.6136363636363635 1.6136363636363635 0.9933712646058416 0.9933712646058416 0.6156103611641836 0.6156103611641836 1.0 1.0 1.0 1.0 1.0 1.0 2.0 2.0 6.0 6.0 10 0.22727272727272727 15 0.2112676056338028 2.10316320207098 0.0 0.0 0 0 0.0 0.0 0.0 0.0 0.0 0.0 0.0 0.0 0.0 0.0 0.0 0.0 0.0 0.0 0.0 0.0 1 44.0 0.0 0.0 44.0 44.0 44.0 44.0 44.0 71.0 71.0 0.0 0.0 0.0 0.0 71.0 0.0 71.0 0.0 71.0 0.0 71.0 0.0 71.0 0.0
21 7 3 1.1298476999999139 0.8797788999999057 0.0 2.0096265999998195 2.0096265999998195 2.0096265999998195 2.0096265999998195 674.12109375 668.609375 20 20 1.0 20 1 0 False 0 0 False 1.0 1.0 0.0 0.0 0.0 0.0 0.0 0.0 0.0 0.0 0.0 0.0 0.0 0.0 0.0 0.0 0 0.0 0 0.0 0.0 0.0 0.0 0 0 0.0 0.0 0.0 0.0 0.0 0.0 0.0 0.0 0.0 0.0 0.0 0.0 0.0 0.0 0.0 0.0 1 1.0 0.0 0.0 0.0 0.0 0.0 0.0 0.0 1.0 1.0 0.0 0.0 0.0 0.0 0.0 0.0 0.0 0.0 0.0 0.0 0.0 0.0 0.0 0.0
22 7 2 4.616392899999823 4.227472500000431 0.015222900000253503 8.859088300000508 10.868714900000327 10.868714900000327 10.868714900000327 710.390625 714.37890625 44 44 1.0 44 20 20 False 0 0 False 2.2 2.2 2.015727634065883 2.015727634065883 0.9162398336663103 0.9162398336663103 1.0 1.0 1.0 1.0 2.0 2.0 2.0 2.0 10.0 10.0 3 0.15 7 0.1590909090909091 4.907137658554118 0.0 0.0 0 0 0.0 0.0 0.0 0.0 0.0 0.0 0.0 0.0 0.0 0.0 0.0 0.0 0.0 0.0 0.0 0.0 1 20.0 0.0 0.0 20.0 20.0 20.0 20.0 20.0 44.0 44.0 0.0 0.0 0.0 0.0 44.0 0.0 44.0 0.0 44.0 0.0 44.0 0.0 44.0 0.0
23 7 1 14.705519399999616 27.53138240000021 0.03478260000019873 42.27168440000003 53.140399300000354 53.140399300000354 53.140399300000354 910.7578125 932.43359375 73 73 1.0 0 44 44 False 0 0 False 1.6590909090909092 1.6590909090909092 0.9631146619216513 0.9631146619216513 0.5805074674596254 0.5805074674596254 1.0 1.0 1.0 1.0 1.0 1.0 2.0 2.0 6.0 6.0 15 0.3409090909090909 18 0.2465753424657534 3.067213651961149 0.0 0.0 0 0 0.0 0.0 0.0 0.0 0.0 0.0 0.0 0.0 0.0 0.0 0.0 0.0 0.0 0.0 0.0 0.0 1 44.0 0.0 0.0 44.0 44.0 44.0 44.0 44.0 73.0 73.0 0.0 0.0 0.0 0.0 73.0 0.0 73.0 0.0 73.0 0.0 73.0 0.0 73.0 0.0
24 8 3 1.1258955999999216 0.8360371999997369 0.0 1.9619327999996585 1.9619327999996585 1.9619327999996585 1.9619327999996585 700.66015625 696.40625 20 20 1.0 20 1 0 False 0 0 False 1.0 1.0 0.0 0.0 0.0 0.0 0.0 0.0 0.0 0.0 0.0 0.0 0.0 0.0 0.0 0.0 0 0.0 0 0.0 0.0 0.0 0.0 0 0 0.0 0.0 0.0 0.0 0.0 0.0 0.0 0.0 0.0 0.0 0.0 0.0 0.0 0.0 0.0 0.0 1 1.0 0.0 0.0 0.0 0.0 0.0 0.0 0.0 1.0 1.0 0.0 0.0 0.0 0.0 0.0 0.0 0.0 0.0 0.0 0.0 0.0 0.0 0.0 0.0
25 8 2 4.592659099999992 2.9082582999997157 0.01558670000008533 7.516504099999793 9.478436899999451 9.478436899999451 9.478436899999451 732.359375 737.96484375 44 44 1.0 44 20 20 False 0 0 False 2.2 2.2 2.067289096988207 2.067289096988207 0.9396768622673667 0.9396768622673667 1.0 1.0 1.0 1.0 1.5 1.5 3.0 3.0 10.0 10.0 7 0.35 14 0.3181818181818182 7.0915442605965575 0.0 0.0 0 0 0.0 0.0 0.0 0.0 0.0 0.0 0.0 0.0 0.0 0.0 0.0 0.0 0.0 0.0 0.0 0.0 1 20.0 0.0 0.0 20.0 20.0 20.0 20.0 20.0 44.0 44.0 0.0 0.0 0.0 0.0 44.0 0.0 44.0 0.0 44.0 0.0 44.0 0.0 44.0 0.0
26 8 1 14.57114179999985 29.806717199999866 0.03486039999950208 44.41271939999922 53.89115629999867 53.89115629999867 53.89115629999867 959.25390625 981.484375 73 73 1.0 0 44 44 False 0 0 False 1.6590909090909092 1.6590909090909092 0.9386576714124697 0.9386576714124697 0.5657662677006666 0.5657662677006666 1.0 1.0 1.0 1.0 1.0 1.0 2.0 2.0 6.0 6.0 10 0.22727272727272727 11 0.1506849315068493 2.7122217265951662 0.0 0.0 0 0 0.0 0.0 0.0 0.0 0.0 0.0 0.0 0.0 0.0 0.0 0.0 0.0 0.0 0.0 0.0 0.0 1 44.0 0.0 0.0 44.0 44.0 44.0 44.0 44.0 73.0 73.0 0.0 0.0 0.0 0.0 73.0 0.0 73.0 0.0 73.0 0.0 73.0 0.0 73.0 0.0
27 9 3 1.119890899999632 0.6924842999999328 0.0 1.8123751999995648 1.8123751999995648 1.8123751999995648 1.8123751999995648 729.18359375 724.83984375 20 20 1.0 20 1 0 False 0 0 False 1.0 1.0 0.0 0.0 0.0 0.0 0.0 0.0 0.0 0.0 0.0 0.0 0.0 0.0 0.0 0.0 0 0.0 0 0.0 0.0 0.0 0.0 0 0 0.0 0.0 0.0 0.0 0.0 0.0 0.0 0.0 0.0 0.0 0.0 0.0 0.0 0.0 0.0 0.0 1 1.0 0.0 0.0 0.0 0.0 0.0 0.0 0.0 1.0 1.0 0.0 0.0 0.0 0.0 0.0 0.0 0.0 0.0 0.0 0.0 0.0 0.0 0.0 0.0
28 9 2 4.59748890000003 2.66415209999991 0.014932699999803845 7.276573699999744 9.088948899999309 9.088948899999309 9.088948899999309 763.328125 768.40234375 44 44 1.0 44 20 20 False 0 0 False 2.2 2.2 2.117595458607661 2.117595458607661 0.9625433902762094 0.9625433902762094 1.0 1.0 1.0 1.0 1.0 1.0 3.0 3.0 10.0 10.0 5 0.25 12 0.2727272727272727 6.070420084310474 0.0 0.0 0 0 0.0 0.0 0.0 0.0 0.0 0.0 0.0 0.0 0.0 0.0 0.0 0.0 0.0 0.0 0.0 0.0 1 20.0 0.0 0.0 20.0 20.0 20.0 20.0 20.0 44.0 44.0 0.0 0.0 0.0 0.0 44.0 0.0 44.0 0.0 44.0 0.0 44.0 0.0 44.0 0.0
29 9 1 14.68735729999969 35.553692699999715 0.034767900000360896 50.275817899999765 59.364766799999074 59.364766799999074 59.364766799999074 970.59375 993.3515625 73 73 1.0 0 44 44 False 0 0 False 1.6590909090909092 1.6590909090909092 1.0552897060221726 1.0552897060221726 0.6360650282873369 0.6360650282873369 1.0 1.0 1.0 1.0 1.0 1.0 2.0 2.0 6.0 6.0 26 0.5909090909090909 35 0.4794520547945205 3.0442246498917016 0.0 0.0 0 0 0.0 0.0 0.0 0.0 0.0 0.0 0.0 0.0 0.0 0.0 0.0 0.0 0.0 0.0 0.0 0.0 1 44.0 0.0 0.0 44.0 44.0 44.0 44.0 44.0 73.0 73.0 0.0 0.0 0.0 0.0 73.0 0.0 73.0 0.0 73.0 0.0 73.0 0.0 73.0 0.0
30 10 3 1.1237429999999904 0.6732681999998249 0.0 1.7970111999998153 1.7970111999998153 1.7970111999998153 1.7970111999998153 753.89453125 750.63671875 20 20 1.0 20 1 0 False 0 0 False 1.0 1.0 0.0 0.0 0.0 0.0 0.0 0.0 0.0 0.0 0.0 0.0 0.0 0.0 0.0 0.0 0 0.0 0 0.0 0.0 0.0 0.0 0 0 0.0 0.0 0.0 0.0 0.0 0.0 0.0 0.0 0.0 0.0 0.0 0.0 0.0 0.0 0.0 0.0 1 1.0 0.0 0.0 0.0 0.0 0.0 0.0 0.0 1.0 1.0 0.0 0.0 0.0 0.0 0.0 0.0 0.0 0.0 0.0 0.0 0.0 0.0 0.0 0.0
31 10 2 4.595173799999657 2.8543762999997853 0.015118500000085078 7.464668599999527 9.261679799999342 9.261679799999342 9.261679799999342 788.50390625 795.40625 44 44 1.0 44 20 20 False 0 0 False 2.2 2.2 2.067289096988207 2.067289096988207 0.9396768622673667 0.9396768622673667 1.0 1.0 1.0 1.0 1.5 1.5 3.0 3.0 10.0 10.0 13 0.65 23 0.5227272727272727 5.946427498927401 0.0 0.0 0 0 0.0 0.0 0.0 0.0 0.0 0.0 0.0 0.0 0.0 0.0 0.0 0.0 0.0 0.0 0.0 0.0 1 20.0 0.0 0.0 20.0 20.0 20.0 20.0 20.0 44.0 44.0 0.0 0.0 0.0 0.0 44.0 0.0 44.0 0.0 44.0 0.0 44.0 0.0 44.0 0.0
32 10 1 14.701224200000865 47.485525100000814 0.03543060000026799 62.22217990000195 71.48385970000129 71.48385970000129 71.48385970000129 984.84375 1006.9765625 73 73 1.0 0 44 44 False 0 0 False 1.6590909090909092 1.6590909090909092 1.0330172969168459 1.0330172969168459 0.6226405625252222 0.6226405625252222 1.0 1.0 1.0 1.0 1.0 1.0 2.0 2.0 6.0 6.0 17 0.38636363636363635 22 0.3013698630136986 2.7695119210777426 0.0 0.0 0 0 0.0 0.0 0.0 0.0 0.0 0.0 0.0 0.0 0.0 0.0 0.0 0.0 0.0 0.0 0.0 0.0 1 44.0 0.0 0.0 44.0 44.0 44.0 44.0 44.0 73.0 73.0 0.0 0.0 0.0 0.0 73.0 0.0 73.0 0.0 73.0 0.0 73.0 0.0 73.0 0.0
33 11 3 1.1241125999999895 0.6706011999995098 0.0 1.7947137999994993 1.7947137999994993 1.7947137999994993 1.7947137999994993 766.921875 762.9765625 20 20 1.0 20 1 0 False 0 0 False 1.0 1.0 0.0 0.0 0.0 0.0 0.0 0.0 0.0 0.0 0.0 0.0 0.0 0.0 0.0 0.0 0 0.0 0 0.0 0.0 0.0 0.0 0 0 0.0 0.0 0.0 0.0 0.0 0.0 0.0 0.0 0.0 0.0 0.0 0.0 0.0 0.0 0.0 0.0 1 1.0 0.0 0.0 0.0 0.0 0.0 0.0 0.0 1.0 1.0 0.0 0.0 0.0 0.0 0.0 0.0 0.0 0.0 0.0 0.0 0.0 0.0 0.0 0.0
34 11 2 4.602989100000173 3.6613923000001023 0.014917199999899822 8.279298600000175 10.074012399999674 10.074012399999674 10.074012399999674 799.99609375 806.18359375 44 44 1.0 44 20 20 False 0 0 False 2.2 2.2 2.015727634065883 2.015727634065883 0.9162398336663103 0.9162398336663103 1.0 1.0 1.0 1.0 2.0 2.0 2.0 2.0 10.0 10.0 10 0.5 16 0.36363636363636365 5.3916602266834275 0.0 0.0 0 0 0.0 0.0 0.0 0.0 0.0 0.0 0.0 0.0 0.0 0.0 0.0 0.0 0.0 0.0 0.0 0.0 1 20.0 0.0 0.0 20.0 20.0 20.0 20.0 20.0 44.0 44.0 0.0 0.0 0.0 0.0 44.0 0.0 44.0 0.0 44.0 0.0 44.0 0.0 44.0 0.0
35 11 1 14.735327799999823 44.528521999999725 0.035498500000358035 59.299348299999906 69.37336069999958 69.37336069999958 69.37336069999958 1063.703125 1089.4765625 73 73 1.0 0 44 44 False 0 0 False 1.6590909090909092 1.6590909090909092 1.0102539818394234 1.0102539818394234 0.6089202082319812 0.6089202082319812 1.0 1.0 1.0 1.0 1.0 1.0 2.0 2.0 6.0 6.0 20 0.45454545454545453 25 0.3424657534246575 2.710316608018789 0.0 0.0 0 0 0.0 0.0 0.0 0.0 0.0 0.0 0.0 0.0 0.0 0.0 0.0 0.0 0.0 0.0 0.0 0.0 1 44.0 0.0 0.0 44.0 44.0 44.0 44.0 44.0 73.0 73.0 0.0 0.0 0.0 0.0 73.0 0.0 73.0 0.0 73.0 0.0 73.0 0.0 73.0 0.0
36 12 3 1.1261947000002692 0.6939521999996714 0.0 1.8201468999999406 1.8201468999999406 1.8201468999999406 1.8201468999999406 812.34375 809.62109375 20 20 1.0 20 1 0 False 0 0 False 1.0 1.0 0.0 0.0 0.0 0.0 0.0 0.0 0.0 0.0 0.0 0.0 0.0 0.0 0.0 0.0 0 0.0 0 0.0 0.0 0.0 0.0 0 0 0.0 0.0 0.0 0.0 0.0 0.0 0.0 0.0 0.0 0.0 0.0 0.0 0.0 0.0 0.0 0.0 1 1.0 0.0 0.0 0.0 0.0 0.0 0.0 0.0 1.0 1.0 0.0 0.0 0.0 0.0 0.0 0.0 0.0 0.0 0.0 0.0 0.0 0.0 0.0 0.0
37 12 2 4.598743500000069 2.865598900000464 0.014736699999957636 7.47907910000049 9.29922600000043 9.29922600000043 9.29922600000043 844.9453125 851.47265625 44 44 1.0 44 20 20 False 0 0 False 2.2 2.2 2.067289096988207 2.067289096988207 0.9396768622673667 0.9396768622673667 1.0 1.0 1.0 1.0 1.5 1.5 3.0 3.0 10.0 10.0 5 0.25 12 0.2727272727272727 5.524490926773252 0.0 0.0 0 0 0.0 0.0 0.0 0.0 0.0 0.0 0.0 0.0 0.0 0.0 0.0 0.0 0.0 0.0 0.0 0.0 1 20.0 0.0 0.0 20.0 20.0 20.0 20.0 20.0 44.0 44.0 0.0 0.0 0.0 0.0 44.0 0.0 44.0 0.0 44.0 0.0 44.0 0.0 44.0 0.0
38 12 1 14.735144000000446 38.985290600000326 0.03572800000006282 53.756162600000835 63.055388600001265 63.055388600001265 63.055388600001265 1119.703125 1146.03515625 73 73 1.0 0 44 44 False 0 0 False 1.6590909090909092 1.6590909090909092 0.9869657947038658 0.9869657947038658 0.5948834926982205 0.5948834926982205 1.0 1.0 1.0 1.0 1.0 1.0 2.0 2.0 6.0 6.0 18 0.4090909090909091 20 0.273972602739726 2.5708453605319375 0.0 0.0 0 0 0.0 0.0 0.0 0.0 0.0 0.0 0.0 0.0 0.0 0.0 0.0 0.0 0.0 0.0 0.0 0.0 1 44.0 0.0 0.0 44.0 44.0 44.0 44.0 44.0 73.0 73.0 0.0 0.0 0.0 0.0 73.0 0.0 73.0 0.0 73.0 0.0 73.0 0.0 73.0 0.0
39 13 3 1.125612399999909 0.7100654000003033 0.0 1.8356778000002123 1.8356778000002123 1.8356778000002123 1.8356778000002123 826.9375 823.98046875 20 20 1.0 20 1 0 False 0 0 False 1.0 1.0 0.0 0.0 0.0 0.0 0.0 0.0 0.0 0.0 0.0 0.0 0.0 0.0 0.0 0.0 0 0.0 0 0.0 0.0 0.0 0.0 0 0 0.0 0.0 0.0 0.0 0.0 0.0 0.0 0.0 0.0 0.0 0.0 0.0 0.0 0.0 0.0 0.0 1 1.0 0.0 0.0 0.0 0.0 0.0 0.0 0.0 1.0 1.0 0.0 0.0 0.0 0.0 0.0 0.0 0.0 0.0 0.0 0.0 0.0 0.0 0.0 0.0
40 13 2 4.304286499999762 1.8395018000004484 0.014433500000109234 6.1582218000003195 7.993899600000532 7.993899600000532 7.993899600000532 858.59765625 866.671875 42 42 1.0 42 20 20 False 0 0 False 2.1 2.1 2.2219005615155596 2.2219005615155596 1.0580478864359808 1.0580478864359808 1.0 1.0 1.0 1.0 1.0 1.0 2.0 2.0 10.0 10.0 8 0.4 21 0.5 8.132342835862246 0.0 0.0 0 0 0.0 0.0 0.0 0.0 0.0 0.0 0.0 0.0 0.0 0.0 0.0 0.0 0.0 0.0 0.0 0.0 1 20.0 0.0 0.0 20.0 20.0 20.0 20.0 20.0 42.0 42.0 0.0 0.0 0.0 0.0 42.0 0.0 42.0 0.0 42.0 0.0 42.0 0.0 42.0 0.0
41 13 1 13.909341800000902 16.71015190000014 0.3223027999995338 30.941796500000578 38.93569610000111 38.93569610000111 38.93569610000111 1026.97265625 1049.62109375 71 71 1.0 0 42 42 False 0 0 False 1.6904761904761905 1.6904761904761905 1.0238162763464755 1.0238162763464755 0.6056377972753799 0.6056377972753799 1.0 1.0 1.0 1.0 1.0 1.0 2.0 2.0 6.0 6.0 10 0.23809523809523808 15 0.2112676056338028 3.222227109230793 0.0 0.0 0 0 0.0 0.0 0.0 0.0 0.0 0.0 0.0 0.0 0.0 0.0 0.0 0.0 0.0 0.0 0.0 0.0 1 42.0 0.0 0.0 42.0 42.0 42.0 42.0 42.0 71.0 71.0 0.0 0.0 0.0 0.0 71.0 0.0 71.0 0.0 71.0 0.0 71.0 0.0 71.0 0.0
42 14 3 1.1258279000002176 0.7229721999999583 0.0 1.848800100000176 1.848800100000176 1.848800100000176 1.848800100000176 811.12109375 806.2890625 20 20 1.0 20 1 0 False 0 0 False 1.0 1.0 0.0 0.0 0.0 0.0 0.0 0.0 0.0 0.0 0.0 0.0 0.0 0.0 0.0 0.0 0 0.0 0 0.0 0.0 0.0 0.0 0 0 0.0 0.0 0.0 0.0 0.0 0.0 0.0 0.0 0.0 0.0 0.0 0.0 0.0 0.0 0.0 0.0 1 1.0 0.0 0.0 0.0 0.0 0.0 0.0 0.0 1.0 1.0 0.0 0.0 0.0 0.0 0.0 0.0 0.0 0.0 0.0 0.0 0.0 0.0 0.0 0.0
43 14 2 4.293747100000132 2.1711517999996204 0.014918899999770474 6.479817799999523 8.3286178999997 8.3286178999997 8.3286178999997 845.27734375 852.52734375 42 42 1.0 42 20 20 False 0 0 False 2.1 2.1 2.0235456115702615 2.0235456115702615 0.9635931483667911 0.9635931483667911 1.0 1.0 1.0 1.0 1.5 1.5 2.25 2.25 10.0 10.0 3 0.15 11 0.2619047619047619 5.743256915722993 0.0 0.0 0 0 0.0 0.0 0.0 0.0 0.0 0.0 0.0 0.0 0.0 0.0 0.0 0.0 0.0 0.0 0.0 0.0 1 20.0 0.0 0.0 20.0 20.0 20.0 20.0 20.0 42.0 42.0 0.0 0.0 0.0 0.0 42.0 0.0 42.0 0.0 42.0 0.0 42.0 0.0 42.0 0.0
44 14 1 13.77659779999965 34.91452780000077 0.033097699999757424 48.724223300000176 57.052841199999875 57.052841199999875 57.052841199999875 1046.06640625 1071.51171875 71 71 1.0 0 42 42 False 0 0 False 1.6904761904761905 1.6904761904761905 0.9750070728472726 0.9750070728472726 0.5767647473181049 0.5767647473181049 1.0 1.0 1.0 1.0 1.0 1.0 2.0 2.0 6.0 6.0 11 0.2619047619047619 17 0.23943661971830985 2.579261292173226 0.0 0.0 0 0 0.0 0.0 0.0 0.0 0.0 0.0 0.0 0.0 0.0 0.0 0.0 0.0 0.0 0.0 0.0 0.0 1 42.0 0.0 0.0 42.0 42.0 42.0 42.0 42.0 71.0 71.0 0.0 0.0 0.0 0.0 71.0 0.0 71.0 0.0 71.0 0.0 71.0 0.0 71.0 0.0
45 15 3 1.1232442999996692 0.920434799999839 0.0 2.0436790999995083 2.0436790999995083 2.0436790999995083 2.0436790999995083 840.6953125 838.05078125 20 20 1.0 20 1 0 False 0 0 False 1.0 1.0 0.0 0.0 0.0 0.0 0.0 0.0 0.0 0.0 0.0 0.0 0.0 0.0 0.0 0.0 0 0.0 0 0.0 0.0 0.0 0.0 0 0 0.0 0.0 0.0 0.0 0.0 0.0 0.0 0.0 0.0 0.0 0.0 0.0 0.0 0.0 0.0 0.0 1 1.0 0.0 0.0 0.0 0.0 0.0 0.0 0.0 1.0 1.0 0.0 0.0 0.0 0.0 0.0 0.0 0.0 0.0 0.0 0.0 0.0 0.0 0.0 0.0
46 15 2 4.635402100000647 4.368046799998183 0.015177899999798683 9.018626799998628 11.062305899998137 11.062305899998137 11.062305899998137 875.12109375 882.62109375 44 44 1.0 44 20 20 False 0 0 False 2.2 2.2 2.067289096988207 2.067289096988207 0.9396768622673667 0.9396768622673667 1.0 1.0 1.0 1.0 1.5 1.5 3.0 3.0 10.0 10.0 10 0.5 31 0.7045454545454546 6.838128398911502 0.0 0.0 0 0 0.0 0.0 0.0 0.0 0.0 0.0 0.0 0.0 0.0 0.0 0.0 0.0 0.0 0.0 0.0 0.0 1 20.0 0.0 0.0 20.0 20.0 20.0 20.0 20.0 44.0 44.0 0.0 0.0 0.0 0.0 44.0 0.0 44.0 0.0 44.0 0.0 44.0 0.0 44.0 0.0
47 15 1 14.665092500000583 36.60035350000044 0.03526630000078512 51.300712300001805 62.36301819999994 62.36301819999994 62.36301819999994 1075.4765625 1098.85546875 73 73 1.0 0 44 44 False 0 0 False 1.6590909090909092 1.6590909090909092 1.0102539818394234 1.0102539818394234 0.6089202082319812 0.6089202082319812 1.0 1.0 1.0 1.0 1.0 1.0 2.0 2.0 6.0 6.0 21 0.4772727272727273 33 0.4520547945205479 3.0258442575708306 0.0 0.0 0 0 0.0 0.0 0.0 0.0 0.0 0.0 0.0 0.0 0.0 0.0 0.0 0.0 0.0 0.0 0.0 0.0 1 44.0 0.0 0.0 44.0 44.0 44.0 44.0 44.0 73.0 73.0 0.0 0.0 0.0 0.0 73.0 0.0 73.0 0.0 73.0 0.0 73.0 0.0 73.0 0.0
48 16 3 1.1259325999997145 0.6775576999996247 0.0 1.8034902999993392 1.8034902999993392 1.8034902999993392 1.8034902999993392 862.51171875 859.4453125 20 20 1.0 20 1 0 False 0 0 False 1.0 1.0 0.0 0.0 0.0 0.0 0.0 0.0 0.0 0.0 0.0 0.0 0.0 0.0 0.0 0.0 0 0.0 0 0.0 0.0 0.0 0.0 0 0 0.0 0.0 0.0 0.0 0.0 0.0 0.0 0.0 0.0 0.0 0.0 0.0 0.0 0.0 0.0 0.0 1 1.0 0.0 0.0 0.0 0.0 0.0 0.0 0.0 1.0 1.0 0.0 0.0 0.0 0.0 0.0 0.0 0.0 0.0 0.0 0.0 0.0 0.0 0.0 0.0
49 16 2 4.584384799999725 3.9515994000007595 0.014642100000401115 8.550626300000886 10.354116600000225 10.354116600000225 10.354116600000225 899.1796875 905.00390625 44 44 1.0 44 20 20 False 0 0 False 2.2 2.2 2.0925934551223877 2.0925934551223877 0.9511788432374488 0.9511788432374488 1.0 1.0 1.0 1.0 1.5 1.5 2.25 2.25 10.0 10.0 5 0.25 9 0.20454545454545456 5.043808085167396 0.0 0.0 0 0 0.0 0.0 0.0 0.0 0.0 0.0 0.0 0.0 0.0 0.0 0.0 0.0 0.0 0.0 0.0 0.0 1 20.0 0.0 0.0 20.0 20.0 20.0 20.0 20.0 44.0 44.0 0.0 0.0 0.0 0.0 44.0 0.0 44.0 0.0 44.0 0.0 44.0 0.0 44.0 0.0
50 16 1 14.002969700000449 30.63136509999981 0.03448349999985112 44.66881830000011 55.02293490000034 55.02293490000034 55.02293490000034 1067.03515625 1089.921875 71 71 1.0 0 44 44 False 0 0 False 1.6136363636363635 1.6136363636363635 1.061282880793589 1.061282880793589 0.657696433167858 0.657696433167858 1.0 1.0 1.0 1.0 1.0 1.0 2.0 2.0 6.0 6.0 22 0.5 33 0.4647887323943662 2.909579149369594 0.0 0.0 0 0 0.0 0.0 0.0 0.0 0.0 0.0 0.0 0.0 0.0 0.0 0.0 0.0 0.0 0.0 0.0 0.0 1 44.0 0.0 0.0 44.0 44.0 44.0 44.0 44.0 71.0 71.0 0.0 0.0 0.0 0.0 71.0 0.0 71.0 0.0 71.0 0.0 71.0 0.0 71.0 0.0
51 17 3 1.1285041999997247 0.7765411999998832 0.0 1.905045399999608 1.905045399999608 1.905045399999608 1.905045399999608 671.9765625 670.1640625 20 20 1.0 20 1 0 False 0 0 False 1.0 1.0 0.0 0.0 0.0 0.0 0.0 0.0 0.0 0.0 0.0 0.0 0.0 0.0 0.0 0.0 0 0.0 0 0.0 0.0 0.0 0.0 0 0 0.0 0.0 0.0 0.0 0.0 0.0 0.0 0.0 0.0 0.0 0.0 0.0 0.0 0.0 0.0 0.0 1 1.0 0.0 0.0 0.0 0.0 0.0 0.0 0.0 1.0 1.0 0.0 0.0 0.0 0.0 0.0 0.0 0.0 0.0 0.0 0.0 0.0 0.0 0.0 0.0
52 17 2 4.575523799999928 5.77049690000058 0.014778500000147687 10.360799200000656 12.265844600000264 12.265844600000264 12.265844600000264 808.375 822.25390625 44 44 1.0 44 20 20 False 0 0 False 2.2 2.2 2.0925934551223877 2.0925934551223877 0.9511788432374488 0.9511788432374488 1.0 1.0 1.0 1.0 1.5 1.5 2.25 2.25 10.0 10.0 10 0.5 15 0.3409090909090909 5.4571054598569 0.0 0.0 0 0 0.0 0.0 0.0 0.0 0.0 0.0 0.0 0.0 0.0 0.0 0.0 0.0 0.0 0.0 0.0 0.0 1 20.0 0.0 0.0 20.0 20.0 20.0 20.0 20.0 44.0 44.0 0.0 0.0 0.0 0.0 44.0 0.0 44.0 0.0 44.0 0.0 44.0 0.0 44.0 0.0
53 17 1 14.63453249999975 39.405710199999476 0.03747139999973115 54.07771409999896 66.34355869999922 66.34355869999922 66.34355869999922 1085.15234375 1108.2890625 73 73 1.0 0 44 44 False 0 0 False 1.6590909090909092 1.6590909090909092 1.140036348220648 1.140036348220648 0.6871451961877878 0.6871451961877878 1.0 1.0 1.0 1.0 1.0 1.0 2.0 2.0 6.0 6.0 21 0.4772727272727273 34 0.4657534246575342 3.615529806974899 0.0 0.0 0 0 0.0 0.0 0.0 0.0 0.0 0.0 0.0 0.0 0.0 0.0 0.0 0.0 0.0 0.0 0.0 0.0 1 44.0 0.0 0.0 44.0 44.0 44.0 44.0 44.0 73.0 73.0 0.0 0.0 0.0 0.0 73.0 0.0 73.0 0.0 73.0 0.0 73.0 0.0 73.0 0.0
54 18 3 1.124303099999679 0.6153036999999131 0.0 1.7396067999995921 1.7396067999995921 1.7396067999995921 1.7396067999995921 880.6328125 877.6328125 20 20 1.0 20 1 0 False 0 0 False 1.0 1.0 0.0 0.0 0.0 0.0 0.0 0.0 0.0 0.0 0.0 0.0 0.0 0.0 0.0 0.0 0 0.0 0 0.0 0.0 0.0 0.0 0 0 0.0 0.0 0.0 0.0 0.0 0.0 0.0 0.0 0.0 0.0 0.0 0.0 0.0 0.0 0.0 0.0 1 1.0 0.0 0.0 0.0 0.0 0.0 0.0 0.0 1.0 1.0 0.0 0.0 0.0 0.0 0.0 0.0 0.0 0.0 0.0 0.0 0.0 0.0 0.0 0.0
55 18 2 4.636941799999931 3.8407776000005924 0.014633399999411267 8.492352799999935 10.231959599999527 10.231959599999527 10.231959599999527 917.30859375 924.19921875 44 44 1.0 44 20 20 False 0 0 False 2.2 2.2 2.0416711421361615 2.0416711421361615 0.9280323373346188 0.9280323373346188 1.0 1.0 1.0 1.0 2.0 2.0 2.25 2.25 10.0 10.0 3 0.15 7 0.1590909090909091 4.970915408654626 0.0 0.0 0 0 0.0 0.0 0.0 0.0 0.0 0.0 0.0 0.0 0.0 0.0 0.0 0.0 0.0 0.0 0.0 0.0 1 20.0 0.0 0.0 20.0 20.0 20.0 20.0 20.0 44.0 44.0 0.0 0.0 0.0 0.0 44.0 0.0 44.0 0.0 44.0 0.0 44.0 0.0 44.0 0.0
56 18 1 14.03398669999956 28.855528800000002 0.03559499999983018 42.92511049999939 53.15707009999892 53.15707009999892 53.15707009999892 1086.35546875 1109.9921875 71 71 1.0 0 44 44 False 0 0 False 1.6136363636363635 1.6136363636363635 1.016512713767804 1.016512713767804 0.6299515409265265 0.6299515409265265 1.0 1.0 1.0 1.0 1.0 1.0 2.0 2.0 6.0 6.0 20 0.45454545454545453 47 0.6619718309859155 3.3600641350628333 0.0 0.0 0 0 0.0 0.0 0.0 0.0 0.0 0.0 0.0 0.0 0.0 0.0 0.0 0.0 0.0 0.0 0.0 0.0 1 44.0 0.0 0.0 44.0 44.0 44.0 44.0 44.0 71.0 71.0 0.0 0.0 0.0 0.0 71.0 0.0 71.0 0.0 71.0 0.0 71.0 0.0 71.0 0.0
57 19 3 1.1262709999998606 0.821227200000294 0.0 1.9474982000001546 1.9474982000001546 1.9474982000001546 1.9474982000001546 696.05859375 693.30859375 20 20 1.0 20 1 0 False 0 0 False 1.0 1.0 0.0 0.0 0.0 0.0 0.0 0.0 0.0 0.0 0.0 0.0 0.0 0.0 0.0 0.0 0 0.0 0 0.0 0.0 0.0 0.0 0 0 0.0 0.0 0.0 0.0 0.0 0.0 0.0 0.0 0.0 0.0 0.0 0.0 0.0 0.0 0.0 0.0 1 1.0 0.0 0.0 0.0 0.0 0.0 0.0 0.0 1.0 1.0 0.0 0.0 0.0 0.0 0.0 0.0 0.0 0.0 0.0 0.0 0.0 0.0 0.0 0.0
58 19 2 4.627572099999952 2.866475700001729 0.014598200000136785 7.508646000001818 9.456144200001972 9.456144200001972 9.456144200001972 829.59765625 845.53515625 44 44 1.0 44 20 20 False 0 0 False 2.2 2.2 2.1667341419992585 2.1667341419992585 0.9848791554542083 0.9848791554542083 1.0 1.0 1.0 1.0 1.0 1.0 2.25 2.25 10.0 10.0 11 0.55 22 0.5 7.379701890998035 0.0 0.0 0 0 0.0 0.0 0.0 0.0 0.0 0.0 0.0 0.0 0.0 0.0 0.0 0.0 0.0 0.0 0.0 0.0 1 20.0 0.0 0.0 20.0 20.0 20.0 20.0 20.0 44.0 44.0 0.0 0.0 0.0 0.0 44.0 0.0 44.0 0.0 44.0 0.0 44.0 0.0 44.0 0.0
59 19 1 14.660564199999271 26.85862719999932 0.03488929999934953 41.55408069999794 51.01022489999991 51.01022489999991 51.01022489999991 1093.203125 1116.4375 73 73 1.0 0 44 44 False 0 0 False 1.6590909090909092 1.6590909090909092 0.9631146619216513 0.9631146619216513 0.5805074674596254 0.5805074674596254 1.0 1.0 1.0 1.0 1.0 1.0 2.0 2.0 6.0 6.0 17 0.38636363636363635 20 0.273972602739726 2.888018494824136 0.0 0.0 0 0 0.0 0.0 0.0 0.0 0.0 0.0 0.0 0.0 0.0 0.0 0.0 0.0 0.0 0.0 0.0 0.0 1 44.0 0.0 0.0 44.0 44.0 44.0 44.0 44.0 73.0 73.0 0.0 0.0 0.0 0.0 73.0 0.0 73.0 0.0 73.0 0.0 73.0 0.0 73.0 0.0
60 20 3 1.12290519999965 0.7498491999999715 0.0 1.8727543999996215 1.8727543999996215 1.8727543999996215 1.8727543999996215 894.2578125 891.7734375 20 20 1.0 20 1 0 False 0 0 False 1.0 1.0 0.0 0.0 0.0 0.0 0.0 0.0 0.0 0.0 0.0 0.0 0.0 0.0 0.0 0.0 0 0.0 0 0.0 0.0 0.0 0.0 0 0 0.0 0.0 0.0 0.0 0.0 0.0 0.0 0.0 0.0 0.0 0.0 0.0 0.0 0.0 0.0 0.0 1 1.0 0.0 0.0 0.0 0.0 0.0 0.0 0.0 1.0 1.0 0.0 0.0 0.0 0.0 0.0 0.0 0.0 0.0 0.0 0.0 0.0 0.0 0.0 0.0
61 20 2 4.598532599999089 2.382735400000911 0.014879699999710283 6.99614769999971 8.868902099999332 8.868902099999332 8.868902099999332 931.44921875 938.5390625 44 44 1.0 44 20 20 False 0 0 False 2.2 2.2 2.067289096988207 2.067289096988207 0.9396768622673667 0.9396768622673667 1.0 1.0 1.0 1.0 1.5 1.5 3.0 3.0 10.0 10.0 5 0.25 14 0.3181818181818182 7.290404652692469 0.0 0.0 0 0 0.0 0.0 0.0 0.0 0.0 0.0 0.0 0.0 0.0 0.0 0.0 0.0 0.0 0.0 0.0 0.0 1 20.0 0.0 0.0 20.0 20.0 20.0 20.0 20.0 44.0 44.0 0.0 0.0 0.0 0.0 44.0 0.0 44.0 0.0 44.0 0.0 44.0 0.0 44.0 0.0
62 20 1 14.68017359999908 37.979856200000995 0.03532060000043202 52.69535040000051 61.56425249999984 61.56425249999984 61.56425249999984 1138.60546875 1161.953125 73 73 1.0 0 44 44 False 0 0 False 1.6590909090909092 1.6590909090909092 1.0102539818394234 1.0102539818394234 0.6089202082319812 0.6089202082319812 1.0 1.0 1.0 1.0 1.0 1.0 2.0 2.0 6.0 6.0 18 0.4090909090909091 22 0.3013698630136986 2.9134821261119046 0.0 0.0 0 0 0.0 0.0 0.0 0.0 0.0 0.0 0.0 0.0 0.0 0.0 0.0 0.0 0.0 0.0 0.0 0.0 1 44.0 0.0 0.0 44.0 44.0 44.0 44.0 44.0 73.0 73.0 0.0 0.0 0.0 0.0 73.0 0.0 73.0 0.0 73.0 0.0 73.0 0.0 73.0 0.0
63 21 3 1.127403400000503 0.7647275000001628 0.0 1.8921309000006659 1.8921309000006659 1.8921309000006659 1.8921309000006659 933.02734375 929.87109375 20 20 1.0 20 1 0 False 0 0 False 1.0 1.0 0.0 0.0 0.0 0.0 0.0 0.0 0.0 0.0 0.0 0.0 0.0 0.0 0.0 0.0 0 0.0 0 0.0 0.0 0.0 0.0 0 0 0.0 0.0 0.0 0.0 0.0 0.0 0.0 0.0 0.0 0.0 0.0 0.0 0.0 0.0 0.0 0.0 1 1.0 0.0 0.0 0.0 0.0 0.0 0.0 0.0 1.0 1.0 0.0 0.0 0.0 0.0 0.0 0.0 0.0 0.0 0.0 0.0 0.0 0.0 0.0 0.0
64 21 2 4.639609500000688 6.735787199999322 0.015531599999576429 11.390928299999587 13.283059200000253 13.283059200000253 13.283059200000253 970.7578125 976.62890625 44 44 1.0 44 20 20 False 0 0 False 2.2 2.2 2.0925934551223877 2.0925934551223877 0.9511788432374488 0.9511788432374488 1.0 1.0 1.0 1.0 1.5 1.5 2.25 2.25 10.0 10.0 10 0.5 25 0.5681818181818182 5.705260730238364 0.0 0.0 0 0 0.0 0.0 0.0 0.0 0.0 0.0 0.0 0.0 0.0 0.0 0.0 0.0 0.0 0.0 0.0 0.0 1 20.0 0.0 0.0 20.0 20.0 20.0 20.0 20.0 44.0 44.0 0.0 0.0 0.0 0.0 44.0 0.0 44.0 0.0 44.0 0.0 44.0 0.0 44.0 0.0
65 21 1 14.630307299999913 29.52989010000033 0.03509580000013557 44.19529320000038 57.47835240000063 57.47835240000063 57.47835240000063 1147.2890625 1169.24609375 73 73 1.0 0 44 44 False 0 0 False 1.6590909090909092 1.6590909090909092 1.0330172969168459 1.0330172969168459 0.6226405625252222 0.6226405625252222 1.0 1.0 1.0 1.0 1.0 1.0 2.0 2.0 6.0 6.0 17 0.38636363636363635 26 0.3561643835616438 3.327159399460969 0.0 0.0 0 0 0.0 0.0 0.0 0.0 0.0 0.0 0.0 0.0 0.0 0.0 0.0 0.0 0.0 0.0 0.0 0.0 1 44.0 0.0 0.0 44.0 44.0 44.0 44.0 44.0 73.0 73.0 0.0 0.0 0.0 0.0 73.0 0.0 73.0 0.0 73.0 0.0 73.0 0.0 73.0 0.0
66 22 3 1.1238752999997814 0.7869101999999657 0.0 1.9107854999997471 1.9107854999997471 1.9107854999997471 1.9107854999997471 941.37109375 937.28515625 20 20 1.0 20 1 0 False 0 0 False 1.0 1.0 0.0 0.0 0.0 0.0 0.0 0.0 0.0 0.0 0.0 0.0 0.0 0.0 0.0 0.0 0 0.0 0 0.0 0.0 0.0 0.0 0 0 0.0 0.0 0.0 0.0 0.0 0.0 0.0 0.0 0.0 0.0 0.0 0.0 0.0 0.0 0.0 0.0 1 1.0 0.0 0.0 0.0 0.0 0.0 0.0 0.0 1.0 1.0 0.0 0.0 0.0 0.0 0.0 0.0 0.0 0.0 0.0 0.0 0.0 0.0 0.0 0.0
67 22 2 4.590290699999514 4.163076999999703 0.015226999999640611 8.768594699998857 10.679380199998604 10.679380199998604 10.679380199998604 976.8984375 982.93359375 44 44 1.0 44 20 20 False 0 0 False 2.2 2.2 2.30788123383195 2.30788123383195 1.049036924469068 1.049036924469068 1.0 1.0 1.0 1.0 1.0 1.0 2.0 2.0 10.0 10.0 9 0.45 27 0.6136363636363636 7.359347797189638 0.0 0.0 0 0 0.0 0.0 0.0 0.0 0.0 0.0 0.0 0.0 0.0 0.0 0.0 0.0 0.0 0.0 0.0 0.0 1 20.0 0.0 0.0 20.0 20.0 20.0 20.0 20.0 44.0 44.0 0.0 0.0 0.0 0.0 44.0 0.0 44.0 0.0 44.0 0.0 44.0 0.0 44.0 0.0
68 22 1 13.992573500000162 20.427106499999127 0.03663920000053622 34.456319199999825 45.13569939999843 45.13569939999843 45.13569939999843 1142.10546875 1165.5625 71 71 1.0 0 44 44 False 0 0 False 1.6136363636363635 1.6136363636363635 1.016512713767804 1.016512713767804 0.6299515409265265 0.6299515409265265 1.0 1.0 1.0 1.0 1.0 1.0 2.0 2.0 6.0 6.0 19 0.4318181818181818 32 0.4507042253521127 2.908336194714706 0.0 0.0 0 0 0.0 0.0 0.0 0.0 0.0 0.0 0.0 0.0 0.0 0.0 0.0 0.0 0.0 0.0 0.0 0.0 1 44.0 0.0 0.0 44.0 44.0 44.0 44.0 44.0 71.0 71.0 0.0 0.0 0.0 0.0 71.0 0.0 71.0 0.0 71.0 0.0 71.0 0.0 71.0 0.0
69 23 3 1.1261537999998836 0.7499473999998827 0.0 1.8761011999997663 1.8761011999997663 1.8761011999997663 1.8761011999997663 948.28515625 944.24609375 20 20 1.0 20 1 0 False 0 0 False 1.0 1.0 0.0 0.0 0.0 0.0 0.0 0.0 0.0 0.0 0.0 0.0 0.0 0.0 0.0 0.0 0 0.0 0 0.0 0.0 0.0 0.0 0 0 0.0 0.0 0.0 0.0 0.0 0.0 0.0 0.0 0.0 0.0 0.0 0.0 0.0 0.0 0.0 0.0 1 1.0 0.0 0.0 0.0 0.0 0.0 0.0 0.0 1.0 1.0 0.0 0.0 0.0 0.0 0.0 0.0 0.0 0.0 0.0 0.0 0.0 0.0 0.0 0.0
70 23 2 4.586487399999896 4.004548699999759 0.015028500000198619 8.606064599999854 10.48216579999962 10.48216579999962 10.48216579999962 984.578125 990.89453125 44 44 1.0 44 20 20 False 0 0 False 2.2 2.2 2.30788123383195 2.30788123383195 1.049036924469068 1.049036924469068 1.0 1.0 1.0 1.0 1.0 1.0 2.0 2.0 10.0 10.0 9 0.45 27 0.6136363636363636 7.359347797189638 0.0 0.0 0 0 0.0 0.0 0.0 0.0 0.0 0.0 0.0 0.0 0.0 0.0 0.0 0.0 0.0 0.0 0.0 0.0 1 20.0 0.0 0.0 20.0 20.0 20.0 20.0 20.0 44.0 44.0 0.0 0.0 0.0 0.0 44.0 0.0 44.0 0.0 44.0 0.0 44.0 0.0 44.0 0.0
71 23 1 14.715561199999001 21.143696399999044 0.035076300000582705 35.89433389999863 46.37649969999825 46.37649969999825 46.37649969999825 1155.765625 1179.046875 73 73 1.0 0 44 44 False 0 0 False 1.6590909090909092 1.6590909090909092 0.9631146619216513 0.9631146619216513 0.5805074674596254 0.5805074674596254 1.0 1.0 1.0 1.0 1.0 1.0 2.0 2.0 6.0 6.0 10 0.22727272727272727 12 0.1643835616438356 3.06434945841785 0.0 0.0 0 0 0.0 0.0 0.0 0.0 0.0 0.0 0.0 0.0 0.0 0.0 0.0 0.0 0.0 0.0 0.0 0.0 1 44.0 0.0 0.0 44.0 44.0 44.0 44.0 44.0 73.0 73.0 0.0 0.0 0.0 0.0 73.0 0.0 73.0 0.0 73.0 0.0 73.0 0.0 73.0 0.0
72 24 3 1.1293327000003046 0.7289811000002828 0.0 1.8583138000005874 1.8583138000005874 1.8583138000005874 1.8583138000005874 958.0390625 954.91796875 20 20 1.0 20 1 0 False 0 0 False 1.0 1.0 0.0 0.0 0.0 0.0 0.0 0.0 0.0 0.0 0.0 0.0 0.0 0.0 0.0 0.0 0 0.0 0 0.0 0.0 0.0 0.0 0 0 0.0 0.0 0.0 0.0 0.0 0.0 0.0 0.0 0.0 0.0 0.0 0.0 0.0 0.0 0.0 0.0 1 1.0 0.0 0.0 0.0 0.0 0.0 0.0 0.0 1.0 1.0 0.0 0.0 0.0 0.0 0.0 0.0 0.0 0.0 0.0 0.0 0.0 0.0 0.0 0.0
73 24 2 4.634601900000007 9.679771500000243 0.014672700000119221 14.329046100000369 16.187359900000956 16.187359900000956 16.187359900000956 995.44921875 1001.68359375 44 44 1.0 44 20 20 False 0 0 False 2.2 2.2 2.1667341419992585 2.1667341419992585 0.9848791554542083 0.9848791554542083 1.0 1.0 1.0 1.0 1.0 1.0 2.25 2.25 10.0 10.0 13 0.65 32 0.7272727272727273 6.009991680526687 0.0 0.0 0 0 0.0 0.0 0.0 0.0 0.0 0.0 0.0 0.0 0.0 0.0 0.0 0.0 0.0 0.0 0.0 0.0 1 20.0 0.0 0.0 20.0 20.0 20.0 20.0 20.0 44.0 44.0 0.0 0.0 0.0 0.0 44.0 0.0 44.0 0.0 44.0 0.0 44.0 0.0 44.0 0.0
74 24 1 14.609472099998584 27.102490799998805 0.035369600000422 41.74733249999781 57.93469239999877 57.93469239999877 57.93469239999877 1166.26171875 1187.89453125 73 73 1.0 0 44 44 False 0 0 False 1.6590909090909092 1.6590909090909092 1.0771016625849856 1.0771016625849856 0.6492119610101283 0.6492119610101283 1.0 1.0 1.0 1.0 1.0 1.0 2.0 2.0 6.0 6.0 22 0.5 30 0.410958904109589 3.34218435772052 0.0 0.0 0 0 0.0 0.0 0.0 0.0 0.0 0.0 0.0 0.0 0.0 0.0 0.0 0.0 0.0 0.0 0.0 0.0 1 44.0 0.0 0.0 44.0 44.0 44.0 44.0 44.0 73.0 73.0 0.0 0.0 0.0 0.0 73.0 0.0 73.0 0.0 73.0 0.0 73.0 0.0 73.0 0.0
