 RU AL GT ST OT TT LT CT WT RSS VMS LE AC CF PSG SIZE SGLITS_T HAS_TRAILING TOT_CHOICES PRE_CHOICES FGOALS_ORDER CP_EF_L CP_EF_A SP_ED_L SP_ED_A SP_EB_L SP_EB_A SP_MIN_L SP_MIN_A SP_LOWER_L SP_LOWER_A SP_MED_L SP_MED_A SP_UPPER_L SP_UPPER_A SP_MAX_L SP_MAX_A T_INTER_SP P_INTER_SP T_INTER_Q P_INTER_Q M_CHILD_SPREAD DIV_INDEX_SPREAD DIV_STEP_SPREAD DIVS_T DS_T DS_TD_MEAN DS_TD_STD DS_TD_CD DS_TD_MIN DS_TD_LOWER DS_TD_MED DS_TD_UPPER DS_TD_MAX DS_TS_MEAN DS_TS_STD DS_TS_CD DS_TS_MIN DS_TS_LOWER DS_TS_MED DS_TS_UPPER DS_TS_MAX PR_T PR_TS_MEAN PR_TS_STD PR_TS_CD PR_TS_MIN PR_TS_LOWER PR_TS_MED PR_TS_UPPER PR_TS_MAX PP_LE_MEAN PP_AC_MEAN PP_LE_STD PP_AC_STD PP_LE_CD PP_AC_CD PP_LE_MIN PP_AC_MIN PP_LE_LOWER PP_AC_LOWER PP_LE_MED PP_AC_MED PP_LE_UPPER PP_AC_UPPER PP_LE_MAX PP_AC_MAX
0 0 3 1.131400499999998 0.850387599999948 0.0 1.981788099999946 1.981788099999946 1.981788099999946 1.981788099999946 358.671875 353.12890625 20 20 1.0 20 1 0 False 0 0 False 1.0 1.0 0.0 0.0 0.0 0.0 0.0 0.0 0.0 0.0 0.0 0.0 0.0 0.0 0.0 0.0 0 0.0 0 0.0 0.0 0.0 0.0 0 0 0.0 0.0 0.0 0.0 0.0 0.0 0.0 0.0 0.0 0.0 0.0 0.0 0.0 0.0 0.0 0.0 1 1.0 0.0 0.0 0.0 0.0 0.0 0.0 0.0 1.0 1.0 0.0 0.0 0.0 0.0 0.0 0.0 0.0 0.0 0.0 0.0 0.0 0.0 0.0 0.0
1 0 2 4.662495599999929 3.6509290999999564 0.014712599999995746 8.32813729999988 10.309925399999827 10.309925399999827 10.309925399999827 498.203125 510.25390625 44 44 1.0 44 20 20 False 0 0 False 2.2 2.2 2.0925934551223877 2.0925934551223877 0.9511788432374488 0.9511788432374488 1.0 1.0 1.0 1.0 1.5 1.5 2.25 2.25 10.0 10.0 6 0.3 13 0.29545454545454547 6.376519426771942 0.0 0.0 0 0 0.0 0.0 0.0 0.0 0.0 0.0 0.0 0.0 0.0 0.0 0.0 0.0 0.0 0.0 0.0 0.0 1 20.0 0.0 0.0 20.0 20.0 20.0 20.0 20.0 44.0 44.0 0.0 0.0 0.0 0.0 44.0 0.0 44.0 0.0 44.0 0.0 44.0 0.0 44.0 0.0
2 0 1 14.751064199999831 32.26507720000001 0.035545900000045094 47.051687299999884 57.36161269999971 57.36161269999971 57.36161269999971 798.17578125 821.1171875 73 73 1.0 0 44 44 False 0 0 False 1.6590909090909092 1.6590909090909092 1.1194513153135752 1.1194513153135752 0.6747377790931138 0.6747377790931138 1.0 1.0 1.0 1.0 1.0 1.0 2.0 2.0 6.0 6.0 19 0.4318181818181818 41 0.5616438356164384 4.048613424514251 0.0 0.0 0 0 0.0 0.0 0.0 0.0 0.0 0.0 0.0 0.0 0.0 0.0 0.0 0.0 0.0 0.0 0.0 0.0 1 44.0 0.0 0.0 44.0 44.0 44.0 44.0 44.0 73.0 73.0 0.0 0.0 0.0 0.0 73.0 0.0 73.0 0.0 73.0 0.0 73.0 0.0 73.0 0.0
3 1 3 1.133793399999945 0.8338565999999048 0.0 1.9676499999998498 1.9676499999998498 1.9676499999998498 1.9676499999998498 393.890625 390.90625 20 20 1.0 20 1 0 False 0 0 False 1.0 1.0 0.0 0.0 0.0 0.0 0.0 0.0 0.0 0.0 0.0 0.0 0.0 0.0 0.0 0.0 0 0.0 0 0.0 0.0 0.0 0.0 0 0 0.0 0.0 0.0 0.0 0.0 0.0 0.0 0.0 0.0 0.0 0.0 0.0 0.0 0.0 0.0 0.0 1 1.0 0.0 0.0 0.0 0.0 0.0 0.0 0.0 1.0 1.0 0.0 0.0 0.0 0.0 0.0 0.0 0.0 0.0 0.0 0.0 0.0 0.0 0.0 0.0
4 1 2 4.6556686000000695 4.716822500000092 0.014905099999992899 9.387396200000154 11.355046200000004 11.355046200000004 11.355046200000004 527.484375 539.86328125 44 44 1.0 44 20 20 False 0 0 False 2.2 2.2 2.117595458607661 2.117595458607661 0.9625433902762094 0.9625433902762094 1.0 1.0 1.0 1.0 1.5 1.5 2.25 2.25 10.0 10.0 12 0.6 25 0.5681818181818182 5.961543424315551 0.0 0.0 0 0 0.0 0.0 0.0 0.0 0.0 0.0 0.0 0.0 0.0 0.0 0.0 0.0 0.0 0.0 0.0 0.0 1 20.0 0.0 0.0 20.0 20.0 20.0 20.0 20.0 44.0 44.0 0.0 0.0 0.0 0.0 44.0 0.0 44.0 0.0 44.0 0.0 44.0 0.0 44.0 0.0
5 1 1 14.887417299999953 44.28835940000002 0.037182400000006055 59.21295909999998 70.56800529999998 70.56800529999998 70.56800529999998 853.96484375 878.11328125 73 73 1.0 0 44 44 False 0 0 False 1.6590909090909092 1.6590909090909092 1.140036348220648 1.140036348220648 0.6871451961877878 0.6871451961877878 1.0 1.0 1.0 1.0 1.0 1.0 2.0 2.0 6.0 6.0 21 0.4772727272727273 38 0.5205479452054794 3.554148722337861 0.0 0.0 0 0 0.0 0.0 0.0 0.0 0.0 0.0 0.0 0.0 0.0 0.0 0.0 0.0 0.0 0.0 0.0 0.0 1 44.0 0.0 0.0 44.0 44.0 44.0 44.0 44.0 73.0 73.0 0.0 0.0 0.0 0.0 73.0 0.0 73.0 0.0 73.0 0.0 73.0 0.0 73.0 0.0
6 2 3 1.1316933999999605 0.9167576000000395 0.0 2.048451 2.048451 2.048451 2.048451 411.65625 407.10546875 20 20 1.0 20 1 0 False 0 0 False 1.0 1.0 0.0 0.0 0.0 0.0 0.0 0.0 0.0 0.0 0.0 0.0 0.0 0.0 0.0 0.0 0 0.0 0 0.0 0.0 0.0 0.0 0 0 0.0 0.0 0.0 0.0 0.0 0.0 0.0 0.0 0.0 0.0 0.0 0.0 0.0 0.0 0.0 0.0 1 1.0 0.0 0.0 0.0 0.0 0.0 0.0 0.0 1.0 1.0 0.0 0.0 0.0 0.0 0.0 0.0 0.0 0.0 0.0 0.0 0.0 0.0 0.0 0.0
7 2 2 4.623042499999656 6.209064000000126 0.014963100000045415 10.847069599999827 12.895520599999827 12.895520599999827 12.895520599999827 550.0625 560.74609375 44 44 1.0 44 20 20 False 0 0 False 2.2 2.2 2.1667341419992585 2.1667341419992585 0.9848791554542083 0.9848791554542083 1.0 1.0 1.0 1.0 1.0 1.0 2.25 2.25 10.0 10.0 12 0.6 36 0.8181818181818182 6.382789358893177 0.0 0.0 0 0 0.0 0.0 0.0 0.0 0.0 0.0 0.0 0.0 0.0 0.0 0.0 0.0 0.0 0.0 0.0 0.0 1 20.0 0.0 0.0 20.0 20.0 20.0 20.0 20.0 44.0 44.0 0.0 0.0 0.0 0.0 44.0 0.0 44.0 0.0 44.0 0.0 44.0 0.0 44.0 0.0
8 2 1 14.760424900000032 25.908483400000364 0.03477789999999459 40.70368620000039 53.59920680000022 53.59920680000022 53.59920680000022 814.953125 835.09765625 73 73 1.0 0 44 44 False 0 0 False 1.6590909090909092 1.6590909090909092 1.0330172969168459 1.0330172969168459 0.6226405625252222 0.6226405625252222 1.0 1.0 1.0 1.0 1.0 1.0 2.0 2.0 6.0 6.0 18 0.4090909090909091 24 0.3287671232876712 3.204102161473166 0.0 0.0 0 0 0.0 0.0 0.0 0.0 0.0 0.0 0.0 0.0 0.0 0.0 0.0 0.0 0.0 0.0 0.0 0.0 1 44.0 0.0 0.0 44.0 44.0 44.0 44.0 44.0 73.0 73.0 0.0 0.0 0.0 0.0 73.0 0.0 73.0 0.0 73.0 0.0 73.0 0.0 73.0 0.0
9 3 3 1.1298730000000887 0.7232515999999691 0.0 1.8531246000000579 1.8531246000000579 1.8531246000000579 1.8531246000000579 610.40234375 604.7578125 20 20 1.0 20 1 0 False 0 0 False 1.0 1.0 0.0 0.0 0.0 0.0 0.0 0.0 0.0 0.0 0.0 0.0 0.0 0.0 0.0 0.0 0 0.0 0 0.0 0.0 0.0 0.0 0 0 0.0 0.0 0.0 0.0 0.0 0.0 0.0 0.0 0.0 0.0 0.0 0.0 0.0 0.0 0.0 0.0 1 1.0 0.0 0.0 0.0 0.0 0.0 0.0 0.0 1.0 1.0 0.0 0.0 0.0 0.0 0.0 0.0 0.0 0.0 0.0 0.0 0.0 0.0 0.0 0.0
10 3 2 4.309501600000033 1.9066448999999466 0.01506460000007337 6.231211100000053 8.08433570000011 8.08433570000011 8.08433570000011 644.3828125 649.96875 42 42 1.0 42 20 20 False 0 0 False 2.1 2.1 2.125038699338017 2.125038699338017 1.0119231901609604 1.0119231901609604 1.0 1.0 1.0 1.0 1.0 1.0 2.0 2.0 10.0 10.0 7 0.35 14 0.3333333333333333 7.675610724886977 0.0 0.0 0 0 0.0 0.0 0.0 0.0 0.0 0.0 0.0 0.0 0.0 0.0 0.0 0.0 0.0 0.0 0.0 0.0 1 20.0 0.0 0.0 20.0 20.0 20.0 20.0 20.0 42.0 42.0 0.0 0.0 0.0 0.0 42.0 0.0 42.0 0.0 42.0 0.0 42.0 0.0 42.0 0.0
11 3 1 13.213258300000348 16.902731400000107 0.03269289999985858 30.148682600000313 38.233018300000424 38.233018300000424 38.233018300000424 812.0703125 835.41015625 69 69 1.0 0 42 42 False 0 0 False 1.6428571428571428 1.6428571428571428 0.9581849857407257 0.9581849857407257 0.5832430347987027 0.5832430347987027 1.0 1.0 1.0 1.0 1.0 1.0 2.0 2.0 6.0 6.0 10 0.23809523809523808 11 0.15942028985507245 2.90715163213839 0.0 0.0 0 0 0.0 0.0 0.0 0.0 0.0 0.0 0.0 0.0 0.0 0.0 0.0 0.0 0.0 0.0 0.0 0.0 1 42.0 0.0 0.0 42.0 42.0 42.0 42.0 42.0 69.0 69.0 0.0 0.0 0.0 0.0 69.0 0.0 69.0 0.0 69.0 0.0 69.0 0.0 69.0 0.0
12 4 3 1.1335092000001055 0.9004876999999283 0.0 2.0339969000000337 2.0339969000000337 2.0339969000000337 2.0339969000000337 620.328125 613.9609375 20 20 1.0 20 1 0 False 0 0 False 1.0 1.0 0.0 0.0 0.0 0.0 0.0 0.0 0.0 0.0 0.0 0.0 0.0 0.0 0.0 0.0 0 0.0 0 0.0 0.0 0.0 0.0 0 0 0.0 0.0 0.0 0.0 0.0 0.0 0.0 0.0 0.0 0.0 0.0 0.0 0.0 0.0 0.0 0.0 1 1.0 0.0 0.0 0.0 0.0 0.0 0.0 0.0 1.0 1.0 0.0 0.0 0.0 0.0 0.0 0.0 0.0 0.0 0.0 0.0 0.0 0.0 0.0 0.0
13 4 2 4.62263930000023 3.181338799999992 0.01511980000003632 7.8190979000002585 9.853094800000292 9.853094800000292 9.853094800000292 655.05859375 659.31640625 44 44 1.0 44 20 20 False 0 0 False 2.2 2.2 2.015727634065883 2.015727634065883 0.9162398336663103 0.9162398336663103 1.0 1.0 1.0 1.0 2.0 2.0 2.0 2.0 10.0 10.0 4 0.2 8 0.18181818181818182 4.988987873306568 0.0 0.0 0 0 0.0 0.0 0.0 0.0 0.0 0.0 0.0 0.0 0.0 0.0 0.0 0.0 0.0 0.0 0.0 0.0 1 20.0 0.0 0.0 20.0 20.0 20.0 20.0 20.0 44.0 44.0 0.0 0.0 0.0 0.0 44.0 0.0 44.0 0.0 44.0 0.0 44.0 0.0 44.0 0.0
14 4 1 14.779664300000206 25.353549199999748 0.03417930000000524 40.16739279999996 50.02048760000025 50.02048760000025 50.02048760000025 860.4609375 881.34765625 73 73 1.0 0 44 44 False 0 0 False 1.6590909090909092 1.6590909090909092 0.9869657947038658 0.9869657947038658 0.5948834926982205 0.5948834926982205 1.0 1.0 1.0 1.0 1.0 1.0 2.0 2.0 6.0 6.0 16 0.36363636363636365 18 0.2465753424657534 3.137310463143351 0.0 0.0 0 0 0.0 0.0 0.0 0.0 0.0 0.0 0.0 0.0 0.0 0.0 0.0 0.0 0.0 0.0 0.0 0.0 1 44.0 0.0 0.0 44.0 44.0 44.0 44.0 44.0 73.0 73.0 0.0 0.0 0.0 0.0 73.0 0.0 73.0 0.0 73.0 0.0 73.0 0.0 73.0 0.0
15 5 3 1.1322601999997346 0.6498640999999452 0.0 1.7821242999996798 1.7821242999996798 1.7821242999996798 1.7821242999996798 649.35546875 644.296875 20 20 1.0 20 1 0 False 0 0 False 1.0 1.0 0.0 0.0 0.0 0.0 0.0 0.0 0.0 0.0 0.0 0.0 0.0 0.0 0.0 0.0 0 0.0 0 0.0 0.0 0.0 0.0 0 0 0.0 0.0 0.0 0.0 0.0 0.0 0.0 0.0 0.0 0.0 0.0 0.0 0.0 0.0 0.0 0.0 1 1.0 0.0 0.0 0.0 0.0 0.0 0.0 0.0 1.0 1.0 0.0 0.0 0.0 0.0 0.0 0.0 0.0 0.0 0.0 0.0 0.0 0.0 0.0 0.0
16 5 2 4.282827899999802 1.8515995000003045 0.014541099999860307 6.148968499999967 7.931092799999647 7.931092799999647 7.931092799999647 681.62890625 687.44921875 42 42 1.0 42 20 20 False 0 0 False 2.1 2.1 2.100125309544522 2.100125309544522 1.000059671211677 1.000059671211677 1.0 1.0 1.0 1.0 1.0 1.0 2.0 2.0 10.0 10.0 8 0.4 25 0.5952380952380952 8.296686085419887 0.0 0.0 0 0 0.0 0.0 0.0 0.0 0.0 0.0 0.0 0.0 0.0 0.0 0.0 0.0 0.0 0.0 0.0 0.0 1 20.0 0.0 0.0 20.0 20.0 20.0 20.0 20.0 42.0 42.0 0.0 0.0 0.0 0.0 42.0 0.0 42.0 0.0 42.0 0.0 42.0 0.0 42.0 0.0
17 5 1 13.819433599999627 21.663199899999995 0.03314369999975497 35.51577719999938 43.44686999999902 43.44686999999902 43.44686999999902 857.67578125 879.34375 71 71 1.0 0 42 42 False 0 0 False 1.6904761904761905 1.6904761904761905 1.0238162763464755 1.0238162763464755 0.6056377972753799 0.6056377972753799 1.0 1.0 1.0 1.0 1.0 1.0 2.0 2.0 6.0 6.0 11 0.2619047619047619 18 0.2535211267605634 3.302336033843812 0.0 0.0 0 0 0.0 0.0 0.0 0.0 0.0 0.0 0.0 0.0 0.0 0.0 0.0 0.0 0.0 0.0 0.0 0.0 1 42.0 0.0 0.0 42.0 42.0 42.0 42.0 42.0 71.0 71.0 0.0 0.0 0.0 0.0 71.0 0.0 71.0 0.0 71.0 0.0 71.0 0.0 71.0 0.0
18 6 3 1.1282519000000661 0.7323561000000609 0.0 1.860608000000127 1.860608000000127 1.860608000000127 1.860608000000127 665.63671875 659.890625 20 20 1.0 20 1 0 False 0 0 False 1.0 1.0 0.0 0.0 0.0 0.0 0.0 0.0 0.0 0.0 0.0 0.0 0.0 0.0 0.0 0.0 0 0.0 0 0.0 0.0 0.0 0.0 0 0 0.0 0.0 0.0 0.0 0.0 0.0 0.0 0.0 0.0 0.0 0.0 0.0 0.0 0.0 0.0 0.0 1 1.0 0.0 0.0 0.0 0.0 0.0 0.0 0.0 1.0 1.0 0.0 0.0 0.0 0.0 0.0 0.0 0.0 0.0 0.0 0.0 0.0 0.0 0.0 0.0
19 6 2 4.596972200000096 6.287512799999831 0.014946699999995872 10.899431699999923 12.76003970000005 12.76003970000005 12.76003970000005 702.21875 706.5390625 44 44 1.0 44 20 20 False 0 0 False 2.2 2.2 2.067289096988207 2.067289096988207 0.9396768622673667 0.9396768622673667 1.0 1.0 1.0 1.0 1.5 1.5 3.0 3.0 10.0 10.0 13 0.65 20 0.45454545454545453 5.453439281774391 0.0 0.0 0 0 0.0 0.0 0.0 0.0 0.0 0.0 0.0 0.0 0.0 0.0 0.0 0.0 0.0 0.0 0.0 0.0 1 20.0 0.0 0.0 20.0 20.0 20.0 20.0 20.0 44.0 44.0 0.0 0.0 0.0 0.0 44.0 0.0 44.0 0.0 44.0 0.0 44.0 0.0 44.0 0.0
20 6 1 14.760210200000358 32.87035130000004 0.035297100000320825 47.66585860000072 60.42589830000077 60.42589830000077 60.42589830000077 923.75 945.05078125 73 73 1.0 0 44 44 False 0 0 False 1.6590909090909092 1.6590909090909092 1.0771016625849856 1.0771016625849856 0.6492119610101283 0.6492119610101283 1.0 1.0 1.0 1.0 1.0 1.0 2.0 2.0 6.0 6.0 24 0.5454545454545454 37 0.5068493150684932 3.473594311087078 0.0 0.0 0 0 0.0 0.0 0.0 0.0 0.0 0.0 0.0 0.0 0.0 0.0 0.0 0.0 0.0 0.0 0.0 0.0 1 44.0 0.0 0.0 44.0 44.0 44.0 44.0 44.0 73.0 73.0 0.0 0.0 0.0 0.0 73.0 0.0 73.0 0.0 73.0 0.0 73.0 0.0 73.0 0.0
21 7 3 1.1312072000000626 0.87133990000018 0.0 2.0025471000002426 2.0025471000002426 2.0025471000002426 2.0025471000002426 518.42578125 515.38671875 20 20 1.0 20 1 0 False 0 0 False 1.0 1.0 0.0 0.0 0.0 0.0 0.0 0.0 0.0 0.0 0.0 0.0 0.0 0.0 0.0 0.0 0 0.0 0 0.0 0.0 0.0 0.0 0 0 0.0 0.0 0.0 0.0 0.0 0.0 0.0 0.0 0.0 0.0 0.0 0.0 0.0 0.0 0.0 0.0 1 1.0 0.0 0.0 0.0 0.0 0.0 0.0 0.0 1.0 1.0 0.0 0.0 0.0 0.0 0.0 0.0 0.0 0.0 0.0 0.0 0.0 0.0 0.0 0.0
22 7 2 4.304468899999961 1.4759805999998434 0.0149044000000913 5.7953538999998955 7.797901000000138 7.797901000000138 7.797901000000138 639.16015625 657.28515625 42 42 1.0 42 20 20 False 0 0 False 2.1 2.1 2.125038699338017 2.125038699338017 1.0119231901609604 1.0119231901609604 1.0 1.0 1.0 1.0 1.0 1.0 2.0 2.0 10.0 10.0 3 0.15 14 0.3333333333333333 7.611504450501227 0.0 0.0 0 0 0.0 0.0 0.0 0.0 0.0 0.0 0.0 0.0 0.0 0.0 0.0 0.0 0.0 0.0 0.0 0.0 1 20.0 0.0 0.0 20.0 20.0 20.0 20.0 20.0 42.0 42.0 0.0 0.0 0.0 0.0 42.0 0.0 42.0 0.0 42.0 0.0 42.0 0.0 42.0 0.0
23 7 1 13.187851599999476 16.671823300000028 0.033301200000209974 29.892976099999714 37.69087709999985 37.69087709999985 37.69087709999985 903.1953125 928.3984375 69 69 1.0 0 42 42 False 0 0 False 1.6428571428571428 1.6428571428571428 1.0317266742280093 1.0317266742280093 0.6280075408344405 0.6280075408344405 1.0 1.0 1.0 1.0 1.0 1.0 2.0 2.0 6.0 6.0 18 0.42857142857142855 21 0.30434782608695654 2.7822016926354216 0.0 0.0 0 0 0.0 0.0 0.0 0.0 0.0 0.0 0.0 0.0 0.0 0.0 0.0 0.0 0.0 0.0 0.0 0.0 1 42.0 0.0 0.0 42.0 42.0 42.0 42.0 42.0 69.0 69.0 0.0 0.0 0.0 0.0 69.0 0.0 69.0 0.0 69.0 0.0 69.0 0.0 69.0 0.0
24 8 3 1.1256242000000611 0.672625600000174 0.0 1.7982498000002352 1.7982498000002352 1.7982498000002352 1.7982498000002352 704.84375 699.6484375 20 20 1.0 20 1 0 False 0 0 False 1.0 1.0 0.0 0.0 0.0 0.0 0.0 0.0 0.0 0.0 0.0 0.0 0.0 0.0 0.0 0.0 0 0.0 0 0.0 0.0 0.0 0.0 0 0 0.0 0.0 0.0 0.0 0.0 0.0 0.0 0.0 0.0 0.0 0.0 0.0 0.0 0.0 0.0 0.0 1 1.0 0.0 0.0 0.0 0.0 0.0 0.0 0.0 1.0 1.0 0.0 0.0 0.0 0.0 0.0 0.0 0.0 0.0 0.0 0.0 0.0 0.0 0.0 0.0
25 8 2 4.626210199999264 3.082633999999757 0.014627100000097926 7.723471299999119 9.521721099999354 9.521721099999354 9.521721099999354 738.84375 743.046875 44 44 1.0 44 20 20 False 0 0 False 2.2 2.2 2.067289096988207 2.067289096988207 0.9396768622673667 0.9396768622673667 1.0 1.0 1.0 1.0 2.0 2.0 2.0 2.0 10.0 10.0 4 0.2 10 0.22727272727272727 5.371219600798313 0.0 0.0 0 0 0.0 0.0 0.0 0.0 0.0 0.0 0.0 0.0 0.0 0.0 0.0 0.0 0.0 0.0 0.0 0.0 1 20.0 0.0 0.0 20.0 20.0 20.0 20.0 20.0 44.0 44.0 0.0 0.0 0.0 0.0 44.0 0.0 44.0 0.0 44.0 0.0 44.0 0.0 44.0 0.0
26 8 1 14.933644200000003 31.414348699999437 0.03663130000006731 46.38462419999951 55.90634529999886 55.90634529999886 55.90634529999886 933.83203125 954.26171875 73 73 1.0 0 44 44 False 0 0 False 1.6590909090909092 1.6590909090909092 0.9631146619216513 0.9631146619216513 0.5805074674596254 0.5805074674596254 1.0 1.0 1.0 1.0 1.0 1.0 2.0 2.0 6.0 6.0 23 0.5227272727272727 23 0.3150684931506849 2.634550708947642 0.0 0.0 0 0 0.0 0.0 0.0 0.0 0.0 0.0 0.0 0.0 0.0 0.0 0.0 0.0 0.0 0.0 0.0 0.0 1 44.0 0.0 0.0 44.0 44.0 44.0 44.0 44.0 73.0 73.0 0.0 0.0 0.0 0.0 73.0 0.0 73.0 0.0 73.0 0.0 73.0 0.0 73.0 0.0
27 9 3 1.1348484000000099 0.737967099999878 0.0 1.8728154999998878 1.8728154999998878 1.8728154999998878 1.8728154999998878 543.34375 539.48046875 20 20 1.0 20 1 0 False 0 0 False 1.0 1.0 0.0 0.0 0.0 0.0 0.0 0.0 0.0 0.0 0.0 0.0 0.0 0.0 0.0 0.0 0 0.0 0 0.0 0.0 0.0 0.0 0 0 0.0 0.0 0.0 0.0 0.0 0.0 0.0 0.0 0.0 0.0 0.0 0.0 0.0 0.0 0.0 0.0 1 1.0 0.0 0.0 0.0 0.0 0.0 0.0 0.0 1.0 1.0 0.0 0.0 0.0 0.0 0.0 0.0 0.0 0.0 0.0 0.0 0.0 0.0 0.0 0.0
28 9 2 4.637034400000061 5.34858459999964 0.014682700000093973 10.000301699999795 11.873117199999683 11.873117199999683 11.873117199999683 685.6953125 696.11328125 44 44 1.0 44 20 20 False 0 0 False 2.2 2.2 1.98944583661936 1.98944583661936 0.904293562099709 0.904293562099709 1.0 1.0 1.0 1.0 2.0 2.0 2.0 2.0 10.0 10.0 12 0.6 30 0.6818181818181818 5.847221562417486 0.0 0.0 0 0 0.0 0.0 0.0 0.0 0.0 0.0 0.0 0.0 0.0 0.0 0.0 0.0 0.0 0.0 0.0 0.0 1 20.0 0.0 0.0 20.0 20.0 20.0 20.0 20.0 44.0 44.0 0.0 0.0 0.0 0.0 44.0 0.0 44.0 0.0 44.0 0.0 44.0 0.0 44.0 0.0
29 9 1 14.742293099999756 49.165521999999896 0.03561999999953969 63.94343509999919 75.81655229999888 75.81655229999888 75.81655229999888 1071.234375 1096.49609375 73 73 1.0 0 44 44 False 0 0 False 1.6590909090909092 1.6590909090909092 1.0102539818394234 1.0102539818394234 0.6089202082319812 0.6089202082319812 1.0 1.0 1.0 1.0 1.0 1.0 2.0 2.0 6.0 6.0 21 0.4772727272727273 28 0.3835616438356164 2.779007418378898 0.0 0.0 0 0 0.0 0.0 0.0 0.0 0.0 0.0 0.0 0.0 0.0 0.0 0.0 0.0 0.0 0.0 0.0 0.0 1 44.0 0.0 0.0 44.0 44.0 44.0 44.0 44.0 73.0 73.0 0.0 0.0 0.0 0.0 73.0 0.0 73.0 0.0 73.0 0.0 73.0 0.0 73.0 0.0
30 10 3 1.1286295999998401 0.7531909999999016 0.0 1.8818205999997417 1.8818205999997417 1.8818205999997417 1.8818205999997417 782.46484375 779.00390625 20 20 1.0 20 1 0 False 0 0 False 1.0 1.0 0.0 0.0 0.0 0.0 0.0 0.0 0.0 0.0 0.0 0.0 0.0 0.0 0.0 0.0 0 0.0 0 0.0 0.0 0.0 0.0 0 0 0.0 0.0 0.0 0.0 0.0 0.0 0.0 0.0 0.0 0.0 0.0 0.0 0.0 0.0 0.0 0.0 1 1.0 0.0 0.0 0.0 0.0 0.0 0.0 0.0 1.0 1.0 0.0 0.0 0.0 0.0 0.0 0.0 0.0 0.0 0.0 0.0 0.0 0.0 0.0 0.0
31 10 2 4.741478900000175 2.554970699999785 0.014349100000572435 7.310798700000532 9.192619300000274 9.192619300000274 9.192619300000274 819.3046875 824.7109375 44 44 1.0 44 20 20 False 0 0 False 2.2 2.2 2.0416711421361615 2.0416711421361615 0.9280323373346188 0.9280323373346188 1.0 1.0 1.0 1.0 2.0 2.0 2.25 2.25 10.0 10.0 3 0.15 11 0.25 5.435991169970753 0.0 0.0 0 0 0.0 0.0 0.0 0.0 0.0 0.0 0.0 0.0 0.0 0.0 0.0 0.0 0.0 0.0 0.0 0.0 1 20.0 0.0 0.0 20.0 20.0 20.0 20.0 20.0 44.0 44.0 0.0 0.0 0.0 0.0 44.0 0.0 44.0 0.0 44.0 0.0 44.0 0.0 44.0 0.0
32 10 1 13.97434289999967 24.002244800000085 0.035102400000027956 38.01169009999978 47.20430940000006 47.20430940000006 47.20430940000006 985.734375 1007.37890625 71 71 1.0 0 44 44 False 0 0 False 1.6136363636363635 1.6136363636363635 1.061282880793589 1.061282880793589 0.657696433167858 0.657696433167858 1.0 1.0 1.0 1.0 1.0 1.0 2.0 2.0 6.0 6.0 10 0.22727272727272727 18 0.2535211267605634 2.186488845403603 0.0 0.0 0 0 0.0 0.0 0.0 0.0 0.0 0.0 0.0 0.0 0.0 0.0 0.0 0.0 0.0 0.0 0.0 0.0 1 44.0 0.0 0.0 44.0 44.0 44.0 44.0 44.0 71.0 71.0 0.0 0.0 0.0 0.0 71.0 0.0 71.0 0.0 71.0 0.0 71.0 0.0 71.0 0.0
33 11 3 1.1292845999995507 0.859504199999833 0.0 1.9887887999993836 1.9887887999993836 1.9887887999993836 1.9887887999993836 585.953125 593.0234375 20 20 1.0 20 1 0 False 0 0 False 1.0 1.0 0.0 0.0 0.0 0.0 0.0 0.0 0.0 0.0 0.0 0.0 0.0 0.0 0.0 0.0 0 0.0 0 0.0 0.0 0.0 0.0 0 0 0.0 0.0 0.0 0.0 0.0 0.0 0.0 0.0 0.0 0.0 0.0 0.0 0.0 0.0 0.0 0.0 1 1.0 0.0 0.0 0.0 0.0 0.0 0.0 0.0 1.0 1.0 0.0 0.0 0.0 0.0 0.0 0.0 0.0 0.0 0.0 0.0 0.0 0.0 0.0 0.0
34 11 2 4.620610400000601 4.066252800000143 0.014967499999670508 8.701830700000414 10.690619499999798 10.690619499999798 10.690619499999798 717.7109375 736.6171875 44 44 1.0 44 20 20 False 0 0 False 2.2 2.2 2.117595458607661 2.117595458607661 0.9625433902762094 0.9625433902762094 1.0 1.0 1.0 1.0 1.5 1.5 2.25 2.25 10.0 10.0 9 0.45 16 0.36363636363636365 6.635510530471636 0.0 0.0 0 0 0.0 0.0 0.0 0.0 0.0 0.0 0.0 0.0 0.0 0.0 0.0 0.0 0.0 0.0 0.0 0.0 1 20.0 0.0 0.0 20.0 20.0 20.0 20.0 20.0 44.0 44.0 0.0 0.0 0.0 0.0 44.0 0.0 44.0 0.0 44.0 0.0 44.0 0.0 44.0 0.0
35 11 1 14.070546300000046 27.902417099999525 0.036326699999449374 42.00929009999902 52.69990959999882 52.69990959999882 52.69990959999882 967.25 989.1484375 71 71 1.0 0 44 44 False 0 0 False 1.6136363636363635 1.6136363636363635 0.9453905084834814 0.9453905084834814 0.5858758080742702 0.5858758080742702 1.0 1.0 1.0 1.0 1.0 1.0 2.0 2.0 6.0 6.0 13 0.29545454545454547 20 0.28169014084507044 2.6343546420642188 0.0 0.0 0 0 0.0 0.0 0.0 0.0 0.0 0.0 0.0 0.0 0.0 0.0 0.0 0.0 0.0 0.0 0.0 0.0 1 44.0 0.0 0.0 44.0 44.0 44.0 44.0 44.0 71.0 71.0 0.0 0.0 0.0 0.0 71.0 0.0 71.0 0.0 71.0 0.0 71.0 0.0 71.0 0.0
36 12 3 1.1271302999999762 0.7347324999998364 0.0 1.8618627999998125 1.8618627999998125 1.8618627999998125 1.8618627999998125 765.96484375 760.90625 20 20 1.0 20 1 0 False 0 0 False 1.0 1.0 0.0 0.0 0.0 0.0 0.0 0.0 0.0 0.0 0.0 0.0 0.0 0.0 0.0 0.0 0 0.0 0 0.0 0.0 0.0 0.0 0 0 0.0 0.0 0.0 0.0 0.0 0.0 0.0 0.0 0.0 0.0 0.0 0.0 0.0 0.0 0.0 0.0 1 1.0 0.0 0.0 0.0 0.0 0.0 0.0 0.0 1.0 1.0 0.0 0.0 0.0 0.0 0.0 0.0 0.0 0.0 0.0 0.0 0.0 0.0 0.0 0.0
37 12 2 4.298276700000429 1.7671930000002476 0.014993200000049 6.080462900000725 7.942325700000538 7.942325700000538 7.942325700000538 797.94140625 804.81640625 42 42 1.0 42 20 20 False 0 0 False 2.1 2.1 2.074912807299318 2.074912807299318 0.9880537177615799 0.9880537177615799 1.0 1.0 1.0 1.0 1.0 1.0 2.25 2.25 10.0 10.0 3 0.15 12 0.2857142857142857 6.472634703117424 0.0 0.0 0 0 0.0 0.0 0.0 0.0 0.0 0.0 0.0 0.0 0.0 0.0 0.0 0.0 0.0 0.0 0.0 0.0 1 20.0 0.0 0.0 20.0 20.0 20.0 20.0 20.0 42.0 42.0 0.0 0.0 0.0 0.0 42.0 0.0 42.0 0.0 42.0 0.0 42.0 0.0 42.0 0.0
38 12 1 13.835000999999579 24.23716769999953 0.03332200000033936 38.10549069999945 46.04781639999999 46.04781639999999 46.04781639999999 960.99609375 983.578125 71 71 1.0 0 42 42 False 0 0 False 1.6904761904761905 1.6904761904761905 1.0238162763464755 1.0238162763464755 0.6056377972753799 0.6056377972753799 1.0 1.0 1.0 1.0 1.0 1.0 2.0 2.0 6.0 6.0 10 0.23809523809523808 14 0.19718309859154928 2.810851851846872 0.0 0.0 0 0 0.0 0.0 0.0 0.0 0.0 0.0 0.0 0.0 0.0 0.0 0.0 0.0 0.0 0.0 0.0 0.0 1 42.0 0.0 0.0 42.0 42.0 42.0 42.0 42.0 71.0 71.0 0.0 0.0 0.0 0.0 71.0 0.0 71.0 0.0 71.0 0.0 71.0 0.0 71.0 0.0
39 13 3 1.1278720999999905 0.8151964000003318 0.0 1.9430685000003223 1.9430685000003223 1.9430685000003223 1.9430685000003223 768.69921875 764.12109375 20 20 1.0 20 1 0 False 0 0 False 1.0 1.0 0.0 0.0 0.0 0.0 0.0 0.0 0.0 0.0 0.0 0.0 0.0 0.0 0.0 0.0 0 0.0 0 0.0 0.0 0.0 0.0 0 0 0.0 0.0 0.0 0.0 0.0 0.0 0.0 0.0 0.0 0.0 0.0 0.0 0.0 0.0 0.0 0.0 1 1.0 0.0 0.0 0.0 0.0 0.0 0.0 0.0 1.0 1.0 0.0 0.0 0.0 0.0 0.0 0.0 0.0 0.0 0.0 0.0 0.0 0.0 0.0 0.0
40 13 2 4.606360499999369 7.056348399999251 0.014813399999979993 11.6775222999986 13.620590799998922 13.620590799998922 13.620590799998922 804.43359375 810.671875 44 44 1.0 44 20 20 False 0 0 False 2.2 2.2 2.0925934551223877 2.0925934551223877 0.9511788432374488 0.9511788432374488 1.0 1.0 1.0 1.0 2.0 2.0 2.0 2.0 10.0 10.0 14 0.7 24 0.5454545454545454 5.4753995288015265 0.0 0.0 0 0 0.0 0.0 0.0 0.0 0.0 0.0 0.0 0.0 0.0 0.0 0.0 0.0 0.0 0.0 0.0 0.0 1 20.0 0.0 0.0 20.0 20.0 20.0 20.0 20.0 44.0 44.0 0.0 0.0 0.0 0.0 44.0 0.0 44.0 0.0 44.0 0.0 44.0 0.0 44.0 0.0
41 13 1 14.122636299999954 29.68026380000049 0.03583359999970526 43.83873370000015 57.45932449999907 57.45932449999907 57.45932449999907 987.6171875 1011.69921875 71 71 1.0 0 44 44 False 0 0 False 1.6136363636363635 1.6136363636363635 1.165709866390614 1.165709866390614 0.7224117481857327 0.7224117481857327 1.0 1.0 1.0 1.0 1.0 1.0 2.0 2.0 6.0 6.0 22 0.5 53 0.7464788732394366 3.3305730651268965 0.0 0.0 0 0 0.0 0.0 0.0 0.0 0.0 0.0 0.0 0.0 0.0 0.0 0.0 0.0 0.0 0.0 0.0 0.0 1 44.0 0.0 0.0 44.0 44.0 44.0 44.0 44.0 71.0 71.0 0.0 0.0 0.0 0.0 71.0 0.0 71.0 0.0 71.0 0.0 71.0 0.0 71.0 0.0
42 14 3 1.1287100000001828 0.6419212999998081 0.0 1.770631299999991 1.770631299999991 1.770631299999991 1.770631299999991 793.33203125 789.93359375 20 20 1.0 20 1 0 False 0 0 False 1.0 1.0 0.0 0.0 0.0 0.0 0.0 0.0 0.0 0.0 0.0 0.0 0.0 0.0 0.0 0.0 0 0.0 0 0.0 0.0 0.0 0.0 0 0 0.0 0.0 0.0 0.0 0.0 0.0 0.0 0.0 0.0 0.0 0.0 0.0 0.0 0.0 0.0 0.0 1 1.0 0.0 0.0 0.0 0.0 0.0 0.0 0.0 1.0 1.0 0.0 0.0 0.0 0.0 0.0 0.0 0.0 0.0 0.0 0.0 0.0 0.0 0.0 0.0
43 14 2 4.638402800000222 5.554617799999505 0.014412300000230971 10.207432899999958 11.978064199999949 11.978064199999949 11.978064199999949 830.63671875 836.69140625 44 44 1.0 44 20 20 False 0 0 False 2.2 2.2 2.015727634065883 2.015727634065883 0.9162398336663103 0.9162398336663103 1.0 1.0 1.0 1.0 2.0 2.0 3.0 3.0 10.0 10.0 13 0.65 36 0.8181818181818182 6.288083968904994 0.0 0.0 0 0 0.0 0.0 0.0 0.0 0.0 0.0 0.0 0.0 0.0 0.0 0.0 0.0 0.0 0.0 0.0 0.0 1 20.0 0.0 0.0 20.0 20.0 20.0 20.0 20.0 44.0 44.0 0.0 0.0 0.0 0.0 44.0 0.0 44.0 0.0 44.0 0.0 44.0 0.0 44.0 0.0
44 14 1 14.71855319999952 25.42465039999979 0.03494740000007823 40.17815099999939 52.15621519999934 52.15621519999934 52.15621519999934 1027.01953125 1051.27734375 73 73 1.0 0 44 44 False 0 0 False 1.6590909090909092 1.6590909090909092 0.9631146619216513 0.9631146619216513 0.5805074674596254 0.5805074674596254 1.0 1.0 1.0 1.0 1.0 1.0 2.0 2.0 6.0 6.0 17 0.38636363636363635 23 0.3150684931506849 2.6986662607252594 0.0 0.0 0 0 0.0 0.0 0.0 0.0 0.0 0.0 0.0 0.0 0.0 0.0 0.0 0.0 0.0 0.0 0.0 0.0 1 44.0 0.0 0.0 44.0 44.0 44.0 44.0 44.0 73.0 73.0 0.0 0.0 0.0 0.0 73.0 0.0 73.0 0.0 73.0 0.0 73.0 0.0 73.0 0.0
45 15 3 1.1327712999999449 0.8342635000001337 0.0 1.9670348000000786 1.9670348000000786 1.9670348000000786 1.9670348000000786 822.80859375 819.86328125 20 20 1.0 20 1 0 False 0 0 False 1.0 1.0 0.0 0.0 0.0 0.0 0.0 0.0 0.0 0.0 0.0 0.0 0.0 0.0 0.0 0.0 0 0.0 0 0.0 0.0 0.0 0.0 0 0 0.0 0.0 0.0 0.0 0.0 0.0 0.0 0.0 0.0 0.0 0.0 0.0 0.0 0.0 0.0 0.0 1 1.0 0.0 0.0 0.0 0.0 0.0 0.0 0.0 1.0 1.0 0.0 0.0 0.0 0.0 0.0 0.0 0.0 0.0 0.0 0.0 0.0 0.0 0.0 0.0
46 15 2 4.603152800000089 2.768617099999801 0.015002399999502813 7.386772299999393 9.353807099999472 9.353807099999472 9.353807099999472 859.91796875 866.5078125 44 44 1.0 44 20 20 False 0 0 False 2.2 2.2 2.015727634065883 2.015727634065883 0.9162398336663103 0.9162398336663103 1.0 1.0 1.0 1.0 2.0 2.0 3.0 3.0 10.0 10.0 5 0.25 13 0.29545454545454547 7.0569115057509375 0.0 0.0 0 0 0.0 0.0 0.0 0.0 0.0 0.0 0.0 0.0 0.0 0.0 0.0 0.0 0.0 0.0 0.0 0.0 1 20.0 0.0 0.0 20.0 20.0 20.0 20.0 20.0 44.0 44.0 0.0 0.0 0.0 0.0 44.0 0.0 44.0 0.0 44.0 0.0 44.0 0.0 44.0 0.0
47 15 1 14.686797899999192 48.994274199999836 0.03560829999878479 63.71668039999781 73.07048749999728 73.07048749999728 73.07048749999728 1094.2421875 1118.56640625 73 73 1.0 0 44 44 False 0 0 False 1.6590909090909092 1.6590909090909092 0.9869657947038658 0.9869657947038658 0.5948834926982205 0.5948834926982205 1.0 1.0 1.0 1.0 1.0 1.0 2.0 2.0 6.0 6.0 19 0.4318181818181818 33 0.4520547945205479 3.25765944219501 0.0 0.0 0 0 0.0 0.0 0.0 0.0 0.0 0.0 0.0 0.0 0.0 0.0 0.0 0.0 0.0 0.0 0.0 0.0 1 44.0 0.0 0.0 44.0 44.0 44.0 44.0 44.0 73.0 73.0 0.0 0.0 0.0 0.0 73.0 0.0 73.0 0.0 73.0 0.0 73.0 0.0 73.0 0.0
48 16 3 1.1303243000004386 0.7973692000002757 0.0 1.9276935000007143 1.9276935000007143 1.9276935000007143 1.9276935000007143 863.83984375 861.30078125 20 20 1.0 20 1 0 False 0 0 False 1.0 1.0 0.0 0.0 0.0 0.0 0.0 0.0 0.0 0.0 0.0 0.0 0.0 0.0 0.0 0.0 0 0.0 0 0.0 0.0 0.0 0.0 0 0 0.0 0.0 0.0 0.0 0.0 0.0 0.0 0.0 0.0 0.0 0.0 0.0 0.0 0.0 0.0 0.0 1 1.0 0.0 0.0 0.0 0.0 0.0 0.0 0.0 1.0 1.0 0.0 0.0 0.0 0.0 0.0 0.0 0.0 0.0 0.0 0.0 0.0 0.0 0.0 0.0
49 16 2 4.669734699999935 3.2285859999994955 0.014921799999910945 7.913242499999342 9.840936000000056 9.840936000000056 9.840936000000056 899.35546875 905.91015625 44 44 1.0 44 20 20 False 0 0 False 2.2 2.2 2.015727634065883 2.015727634065883 0.9162398336663103 0.9162398336663103 1.0 1.0 1.0 1.0 2.0 2.0 3.0 3.0 10.0 10.0 9 0.45 16 0.36363636363636365 5.397221507405453 0.0 0.0 0 0 0.0 0.0 0.0 0.0 0.0 0.0 0.0 0.0 0.0 0.0 0.0 0.0 0.0 0.0 0.0 0.0 1 20.0 0.0 0.0 20.0 20.0 20.0 20.0 20.0 44.0 44.0 0.0 0.0 0.0 0.0 44.0 0.0 44.0 0.0 44.0 0.0 44.0 0.0 44.0 0.0
50 16 1 14.688307600000826 36.13042089999908 0.03512370000089504 50.8538522000008 60.69478820000086 60.69478820000086 60.69478820000086 1077.28515625 1098.87109375 73 73 1.0 0 44 44 False 0 0 False 1.6590909090909092 1.6590909090909092 1.0552897060221726 1.0552897060221726 0.6360650282873369 0.6360650282873369 1.0 1.0 1.0 1.0 1.0 1.0 2.0 2.0 6.0 6.0 22 0.5 41 0.5616438356164384 3.054049946281193 0.0 0.0 0 0 0.0 0.0 0.0 0.0 0.0 0.0 0.0 0.0 0.0 0.0 0.0 0.0 0.0 0.0 0.0 0.0 1 44.0 0.0 0.0 44.0 44.0 44.0 44.0 44.0 73.0 73.0 0.0 0.0 0.0 0.0 73.0 0.0 73.0 0.0 73.0 0.0 73.0 0.0 73.0 0.0
51 17 3 1.1289257999992515 0.7311815000005026 0.0 1.860107299999754 1.860107299999754 1.860107299999754 1.860107299999754 858.7109375 854.3515625 20 20 1.0 20 1 0 False 0 0 False 1.0 1.0 0.0 0.0 0.0 0.0 0.0 0.0 0.0 0.0 0.0 0.0 0.0 0.0 0.0 0.0 0 0.0 0 0.0 0.0 0.0 0.0 0 0 0.0 0.0 0.0 0.0 0.0 0.0 0.0 0.0 0.0 0.0 0.0 0.0 0.0 0.0 0.0 0.0 1 1.0 0.0 0.0 0.0 0.0 0.0 0.0 0.0 1.0 1.0 0.0 0.0 0.0 0.0 0.0 0.0 0.0 0.0 0.0 0.0 0.0 0.0 0.0 0.0
52 17 2 4.615891400000464 4.4711827999988145 0.014808100000436752 9.101882299999716 10.96198959999947 10.96198959999947 10.96198959999947 895.13671875 900.98828125 44 44 1.0 44 20 20 False 0 0 False 2.2 2.2 2.2147828692435603 2.2147828692435603 1.0067194860198 1.0067194860198 1.0 1.0 1.0 1.0 1.0 1.0 2.25 2.25 10.0 10.0 8 0.4 24 0.5454545454545454 7.154019849007967 0.0 0.0 0 0 0.0 0.0 0.0 0.0 0.0 0.0 0.0 0.0 0.0 0.0 0.0 0.0 0.0 0.0 0.0 0.0 1 20.0 0.0 0.0 20.0 20.0 20.0 20.0 20.0 44.0 44.0 0.0 0.0 0.0 0.0 44.0 0.0 44.0 0.0 44.0 0.0 44.0 0.0 44.0 0.0
53 17 1 14.676402099999905 23.570844300000772 0.03597100000001774 38.283217400000694 49.245207000000164 49.245207000000164 49.245207000000164 1071.9921875 1093.79296875 73 73 1.0 0 44 44 False 0 0 False 1.6590909090909092 1.6590909090909092 0.9386576714124697 0.9386576714124697 0.5657662677006666 0.5657662677006666 1.0 1.0 1.0 1.0 1.0 1.0 2.0 2.0 6.0 6.0 5 0.11363636363636363 5 0.0684931506849315 2.9111764541345524 0.0 0.0 0 0 0.0 0.0 0.0 0.0 0.0 0.0 0.0 0.0 0.0 0.0 0.0 0.0 0.0 0.0 0.0 0.0 1 44.0 0.0 0.0 44.0 44.0 44.0 44.0 44.0 73.0 73.0 0.0 0.0 0.0 0.0 73.0 0.0 73.0 0.0 73.0 0.0 73.0 0.0 73.0 0.0
54 18 3 1.1311840000000757 0.7844021000003067 0.0 1.9155861000003824 1.9155861000003824 1.9155861000003824 1.9155861000003824 689.828125 688.5 20 20 1.0 20 1 0 False 0 0 False 1.0 1.0 0.0 0.0 0.0 0.0 0.0 0.0 0.0 0.0 0.0 0.0 0.0 0.0 0.0 0.0 0 0.0 0 0.0 0.0 0.0 0.0 0 0 0.0 0.0 0.0 0.0 0.0 0.0 0.0 0.0 0.0 0.0 0.0 0.0 0.0 0.0 0.0 0.0 1 1.0 0.0 0.0 0.0 0.0 0.0 0.0 0.0 1.0 1.0 0.0 0.0 0.0 0.0 0.0 0.0 0.0 0.0 0.0 0.0 0.0 0.0 0.0 0.0
55 18 2 4.580284699998856 4.6385402999999314 0.015182899999444999 9.234007899998232 11.149593999998615 11.149593999998615 11.149593999998615 822.078125 833.46875 44 44 1.0 44 20 20 False 0 0 False 2.2 2.2 2.0416711421361615 2.0416711421361615 0.9280323373346188 0.9280323373346188 1.0 1.0 1.0 1.0 2.0 2.0 2.25 2.25 10.0 10.0 11 0.55 20 0.45454545454545453 6.744627491566898 0.0 0.0 0 0 0.0 0.0 0.0 0.0 0.0 0.0 0.0 0.0 0.0 0.0 0.0 0.0 0.0 0.0 0.0 0.0 1 20.0 0.0 0.0 20.0 20.0 20.0 20.0 20.0 44.0 44.0 0.0 0.0 0.0 0.0 44.0 0.0 44.0 0.0 44.0 0.0 44.0 0.0 44.0 0.0
56 18 1 14.714121099998692 52.48171130000128 0.03437140000028194 67.23020380000025 78.37979779999887 78.37979779999887 78.37979779999887 1118.59375 1143.27734375 73 73 1.0 0 44 44 False 0 0 False 1.6590909090909092 1.6590909090909092 1.1194513153135752 1.1194513153135752 0.6747377790931138 0.6747377790931138 1.0 1.0 1.0 1.0 1.0 1.0 2.0 2.0 6.0 6.0 25 0.5681818181818182 50 0.684931506849315 4.163590462232094 0.0 0.0 0 0 0.0 0.0 0.0 0.0 0.0 0.0 0.0 0.0 0.0 0.0 0.0 0.0 0.0 0.0 0.0 0.0 1 44.0 0.0 0.0 44.0 44.0 44.0 44.0 44.0 73.0 73.0 0.0 0.0 0.0 0.0 73.0 0.0 73.0 0.0 73.0 0.0 73.0 0.0 73.0 0.0
57 19 3 1.1308047999998507 0.7267259000000195 0.0 1.8575306999998702 1.8575306999998702 1.8575306999998702 1.8575306999998702 891.09375 888.88671875 20 20 1.0 20 1 0 False 0 0 False 1.0 1.0 0.0 0.0 0.0 0.0 0.0 0.0 0.0 0.0 0.0 0.0 0.0 0.0 0.0 0.0 0 0.0 0 0.0 0.0 0.0 0.0 0 0 0.0 0.0 0.0 0.0 0.0 0.0 0.0 0.0 0.0 0.0 0.0 0.0 0.0 0.0 0.0 0.0 1 1.0 0.0 0.0 0.0 0.0 0.0 0.0 0.0 1.0 1.0 0.0 0.0 0.0 0.0 0.0 0.0 0.0 0.0 0.0 0.0 0.0 0.0 0.0 0.0
58 19 2 4.6297504000003755 4.418052599999328 0.014729800000168325 9.062532799999872 10.920063499999742 10.920063499999742 10.920063499999742 928.6875 935.5546875 44 44 1.0 44 20 20 False 0 0 False 2.2 2.2 2.067289096988207 2.067289096988207 0.9396768622673667 0.9396768622673667 1.0 1.0 1.0 1.0 2.0 2.0 2.0 2.0 10.0 10.0 2 0.1 6 0.13636363636363635 4.950757517794624 0.0 0.0 0 0 0.0 0.0 0.0 0.0 0.0 0.0 0.0 0.0 0.0 0.0 0.0 0.0 0.0 0.0 0.0 0.0 1 20.0 0.0 0.0 20.0 20.0 20.0 20.0 20.0 44.0 44.0 0.0 0.0 0.0 0.0 44.0 0.0 44.0 0.0 44.0 0.0 44.0 0.0 44.0 0.0
59 19 1 14.699360800001841 32.772090100000014 0.035535500000833053 47.50698640000269 58.42704990000243 58.42704990000243 58.42704990000243 1110.44921875 1132.01953125 73 73 1.0 0 44 44 False 0 0 False 1.6590909090909092 1.6590909090909092 0.9869657947038658 0.9869657947038658 0.5948834926982205 0.5948834926982205 1.0 1.0 1.0 1.0 1.0 1.0 2.0 2.0 6.0 6.0 19 0.4318181818181818 30 0.410958904109589 3.478498001596008 0.0 0.0 0 0 0.0 0.0 0.0 0.0 0.0 0.0 0.0 0.0 0.0 0.0 0.0 0.0 0.0 0.0 0.0 0.0 1 44.0 0.0 0.0 44.0 44.0 44.0 44.0 44.0 73.0 73.0 0.0 0.0 0.0 0.0 73.0 0.0 73.0 0.0 73.0 0.0 73.0 0.0 73.0 0.0
60 20 3 1.1287161999998716 0.7318588999994518 0.0 1.8605750999993234 1.8605750999993234 1.8605750999993234 1.8605750999993234 715.23828125 712.98828125 20 20 1.0 20 1 0 False 0 0 False 1.0 1.0 0.0 0.0 0.0 0.0 0.0 0.0 0.0 0.0 0.0 0.0 0.0 0.0 0.0 0.0 0 0.0 0 0.0 0.0 0.0 0.0 0 0 0.0 0.0 0.0 0.0 0.0 0.0 0.0 0.0 0.0 0.0 0.0 0.0 0.0 0.0 0.0 0.0 1 1.0 0.0 0.0 0.0 0.0 0.0 0.0 0.0 1.0 1.0 0.0 0.0 0.0 0.0 0.0 0.0 0.0 0.0 0.0 0.0 0.0 0.0 0.0 0.0
61 20 2 4.6176205999995545 2.6855824000006123 0.015481499999623338 7.31868449999979 9.179259599999114 9.179259599999114 9.179259599999114 850.77734375 861.6796875 44 44 1.0 44 20 20 False 0 0 False 2.2 2.2 2.0416711421361615 2.0416711421361615 0.9280323373346188 0.9280323373346188 1.0 1.0 1.0 1.0 2.0 2.0 2.25 2.25 10.0 10.0 5 0.25 14 0.3181818181818182 7.122499561249546 0.0 0.0 0 0 0.0 0.0 0.0 0.0 0.0 0.0 0.0 0.0 0.0 0.0 0.0 0.0 0.0 0.0 0.0 0.0 1 20.0 0.0 0.0 20.0 20.0 20.0 20.0 20.0 44.0 44.0 0.0 0.0 0.0 0.0 44.0 0.0 44.0 0.0 44.0 0.0 44.0 0.0 44.0 0.0
62 20 1 14.101567100000011 31.544466600001442 0.03479929999934939 45.6808330000008 54.860092599999916 54.860092599999916 54.860092599999916 1110.58203125 1135.0546875 71 71 1.0 0 44 44 False 0 0 False 1.6136363636363635 1.6136363636363635 0.969677699773297 0.969677699773297 0.6009270252116207 0.6009270252116207 1.0 1.0 1.0 1.0 1.0 1.0 2.0 2.0 6.0 6.0 17 0.38636363636363635 23 0.323943661971831 2.4152472795735864 0.0 0.0 0 0 0.0 0.0 0.0 0.0 0.0 0.0 0.0 0.0 0.0 0.0 0.0 0.0 0.0 0.0 0.0 0.0 1 44.0 0.0 0.0 44.0 44.0 44.0 44.0 44.0 71.0 71.0 0.0 0.0 0.0 0.0 71.0 0.0 71.0 0.0 71.0 0.0 71.0 0.0 71.0 0.0
63 21 3 1.1277483000001212 0.8287643999999545 0.0 1.9565127000000757 1.9565127000000757 1.9565127000000757 1.9565127000000757 910.27734375 906.44921875 20 20 1.0 20 1 0 False 0 0 False 1.0 1.0 0.0 0.0 0.0 0.0 0.0 0.0 0.0 0.0 0.0 0.0 0.0 0.0 0.0 0.0 0 0.0 0 0.0 0.0 0.0 0.0 0 0 0.0 0.0 0.0 0.0 0.0 0.0 0.0 0.0 0.0 0.0 0.0 0.0 0.0 0.0 0.0 0.0 1 1.0 0.0 0.0 0.0 0.0 0.0 0.0 0.0 1.0 1.0 0.0 0.0 0.0 0.0 0.0 0.0 0.0 0.0 0.0 0.0 0.0 0.0 0.0 0.0
64 21 2 4.616344700000582 3.235072900000432 0.015207999999574895 7.866625600000589 9.823138300000664 9.823138300000664 9.823138300000664 946.59375 953.0234375 44 44 1.0 44 20 20 False 0 0 False 2.2 2.2 2.0416711421361615 2.0416711421361615 0.9280323373346188 0.9280323373346188 1.0 1.0 1.0 1.0 2.0 2.0 2.25 2.25 10.0 10.0 11 0.55 17 0.38636363636363635 5.5803225713214815 0.0 0.0 0 0 0.0 0.0 0.0 0.0 0.0 0.0 0.0 0.0 0.0 0.0 0.0 0.0 0.0 0.0 0.0 0.0 1 20.0 0.0 0.0 20.0 20.0 20.0 20.0 20.0 44.0 44.0 0.0 0.0 0.0 0.0 44.0 0.0 44.0 0.0 44.0 0.0 44.0 0.0 44.0 0.0
65 21 1 14.728414499997598 39.48575650000089 0.03493340000045464 54.24910439999894 64.0722426999996 64.0722426999996 64.0722426999996 1138.8125 1161.77734375 73 73 1.0 0 44 44 False 0 0 False 1.6590909090909092 1.6590909090909092 1.0102539818394234 1.0102539818394234 0.6089202082319812 0.6089202082319812 1.0 1.0 1.0 1.0 1.0 1.0 2.0 2.0 6.0 6.0 23 0.5227272727272727 27 0.3698630136986301 2.7739844392897166 0.0 0.0 0 0 0.0 0.0 0.0 0.0 0.0 0.0 0.0 0.0 0.0 0.0 0.0 0.0 0.0 0.0 0.0 0.0 1 44.0 0.0 0.0 44.0 44.0 44.0 44.0 44.0 73.0 73.0 0.0 0.0 0.0 0.0 73.0 0.0 73.0 0.0 73.0 0.0 73.0 0.0 73.0 0.0
66 22 3 1.130306900000278 0.874559699999736 0.0 2.004866600000014 2.004866600000014 2.004866600000014 2.004866600000014 751.0234375 750.32421875 20 20 1.0 20 1 0 False 0 0 False 1.0 1.0 0.0 0.0 0.0 0.0 0.0 0.0 0.0 0.0 0.0 0.0 0.0 0.0 0.0 0.0 0 0.0 0 0.0 0.0 0.0 0.0 0 0 0.0 0.0 0.0 0.0 0.0 0.0 0.0 0.0 0.0 0.0 0.0 0.0 0.0 0.0 0.0 0.0 1 1.0 0.0 0.0 0.0 0.0 0.0 0.0 0.0 1.0 1.0 0.0 0.0 0.0 0.0 0.0 0.0 0.0 0.0 0.0 0.0 0.0 0.0 0.0 0.0
67 22 2 4.6164567999999235 4.838701299999229 0.01520459999983359 9.470362699998986 11.475229299999 11.475229299999 11.475229299999 891.8828125 903.87109375 44 44 1.0 44 20 20 False 0 0 False 2.2 2.2 2.015727634065883 2.015727634065883 0.9162398336663103 0.9162398336663103 1.0 1.0 1.0 1.0 2.0 2.0 3.0 3.0 10.0 10.0 10 0.5 14 0.3181818181818182 5.331041174104735 0.0 0.0 0 0 0.0 0.0 0.0 0.0 0.0 0.0 0.0 0.0 0.0 0.0 0.0 0.0 0.0 0.0 0.0 0.0 1 20.0 0.0 0.0 20.0 20.0 20.0 20.0 20.0 44.0 44.0 0.0 0.0 0.0 0.0 44.0 0.0 44.0 0.0 44.0 0.0 44.0 0.0 44.0 0.0
68 22 1 14.74323379999987 32.56625329999929 0.035254099999519894 47.34474119999868 58.81997049999768 58.81997049999768 58.81997049999768 1152.47265625 1175.1875 73 73 1.0 0 44 44 False 0 0 False 1.6590909090909092 1.6590909090909092 1.098480595846061 1.098480595846061 0.6620978933866669 0.6620978933866669 1.0 1.0 1.0 1.0 1.0 1.0 2.0 2.0 6.0 6.0 19 0.4318181818181818 31 0.4246575342465753 3.5132203093669983 0.0 0.0 0 0 0.0 0.0 0.0 0.0 0.0 0.0 0.0 0.0 0.0 0.0 0.0 0.0 0.0 0.0 0.0 0.0 1 44.0 0.0 0.0 44.0 44.0 44.0 44.0 44.0 73.0 73.0 0.0 0.0 0.0 0.0 73.0 0.0 73.0 0.0 73.0 0.0 73.0 0.0 73.0 0.0
69 23 3 1.1276871000000028 0.8528069000003597 0.0 1.9804940000003626 1.9804940000003626 1.9804940000003626 1.9804940000003626 941.25390625 938.578125 20 20 1.0 20 1 0 False 0 0 False 1.0 1.0 0.0 0.0 0.0 0.0 0.0 0.0 0.0 0.0 0.0 0.0 0.0 0.0 0.0 0.0 0 0.0 0 0.0 0.0 0.0 0.0 0 0 0.0 0.0 0.0 0.0 0.0 0.0 0.0 0.0 0.0 0.0 0.0 0.0 0.0 0.0 0.0 0.0 1 1.0 0.0 0.0 0.0 0.0 0.0 0.0 0.0 1.0 1.0 0.0 0.0 0.0 0.0 0.0 0.0 0.0 0.0 0.0 0.0 0.0 0.0 0.0 0.0
70 23 2 4.591336399999818 5.5917033000012 0.015073500000198692 10.198113200001217 12.17860720000158 12.17860720000158 12.17860720000158 978.25 985.19921875 44 44 1.0 44 20 20 False 0 0 False 2.2 2.2 2.142305693455191 2.142305693455191 0.9737753152069049 0.9737753152069049 1.0 1.0 1.0 1.0 1.5 1.5 2.0 2.0 10.0 10.0 6 0.3 19 0.4318181818181818 5.265928218272633 0.0 0.0 0 0 0.0 0.0 0.0 0.0 0.0 0.0 0.0 0.0 0.0 0.0 0.0 0.0 0.0 0.0 0.0 0.0 1 20.0 0.0 0.0 20.0 20.0 20.0 20.0 20.0 44.0 44.0 0.0 0.0 0.0 0.0 44.0 0.0 44.0 0.0 44.0 0.0 44.0 0.0 44.0 0.0
71 23 1 14.694650500000762 34.36110990000134 0.034852000000228145 49.09061240000233 61.26921960000391 61.26921960000391 61.26921960000391 1186.53515625 1210.4765625 73 73 1.0 0 44 44 False 0 0 False 1.6590909090909092 1.6590909090909092 1.0102539818394234 1.0102539818394234 0.6089202082319812 0.6089202082319812 1.0 1.0 1.0 1.0 1.0 1.0 2.0 2.0 6.0 6.0 21 0.4772727272727273 42 0.5753424657534246 3.9106431907410375 0.0 0.0 0 0 0.0 0.0 0.0 0.0 0.0 0.0 0.0 0.0 0.0 0.0 0.0 0.0 0.0 0.0 0.0 0.0 1 44.0 0.0 0.0 44.0 44.0 44.0 44.0 44.0 73.0 73.0 0.0 0.0 0.0 0.0 73.0 0.0 73.0 0.0 73.0 0.0 73.0 0.0 73.0 0.0
72 24 3 1.1294209000016053 0.6793558000001667 0.0 1.808776700001772 1.808776700001772 1.808776700001772 1.808776700001772 968.921875 966.0859375 20 20 1.0 20 1 0 False 0 0 False 1.0 1.0 0.0 0.0 0.0 0.0 0.0 0.0 0.0 0.0 0.0 0.0 0.0 0.0 0.0 0.0 0 0.0 0 0.0 0.0 0.0 0.0 0 0 0.0 0.0 0.0 0.0 0.0 0.0 0.0 0.0 0.0 0.0 0.0 0.0 0.0 0.0 0.0 0.0 1 1.0 0.0 0.0 0.0 0.0 0.0 0.0 0.0 1.0 1.0 0.0 0.0 0.0 0.0 0.0 0.0 0.0 0.0 0.0 0.0 0.0 0.0 0.0 0.0
73 24 2 4.6237819999996645 6.810331200000746 0.014805800000203817 11.448919000000615 13.257695700002387 13.257695700002387 13.257695700002387 1005.45703125 1011.859375 44 44 1.0 44 20 20 False 0 0 False 2.2 2.2 2.0416711421361615 2.0416711421361615 0.9280323373346188 0.9280323373346188 1.0 1.0 1.0 1.0 2.0 2.0 2.25 2.25 10.0 10.0 11 0.55 32 0.7272727272727273 6.161168720299743 0.0 0.0 0 0 0.0 0.0 0.0 0.0 0.0 0.0 0.0 0.0 0.0 0.0 0.0 0.0 0.0 0.0 0.0 0.0 1 20.0 0.0 0.0 20.0 20.0 20.0 20.0 20.0 44.0 44.0 0.0 0.0 0.0 0.0 44.0 0.0 44.0 0.0 44.0 0.0 44.0 0.0 44.0 0.0
74 24 1 14.762800599999991 25.428780899999538 0.03587859999925058 40.22746009999878 53.485155800001166 53.485155800001166 53.485155800001166 1185.52734375 1207.16015625 73 73 1.0 0 44 44 False 0 0 False 1.6590909090909092 1.6590909090909092 0.9386576714124697 0.9386576714124697 0.5657662677006666 0.5657662677006666 1.0 1.0 1.0 1.0 1.0 1.0 2.0 2.0 6.0 6.0 9 0.20454545454545456 10 0.136986301369863 2.835312669510064 0.0 0.0 0 0 0.0 0.0 0.0 0.0 0.0 0.0 0.0 0.0 0.0 0.0 0.0 0.0 0.0 0.0 0.0 0.0 1 44.0 0.0 0.0 44.0 44.0 44.0 44.0 44.0 73.0 73.0 0.0 0.0 0.0 0.0 73.0 0.0 73.0 0.0 73.0 0.0 73.0 0.0 73.0 0.0
