 RU AL GT ST OT TT LT CT WT RSS VMS LE AC CF PSG SIZE SGLITS_T HAS_TRAILING TOT_CHOICES PRE_CHOICES FGOALS_ORDER CP_EF_L CP_EF_A SP_ED_L SP_ED_A SP_EB_L SP_EB_A SP_MIN_L SP_MIN_A SP_LOWER_L SP_LOWER_A SP_MED_L SP_MED_A SP_UPPER_L SP_UPPER_A SP_MAX_L SP_MAX_A T_INTER_SP P_INTER_SP T_INTER_Q P_INTER_Q M_CHILD_SPREAD DIV_INDEX_SPREAD DIV_STEP_SPREAD DIVS_T DS_T DS_TD_MEAN DS_TD_STD DS_TD_CD DS_TD_MIN DS_TD_LOWER DS_TD_MED DS_TD_UPPER DS_TD_MAX DS_TS_MEAN DS_TS_STD DS_TS_CD DS_TS_MIN DS_TS_LOWER DS_TS_MED DS_TS_UPPER DS_TS_MAX PR_T PR_TS_MEAN PR_TS_STD PR_TS_CD PR_TS_MIN PR_TS_LOWER PR_TS_MED PR_TS_UPPER PR_TS_MAX PP_LE_MEAN PP_AC_MEAN PP_LE_STD PP_AC_STD PP_LE_CD PP_AC_CD PP_LE_MIN PP_AC_MIN PP_LE_LOWER PP_AC_LOWER PP_LE_MED PP_AC_MED PP_LE_UPPER PP_AC_UPPER PP_LE_MAX PP_AC_MAX
0 0 3 1.0018054999999997 0.4403646999999964 0.0 1.442170199999996 1.442170199999996 1.442170199999996 1.442170199999996 214.7578125 209.76953125 18 18 1.0 18 1 0 False 0 0 False 1.0 1.0 0.0 0.0 0.0 0.0 0.0 0.0 0.0 0.0 0.0 0.0 0.0 0.0 0.0 0.0 0 0.0 0 0.0 0.0 0.0 0.0 0 0 0.0 0.0 0.0 0.0 0.0 0.0 0.0 0.0 0.0 0.0 0.0 0.0 0.0 0.0 0.0 0.0 1 1.0 0.0 0.0 0.0 0.0 0.0 0.0 0.0 1.0 1.0 0.0 0.0 0.0 0.0 0.0 0.0 0.0 0.0 0.0 0.0 0.0 0.0 0.0 0.0
1 0 2 1.4984567999999996 0.4693399999999954 0.0 1.967796799999995 3.409966999999991 3.409966999999991 3.409966999999991 254.546875 247.78125 26 26 1.0 26 18 18 False 0 0 False 1.4444444444444444 1.4444444444444444 0.7047921864945659 0.7047921864945659 0.4879330521885456 0.4879330521885456 1.0 1.0 1.0 1.0 1.0 1.0 2.0 2.0 3.0 3.0 0 0.0 0 0.0 2.899907760701387 0.0 0.0 0 0 0.0 0.0 0.0 0.0 0.0 0.0 0.0 0.0 0.0 0.0 0.0 0.0 0.0 0.0 0.0 0.0 1 18.0 0.0 0.0 18.0 18.0 18.0 18.0 18.0 26.0 26.0 0.0 0.0 0.0 0.0 26.0 0.0 26.0 0.0 26.0 0.0 26.0 0.0 26.0 0.0
2 0 1 3.7655184000000013 3.6434320000000078 0.0 7.408950400000009 10.8189174 10.8189174 10.8189174 372.82421875 386.59765625 39 39 1.0 0 26 26 False 0 0 False 1.5 1.5 0.9055385138137416 0.9055385138137416 0.6036923425424944 0.6036923425424944 1.0 1.0 1.0 1.0 1.0 1.0 2.0 2.0 4.0 4.0 0 0.0 0 0.0 2.943375874478409 0.0 0.0 0 0 0.0 0.0 0.0 0.0 0.0 0.0 0.0 0.0 0.0 0.0 0.0 0.0 0.0 0.0 0.0 0.0 1 26.0 0.0 0.0 26.0 26.0 26.0 26.0 26.0 39.0 39.0 0.0 0.0 0.0 0.0 39.0 0.0 39.0 0.0 39.0 0.0 39.0 0.0 39.0 0.0
3 1 3 1.005576099999999 0.39457960000000014 0.0 1.4001556999999991 1.4001556999999991 1.4001556999999991 1.4001556999999991 224.71875 220.03125 18 18 1.0 18 1 0 False 0 0 False 1.0 1.0 0.0 0.0 0.0 0.0 0.0 0.0 0.0 0.0 0.0 0.0 0.0 0.0 0.0 0.0 0 0.0 0 0.0 0.0 0.0 0.0 0 0 0.0 0.0 0.0 0.0 0.0 0.0 0.0 0.0 0.0 0.0 0.0 0.0 0.0 0.0 0.0 0.0 1 1.0 0.0 0.0 0.0 0.0 0.0 0.0 0.0 1.0 1.0 0.0 0.0 0.0 0.0 0.0 0.0 0.0 0.0 0.0 0.0 0.0 0.0 0.0 0.0
4 1 2 1.4866727999999938 0.4743853999999992 0.0 1.961058199999993 3.361213899999992 3.361213899999992 3.361213899999992 267.6640625 265.72265625 26 26 1.0 26 18 18 False 0 0 False 1.4444444444444444 1.4444444444444444 0.8555852638929972 0.8555852638929972 0.5923282596182288 0.5923282596182288 1.0 1.0 1.0 1.0 1.0 1.0 1.75 1.75 4.0 4.0 0 0.0 0 0.0 3.215830186127407 0.0 0.0 0 0 0.0 0.0 0.0 0.0 0.0 0.0 0.0 0.0 0.0 0.0 0.0 0.0 0.0 0.0 0.0 0.0 1 18.0 0.0 0.0 18.0 18.0 18.0 18.0 18.0 26.0 26.0 0.0 0.0 0.0 0.0 26.0 0.0 26.0 0.0 26.0 0.0 26.0 0.0 26.0 0.0
5 1 1 3.7851492000000135 4.9678936999999905 0.0 8.753042900000004 12.114256799999996 12.114256799999996 12.114256799999996 382.7734375 395.63671875 39 39 1.0 0 26 26 False 0 0 False 1.5 1.5 0.7071067811865476 0.7071067811865476 0.47140452079103173 0.47140452079103173 1.0 1.0 1.0 1.0 1.0 1.0 2.0 2.0 3.0 3.0 0 0.0 0 0.0 2.8096673769737883 0.0 0.0 0 0 0.0 0.0 0.0 0.0 0.0 0.0 0.0 0.0 0.0 0.0 0.0 0.0 0.0 0.0 0.0 0.0 1 26.0 0.0 0.0 26.0 26.0 26.0 26.0 26.0 39.0 39.0 0.0 0.0 0.0 0.0 39.0 0.0 39.0 0.0 39.0 0.0 39.0 0.0 39.0 0.0
6 2 3 1.000153399999995 0.3086556000000016 0.0 1.3088089999999966 1.3088089999999966 1.3088089999999966 1.3088089999999966 235.01171875 226.375 18 18 1.0 18 1 0 False 0 0 False 1.0 1.0 0.0 0.0 0.0 0.0 0.0 0.0 0.0 0.0 0.0 0.0 0.0 0.0 0.0 0.0 0 0.0 0 0.0 0.0 0.0 0.0 0 0 0.0 0.0 0.0 0.0 0.0 0.0 0.0 0.0 0.0 0.0 0.0 0.0 0.0 0.0 0.0 0.0 1 1.0 0.0 0.0 0.0 0.0 0.0 0.0 0.0 1.0 1.0 0.0 0.0 0.0 0.0 0.0 0.0 0.0 0.0 0.0 0.0 0.0 0.0 0.0 0.0
7 2 2 1.4875374000000008 0.5258707999999856 0.0 2.0134081999999864 3.322217199999983 3.322217199999983 3.322217199999983 289.46875 286.671875 26 26 1.0 26 18 18 False 0 0 False 1.4444444444444444 1.4444444444444444 0.9835244081556433 0.9835244081556433 0.6809015133385223 0.6809015133385223 1.0 1.0 1.0 1.0 1.0 1.0 1.75 1.75 5.0 5.0 0 0.0 0 0.0 3.3308632823580915 0.0 0.0 0 0 0.0 0.0 0.0 0.0 0.0 0.0 0.0 0.0 0.0 0.0 0.0 0.0 0.0 0.0 0.0 0.0 1 18.0 0.0 0.0 18.0 18.0 18.0 18.0 18.0 26.0 26.0 0.0 0.0 0.0 0.0 26.0 0.0 26.0 0.0 26.0 0.0 26.0 0.0 26.0 0.0
8 2 1 3.774028599999987 4.257287599999998 0.0 8.031316199999985 11.353533399999968 11.353533399999968 11.353533399999968 396.02734375 408.91015625 39 39 1.0 0 26 26 False 0 0 False 1.5 1.5 0.9055385138137416 0.9055385138137416 0.6036923425424944 0.6036923425424944 1.0 1.0 1.0 1.0 1.0 1.0 2.0 2.0 5.0 5.0 0 0.0 0 0.0 2.9499022148069716 0.0 0.0 0 0 0.0 0.0 0.0 0.0 0.0 0.0 0.0 0.0 0.0 0.0 0.0 0.0 0.0 0.0 0.0 0.0 1 26.0 0.0 0.0 26.0 26.0 26.0 26.0 26.0 39.0 39.0 0.0 0.0 0.0 0.0 39.0 0.0 39.0 0.0 39.0 0.0 39.0 0.0 39.0 0.0
9 3 3 1.0016041999999885 0.31462599999998986 0.0 1.3162301999999784 1.3162301999999784 1.3162301999999784 1.3162301999999784 248.328125 240.32421875 18 18 1.0 18 1 0 False 0 0 False 1.0 1.0 0.0 0.0 0.0 0.0 0.0 0.0 0.0 0.0 0.0 0.0 0.0 0.0 0.0 0.0 0 0.0 0 0.0 0.0 0.0 0.0 0 0 0.0 0.0 0.0 0.0 0.0 0.0 0.0 0.0 0.0 0.0 0.0 0.0 0.0 0.0 0.0 0.0 1 1.0 0.0 0.0 0.0 0.0 0.0 0.0 0.0 1.0 1.0 0.0 0.0 0.0 0.0 0.0 0.0 0.0 0.0 0.0 0.0 0.0 0.0 0.0 0.0
10 3 2 1.487236799999998 0.47578949999999054 0.0 1.9630262999999886 3.279256499999967 3.279256499999967 3.279256499999967 294.703125 288.1484375 26 26 1.0 26 18 18 False 0 0 False 1.4444444444444444 1.4444444444444444 0.9835244081556433 0.9835244081556433 0.6809015133385223 0.6809015133385223 1.0 1.0 1.0 1.0 1.0 1.0 1.75 1.75 5.0 5.0 0 0.0 0 0.0 3.1733198464284413 0.0 0.0 0 0 0.0 0.0 0.0 0.0 0.0 0.0 0.0 0.0 0.0 0.0 0.0 0.0 0.0 0.0 0.0 0.0 1 18.0 0.0 0.0 18.0 18.0 18.0 18.0 18.0 26.0 26.0 0.0 0.0 0.0 0.0 26.0 0.0 26.0 0.0 26.0 0.0 26.0 0.0 26.0 0.0
11 3 1 3.7671433999999664 3.7058340000000243 0.0 7.472977399999991 10.752233899999958 10.752233899999958 10.752233899999958 407.09765625 419.3984375 39 39 1.0 0 26 26 False 0 0 False 1.5 1.5 0.648074069840786 0.648074069840786 0.43204937989385733 0.43204937989385733 1.0 1.0 1.0 1.0 1.0 1.0 2.0 2.0 3.0 3.0 0 0.0 0 0.0 2.2638462845343543 0.0 0.0 0 0 0.0 0.0 0.0 0.0 0.0 0.0 0.0 0.0 0.0 0.0 0.0 0.0 0.0 0.0 0.0 0.0 1 26.0 0.0 0.0 26.0 26.0 26.0 26.0 26.0 39.0 39.0 0.0 0.0 0.0 0.0 39.0 0.0 39.0 0.0 39.0 0.0 39.0 0.0 39.0 0.0
12 4 3 1.0049433999999877 0.34578100000004497 0.0 1.3507244000000327 1.3507244000000327 1.3507244000000327 1.3507244000000327 329.16796875 321.39453125 18 18 1.0 18 1 0 False 0 0 False 1.0 1.0 0.0 0.0 0.0 0.0 0.0 0.0 0.0 0.0 0.0 0.0 0.0 0.0 0.0 0.0 0 0.0 0 0.0 0.0 0.0 0.0 0 0 0.0 0.0 0.0 0.0 0.0 0.0 0.0 0.0 0.0 0.0 0.0 0.0 0.0 0.0 0.0 0.0 1 1.0 0.0 0.0 0.0 0.0 0.0 0.0 0.0 1.0 1.0 0.0 0.0 0.0 0.0 0.0 0.0 0.0 0.0 0.0 0.0 0.0 0.0 0.0 0.0
13 4 2 1.4677968999999962 0.537212199999999 0.0 2.005009099999995 3.355733500000028 3.355733500000028 3.355733500000028 350.34375 341.60546875 26 26 1.0 26 18 18 False 0 0 False 1.4444444444444444 1.4444444444444444 0.8555852638929972 0.8555852638929972 0.5923282596182288 0.5923282596182288 1.0 1.0 1.0 1.0 1.0 1.0 1.75 1.75 4.0 4.0 0 0.0 0 0.0 3.1965773877515895 0.0 0.0 0 0 0.0 0.0 0.0 0.0 0.0 0.0 0.0 0.0 0.0 0.0 0.0 0.0 0.0 0.0 0.0 0.0 1 18.0 0.0 0.0 18.0 18.0 18.0 18.0 18.0 26.0 26.0 0.0 0.0 0.0 0.0 26.0 0.0 26.0 0.0 26.0 0.0 26.0 0.0 26.0 0.0
14 4 1 3.7580351999999806 4.449916200000004 0.0 8.207951399999985 11.563684900000013 11.563684900000013 11.563684900000013 414.89453125 426.71875 39 39 1.0 0 26 26 False 0 0 False 1.5 1.5 0.812403840463596 0.812403840463596 0.5416025603090641 0.5416025603090641 1.0 1.0 1.0 1.0 1.0 1.0 2.0 2.0 4.0 4.0 0 0.0 0 0.0 2.4514516892273006 0.0 0.0 0 0 0.0 0.0 0.0 0.0 0.0 0.0 0.0 0.0 0.0 0.0 0.0 0.0 0.0 0.0 0.0 0.0 1 26.0 0.0 0.0 26.0 26.0 26.0 26.0 26.0 39.0 39.0 0.0 0.0 0.0 0.0 39.0 0.0 39.0 0.0 39.0 0.0 39.0 0.0 39.0 0.0
15 5 3 0.9966834999999605 0.44734540000001743 0.0 1.444028899999978 1.444028899999978 1.444028899999978 1.444028899999978 269.3203125 264.08984375 18 18 1.0 18 1 0 False 0 0 False 1.0 1.0 0.0 0.0 0.0 0.0 0.0 0.0 0.0 0.0 0.0 0.0 0.0 0.0 0.0 0.0 0 0.0 0 0.0 0.0 0.0 0.0 0 0 0.0 0.0 0.0 0.0 0.0 0.0 0.0 0.0 0.0 0.0 0.0 0.0 0.0 0.0 0.0 0.0 1 1.0 0.0 0.0 0.0 0.0 0.0 0.0 0.0 1.0 1.0 0.0 0.0 0.0 0.0 0.0 0.0 0.0 0.0 0.0 0.0 0.0 0.0 0.0 0.0
16 5 2 1.4807864000000137 0.49899119999999186 0.0 1.9797776000000056 3.4238064999999835 3.4238064999999835 3.4238064999999835 326.71875 329.6328125 26 26 1.0 26 18 18 False 0 0 False 1.4444444444444444 1.4444444444444444 0.8555852638929972 0.8555852638929972 0.5923282596182288 0.5923282596182288 1.0 1.0 1.0 1.0 1.0 1.0 1.75 1.75 4.0 4.0 0 0.0 0 0.0 3.1965773877515895 0.0 0.0 0 0 0.0 0.0 0.0 0.0 0.0 0.0 0.0 0.0 0.0 0.0 0.0 0.0 0.0 0.0 0.0 0.0 1 18.0 0.0 0.0 18.0 18.0 18.0 18.0 18.0 26.0 26.0 0.0 0.0 0.0 0.0 26.0 0.0 26.0 0.0 26.0 0.0 26.0 0.0 26.0 0.0
17 5 1 3.767763300000027 3.6276650000000075 0.0 7.3954283000000345 10.819234800000018 10.819234800000018 10.819234800000018 425.234375 437.4765625 39 39 1.0 0 26 26 False 0 0 False 1.5 1.5 0.7615773105863908 0.7615773105863908 0.5077182070575939 0.5077182070575939 1.0 1.0 1.0 1.0 1.0 1.0 2.0 2.0 4.0 4.0 0 0.0 0 0.0 2.5813681524458185 0.0 0.0 0 0 0.0 0.0 0.0 0.0 0.0 0.0 0.0 0.0 0.0 0.0 0.0 0.0 0.0 0.0 0.0 0.0 1 26.0 0.0 0.0 26.0 26.0 26.0 26.0 26.0 39.0 39.0 0.0 0.0 0.0 0.0 39.0 0.0 39.0 0.0 39.0 0.0 39.0 0.0 39.0 0.0
18 6 3 0.9911062000000186 0.34675699999996823 0.0 1.3378631999999868 1.3378631999999868 1.3378631999999868 1.3378631999999868 349.45703125 342.34765625 18 18 1.0 18 1 0 False 0 0 False 1.0 1.0 0.0 0.0 0.0 0.0 0.0 0.0 0.0 0.0 0.0 0.0 0.0 0.0 0.0 0.0 0 0.0 0 0.0 0.0 0.0 0.0 0 0 0.0 0.0 0.0 0.0 0.0 0.0 0.0 0.0 0.0 0.0 0.0 0.0 0.0 0.0 0.0 0.0 1 1.0 0.0 0.0 0.0 0.0 0.0 0.0 0.0 1.0 1.0 0.0 0.0 0.0 0.0 0.0 0.0 0.0 0.0 0.0 0.0 0.0 0.0 0.0 0.0
19 6 2 1.4832063000000346 0.48156369999999526 0.0 1.9647700000000299 3.3026332000000167 3.3026332000000167 3.3026332000000167 372.37890625 364.54296875 26 26 1.0 26 18 18 False 0 0 False 1.4444444444444444 1.4444444444444444 0.7838233761296739 0.7838233761296739 0.5426469527051588 0.5426469527051588 1.0 1.0 1.0 1.0 1.0 1.0 1.75 1.75 3.0 3.0 0 0.0 0 0.0 3.234014183120649 0.0 0.0 0 0 0.0 0.0 0.0 0.0 0.0 0.0 0.0 0.0 0.0 0.0 0.0 0.0 0.0 0.0 0.0 0.0 1 18.0 0.0 0.0 18.0 18.0 18.0 18.0 18.0 26.0 26.0 0.0 0.0 0.0 0.0 26.0 0.0 26.0 0.0 26.0 0.0 26.0 0.0 26.0 0.0
20 6 1 3.7463142999999945 2.814070500000014 0.0 6.5603848000000085 9.863018000000025 9.863018000000025 9.863018000000025 433.78515625 445.7734375 39 39 1.0 0 26 26 False 0 0 False 1.5 1.5 0.7071067811865476 0.7071067811865476 0.47140452079103173 0.47140452079103173 1.0 1.0 1.0 1.0 1.0 1.0 2.0 2.0 3.0 3.0 0 0.0 0 0.0 2.6475678243654843 0.0 0.0 0 0 0.0 0.0 0.0 0.0 0.0 0.0 0.0 0.0 0.0 0.0 0.0 0.0 0.0 0.0 0.0 0.0 1 26.0 0.0 0.0 26.0 26.0 26.0 26.0 26.0 39.0 39.0 0.0 0.0 0.0 0.0 39.0 0.0 39.0 0.0 39.0 0.0 39.0 0.0 39.0 0.0
21 7 3 0.991226999999995 0.330946199999957 0.0 1.322173199999952 1.322173199999952 1.322173199999952 1.322173199999952 360.37109375 352.3515625 18 18 1.0 18 1 0 False 0 0 False 1.0 1.0 0.0 0.0 0.0 0.0 0.0 0.0 0.0 0.0 0.0 0.0 0.0 0.0 0.0 0.0 0 0.0 0 0.0 0.0 0.0 0.0 0 0 0.0 0.0 0.0 0.0 0.0 0.0 0.0 0.0 0.0 0.0 0.0 0.0 0.0 0.0 0.0 0.0 1 1.0 0.0 0.0 0.0 0.0 0.0 0.0 0.0 1.0 1.0 0.0 0.0 0.0 0.0 0.0 0.0 0.0 0.0 0.0 0.0 0.0 0.0 0.0 0.0
22 7 2 1.474562599999956 0.5563928999999916 0.0 2.0309554999999477 3.3531286999998997 3.3531286999998997 3.3531286999998997 383.94921875 375.671875 26 26 1.0 26 18 18 False 0 0 False 1.4444444444444444 1.4444444444444444 0.9835244081556433 0.9835244081556433 0.6809015133385223 0.6809015133385223 1.0 1.0 1.0 1.0 1.0 1.0 1.75 1.75 5.0 5.0 0 0.0 0 0.0 2.983838497819539 0.0 0.0 0 0 0.0 0.0 0.0 0.0 0.0 0.0 0.0 0.0 0.0 0.0 0.0 0.0 0.0 0.0 0.0 0.0 1 18.0 0.0 0.0 18.0 18.0 18.0 18.0 18.0 26.0 26.0 0.0 0.0 0.0 0.0 26.0 0.0 26.0 0.0 26.0 0.0 26.0 0.0 26.0 0.0
23 7 1 3.7506303000000116 4.569877900000023 0.0 8.320508200000035 11.673636899999934 11.673636899999934 11.673636899999934 442.79296875 454.24609375 39 39 1.0 0 26 26 False 0 0 False 1.5 1.5 0.7071067811865476 0.7071067811865476 0.47140452079103173 0.47140452079103173 1.0 1.0 1.0 1.0 1.0 1.0 2.0 2.0 3.0 3.0 0 0.0 0 0.0 2.9105246685355284 0.0 0.0 0 0 0.0 0.0 0.0 0.0 0.0 0.0 0.0 0.0 0.0 0.0 0.0 0.0 0.0 0.0 0.0 0.0 1 26.0 0.0 0.0 26.0 26.0 26.0 26.0 26.0 39.0 39.0 0.0 0.0 0.0 0.0 39.0 0.0 39.0 0.0 39.0 0.0 39.0 0.0 39.0 0.0
24 8 3 0.9892253000000011 0.3446732999999682 0.0 1.3338985999999693 1.3338985999999693 1.3338985999999693 1.3338985999999693 368.40625 359.91796875 18 18 1.0 18 1 0 False 0 0 False 1.0 1.0 0.0 0.0 0.0 0.0 0.0 0.0 0.0 0.0 0.0 0.0 0.0 0.0 0.0 0.0 0 0.0 0 0.0 0.0 0.0 0.0 0 0 0.0 0.0 0.0 0.0 0.0 0.0 0.0 0.0 0.0 0.0 0.0 0.0 0.0 0.0 0.0 0.0 1 1.0 0.0 0.0 0.0 0.0 0.0 0.0 0.0 1.0 1.0 0.0 0.0 0.0 0.0 0.0 0.0 0.0 0.0 0.0 0.0 0.0 0.0 0.0 0.0
25 8 2 1.4792190000000005 0.4670892999999978 0.0 1.9463082999999983 3.2802068999999676 3.2802068999999676 3.2802068999999676 392.2421875 383.73828125 26 26 1.0 26 18 18 False 0 0 False 1.4444444444444444 1.4444444444444444 0.7047921864945659 0.7047921864945659 0.4879330521885456 0.4879330521885456 1.0 1.0 1.0 1.0 1.0 1.0 2.0 2.0 3.0 3.0 0 0.0 0 0.0 2.899907760701387 0.0 0.0 0 0 0.0 0.0 0.0 0.0 0.0 0.0 0.0 0.0 0.0 0.0 0.0 0.0 0.0 0.0 0.0 0.0 1 18.0 0.0 0.0 18.0 18.0 18.0 18.0 18.0 26.0 26.0 0.0 0.0 0.0 0.0 26.0 0.0 26.0 0.0 26.0 0.0 26.0 0.0 26.0 0.0
26 8 1 3.781149499999998 4.156153800000041 0.0 7.937303300000039 11.217510200000007 11.217510200000007 11.217510200000007 455.19140625 466.71875 39 39 1.0 0 26 26 False 0 0 False 1.5 1.5 0.7071067811865476 0.7071067811865476 0.47140452079103173 0.47140452079103173 1.0 1.0 1.0 1.0 1.0 1.0 2.0 2.0 3.0 3.0 0 0.0 0 0.0 2.6764643727241237 0.0 0.0 0 0 0.0 0.0 0.0 0.0 0.0 0.0 0.0 0.0 0.0 0.0 0.0 0.0 0.0 0.0 0.0 0.0 1 26.0 0.0 0.0 26.0 26.0 26.0 26.0 26.0 39.0 39.0 0.0 0.0 0.0 0.0 39.0 0.0 39.0 0.0 39.0 0.0 39.0 0.0 39.0 0.0
27 9 3 0.9899448000000177 0.3765827999999374 0.0 1.366527599999955 1.366527599999955 1.366527599999955 1.366527599999955 377.66796875 370.25390625 18 18 1.0 18 1 0 False 0 0 False 1.0 1.0 0.0 0.0 0.0 0.0 0.0 0.0 0.0 0.0 0.0 0.0 0.0 0.0 0.0 0.0 0 0.0 0 0.0 0.0 0.0 0.0 0 0 0.0 0.0 0.0 0.0 0.0 0.0 0.0 0.0 0.0 0.0 0.0 0.0 0.0 0.0 0.0 0.0 1 1.0 0.0 0.0 0.0 0.0 0.0 0.0 0.0 1.0 1.0 0.0 0.0 0.0 0.0 0.0 0.0 0.0 0.0 0.0 0.0 0.0 0.0 0.0 0.0
28 9 2 1.478458499999988 0.490977799999996 0.0 1.969436299999984 3.335963899999939 3.335963899999939 3.335963899999939 401.625 393.8203125 26 26 1.0 26 18 18 False 0 0 False 1.4444444444444444 1.4444444444444444 0.9217771979249536 0.9217771979249536 0.6381534447172755 0.6381534447172755 1.0 1.0 1.0 1.0 1.0 1.0 1.0 1.0 4.0 4.0 0 0.0 0 0.0 3.2244564412570047 0.0 0.0 0 0 0.0 0.0 0.0 0.0 0.0 0.0 0.0 0.0 0.0 0.0 0.0 0.0 0.0 0.0 0.0 0.0 1 18.0 0.0 0.0 18.0 18.0 18.0 18.0 18.0 26.0 26.0 0.0 0.0 0.0 0.0 26.0 0.0 26.0 0.0 26.0 0.0 26.0 0.0 26.0 0.0
29 9 1 3.7528145999999936 3.8048778000000425 0.0 7.557692400000036 10.893656299999975 10.893656299999975 10.893656299999975 458.42578125 469.90625 39 39 1.0 0 26 26 False 0 0 False 1.5 1.5 0.9055385138137416 0.9055385138137416 0.6036923425424944 0.6036923425424944 1.0 1.0 1.0 1.0 1.0 1.0 2.0 2.0 5.0 5.0 0 0.0 0 0.0 2.4357118687751855 0.0 0.0 0 0 0.0 0.0 0.0 0.0 0.0 0.0 0.0 0.0 0.0 0.0 0.0 0.0 0.0 0.0 0.0 0.0 1 26.0 0.0 0.0 26.0 26.0 26.0 26.0 26.0 39.0 39.0 0.0 0.0 0.0 0.0 39.0 0.0 39.0 0.0 39.0 0.0 39.0 0.0 39.0 0.0
30 10 3 0.9895143999999902 0.3542703999999617 0.0 1.343784799999952 1.343784799999952 1.343784799999952 1.343784799999952 385.953125 377.8125 18 18 1.0 18 1 0 False 0 0 False 1.0 1.0 0.0 0.0 0.0 0.0 0.0 0.0 0.0 0.0 0.0 0.0 0.0 0.0 0.0 0.0 0 0.0 0 0.0 0.0 0.0 0.0 0 0 0.0 0.0 0.0 0.0 0.0 0.0 0.0 0.0 0.0 0.0 0.0 0.0 0.0 0.0 0.0 0.0 1 1.0 0.0 0.0 0.0 0.0 0.0 0.0 0.0 1.0 1.0 0.0 0.0 0.0 0.0 0.0 0.0 0.0 0.0 0.0 0.0 0.0 0.0 0.0 0.0
31 10 2 1.477379400000018 0.4707094000000325 0.0 1.9480888000000505 3.2918736000000024 3.2918736000000024 3.2918736000000024 410.19921875 401.87890625 26 26 1.0 26 18 18 False 0 0 False 1.4444444444444444 1.4444444444444444 1.0416176459053668 1.0416176459053668 0.7211199087037155 0.7211199087037155 1.0 1.0 1.0 1.0 1.0 1.0 1.0 1.0 5.0 5.0 0 0.0 0 0.0 3.4177580310559934 0.0 0.0 0 0 0.0 0.0 0.0 0.0 0.0 0.0 0.0 0.0 0.0 0.0 0.0 0.0 0.0 0.0 0.0 0.0 1 18.0 0.0 0.0 18.0 18.0 18.0 18.0 18.0 26.0 26.0 0.0 0.0 0.0 0.0 26.0 0.0 26.0 0.0 26.0 0.0 26.0 0.0 26.0 0.0
32 10 1 3.744778000000082 2.7806211000000474 0.0 6.525399100000129 9.817272700000132 9.817272700000132 9.817272700000132 467.890625 479.67578125 39 39 1.0 0 26 26 False 0 0 False 1.5 1.5 0.648074069840786 0.648074069840786 0.43204937989385733 0.43204937989385733 1.0 1.0 1.0 1.0 1.0 1.0 2.0 2.0 3.0 3.0 0 0.0 0 0.0 1.992775412873675 0.0 0.0 0 0 0.0 0.0 0.0 0.0 0.0 0.0 0.0 0.0 0.0 0.0 0.0 0.0 0.0 0.0 0.0 0.0 1 26.0 0.0 0.0 26.0 26.0 26.0 26.0 26.0 39.0 39.0 0.0 0.0 0.0 0.0 39.0 0.0 39.0 0.0 39.0 0.0 39.0 0.0 39.0 0.0
33 11 3 0.989600600000017 0.32602389999996717 0.0 1.3156244999999842 1.3156244999999842 1.3156244999999842 1.3156244999999842 399.03125 391.04296875 18 18 1.0 18 1 0 False 0 0 False 1.0 1.0 0.0 0.0 0.0 0.0 0.0 0.0 0.0 0.0 0.0 0.0 0.0 0.0 0.0 0.0 0 0.0 0 0.0 0.0 0.0 0.0 0 0 0.0 0.0 0.0 0.0 0.0 0.0 0.0 0.0 0.0 0.0 0.0 0.0 0.0 0.0 0.0 0.0 1 1.0 0.0 0.0 0.0 0.0 0.0 0.0 0.0 1.0 1.0 0.0 0.0 0.0 0.0 0.0 0.0 0.0 0.0 0.0 0.0 0.0 0.0 0.0 0.0
34 11 2 1.4690081000000248 0.6011844000000224 0.0 2.070192500000047 3.3858170000000314 3.3858170000000314 3.3858170000000314 422.78125 414.609375 26 26 1.0 26 18 18 False 0 0 False 1.4444444444444444 1.4444444444444444 0.8555852638929972 0.8555852638929972 0.5923282596182288 0.5923282596182288 1.0 1.0 1.0 1.0 1.0 1.0 1.75 1.75 4.0 4.0 0 0.0 0 0.0 2.9641201444024965 0.0 0.0 0 0 0.0 0.0 0.0 0.0 0.0 0.0 0.0 0.0 0.0 0.0 0.0 0.0 0.0 0.0 0.0 0.0 1 18.0 0.0 0.0 18.0 18.0 18.0 18.0 18.0 26.0 26.0 0.0 0.0 0.0 0.0 26.0 0.0 26.0 0.0 26.0 0.0 26.0 0.0 26.0 0.0
35 11 1 3.7415952000000345 2.465593199999887 0.0 6.207188399999922 9.593005399999953 9.593005399999953 9.593005399999953 477.3515625 489.3046875 39 39 1.0 0 26 26 False 0 0 False 1.5 1.5 0.8602325267042626 0.8602325267042626 0.5734883511361751 0.5734883511361751 1.0 1.0 1.0 1.0 1.0 1.0 2.0 2.0 5.0 5.0 0 0.0 0 0.0 2.5210650984790597 0.0 0.0 0 0 0.0 0.0 0.0 0.0 0.0 0.0 0.0 0.0 0.0 0.0 0.0 0.0 0.0 0.0 0.0 0.0 1 26.0 0.0 0.0 26.0 26.0 26.0 26.0 26.0 39.0 39.0 0.0 0.0 0.0 0.0 39.0 0.0 39.0 0.0 39.0 0.0 39.0 0.0 39.0 0.0
36 12 3 0.9898665000000335 0.3272381999999254 0.0 1.317104699999959 1.317104699999959 1.317104699999959 1.317104699999959 405.90625 398.5625 18 18 1.0 18 1 0 False 0 0 False 1.0 1.0 0.0 0.0 0.0 0.0 0.0 0.0 0.0 0.0 0.0 0.0 0.0 0.0 0.0 0.0 0 0.0 0 0.0 0.0 0.0 0.0 0 0 0.0 0.0 0.0 0.0 0.0 0.0 0.0 0.0 0.0 0.0 0.0 0.0 0.0 0.0 0.0 0.0 1 1.0 0.0 0.0 0.0 0.0 0.0 0.0 0.0 1.0 1.0 0.0 0.0 0.0 0.0 0.0 0.0 0.0 0.0 0.0 0.0 0.0 0.0 0.0 0.0
37 12 2 1.4805197999999677 0.6212205999999867 0.0 2.1017403999999544 3.4188450999999134 3.4188450999999134 3.4188450999999134 429.75 421.88671875 26 26 1.0 26 18 18 False 0 0 False 1.4444444444444444 1.4444444444444444 0.7838233761296739 0.7838233761296739 0.5426469527051588 0.5426469527051588 1.0 1.0 1.0 1.0 1.0 1.0 2.0 2.0 4.0 4.0 0 0.0 0 0.0 3.0157337756773757 0.0 0.0 0 0 0.0 0.0 0.0 0.0 0.0 0.0 0.0 0.0 0.0 0.0 0.0 0.0 0.0 0.0 0.0 0.0 1 18.0 0.0 0.0 18.0 18.0 18.0 18.0 18.0 26.0 26.0 0.0 0.0 0.0 0.0 26.0 0.0 26.0 0.0 26.0 0.0 26.0 0.0 26.0 0.0
38 12 1 3.7507714000000476 2.433973400000042 0.0 6.1847448000000895 9.603589900000003 9.603589900000003 9.603589900000003 483.046875 494.8359375 39 39 1.0 0 26 26 False 0 0 False 1.5 1.5 0.648074069840786 0.648074069840786 0.43204937989385733 0.43204937989385733 1.0 1.0 1.0 1.0 1.0 1.0 2.0 2.0 3.0 3.0 0 0.0 0 0.0 2.229608451310195 0.0 0.0 0 0 0.0 0.0 0.0 0.0 0.0 0.0 0.0 0.0 0.0 0.0 0.0 0.0 0.0 0.0 0.0 0.0 1 26.0 0.0 0.0 26.0 26.0 26.0 26.0 26.0 39.0 39.0 0.0 0.0 0.0 0.0 39.0 0.0 39.0 0.0 39.0 0.0 39.0 0.0 39.0 0.0
39 13 3 0.9913099000000614 0.32389150000005884 0.0 1.3152014000001202 1.3152014000001202 1.3152014000001202 1.3152014000001202 415.5234375 407.9765625 18 18 1.0 18 1 0 False 0 0 False 1.0 1.0 0.0 0.0 0.0 0.0 0.0 0.0 0.0 0.0 0.0 0.0 0.0 0.0 0.0 0.0 0 0.0 0 0.0 0.0 0.0 0.0 0 0 0.0 0.0 0.0 0.0 0.0 0.0 0.0 0.0 0.0 0.0 0.0 0.0 0.0 0.0 0.0 0.0 1 1.0 0.0 0.0 0.0 0.0 0.0 0.0 0.0 1.0 1.0 0.0 0.0 0.0 0.0 0.0 0.0 0.0 0.0 0.0 0.0 0.0 0.0 0.0 0.0
40 13 2 1.4800639999999419 0.6312382000000127 0.0 2.1113021999999546 3.426503600000075 3.426503600000075 3.426503600000075 437.609375 429.89453125 26 26 1.0 26 18 18 False 0 0 False 1.4444444444444444 1.4444444444444444 0.8555852638929972 0.8555852638929972 0.5923282596182288 0.5923282596182288 1.0 1.0 1.0 1.0 1.0 1.0 1.75 1.75 4.0 4.0 0 0.0 0 0.0 2.9641201444024965 0.0 0.0 0 0 0.0 0.0 0.0 0.0 0.0 0.0 0.0 0.0 0.0 0.0 0.0 0.0 0.0 0.0 0.0 0.0 1 18.0 0.0 0.0 18.0 18.0 18.0 18.0 18.0 26.0 26.0 0.0 0.0 0.0 0.0 26.0 0.0 26.0 0.0 26.0 0.0 26.0 0.0 26.0 0.0
41 13 1 3.7417539000000772 5.105905200000052 0.0 8.84765910000013 12.274162700000204 12.274162700000204 12.274162700000204 492.4296875 503.390625 39 39 1.0 0 26 26 False 0 0 False 1.5 1.5 0.812403840463596 0.812403840463596 0.5416025603090641 0.5416025603090641 1.0 1.0 1.0 1.0 1.0 1.0 2.0 2.0 4.0 4.0 0 0.0 0 0.0 3.020761493398643 0.0 0.0 0 0 0.0 0.0 0.0 0.0 0.0 0.0 0.0 0.0 0.0 0.0 0.0 0.0 0.0 0.0 0.0 0.0 1 26.0 0.0 0.0 26.0 26.0 26.0 26.0 26.0 39.0 39.0 0.0 0.0 0.0 0.0 39.0 0.0 39.0 0.0 39.0 0.0 39.0 0.0 39.0 0.0
42 14 3 0.9927838000000122 0.27695240000008425 0.0 1.2697362000000965 1.2697362000000965 1.2697362000000965 1.2697362000000965 360.11328125 354.8125 18 18 1.0 18 1 0 False 0 0 False 1.0 1.0 0.0 0.0 0.0 0.0 0.0 0.0 0.0 0.0 0.0 0.0 0.0 0.0 0.0 0.0 0 0.0 0 0.0 0.0 0.0 0.0 0 0 0.0 0.0 0.0 0.0 0.0 0.0 0.0 0.0 0.0 0.0 0.0 0.0 0.0 0.0 0.0 0.0 1 1.0 0.0 0.0 0.0 0.0 0.0 0.0 0.0 1.0 1.0 0.0 0.0 0.0 0.0 0.0 0.0 0.0 0.0 0.0 0.0 0.0 0.0 0.0 0.0
43 14 2 1.5001618999999664 0.4878226000000154 0.0 1.9879844999999818 3.2577207000000783 3.2577207000000783 3.2577207000000783 412.828125 410.16015625 26 26 1.0 26 18 18 False 0 0 False 1.4444444444444444 1.4444444444444444 0.8555852638929972 0.8555852638929972 0.5923282596182288 0.5923282596182288 1.0 1.0 1.0 1.0 1.0 1.0 1.75 1.75 4.0 4.0 0 0.0 0 0.0 3.0523552263757803 0.0 0.0 0 0 0.0 0.0 0.0 0.0 0.0 0.0 0.0 0.0 0.0 0.0 0.0 0.0 0.0 0.0 0.0 0.0 1 18.0 0.0 0.0 18.0 18.0 18.0 18.0 18.0 26.0 26.0 0.0 0.0 0.0 0.0 26.0 0.0 26.0 0.0 26.0 0.0 26.0 0.0 26.0 0.0
44 14 1 3.741169599999978 3.6352508999999884 0.0 7.376420499999966 10.634141200000045 10.634141200000045 10.634141200000045 499.43359375 513.921875 39 39 1.0 0 26 26 False 0 0 False 1.5 1.5 0.7615773105863908 0.7615773105863908 0.5077182070575939 0.5077182070575939 1.0 1.0 1.0 1.0 1.0 1.0 2.0 2.0 3.0 3.0 0 0.0 0 0.0 2.669269563007828 0.0 0.0 0 0 0.0 0.0 0.0 0.0 0.0 0.0 0.0 0.0 0.0 0.0 0.0 0.0 0.0 0.0 0.0 0.0 1 26.0 0.0 0.0 26.0 26.0 26.0 26.0 26.0 39.0 39.0 0.0 0.0 0.0 0.0 39.0 0.0 39.0 0.0 39.0 0.0 39.0 0.0 39.0 0.0
45 15 3 0.9939039999999295 0.33877829999994447 0.0 1.332682299999874 1.332682299999874 1.332682299999874 1.332682299999874 430.70703125 425.0546875 18 18 1.0 18 1 0 False 0 0 False 1.0 1.0 0.0 0.0 0.0 0.0 0.0 0.0 0.0 0.0 0.0 0.0 0.0 0.0 0.0 0.0 0 0.0 0 0.0 0.0 0.0 0.0 0 0 0.0 0.0 0.0 0.0 0.0 0.0 0.0 0.0 0.0 0.0 0.0 0.0 0.0 0.0 0.0 0.0 1 1.0 0.0 0.0 0.0 0.0 0.0 0.0 0.0 1.0 1.0 0.0 0.0 0.0 0.0 0.0 0.0 0.0 0.0 0.0 0.0 0.0 0.0 0.0 0.0
46 15 2 1.483120499999984 0.4939957999999933 0.0 1.9771162999999774 3.3097985999998514 3.3097985999998514 3.3097985999998514 455.16796875 448.625 26 26 1.0 26 18 18 False 0 0 False 1.4444444444444444 1.4444444444444444 0.7838233761296739 0.7838233761296739 0.5426469527051588 0.5426469527051588 1.0 1.0 1.0 1.0 1.0 1.0 2.0 2.0 4.0 4.0 0 0.0 0 0.0 2.858098017884515 0.0 0.0 0 0 0.0 0.0 0.0 0.0 0.0 0.0 0.0 0.0 0.0 0.0 0.0 0.0 0.0 0.0 0.0 0.0 1 18.0 0.0 0.0 18.0 18.0 18.0 18.0 18.0 26.0 26.0 0.0 0.0 0.0 0.0 26.0 0.0 26.0 0.0 26.0 0.0 26.0 0.0 26.0 0.0
47 15 1 3.733822999999944 3.350847199999947 0.0 7.084670199999891 10.394468799999743 10.394468799999743 10.394468799999743 510.78515625 522.94140625 39 39 1.0 0 26 26 False 0 0 False 1.5 1.5 0.7071067811865476 0.7071067811865476 0.47140452079103173 0.47140452079103173 1.0 1.0 1.0 1.0 1.0 1.0 2.0 2.0 3.0 3.0 0 0.0 0 0.0 2.186057216507874 0.0 0.0 0 0 0.0 0.0 0.0 0.0 0.0 0.0 0.0 0.0 0.0 0.0 0.0 0.0 0.0 0.0 0.0 0.0 1 26.0 0.0 0.0 26.0 26.0 26.0 26.0 26.0 39.0 39.0 0.0 0.0 0.0 0.0 39.0 0.0 39.0 0.0 39.0 0.0 39.0 0.0 39.0 0.0
48 16 3 0.9969514999999092 0.41940749999997706 0.0 1.4163589999998862 1.4163589999998862 1.4163589999998862 1.4163589999998862 442.2109375 435.2109375 18 18 1.0 18 1 0 False 0 0 False 1.0 1.0 0.0 0.0 0.0 0.0 0.0 0.0 0.0 0.0 0.0 0.0 0.0 0.0 0.0 0.0 0 0.0 0 0.0 0.0 0.0 0.0 0 0 0.0 0.0 0.0 0.0 0.0 0.0 0.0 0.0 0.0 0.0 0.0 0.0 0.0 0.0 0.0 0.0 1 1.0 0.0 0.0 0.0 0.0 0.0 0.0 0.0 1.0 1.0 0.0 0.0 0.0 0.0 0.0 0.0 0.0 0.0 0.0 0.0 0.0 0.0 0.0 0.0
49 16 2 1.4839048999999704 0.47076130000004923 0.0 1.9546662000000197 3.371025199999906 3.371025199999906 3.371025199999906 464.81640625 457.6328125 26 26 1.0 26 18 18 False 0 0 False 1.4444444444444444 1.4444444444444444 0.8555852638929972 0.8555852638929972 0.5923282596182288 0.5923282596182288 1.0 1.0 1.0 1.0 1.0 1.0 1.75 1.75 4.0 4.0 0 0.0 0 0.0 2.9641201444024965 0.0 0.0 0 0 0.0 0.0 0.0 0.0 0.0 0.0 0.0 0.0 0.0 0.0 0.0 0.0 0.0 0.0 0.0 0.0 1 18.0 0.0 0.0 18.0 18.0 18.0 18.0 18.0 26.0 26.0 0.0 0.0 0.0 0.0 26.0 0.0 26.0 0.0 26.0 0.0 26.0 0.0 26.0 0.0
50 16 1 3.741131999999965 4.279962799999964 0.0 8.02109479999993 11.392119999999835 11.392119999999835 11.392119999999835 520.9296875 532.6796875 39 39 1.0 0 26 26 False 0 0 False 1.5 1.5 0.7615773105863908 0.7615773105863908 0.5077182070575939 0.5077182070575939 1.0 1.0 1.0 1.0 1.0 1.0 2.0 2.0 4.0 4.0 0 0.0 0 0.0 2.6907962790565576 0.0 0.0 0 0 0.0 0.0 0.0 0.0 0.0 0.0 0.0 0.0 0.0 0.0 0.0 0.0 0.0 0.0 0.0 0.0 1 26.0 0.0 0.0 26.0 26.0 26.0 26.0 26.0 39.0 39.0 0.0 0.0 0.0 0.0 39.0 0.0 39.0 0.0 39.0 0.0 39.0 0.0 39.0 0.0
51 17 3 1.0032924999999864 0.3593618000000163 0.0 1.3626543000000026 1.3626543000000026 1.3626543000000026 1.3626543000000026 454.3828125 447.0 18 18 1.0 18 1 0 False 0 0 False 1.0 1.0 0.0 0.0 0.0 0.0 0.0 0.0 0.0 0.0 0.0 0.0 0.0 0.0 0.0 0.0 0 0.0 0 0.0 0.0 0.0 0.0 0 0 0.0 0.0 0.0 0.0 0.0 0.0 0.0 0.0 0.0 0.0 0.0 0.0 0.0 0.0 0.0 0.0 1 1.0 0.0 0.0 0.0 0.0 0.0 0.0 0.0 1.0 1.0 0.0 0.0 0.0 0.0 0.0 0.0 0.0 0.0 0.0 0.0 0.0 0.0 0.0 0.0
52 17 2 1.512571199999968 0.49283869999999297 0.0 2.005409899999961 3.3680641999999636 3.3680641999999636 3.3680641999999636 478.26171875 470.5703125 26 26 1.0 26 18 18 False 0 0 False 1.4444444444444444 1.4444444444444444 0.8555852638929972 0.8555852638929972 0.5923282596182288 0.5923282596182288 1.0 1.0 1.0 1.0 1.0 1.0 1.75 1.75 4.0 4.0 0 0.0 0 0.0 3.1312180934855363 0.0 0.0 0 0 0.0 0.0 0.0 0.0 0.0 0.0 0.0 0.0 0.0 0.0 0.0 0.0 0.0 0.0 0.0 0.0 1 18.0 0.0 0.0 18.0 18.0 18.0 18.0 18.0 26.0 26.0 0.0 0.0 0.0 0.0 26.0 0.0 26.0 0.0 26.0 0.0 26.0 0.0 26.0 0.0
53 17 1 3.7430165000000386 4.34730650000003 0.0 8.090323000000069 11.458387200000033 11.458387200000033 11.458387200000033 525.828125 536.74609375 39 39 1.0 0 26 26 False 0 0 False 1.5 1.5 0.7071067811865476 0.7071067811865476 0.47140452079103173 0.47140452079103173 1.0 1.0 1.0 1.0 1.0 1.0 2.0 2.0 4.0 4.0 0 0.0 0 0.0 2.7613402542968153 0.0 0.0 0 0 0.0 0.0 0.0 0.0 0.0 0.0 0.0 0.0 0.0 0.0 0.0 0.0 0.0 0.0 0.0 0.0 1 26.0 0.0 0.0 26.0 26.0 26.0 26.0 26.0 39.0 39.0 0.0 0.0 0.0 0.0 39.0 0.0 39.0 0.0 39.0 0.0 39.0 0.0 39.0 0.0
54 18 3 0.9989909000000523 0.504795200000018 0.0 1.5037861000000703 1.5037861000000703 1.5037861000000703 1.5037861000000703 462.40625 454.96484375 18 18 1.0 18 1 0 False 0 0 False 1.0 1.0 0.0 0.0 0.0 0.0 0.0 0.0 0.0 0.0 0.0 0.0 0.0 0.0 0.0 0.0 0 0.0 0 0.0 0.0 0.0 0.0 0 0 0.0 0.0 0.0 0.0 0.0 0.0 0.0 0.0 0.0 0.0 0.0 0.0 0.0 0.0 0.0 0.0 1 1.0 0.0 0.0 0.0 0.0 0.0 0.0 0.0 1.0 1.0 0.0 0.0 0.0 0.0 0.0 0.0 0.0 0.0 0.0 0.0 0.0 0.0 0.0 0.0
55 18 2 1.4834577999999112 0.4743691000000183 0.0 1.9578268999999295 3.461613 3.461613 3.461613 486.203125 478.53515625 26 26 1.0 26 18 18 False 0 0 False 1.4444444444444444 1.4444444444444444 0.9217771979249536 0.9217771979249536 0.6381534447172755 0.6381534447172755 1.0 1.0 1.0 1.0 1.0 1.0 1.0 1.0 4.0 4.0 0 0.0 0 0.0 3.2244564412570047 0.0 0.0 0 0 0.0 0.0 0.0 0.0 0.0 0.0 0.0 0.0 0.0 0.0 0.0 0.0 0.0 0.0 0.0 0.0 1 18.0 0.0 0.0 18.0 18.0 18.0 18.0 18.0 26.0 26.0 0.0 0.0 0.0 0.0 26.0 0.0 26.0 0.0 26.0 0.0 26.0 0.0 26.0 0.0
56 18 1 3.7463698000001386 3.3065354000000298 0.0 7.052905200000168 10.514518200000168 10.514518200000168 10.514518200000168 534.20703125 546.3515625 39 39 1.0 0 26 26 False 0 0 False 1.5 1.5 0.7071067811865476 0.7071067811865476 0.47140452079103173 0.47140452079103173 1.0 1.0 1.0 1.0 1.0 1.0 2.0 2.0 3.0 3.0 0 0.0 0 0.0 2.355435612169631 0.0 0.0 0 0 0.0 0.0 0.0 0.0 0.0 0.0 0.0 0.0 0.0 0.0 0.0 0.0 0.0 0.0 0.0 0.0 1 26.0 0.0 0.0 26.0 26.0 26.0 26.0 26.0 39.0 39.0 0.0 0.0 0.0 0.0 39.0 0.0 39.0 0.0 39.0 0.0 39.0 0.0 39.0 0.0
57 19 3 1.0014851999998768 0.3978197000000705 0.0 1.3993048999999473 1.3993048999999473 1.3993048999999473 1.3993048999999473 469.7265625 462.99609375 18 18 1.0 18 1 0 False 0 0 False 1.0 1.0 0.0 0.0 0.0 0.0 0.0 0.0 0.0 0.0 0.0 0.0 0.0 0.0 0.0 0.0 0 0.0 0 0.0 0.0 0.0 0.0 0 0 0.0 0.0 0.0 0.0 0.0 0.0 0.0 0.0 0.0 0.0 0.0 0.0 0.0 0.0 0.0 0.0 1 1.0 0.0 0.0 0.0 0.0 0.0 0.0 0.0 1.0 1.0 0.0 0.0 0.0 0.0 0.0 0.0 0.0 0.0 0.0 0.0 0.0 0.0 0.0 0.0
58 19 2 1.486006199999963 0.6721932000000379 0.0 2.158199400000001 3.557504299999948 3.557504299999948 3.557504299999948 493.640625 486.8125 26 26 1.0 26 18 18 False 0 0 False 1.4444444444444444 1.4444444444444444 0.7838233761296739 0.7838233761296739 0.5426469527051588 0.5426469527051588 1.0 1.0 1.0 1.0 1.0 1.0 1.75 1.75 3.0 3.0 0 0.0 0 0.0 3.234014183120649 0.0 0.0 0 0 0.0 0.0 0.0 0.0 0.0 0.0 0.0 0.0 0.0 0.0 0.0 0.0 0.0 0.0 0.0 0.0 1 18.0 0.0 0.0 18.0 18.0 18.0 18.0 18.0 26.0 26.0 0.0 0.0 0.0 0.0 26.0 0.0 26.0 0.0 26.0 0.0 26.0 0.0 26.0 0.0
59 19 1 3.744584800000098 3.2033689999998387 0.0 6.947953799999937 10.505458099999885 10.505458099999885 10.505458099999885 541.75 553.26953125 39 39 1.0 0 26 26 False 0 0 False 1.5 1.5 0.648074069840786 0.648074069840786 0.43204937989385733 0.43204937989385733 1.0 1.0 1.0 1.0 1.0 1.0 2.0 2.0 3.0 3.0 0 0.0 0 0.0 2.2553355540891165 0.0 0.0 0 0 0.0 0.0 0.0 0.0 0.0 0.0 0.0 0.0 0.0 0.0 0.0 0.0 0.0 0.0 0.0 0.0 1 26.0 0.0 0.0 26.0 26.0 26.0 26.0 26.0 39.0 39.0 0.0 0.0 0.0 0.0 39.0 0.0 39.0 0.0 39.0 0.0 39.0 0.0 39.0 0.0
60 20 3 1.0016396000001464 0.34097540000004756 0.0 1.342615000000194 1.342615000000194 1.342615000000194 1.342615000000194 477.1796875 470.14453125 18 18 1.0 18 1 0 False 0 0 False 1.0 1.0 0.0 0.0 0.0 0.0 0.0 0.0 0.0 0.0 0.0 0.0 0.0 0.0 0.0 0.0 0 0.0 0 0.0 0.0 0.0 0.0 0 0 0.0 0.0 0.0 0.0 0.0 0.0 0.0 0.0 0.0 0.0 0.0 0.0 0.0 0.0 0.0 0.0 1 1.0 0.0 0.0 0.0 0.0 0.0 0.0 0.0 1.0 1.0 0.0 0.0 0.0 0.0 0.0 0.0 0.0 0.0 0.0 0.0 0.0 0.0 0.0 0.0
61 20 2 1.4893390999998246 0.4899191000000087 0.0 1.9792581999998333 3.3218732000000273 3.3218732000000273 3.3218732000000273 500.91015625 493.4609375 26 26 1.0 26 18 18 False 0 0 False 1.4444444444444444 1.4444444444444444 0.8555852638929972 0.8555852638929972 0.5923282596182288 0.5923282596182288 1.0 1.0 1.0 1.0 1.0 1.0 1.75 1.75 4.0 4.0 0 0.0 0 0.0 3.0523552263757803 0.0 0.0 0 0 0.0 0.0 0.0 0.0 0.0 0.0 0.0 0.0 0.0 0.0 0.0 0.0 0.0 0.0 0.0 0.0 1 18.0 0.0 0.0 18.0 18.0 18.0 18.0 18.0 26.0 26.0 0.0 0.0 0.0 0.0 26.0 0.0 26.0 0.0 26.0 0.0 26.0 0.0 26.0 0.0
62 20 1 3.758254999999906 4.674406000000033 0.0 8.43266099999994 11.754534199999966 11.754534199999966 11.754534199999966 544.88671875 562.81640625 39 39 1.0 0 26 26 False 0 0 False 1.5 1.5 0.812403840463596 0.812403840463596 0.5416025603090641 0.5416025603090641 1.0 1.0 1.0 1.0 1.0 1.0 2.0 2.0 4.0 4.0 0 0.0 0 0.0 2.8436839595036685 0.0 0.0 0 0 0.0 0.0 0.0 0.0 0.0 0.0 0.0 0.0 0.0 0.0 0.0 0.0 0.0 0.0 0.0 0.0 1 26.0 0.0 0.0 26.0 26.0 26.0 26.0 26.0 39.0 39.0 0.0 0.0 0.0 0.0 39.0 0.0 39.0 0.0 39.0 0.0 39.0 0.0 39.0 0.0
63 21 3 0.999040799999932 0.3534707000000594 0.0 1.3525114999999914 1.3525114999999914 1.3525114999999914 1.3525114999999914 481.0625 480.16796875 18 18 1.0 18 1 0 False 0 0 False 1.0 1.0 0.0 0.0 0.0 0.0 0.0 0.0 0.0 0.0 0.0 0.0 0.0 0.0 0.0 0.0 0 0.0 0 0.0 0.0 0.0 0.0 0 0 0.0 0.0 0.0 0.0 0.0 0.0 0.0 0.0 0.0 0.0 0.0 0.0 0.0 0.0 0.0 0.0 1 1.0 0.0 0.0 0.0 0.0 0.0 0.0 0.0 1.0 1.0 0.0 0.0 0.0 0.0 0.0 0.0 0.0 0.0 0.0 0.0 0.0 0.0 0.0 0.0
64 21 2 1.4762738000000013 0.45839130000007344 0.0 1.9346651000000747 3.287176600000066 3.287176600000066 3.287176600000066 505.546875 502.578125 26 26 1.0 26 18 18 False 0 0 False 1.4444444444444444 1.4444444444444444 0.7047921864945659 0.7047921864945659 0.4879330521885456 0.4879330521885456 1.0 1.0 1.0 1.0 1.0 1.0 2.0 2.0 3.0 3.0 0 0.0 0 0.0 2.9745145192979656 0.0 0.0 0 0 0.0 0.0 0.0 0.0 0.0 0.0 0.0 0.0 0.0 0.0 0.0 0.0 0.0 0.0 0.0 0.0 1 18.0 0.0 0.0 18.0 18.0 18.0 18.0 18.0 26.0 26.0 0.0 0.0 0.0 0.0 26.0 0.0 26.0 0.0 26.0 0.0 26.0 0.0 26.0 0.0
65 21 1 3.7837628999998856 3.2435025000000337 0.0 7.027265399999919 10.314441999999985 10.314441999999985 10.314441999999985 556.8046875 571.87890625 39 39 1.0 0 26 26 False 0 0 False 1.5 1.5 0.8602325267042626 0.8602325267042626 0.5734883511361751 0.5734883511361751 1.0 1.0 1.0 1.0 1.0 1.0 2.0 2.0 4.0 4.0 0 0.0 0 0.0 2.890634745305818 0.0 0.0 0 0 0.0 0.0 0.0 0.0 0.0 0.0 0.0 0.0 0.0 0.0 0.0 0.0 0.0 0.0 0.0 0.0 1 26.0 0.0 0.0 26.0 26.0 26.0 26.0 26.0 39.0 39.0 0.0 0.0 0.0 0.0 39.0 0.0 39.0 0.0 39.0 0.0 39.0 0.0 39.0 0.0
66 22 3 1.00226889999999 0.28918729999992365 0.0 1.2914561999999137 1.2914561999999137 1.2914561999999137 1.2914561999999137 487.8359375 482.91796875 18 18 1.0 18 1 0 False 0 0 False 1.0 1.0 0.0 0.0 0.0 0.0 0.0 0.0 0.0 0.0 0.0 0.0 0.0 0.0 0.0 0.0 0 0.0 0 0.0 0.0 0.0 0.0 0 0 0.0 0.0 0.0 0.0 0.0 0.0 0.0 0.0 0.0 0.0 0.0 0.0 0.0 0.0 0.0 0.0 1 1.0 0.0 0.0 0.0 0.0 0.0 0.0 0.0 1.0 1.0 0.0 0.0 0.0 0.0 0.0 0.0 0.0 0.0 0.0 0.0 0.0 0.0 0.0 0.0
67 22 2 1.4847453000000996 0.7110049000000345 0.0 2.195750200000134 3.487206400000048 3.487206400000048 3.487206400000048 511.38671875 506.23828125 26 26 1.0 26 18 18 False 0 0 False 1.4444444444444444 1.4444444444444444 0.9835244081556433 0.9835244081556433 0.6809015133385223 0.6809015133385223 1.0 1.0 1.0 1.0 1.0 1.0 1.75 1.75 5.0 5.0 0 0.0 0 0.0 3.249248092824597 0.0 0.0 0 0 0.0 0.0 0.0 0.0 0.0 0.0 0.0 0.0 0.0 0.0 0.0 0.0 0.0 0.0 0.0 0.0 1 18.0 0.0 0.0 18.0 18.0 18.0 18.0 18.0 26.0 26.0 0.0 0.0 0.0 0.0 26.0 0.0 26.0 0.0 26.0 0.0 26.0 0.0 26.0 0.0
68 22 1 3.7518651999999406 2.147896600000024 0.0 5.899761799999965 9.386968200000013 9.386968200000013 9.386968200000013 566.66796875 579.47265625 39 39 1.0 0 26 26 False 0 0 False 1.5 1.5 0.9486832980505138 0.9486832980505138 0.6324555320336759 0.6324555320336759 1.0 1.0 1.0 1.0 1.0 1.0 2.0 2.0 5.0 5.0 0 0.0 0 0.0 2.5210650984790597 0.0 0.0 0 0 0.0 0.0 0.0 0.0 0.0 0.0 0.0 0.0 0.0 0.0 0.0 0.0 0.0 0.0 0.0 0.0 1 26.0 0.0 0.0 26.0 26.0 26.0 26.0 26.0 39.0 39.0 0.0 0.0 0.0 0.0 39.0 0.0 39.0 0.0 39.0 0.0 39.0 0.0 39.0 0.0
69 23 3 0.9999964999998383 0.3089164000000437 0.0 1.308912899999882 1.308912899999882 1.308912899999882 1.308912899999882 497.1953125 490.70703125 18 18 1.0 18 1 0 False 0 0 False 1.0 1.0 0.0 0.0 0.0 0.0 0.0 0.0 0.0 0.0 0.0 0.0 0.0 0.0 0.0 0.0 0 0.0 0 0.0 0.0 0.0 0.0 0 0 0.0 0.0 0.0 0.0 0.0 0.0 0.0 0.0 0.0 0.0 0.0 0.0 0.0 0.0 0.0 0.0 1 1.0 0.0 0.0 0.0 0.0 0.0 0.0 0.0 1.0 1.0 0.0 0.0 0.0 0.0 0.0 0.0 0.0 0.0 0.0 0.0 0.0 0.0 0.0 0.0
70 23 2 1.4817254000000162 0.4934032000001025 0.0 1.9751286000001187 3.2840415000000007 3.2840415000000007 3.2840415000000007 521.0078125 514.0234375 26 26 1.0 26 18 18 False 0 0 False 1.4444444444444444 1.4444444444444444 0.7838233761296739 0.7838233761296739 0.5426469527051588 0.5426469527051588 1.0 1.0 1.0 1.0 1.0 1.0 1.75 1.75 3.0 3.0 0 0.0 0 0.0 3.234014183120649 0.0 0.0 0 0 0.0 0.0 0.0 0.0 0.0 0.0 0.0 0.0 0.0 0.0 0.0 0.0 0.0 0.0 0.0 0.0 1 18.0 0.0 0.0 18.0 18.0 18.0 18.0 18.0 26.0 26.0 0.0 0.0 0.0 0.0 26.0 0.0 26.0 0.0 26.0 0.0 26.0 0.0 26.0 0.0
71 23 1 3.7569314000000986 4.4813797999999565 0.0 8.238311200000055 11.522352700000056 11.522352700000056 11.522352700000056 578.5078125 591.125 39 39 1.0 0 26 26 False 0 0 False 1.5 1.5 0.648074069840786 0.648074069840786 0.43204937989385733 0.43204937989385733 1.0 1.0 1.0 1.0 1.0 1.0 2.0 2.0 3.0 3.0 0 0.0 0 0.0 2.1505813167606567 0.0 0.0 0 0 0.0 0.0 0.0 0.0 0.0 0.0 0.0 0.0 0.0 0.0 0.0 0.0 0.0 0.0 0.0 0.0 1 26.0 0.0 0.0 26.0 26.0 26.0 26.0 26.0 39.0 39.0 0.0 0.0 0.0 0.0 39.0 0.0 39.0 0.0 39.0 0.0 39.0 0.0 39.0 0.0
72 24 3 0.99933249999998 0.3650102000000288 0.0 1.3643427000000088 1.3643427000000088 1.3643427000000088 1.3643427000000088 511.3515625 504.50390625 18 18 1.0 18 1 0 False 0 0 False 1.0 1.0 0.0 0.0 0.0 0.0 0.0 0.0 0.0 0.0 0.0 0.0 0.0 0.0 0.0 0.0 0 0.0 0 0.0 0.0 0.0 0.0 0 0 0.0 0.0 0.0 0.0 0.0 0.0 0.0 0.0 0.0 0.0 0.0 0.0 0.0 0.0 0.0 0.0 1 1.0 0.0 0.0 0.0 0.0 0.0 0.0 0.0 1.0 1.0 0.0 0.0 0.0 0.0 0.0 0.0 0.0 0.0 0.0 0.0 0.0 0.0 0.0 0.0
73 24 2 1.4801337000000103 0.48505109999990736 0.0 1.9651847999999177 3.3295274999999265 3.3295274999999265 3.3295274999999265 535.16796875 527.82421875 26 26 1.0 26 18 18 False 0 0 False 1.4444444444444444 1.4444444444444444 0.8555852638929972 0.8555852638929972 0.5923282596182288 0.5923282596182288 1.0 1.0 1.0 1.0 1.0 1.0 1.75 1.75 4.0 4.0 0 0.0 0 0.0 3.1312180934855363 0.0 0.0 0 0 0.0 0.0 0.0 0.0 0.0 0.0 0.0 0.0 0.0 0.0 0.0 0.0 0.0 0.0 0.0 0.0 1 18.0 0.0 0.0 18.0 18.0 18.0 18.0 18.0 26.0 26.0 0.0 0.0 0.0 0.0 26.0 0.0 26.0 0.0 26.0 0.0 26.0 0.0 26.0 0.0
74 24 1 3.7480714999999236 2.899607900000035 0.0 6.647679399999959 9.977206899999885 9.977206899999885 9.977206899999885 581.3125 593.2421875 39 39 1.0 0 26 26 False 0 0 False 1.5 1.5 0.812403840463596 0.812403840463596 0.5416025603090641 0.5416025603090641 1.0 1.0 1.0 1.0 1.0 1.0 2.0 2.0 4.0 4.0 0 0.0 0 0.0 2.5362752823170256 0.0 0.0 0 0 0.0 0.0 0.0 0.0 0.0 0.0 0.0 0.0 0.0 0.0 0.0 0.0 0.0 0.0 0.0 0.0 1 26.0 0.0 0.0 26.0 26.0 26.0 26.0 26.0 39.0 39.0 0.0 0.0 0.0 0.0 39.0 0.0 39.0 0.0 39.0 0.0 39.0 0.0 39.0 0.0
