 RU AL GT ST OT TT LT CT WT RSS VMS LE AC CF PSG SIZE SGLITS_T HAS_TRAILING TOT_CHOICES PRE_CHOICES FGOALS_ORDER CP_EF_L CP_EF_A SP_ED_L SP_ED_A SP_EB_L SP_EB_A SP_MIN_L SP_MIN_A SP_LOWER_L SP_LOWER_A SP_MED_L SP_MED_A SP_UPPER_L SP_UPPER_A SP_MAX_L SP_MAX_A T_INTER_SP P_INTER_SP T_INTER_Q P_INTER_Q M_CHILD_SPREAD DIV_INDEX_SPREAD DIV_STEP_SPREAD DIVS_T DS_T DS_TD_MEAN DS_TD_STD DS_TD_CD DS_TD_MIN DS_TD_LOWER DS_TD_MED DS_TD_UPPER DS_TD_MAX DS_TS_MEAN DS_TS_STD DS_TS_CD DS_TS_MIN DS_TS_LOWER DS_TS_MED DS_TS_UPPER DS_TS_MAX PR_T PR_TS_MEAN PR_TS_STD PR_TS_CD PR_TS_MIN PR_TS_LOWER PR_TS_MED PR_TS_UPPER PR_TS_MAX PP_LE_MEAN PP_AC_MEAN PP_LE_STD PP_AC_STD PP_LE_CD PP_AC_CD PP_LE_MIN PP_AC_MIN PP_LE_LOWER PP_AC_LOWER PP_LE_MED PP_AC_MED PP_LE_UPPER PP_AC_UPPER PP_LE_MAX PP_AC_MAX
0 0 3 0.9977029000000073 0.368902399999989 0.0 1.3666052999999962 1.3666052999999962 1.3666052999999962 1.3666052999999962 252.85546875 246.25 18 18 1.0 18 1 0 False 0 0 False 1.0 1.0 0.0 0.0 0.0 0.0 0.0 0.0 0.0 0.0 0.0 0.0 0.0 0.0 0.0 0.0 0 0.0 0 0.0 0.0 0.0 0.0 1 1 1.0 0.0 0.0 1.0 1.0 1.0 1.0 1.0 18.0 0.0 0.0 18.0 18.0 18.0 18.0 18.0 1 1.0 0.0 0.0 0.0 0.0 0.0 0.0 0.0 1.0 1.0 0.0 0.0 0.0 0.0 0.0 0.0 0.0 0.0 0.0 0.0 0.0 0.0 0.0 0.0
1 0 2 2.1455746999999974 0.6466476000000085 0.0 2.792222300000006 3.6895147999999978 4.158827600000002 2.093877250000002 291.5078125 283.14453125 34 34 1.0 34 18 18 False 0 0 False 1.8888888888888888 1.8888888888888888 2.27231131071657 2.27231131071657 1.2029883409675959 1.2029883409675959 1.0 1.0 1.0 1.0 1.0 1.0 1.0 1.0 10.0 10.0 0 0.0 0 0.0 7.654714247165685 0.0 4.618802153517006 6 2 3.0 0.0 0.0 3.0 3.0 3.0 3.0 3.0 17.0 11.313708498984761 0.6655122646461624 9.0 13.0 17.0 21.0 25.0 2 9.0 0.0 0.0 9.0 9.0 9.0 9.0 9.0 17.0 17.0 11.313708498984761 11.313708498984761 0.6655122646461624 0.0 9.0 0.0 13.0 0.0 17.0 0.0 21.0 0.0 25.0 0.0
2 0 1 7.47368010000001 4.460100999999987 0.0 11.933781099999997 5.258792899999982 16.0926087 2.0505557625000037 312.9453125 306.015625 79 79 1.0 0 34 34 True 0 0 False 2.323529411764706 2.323529411764706 2.668893900552515 2.668893900552515 1.1633640079331475 1.1633640079331475 1.0 1.0 1.0 1.0 1.0 1.0 2.0 2.0 13.0 13.0 0 0.0 0 0.0 7.558451581601799 4.133198922545748 6.682792995613602 0 0 0.0 0.0 0.0 0.0 0.0 0.0 0.0 0.0 0.0 0.0 0.0 0.0 0.0 0.0 0.0 0.0 8 4.25 2.187627547301936 0.5147358934828086 2.0 2.0 4.5 6.0 7.0 9.875 9.875 7.698562017861332 7.698562017861332 0.7796012169986158 0.0 2.0 0.0 3.0 0.0 8.5 0.0 14.5 0.0 24.0 0.0
3 1 3 1.004291600000009 0.39605399999999946 0.0 1.4003456000000085 1.4003456000000085 1.4003456000000085 1.4003456000000085 285.3046875 275.34765625 18 18 1.0 18 1 0 False 0 0 False 1.0 1.0 0.0 0.0 0.0 0.0 0.0 0.0 0.0 0.0 0.0 0.0 0.0 0.0 0.0 0.0 0 0.0 0 0.0 0.0 0.0 0.0 1 1 1.0 0.0 0.0 1.0 1.0 1.0 1.0 1.0 18.0 0.0 0.0 18.0 18.0 18.0 18.0 18.0 1 1.0 0.0 0.0 0.0 0.0 0.0 0.0 0.0 1.0 1.0 0.0 0.0 0.0 0.0 0.0 0.0 0.0 0.0 0.0 0.0 0.0 0.0 0.0 0.0
4 1 2 2.1325813999999923 0.6689261999999871 0.0 2.8015075999999794 3.6493842999999657 4.201853199999988 2.115027949999991 302.6796875 293.4453125 34 34 1.0 34 18 18 False 0 0 False 1.8888888888888888 1.8888888888888888 2.166289559942608 2.166289559942608 1.1468591787931455 1.1468591787931455 1.0 1.0 1.0 1.0 1.0 1.0 2.0 2.0 10.0 10.0 0 0.0 0 0.0 6.884108257578292 0.0 4.041451884327381 6 2 3.0 0.0 0.0 3.0 3.0 3.0 3.0 3.0 17.0 9.899494936611665 0.5823232315653921 10.0 13.5 17.0 20.5 24.0 2 9.0 0.0 0.0 9.0 9.0 9.0 9.0 9.0 17.0 17.0 9.899494936611665 9.899494936611665 0.5823232315653921 0.0 10.0 0.0 13.5 0.0 17.0 0.0 20.5 0.0 24.0 0.0
5 1 1 6.206072399999982 1.4627312999999589 0.0 7.668803699999941 5.211998699999967 11.87065689999993 1.5232809249999892 300.09765625 291.17578125 69 69 1.0 0 34 34 False 0 0 False 2.0294117647058822 2.0294117647058822 2.4922339269266165 2.4922339269266165 1.228057297326159 1.228057297326159 1.0 1.0 1.0 1.0 1.0 1.0 2.0 2.0 15.0 15.0 0 0.0 0 0.0 5.320888197573093 3.685557397915997 5.875443245690774 0 0 0.0 0.0 0.0 0.0 0.0 0.0 0.0 0.0 0.0 0.0 0.0 0.0 0.0 0.0 0.0 0.0 8 4.25 1.9086270308410553 0.44908871313907184 2.0 2.75 4.5 6.0 6.0 8.625 8.625 5.578978401105349 5.578978401105349 0.6468380754904752 0.0 2.0 0.0 3.75 0.0 9.0 0.0 11.0 0.0 18.0 0.0
6 2 3 0.9933989999999966 0.3757128000000307 0.0 1.3691118000000273 1.3691118000000273 1.3691118000000273 1.3691118000000273 289.1015625 278.94140625 18 18 1.0 18 1 0 False 0 0 False 1.0 1.0 0.0 0.0 0.0 0.0 0.0 0.0 0.0 0.0 0.0 0.0 0.0 0.0 0.0 0.0 0 0.0 0 0.0 0.0 0.0 0.0 1 1 1.0 0.0 0.0 1.0 1.0 1.0 1.0 1.0 18.0 0.0 0.0 18.0 18.0 18.0 18.0 18.0 1 1.0 0.0 0.0 0.0 0.0 0.0 0.0 0.0 1.0 1.0 0.0 0.0 0.0 0.0 0.0 0.0 0.0 0.0 0.0 0.0 0.0 0.0 0.0 0.0
7 2 2 2.1331927999999607 0.7437692000000027 0.0 2.8769619999999634 3.710109000000017 4.246073799999991 2.137122149999989 304.71875 296.7890625 34 34 1.0 34 18 18 False 0 0 False 1.8888888888888888 1.8888888888888888 2.27231131071657 2.27231131071657 1.2029883409675959 1.2029883409675959 1.0 1.0 1.0 1.0 1.0 1.0 1.0 1.0 10.0 10.0 0 0.0 0 0.0 7.654714247165685 0.0 4.618802153517006 6 2 3.0 0.0 0.0 3.0 3.0 3.0 3.0 3.0 17.0 11.313708498984761 0.6655122646461624 9.0 13.0 17.0 21.0 25.0 2 9.0 0.0 0.0 9.0 9.0 9.0 9.0 9.0 17.0 17.0 11.313708498984761 11.313708498984761 0.6655122646461624 0.0 9.0 0.0 13.0 0.0 17.0 0.0 21.0 0.0 25.0 0.0
8 2 1 5.869217699999993 1.2518400999999812 0.0 7.121057799999974 5.3315595000000116 11.367131599999965 1.4540645874999942 311.5546875 304.25390625 66 66 1.0 0 34 34 False 0 0 False 1.9411764705882353 1.9411764705882353 1.704560308907349 1.704560308907349 0.8781068258007556 0.8781068258007556 1.0 1.0 1.0 1.0 1.0 1.0 2.0 2.0 8.0 8.0 0 0.0 0 0.0 2.4388720519562215 4.133198922545748 7.6394444242438935 0 0 0.0 0.0 0.0 0.0 0.0 0.0 0.0 0.0 0.0 0.0 0.0 0.0 0.0 0.0 0.0 0.0 8 4.25 2.187627547301936 0.5147358934828086 2.0 2.0 4.5 6.0 7.0 8.25 8.25 5.284748946598261 5.284748946598261 0.6405756298906983 0.0 2.0 0.0 3.0 0.0 8.5 0.0 11.75 0.0 16.0 0.0
9 3 3 1.0082861000000065 0.30538329999998837 0.0 1.3136693999999949 1.3136693999999949 1.3136693999999949 1.3136693999999949 305.40234375 295.3984375 18 18 1.0 18 1 0 False 0 0 False 1.0 1.0 0.0 0.0 0.0 0.0 0.0 0.0 0.0 0.0 0.0 0.0 0.0 0.0 0.0 0.0 0 0.0 0 0.0 0.0 0.0 0.0 1 1 1.0 0.0 0.0 1.0 1.0 1.0 1.0 1.0 18.0 0.0 0.0 18.0 18.0 18.0 18.0 18.0 1 1.0 0.0 0.0 0.0 0.0 0.0 0.0 0.0 1.0 1.0 0.0 0.0 0.0 0.0 0.0 0.0 0.0 0.0 0.0 0.0 0.0 0.0 0.0 0.0
10 3 2 2.112506900000028 0.6379680999999948 0.0 2.750475000000023 3.5925380000000047 4.064144400000018 2.0460100000000168 324.4453125 314.859375 34 34 1.0 34 18 18 False 0 0 False 1.8888888888888888 1.8888888888888888 2.27231131071657 2.27231131071657 1.2029883409675959 1.2029883409675959 1.0 1.0 1.0 1.0 1.0 1.0 1.0 1.0 10.0 10.0 0 0.0 0 0.0 7.654714247165685 0.0 4.618802153517006 6 2 3.0 0.0 0.0 3.0 3.0 3.0 3.0 3.0 17.0 11.313708498984761 0.6655122646461624 9.0 13.0 17.0 21.0 25.0 2 9.0 0.0 0.0 9.0 9.0 9.0 9.0 9.0 17.0 17.0 11.313708498984761 11.313708498984761 0.6655122646461624 0.0 9.0 0.0 13.0 0.0 17.0 0.0 21.0 0.0 25.0 0.0
11 3 1 7.465570599999978 4.0241570999999965 0.0 11.489727699999975 5.15063549999995 15.553872099999992 1.9877986000000014 340.359375 332.9296875 79 79 1.0 0 34 34 True 0 0 False 2.323529411764706 2.323529411764706 2.538298446160839 2.538298446160839 1.120807106096994 1.120807106096994 1.0 1.0 1.0 1.0 1.0 1.0 2.0 2.0 12.0 12.0 0 0.0 0 0.0 7.6473133441806285 4.133198922545748 6.7056153914296175 0 0 0.0 0.0 0.0 0.0 0.0 0.0 0.0 0.0 0.0 0.0 0.0 0.0 0.0 0.0 0.0 0.0 8 4.25 2.187627547301936 0.5147358934828086 2.0 2.0 4.5 6.0 7.0 9.875 9.875 7.698562017861332 7.698562017861332 0.7796012169986158 0.0 2.0 0.0 3.0 0.0 8.5 0.0 14.5 0.0 24.0 0.0
12 4 3 0.9980743000000132 0.3787284000000284 0.0 1.3768027000000416 1.3768027000000416 1.3768027000000416 1.3768027000000416 323.47265625 313.4296875 18 18 1.0 18 1 0 False 0 0 False 1.0 1.0 0.0 0.0 0.0 0.0 0.0 0.0 0.0 0.0 0.0 0.0 0.0 0.0 0.0 0.0 0 0.0 0 0.0 0.0 0.0 0.0 1 1 1.0 0.0 0.0 1.0 1.0 1.0 1.0 1.0 18.0 0.0 0.0 18.0 18.0 18.0 18.0 18.0 1 1.0 0.0 0.0 0.0 0.0 0.0 0.0 0.0 1.0 1.0 0.0 0.0 0.0 0.0 0.0 0.0 0.0 0.0 0.0 0.0 0.0 0.0 0.0 0.0
13 4 2 2.1687068000000096 0.7380098000000146 0.0 2.906716600000024 3.813620800000038 4.283519300000066 2.1560127000000335 342.875 332.96484375 34 34 1.0 34 18 18 False 0 0 False 1.8888888888888888 1.8888888888888888 2.2199334618774946 2.2199334618774946 1.175258891582203 1.175258891582203 1.0 1.0 1.0 1.0 1.0 1.0 1.0 1.0 10.0 10.0 0 0.0 0 0.0 7.365390091055303 0.0 4.618802153517006 6 2 3.0 0.0 0.0 3.0 3.0 3.0 3.0 3.0 17.0 11.313708498984761 0.6655122646461624 9.0 13.0 17.0 21.0 25.0 2 9.0 0.0 0.0 9.0 9.0 9.0 9.0 9.0 17.0 17.0 11.313708498984761 11.313708498984761 0.6655122646461624 0.0 9.0 0.0 13.0 0.0 17.0 0.0 21.0 0.0 25.0 0.0
14 4 1 5.877837400000033 1.3606409000000212 0.0 7.238478300000054 5.390141400000019 11.52199760000012 1.473935037500011 344.86328125 335.203125 66 66 1.0 0 34 34 False 0 0 False 1.9411764705882353 1.9411764705882353 1.6686262989328067 1.6686262989328067 0.8595953661169005 0.8595953661169005 1.0 1.0 1.0 1.0 1.0 1.0 2.0 2.0 8.0 8.0 0 0.0 0 0.0 2.3132684826159635 4.133198922545748 7.6394444242438935 0 0 0.0 0.0 0.0 0.0 0.0 0.0 0.0 0.0 0.0 0.0 0.0 0.0 0.0 0.0 0.0 0.0 8 4.25 2.187627547301936 0.5147358934828086 2.0 2.0 4.5 6.0 7.0 8.25 8.25 5.284748946598261 5.284748946598261 0.6405756298906983 0.0 2.0 0.0 3.0 0.0 8.5 0.0 11.75 0.0 16.0 0.0
15 5 3 0.9996763000000328 0.4261280000000056 0.0 1.4258043000000384 1.4258043000000384 1.4258043000000384 1.4258043000000384 335.3671875 324.765625 18 18 1.0 18 1 0 False 0 0 False 1.0 1.0 0.0 0.0 0.0 0.0 0.0 0.0 0.0 0.0 0.0 0.0 0.0 0.0 0.0 0.0 0 0.0 0 0.0 0.0 0.0 0.0 1 1 1.0 0.0 0.0 1.0 1.0 1.0 1.0 1.0 18.0 0.0 0.0 18.0 18.0 18.0 18.0 18.0 1 1.0 0.0 0.0 0.0 0.0 0.0 0.0 0.0 1.0 1.0 0.0 0.0 0.0 0.0 0.0 0.0 0.0 0.0 0.0 0.0 0.0 0.0 0.0 0.0
16 5 2 2.1280140000000642 0.6645420999999487 0.0 2.792556100000013 3.7446845000000906 4.218360400000051 2.123303450000023 354.4453125 344.30078125 34 34 1.0 34 18 18 False 0 0 False 1.8888888888888888 1.8888888888888888 2.166289559942608 2.166289559942608 1.1468591787931455 1.1468591787931455 1.0 1.0 1.0 1.0 1.0 1.0 2.0 2.0 10.0 10.0 0 0.0 0 0.0 7.135951982713203 0.0 4.618802153517006 6 2 3.0 0.0 0.0 3.0 3.0 3.0 3.0 3.0 17.0 11.313708498984761 0.6655122646461624 9.0 13.0 17.0 21.0 25.0 2 9.0 0.0 0.0 9.0 9.0 9.0 9.0 9.0 17.0 17.0 11.313708498984761 11.313708498984761 0.6655122646461624 0.0 9.0 0.0 13.0 0.0 17.0 0.0 21.0 0.0 25.0 0.0
17 5 1 5.191865800000045 1.2128898999999365 0.0 6.404755699999981 5.276278600000126 10.623116100000033 1.3612651000000007 353.71875 346.0 60 60 1.0 0 34 34 False 0 0 False 1.7647058823529411 1.7647058823529411 1.4783041785122484 1.4783041785122484 0.8377057011569408 0.8377057011569408 1.0 1.0 1.0 1.0 1.0 1.0 2.0 2.0 8.0 8.0 0 0.0 0 0.0 2.2736644811867857 4.133198922545748 6.306962642808167 0 0 0.0 0.0 0.0 0.0 0.0 0.0 0.0 0.0 0.0 0.0 0.0 0.0 0.0 0.0 0.0 0.0 8 4.25 2.187627547301936 0.5147358934828086 2.0 2.0 4.5 6.0 7.0 7.5 7.5 4.375255094603872 4.375255094603872 0.583367345947183 0.0 2.0 0.0 3.0 0.0 8.5 0.0 10.25 0.0 14.0 0.0
18 6 3 0.9944973000000061 0.35074949999997784 0.0 1.345246799999984 1.345246799999984 1.345246799999984 1.345246799999984 338.47265625 330.19140625 18 18 1.0 18 1 0 False 0 0 False 1.0 1.0 0.0 0.0 0.0 0.0 0.0 0.0 0.0 0.0 0.0 0.0 0.0 0.0 0.0 0.0 0 0.0 0 0.0 0.0 0.0 0.0 1 1 1.0 0.0 0.0 1.0 1.0 1.0 1.0 1.0 18.0 0.0 0.0 18.0 18.0 18.0 18.0 18.0 1 1.0 0.0 0.0 0.0 0.0 0.0 0.0 0.0 1.0 1.0 0.0 0.0 0.0 0.0 0.0 0.0 0.0 0.0 0.0 0.0 0.0 0.0 0.0 0.0
19 6 2 2.1198870999999997 0.6629546999999434 0.0 2.782841799999943 3.660740699999934 4.128088599999927 2.078152499999959 363.33984375 354.78515625 34 34 1.0 34 18 18 False 0 0 False 1.8888888888888888 1.8888888888888888 2.27231131071657 2.27231131071657 1.2029883409675959 1.2029883409675959 1.0 1.0 1.0 1.0 1.0 1.0 1.0 1.0 10.0 10.0 0 0.0 0 0.0 7.654714247165685 0.0 4.618802153517006 6 2 3.0 0.0 0.0 3.0 3.0 3.0 3.0 3.0 17.0 11.313708498984761 0.6655122646461624 9.0 13.0 17.0 21.0 25.0 2 9.0 0.0 0.0 9.0 9.0 9.0 9.0 9.0 17.0 17.0 11.313708498984761 11.313708498984761 0.6655122646461624 0.0 9.0 0.0 13.0 0.0 17.0 0.0 21.0 0.0 25.0 0.0
20 6 1 6.801259899999991 3.848573600000236 0.0 10.649833500000227 5.3435092999999085 14.777922100000154 1.8806585500000175 378.24609375 370.8515625 73 73 1.0 0 34 34 True 0 0 False 2.1470588235294117 2.1470588235294117 2.044077571774024 2.044077571774024 0.9928376777188117 0.9928376777188117 1.0 1.0 1.0 1.0 1.0 1.0 2.0 2.0 9.0 9.0 0 0.0 0 0.0 8.4942734628042 4.133198922545748 6.57383280725771 0 0 0.0 0.0 0.0 0.0 0.0 0.0 0.0 0.0 0.0 0.0 0.0 0.0 0.0 0.0 0.0 0.0 8 4.25 2.187627547301936 0.5147358934828086 2.0 2.0 4.5 6.0 7.0 9.125 9.125 7.298483208369883 7.298483208369883 0.7998337762597132 0.0 2.0 0.0 3.0 0.0 8.5 0.0 11.0 0.0 24.0 0.0
21 7 3 0.9944596000000274 0.38000799999994683 0.0 1.3744675999999743 1.3744675999999743 1.3744675999999743 1.3744675999999743 360.515625 350.12890625 18 18 1.0 18 1 0 False 0 0 False 1.0 1.0 0.0 0.0 0.0 0.0 0.0 0.0 0.0 0.0 0.0 0.0 0.0 0.0 0.0 0.0 0 0.0 0 0.0 0.0 0.0 0.0 1 1 1.0 0.0 0.0 1.0 1.0 1.0 1.0 1.0 18.0 0.0 0.0 18.0 18.0 18.0 18.0 18.0 1 1.0 0.0 0.0 0.0 0.0 0.0 0.0 0.0 1.0 1.0 0.0 0.0 0.0 0.0 0.0 0.0 0.0 0.0 0.0 0.0 0.0 0.0 0.0 0.0
22 7 2 2.107704400000017 0.578349400000036 0.0 2.686053800000053 3.50545470000003 4.060521400000027 2.0444523500000145 379.796875 370.34375 34 34 1.0 34 18 18 False 0 0 False 1.8888888888888888 1.8888888888888888 2.166289559942608 2.166289559942608 1.1468591787931455 1.1468591787931455 1.0 1.0 1.0 1.0 1.0 1.0 2.0 2.0 10.0 10.0 0 0.0 0 0.0 6.884108257578292 0.0 4.041451884327381 6 2 3.0 0.0 0.0 3.0 3.0 3.0 3.0 3.0 17.0 9.899494936611665 0.5823232315653921 10.0 13.5 17.0 20.5 24.0 2 9.0 0.0 0.0 9.0 9.0 9.0 9.0 9.0 17.0 17.0 9.899494936611665 9.899494936611665 0.5823232315653921 0.0 10.0 0.0 13.5 0.0 17.0 0.0 20.5 0.0 24.0 0.0
23 7 1 4.482089499999944 1.1801777999999672 0.0 5.662267299999911 5.223305000000067 9.722788699999938 1.248818099999987 377.609375 368.76171875 53 53 1.0 0 34 34 False 0 0 False 1.5588235294117647 1.5588235294117647 0.9595193389681276 0.9595193389681276 0.6155407080172894 0.6155407080172894 1.0 1.0 1.0 1.0 1.0 1.0 2.0 2.0 6.0 6.0 0 0.0 0 0.0 2.6530161721498384 3.685557397915997 8.11163430580491 0 0 0.0 0.0 0.0 0.0 0.0 0.0 0.0 0.0 0.0 0.0 0.0 0.0 0.0 0.0 0.0 0.0 8 4.25 1.9086270308410553 0.44908871313907184 2.0 2.75 4.5 6.0 6.0 6.625 6.625 4.103569874424672 4.103569874424672 0.6194067734980636 0.0 2.0 0.0 3.75 0.0 6.0 0.0 8.5 0.0 14.0 0.0
24 8 3 0.9987813000000187 0.34942910000003735 0.0 1.348210400000056 1.348210400000056 1.348210400000056 1.348210400000056 370.60546875 360.11328125 18 18 1.0 18 1 0 False 0 0 False 1.0 1.0 0.0 0.0 0.0 0.0 0.0 0.0 0.0 0.0 0.0 0.0 0.0 0.0 0.0 0.0 0 0.0 0 0.0 0.0 0.0 0.0 1 1 1.0 0.0 0.0 1.0 1.0 1.0 1.0 1.0 18.0 0.0 0.0 18.0 18.0 18.0 18.0 18.0 1 1.0 0.0 0.0 0.0 0.0 0.0 0.0 0.0 1.0 1.0 0.0 0.0 0.0 0.0 0.0 0.0 0.0 0.0 0.0 0.0 0.0 0.0 0.0 0.0
25 8 2 2.120566899999943 0.6372989000000473 0.0 2.7578657999999905 3.6379507000000615 4.106076200000047 2.067394300000032 391.54296875 381.68359375 34 34 1.0 34 18 18 False 0 0 False 1.8888888888888888 1.8888888888888888 2.193275522213265 2.193275522213265 1.1611458647011403 1.1611458647011403 1.0 1.0 1.0 1.0 1.0 1.0 1.75 1.75 10.0 10.0 0 0.0 0 0.0 7.2035370827155205 0.0 4.618802153517006 6 2 3.0 0.0 0.0 3.0 3.0 3.0 3.0 3.0 17.0 11.313708498984761 0.6655122646461624 9.0 13.0 17.0 21.0 25.0 2 9.0 0.0 0.0 9.0 9.0 9.0 9.0 9.0 17.0 17.0 11.313708498984761 11.313708498984761 0.6655122646461624 0.0 9.0 0.0 13.0 0.0 17.0 0.0 21.0 0.0 25.0 0.0
26 8 1 5.865525499999933 1.3378870000000802 0.0 7.203412500000013 5.1743587000000275 11.30948870000006 1.4470145625000015 393.66015625 383.9921875 66 66 1.0 0 34 34 False 0 0 False 1.9411764705882353 1.9411764705882353 1.7397522719957683 1.7397522719957683 0.896236018906911 0.896236018906911 1.0 1.0 1.0 1.0 1.0 1.0 2.0 2.0 8.0 8.0 0 0.0 0 0.0 2.4845543625815156 4.133198922545748 7.518495712426641 0 0 0.0 0.0 0.0 0.0 0.0 0.0 0.0 0.0 0.0 0.0 0.0 0.0 0.0 0.0 0.0 0.0 8 4.25 2.187627547301936 0.5147358934828086 2.0 2.0 4.5 6.0 7.0 8.25 8.25 5.284748946598261 5.284748946598261 0.6405756298906983 0.0 2.0 0.0 3.0 0.0 8.5 0.0 11.75 0.0 16.0 0.0
27 9 3 1.0085439000000065 0.37647689999994327 0.0 1.3850207999999498 1.3850207999999498 1.3850207999999498 1.3850207999999498 383.65625 373.30859375 18 18 1.0 18 1 0 False 0 0 False 1.0 1.0 0.0 0.0 0.0 0.0 0.0 0.0 0.0 0.0 0.0 0.0 0.0 0.0 0.0 0.0 0 0.0 0 0.0 0.0 0.0 0.0 1 1 1.0 0.0 0.0 1.0 1.0 1.0 1.0 1.0 18.0 0.0 0.0 18.0 18.0 18.0 18.0 18.0 1 1.0 0.0 0.0 0.0 0.0 0.0 0.0 0.0 1.0 1.0 0.0 0.0 0.0 0.0 0.0 0.0 0.0 0.0 0.0 0.0 0.0 0.0 0.0 0.0
28 9 2 2.126946199999992 0.6045035000001349 0.0 2.7314497000001268 3.6454670000000817 4.1164705000000765 2.072366700000046 402.5234375 392.8125 34 34 1.0 34 18 18 False 0 0 False 1.8888888888888888 1.8888888888888888 2.2199334618774946 2.2199334618774946 1.175258891582203 1.175258891582203 1.0 1.0 1.0 1.0 1.0 1.0 1.0 1.0 10.0 10.0 0 0.0 0 0.0 7.365390091055303 0.0 4.618802153517006 6 2 3.0 0.0 0.0 3.0 3.0 3.0 3.0 3.0 17.0 11.313708498984761 0.6655122646461624 9.0 13.0 17.0 21.0 25.0 2 9.0 0.0 0.0 9.0 9.0 9.0 9.0 9.0 17.0 17.0 11.313708498984761 11.313708498984761 0.6655122646461624 0.0 9.0 0.0 13.0 0.0 17.0 0.0 21.0 0.0 25.0 0.0
29 9 1 7.454064999999815 3.740183099999939 0.0 11.194248099999754 5.192616800000053 15.31071859999983 1.9472310749999764 413.9609375 406.36328125 79 79 1.0 0 34 34 True 0 0 False 2.323529411764706 2.323529411764706 2.625970663418327 2.625970663418327 1.1904400340829748 1.1904400340829748 1.0 1.0 1.0 1.0 1.0 1.0 2.0 2.0 12.0 12.0 0 0.0 0 0.0 7.5529560655891395 4.133198922545748 6.8043082757258375 0 0 0.0 0.0 0.0 0.0 0.0 0.0 0.0 0.0 0.0 0.0 0.0 0.0 0.0 0.0 0.0 0.0 8 4.25 2.187627547301936 0.5147358934828086 2.0 2.0 4.5 6.0 7.0 9.875 9.875 7.698562017861332 7.698562017861332 0.7796012169986158 0.0 2.0 0.0 3.0 0.0 8.5 0.0 14.5 0.0 24.0 0.0
30 10 3 1.0043950000000166 0.3439497999999901 0.0 1.3483448000000067 1.3483448000000067 1.3483448000000067 1.3483448000000067 397.55078125 387.328125 18 18 1.0 18 1 0 False 0 0 False 1.0 1.0 0.0 0.0 0.0 0.0 0.0 0.0 0.0 0.0 0.0 0.0 0.0 0.0 0.0 0.0 0 0.0 0 0.0 0.0 0.0 0.0 1 1 1.0 0.0 0.0 1.0 1.0 1.0 1.0 1.0 18.0 0.0 0.0 18.0 18.0 18.0 18.0 18.0 1 1.0 0.0 0.0 0.0 0.0 0.0 0.0 0.0 1.0 1.0 0.0 0.0 0.0 0.0 0.0 0.0 0.0 0.0 0.0 0.0 0.0 0.0 0.0 0.0
31 10 2 2.1328938999999423 0.6180718000001093 0.0 2.7509657000000516 3.630182900000108 4.099310500000058 2.0638230500000248 416.56640625 406.8671875 34 34 1.0 34 18 18 False 0 0 False 1.8888888888888888 1.8888888888888888 2.193275522213265 2.193275522213265 1.1611458647011403 1.1611458647011403 1.0 1.0 1.0 1.0 1.0 1.0 1.75 1.75 10.0 10.0 0 0.0 0 0.0 7.299303760698448 0.0 4.618802153517006 6 2 3.0 0.0 0.0 3.0 3.0 3.0 3.0 3.0 17.0 11.313708498984761 0.6655122646461624 9.0 13.0 17.0 21.0 25.0 2 9.0 0.0 0.0 9.0 9.0 9.0 9.0 9.0 17.0 17.0 11.313708498984761 11.313708498984761 0.6655122646461624 0.0 9.0 0.0 13.0 0.0 17.0 0.0 21.0 0.0 25.0 0.0
32 10 1 6.999421500000125 4.259633600000086 0.0 11.25905510000021 5.19469240000015 15.358365600000269 1.953197700000036 431.55078125 424.16015625 75 75 1.0 0 34 34 True 0 0 False 2.2058823529411766 2.2058823529411766 2.5041854447170997 2.5041854447170997 1.1505716908159649 1.1505716908159649 1.0 1.0 1.0 1.0 1.0 1.0 2.0 2.0 13.0 13.0 0 0.0 0 0.0 8.126833037839127 4.133198922545748 6.6452781899798765 0 0 0.0 0.0 0.0 0.0 0.0 0.0 0.0 0.0 0.0 0.0 0.0 0.0 0.0 0.0 0.0 0.0 8 4.25 2.187627547301936 0.5147358934828086 2.0 2.0 4.5 6.0 7.0 9.375 9.375 7.2886898685566255 7.2886898685566255 0.77746025264604 0.0 2.0 0.0 3.0 0.0 9.5 0.0 11.0 0.0 24.0 0.0
33 11 3 0.9985756999999751 0.360143499999964 0.0 1.358719199999939 1.358719199999939 1.358719199999939 1.358719199999939 410.7734375 400.734375 18 18 1.0 18 1 0 False 0 0 False 1.0 1.0 0.0 0.0 0.0 0.0 0.0 0.0 0.0 0.0 0.0 0.0 0.0 0.0 0.0 0.0 0 0.0 0 0.0 0.0 0.0 0.0 1 1 1.0 0.0 0.0 1.0 1.0 1.0 1.0 1.0 18.0 0.0 0.0 18.0 18.0 18.0 18.0 18.0 1 1.0 0.0 0.0 0.0 0.0 0.0 0.0 0.0 1.0 1.0 0.0 0.0 0.0 0.0 0.0 0.0 0.0 0.0 0.0 0.0 0.0 0.0 0.0 0.0
34 11 2 2.1222755000000575 0.60654150000002 0.0 2.7288170000000775 3.6146250999999836 4.087536200000017 2.05853965 431.2734375 421.71484375 34 34 1.0 34 18 18 False 0 0 False 1.8888888888888888 1.8888888888888888 2.2462750575089703 2.2462750575089703 1.1892044422106314 1.1892044422106314 1.0 1.0 1.0 1.0 1.0 1.0 1.75 1.75 10.0 10.0 0 0.0 0 0.0 7.574051435264545 0.0 4.618802153517006 6 2 3.0 0.0 0.0 3.0 3.0 3.0 3.0 3.0 17.0 11.313708498984761 0.6655122646461624 9.0 13.0 17.0 21.0 25.0 2 9.0 0.0 0.0 9.0 9.0 9.0 9.0 9.0 17.0 17.0 11.313708498984761 11.313708498984761 0.6655122646461624 0.0 9.0 0.0 13.0 0.0 17.0 0.0 21.0 0.0 25.0 0.0
35 11 1 5.720803200000148 1.385899800000061 0.0 7.106703000000209 5.173628200000053 11.194239200000226 1.4328690250000164 433.1171875 423.4921875 64 64 1.0 0 34 34 False 0 0 False 1.8823529411764706 1.8823529411764706 1.7366757845806058 1.7366757845806058 0.9226090105584468 0.9226090105584468 1.0 1.0 1.0 1.0 1.0 1.0 2.0 2.0 8.0 8.0 0 0.0 0 0.0 2.253793418902119 4.133198922545748 7.007932013876213 0 0 0.0 0.0 0.0 0.0 0.0 0.0 0.0 0.0 0.0 0.0 0.0 0.0 0.0 0.0 0.0 0.0 8 4.25 2.187627547301936 0.5147358934828086 2.0 2.0 4.5 6.0 7.0 8.0 8.0 5.3452248382484875 5.3452248382484875 0.6681531047810609 0.0 2.0 0.0 3.0 0.0 7.5 0.0 11.75 0.0 16.0 0.0
36 12 3 1.0061674000000096 0.34744100000003186 0.0 1.3536084000000415 1.3536084000000415 1.3536084000000415 1.3536084000000415 423.44921875 413.12890625 18 18 1.0 18 1 0 False 0 0 False 1.0 1.0 0.0 0.0 0.0 0.0 0.0 0.0 0.0 0.0 0.0 0.0 0.0 0.0 0.0 0.0 0 0.0 0 0.0 0.0 0.0 0.0 1 1 1.0 0.0 0.0 1.0 1.0 1.0 1.0 1.0 18.0 0.0 0.0 18.0 18.0 18.0 18.0 18.0 1 1.0 0.0 0.0 0.0 0.0 0.0 0.0 0.0 1.0 1.0 0.0 0.0 0.0 0.0 0.0 0.0 0.0 0.0 0.0 0.0 0.0 0.0 0.0 0.0
37 12 2 2.141536599999995 0.9763701000000822 0.0 3.117906700000077 4.001580700000119 4.4715151000001185 2.249833750000093 443.296875 433.55078125 34 34 1.0 34 18 18 False 0 0 False 1.8888888888888888 1.8888888888888888 2.166289559942608 2.166289559942608 1.1468591787931455 1.1468591787931455 1.0 1.0 1.0 1.0 1.0 1.0 1.75 1.75 10.0 10.0 0 0.0 0 0.0 7.431719361957711 0.0 4.618802153517006 6 2 3.0 0.0 0.0 3.0 3.0 3.0 3.0 3.0 17.0 11.313708498984761 0.6655122646461624 9.0 13.0 17.0 21.0 25.0 2 9.0 0.0 0.0 9.0 9.0 9.0 9.0 9.0 17.0 17.0 11.313708498984761 11.313708498984761 0.6655122646461624 0.0 9.0 0.0 13.0 0.0 17.0 0.0 21.0 0.0 25.0 0.0
38 12 1 5.154055400000175 1.2909078000002125 0.0 6.444963200000387 5.556221300000175 10.916478300000506 1.397841512500083 445.3046875 435.8203125 59 59 1.0 0 34 34 False 0 0 False 1.7352941176470589 1.7352941176470589 1.5037090210424189 1.5037090210424189 0.8665441816176651 0.8665441816176651 1.0 1.0 1.0 1.0 1.0 1.0 2.0 2.0 8.0 8.0 0 0.0 0 0.0 4.4102448362387925 4.133198922545748 9.991315673568165 0 0 0.0 0.0 0.0 0.0 0.0 0.0 0.0 0.0 0.0 0.0 0.0 0.0 0.0 0.0 0.0 0.0 8 4.25 2.187627547301936 0.5147358934828086 2.0 2.0 4.5 6.0 7.0 7.375 7.375 5.343554194407635 5.343554194407635 0.7245497212756116 0.0 2.0 0.0 3.0 0.0 6.0 0.0 10.25 0.0 16.0 0.0
39 13 3 0.9972451999999521 0.25969480000014755 0.0 1.2569400000000996 1.2569400000000996 1.2569400000000996 1.2569400000000996 435.015625 424.8125 18 18 1.0 18 1 0 False 0 0 False 1.0 1.0 0.0 0.0 0.0 0.0 0.0 0.0 0.0 0.0 0.0 0.0 0.0 0.0 0.0 0.0 0 0.0 0 0.0 0.0 0.0 0.0 1 1 1.0 0.0 0.0 1.0 1.0 1.0 1.0 1.0 18.0 0.0 0.0 18.0 18.0 18.0 18.0 18.0 1 1.0 0.0 0.0 0.0 0.0 0.0 0.0 0.0 1.0 1.0 0.0 0.0 0.0 0.0 0.0 0.0 0.0 0.0 0.0 0.0 0.0 0.0 0.0 0.0
40 13 2 2.137990799999841 0.6971996999999419 0.0 2.835190499999783 3.6228049999999143 4.092130499999882 2.060366749999929 453.4453125 443.61328125 34 34 1.0 34 18 18 False 0 0 False 1.8888888888888888 1.8888888888888888 2.2199334618774946 2.2199334618774946 1.175258891582203 1.175258891582203 1.0 1.0 1.0 1.0 1.0 1.0 1.0 1.0 10.0 10.0 0 0.0 0 0.0 7.504045548134512 0.0 4.618802153517006 6 2 3.0 0.0 0.0 3.0 3.0 3.0 3.0 3.0 17.0 11.313708498984761 0.6655122646461624 9.0 13.0 17.0 21.0 25.0 2 9.0 0.0 0.0 9.0 9.0 9.0 9.0 9.0 17.0 17.0 11.313708498984761 11.313708498984761 0.6655122646461624 0.0 9.0 0.0 13.0 0.0 17.0 0.0 21.0 0.0 25.0 0.0
41 13 1 5.221072700000093 1.0138649000000441 0.0 6.234937600000137 5.212930799999981 10.32706810000002 1.3243992250000076 452.390625 445.0703125 60 60 1.0 0 34 34 False 0 0 False 1.7647058823529411 1.7647058823529411 1.4576615463133797 1.4576615463133797 0.8260082095775819 0.8260082095775819 1.0 1.0 1.0 1.0 1.0 1.0 2.0 2.0 8.0 8.0 0 0.0 0 0.0 2.3046515322540855 4.133198922545748 6.306962642808167 0 0 0.0 0.0 0.0 0.0 0.0 0.0 0.0 0.0 0.0 0.0 0.0 0.0 0.0 0.0 0.0 0.0 8 4.25 2.187627547301936 0.5147358934828086 2.0 2.0 4.5 6.0 7.0 7.5 7.5 4.375255094603872 4.375255094603872 0.583367345947183 0.0 2.0 0.0 3.0 0.0 8.5 0.0 10.25 0.0 14.0 0.0
42 14 3 1.0064578000001347 0.28597330000008014 0.0 1.2924311000002149 1.2924311000002149 1.2924311000002149 1.2924311000002149 445.484375 435.41796875 18 18 1.0 18 1 0 False 0 0 False 1.0 1.0 0.0 0.0 0.0 0.0 0.0 0.0 0.0 0.0 0.0 0.0 0.0 0.0 0.0 0.0 0 0.0 0 0.0 0.0 0.0 0.0 1 1 1.0 0.0 0.0 1.0 1.0 1.0 1.0 1.0 18.0 0.0 0.0 18.0 18.0 18.0 18.0 18.0 1 1.0 0.0 0.0 0.0 0.0 0.0 0.0 0.0 1.0 1.0 0.0 0.0 0.0 0.0 0.0 0.0 0.0 0.0 0.0 0.0 0.0 0.0 0.0 0.0
43 14 2 2.103625900000111 0.6107877999999687 0.0 2.7144137000000796 3.537355100000241 4.0068448000002945 2.0174391000001606 463.9921875 454.7421875 34 34 1.0 34 18 18 False 0 0 False 1.8888888888888888 1.8888888888888888 2.27231131071657 2.27231131071657 1.2029883409675959 1.2029883409675959 1.0 1.0 1.0 1.0 1.0 1.0 1.0 1.0 10.0 10.0 0 0.0 0 0.0 7.654714247165685 0.0 4.618802153517006 6 2 3.0 0.0 0.0 3.0 3.0 3.0 3.0 3.0 17.0 11.313708498984761 0.6655122646461624 9.0 13.0 17.0 21.0 25.0 2 9.0 0.0 0.0 9.0 9.0 9.0 9.0 9.0 17.0 17.0 11.313708498984761 11.313708498984761 0.6655122646461624 0.0 9.0 0.0 13.0 0.0 17.0 0.0 21.0 0.0 25.0 0.0
44 14 1 7.2798396999998545 4.408241800000269 0.0 11.688081500000123 5.12771070000025 15.694926300000418 1.9952869750000772 480.41796875 473.67578125 77 77 1.0 0 34 34 True 0 0 False 2.264705882352941 2.264705882352941 2.3324418974523433 2.3324418974523433 1.101430896019162 1.101430896019162 1.0 1.0 1.0 1.0 1.0 1.0 2.0 2.0 12.0 12.0 0 0.0 0 0.0 7.852362833957978 4.133198922545748 6.703543838895961 0 0 0.0 0.0 0.0 0.0 0.0 0.0 0.0 0.0 0.0 0.0 0.0 0.0 0.0 0.0 0.0 0.0 8 4.25 2.187627547301936 0.5147358934828086 2.0 2.0 4.5 6.0 7.0 9.625 9.625 7.799954212319821 7.799954212319821 0.8103848532280333 0.0 2.0 0.0 3.0 0.0 7.5 0.0 14.5 0.0 24.0 0.0
45 15 3 1.0000844999999572 0.3143735999999535 0.0 1.3144580999999107 1.3144580999999107 1.3144580999999107 1.3144580999999107 458.43359375 448.29296875 18 18 1.0 18 1 0 False 0 0 False 1.0 1.0 0.0 0.0 0.0 0.0 0.0 0.0 0.0 0.0 0.0 0.0 0.0 0.0 0.0 0.0 0 0.0 0 0.0 0.0 0.0 0.0 1 1 1.0 0.0 0.0 1.0 1.0 1.0 1.0 1.0 18.0 0.0 0.0 18.0 18.0 18.0 18.0 18.0 1 1.0 0.0 0.0 0.0 0.0 0.0 0.0 0.0 1.0 1.0 0.0 0.0 0.0 0.0 0.0 0.0 0.0 0.0 0.0 0.0 0.0 0.0 0.0 0.0
46 15 2 2.15121570000008 0.7413672999997516 0.0 2.8925829999998314 3.73643619999973 4.207041099999742 2.117549999999852 480.65234375 471.3359375 34 34 1.0 34 18 18 False 0 0 False 1.8888888888888888 1.8888888888888888 2.27231131071657 2.27231131071657 1.2029883409675959 1.2029883409675959 1.0 1.0 1.0 1.0 1.0 1.0 1.0 1.0 10.0 10.0 0 0.0 0 0.0 7.654714247165685 0.0 4.618802153517006 6 2 3.0 0.0 0.0 3.0 3.0 3.0 3.0 3.0 17.0 11.313708498984761 0.6655122646461624 9.0 13.0 17.0 21.0 25.0 2 9.0 0.0 0.0 9.0 9.0 9.0 9.0 9.0 17.0 17.0 11.313708498984761 11.313708498984761 0.6655122646461624 0.0 9.0 0.0 13.0 0.0 17.0 0.0 21.0 0.0 25.0 0.0
47 15 1 5.214689800000201 1.2718095999998695 0.0 6.486499400000071 5.305348299999537 10.693540499999813 1.3700577624999752 477.5625 469.8984375 60 60 1.0 0 34 34 False 0 0 False 1.7647058823529411 1.7647058823529411 1.4783041785122484 1.4783041785122484 0.8377057011569408 0.8377057011569408 1.0 1.0 1.0 1.0 1.0 1.0 2.0 2.0 8.0 8.0 0 0.0 0 0.0 2.280881878863681 4.133198922545748 6.306962642808167 0 0 0.0 0.0 0.0 0.0 0.0 0.0 0.0 0.0 0.0 0.0 0.0 0.0 0.0 0.0 0.0 0.0 8 4.25 2.187627547301936 0.5147358934828086 2.0 2.0 4.5 6.0 7.0 7.5 7.5 4.375255094603872 4.375255094603872 0.583367345947183 0.0 2.0 0.0 3.0 0.0 8.5 0.0 10.25 0.0 14.0 0.0
48 16 3 1.0043952000000331 0.3551186000000257 0.0 1.3595138000000588 1.3595138000000588 1.3595138000000588 1.3595138000000588 471.42578125 461.484375 18 18 1.0 18 1 0 False 0 0 False 1.0 1.0 0.0 0.0 0.0 0.0 0.0 0.0 0.0 0.0 0.0 0.0 0.0 0.0 0.0 0.0 0 0.0 0 0.0 0.0 0.0 0.0 1 1 1.0 0.0 0.0 1.0 1.0 1.0 1.0 1.0 18.0 0.0 0.0 18.0 18.0 18.0 18.0 18.0 1 1.0 0.0 0.0 0.0 0.0 0.0 0.0 0.0 1.0 1.0 0.0 0.0 0.0 0.0 0.0 0.0 0.0 0.0 0.0 0.0 0.0 0.0 0.0 0.0
49 16 2 2.1006838999997512 0.5933714999998756 0.0 2.694055399999627 3.5813295999997194 4.053569199999686 2.041216399999854 489.15625 479.8828125 34 34 1.0 34 18 18 False 0 0 False 1.8888888888888888 1.8888888888888888 2.166289559942608 2.166289559942608 1.1468591787931455 1.1468591787931455 1.0 1.0 1.0 1.0 1.0 1.0 2.0 2.0 10.0 10.0 0 0.0 0 0.0 7.063352355790955 0.0 4.618802153517006 6 2 3.0 0.0 0.0 3.0 3.0 3.0 3.0 3.0 17.0 11.313708498984761 0.6655122646461624 9.0 13.0 17.0 21.0 25.0 2 9.0 0.0 0.0 9.0 9.0 9.0 9.0 9.0 17.0 17.0 11.313708498984761 11.313708498984761 0.6655122646461624 0.0 9.0 0.0 13.0 0.0 17.0 0.0 21.0 0.0 25.0 0.0
50 16 1 5.414228900000069 1.037730300000021 0.0 6.45195920000009 5.142140199999687 10.505528399999776 1.3803814124999718 489.48828125 482.22265625 62 62 1.0 0 34 34 False 0 0 False 1.8235294117647058 1.8235294117647058 1.4661966513127958 1.4661966513127958 0.8040433249134686 0.8040433249134686 1.0 1.0 1.0 1.0 1.0 1.0 2.0 2.0 8.0 8.0 0 0.0 0 0.0 2.181234849145783 4.133198922545748 6.962199524735141 0 0 0.0 0.0 0.0 0.0 0.0 0.0 0.0 0.0 0.0 0.0 0.0 0.0 0.0 0.0 0.0 0.0 8 4.25 2.187627547301936 0.5147358934828086 2.0 2.0 4.5 6.0 7.0 7.75 7.75 4.464142854857069 4.464142854857069 0.5760184328847832 0.0 2.0 0.0 3.0 0.0 9.5 0.0 10.25 0.0 14.0 0.0
51 17 3 0.9962884000000258 0.3823177999998961 0.0 1.378606199999922 1.378606199999922 1.378606199999922 1.378606199999922 483.70703125 473.55859375 18 18 1.0 18 1 0 False 0 0 False 1.0 1.0 0.0 0.0 0.0 0.0 0.0 0.0 0.0 0.0 0.0 0.0 0.0 0.0 0.0 0.0 0 0.0 0 0.0 0.0 0.0 0.0 1 1 1.0 0.0 0.0 1.0 1.0 1.0 1.0 1.0 18.0 0.0 0.0 18.0 18.0 18.0 18.0 18.0 1 1.0 0.0 0.0 0.0 0.0 0.0 0.0 0.0 1.0 1.0 0.0 0.0 0.0 0.0 0.0 0.0 0.0 0.0 0.0 0.0 0.0 0.0 0.0 0.0
52 17 2 2.1456289000000197 0.7298286999999846 0.0 2.8754576000000043 3.7816011999998977 4.254063799999926 2.141179249999965 501.83203125 492.453125 34 34 1.0 34 18 18 False 0 0 False 1.8888888888888888 1.8888888888888888 2.166289559942608 2.166289559942608 1.1468591787931455 1.1468591787931455 1.0 1.0 1.0 1.0 1.0 1.0 2.0 2.0 10.0 10.0 0 0.0 0 0.0 7.063352355790955 0.0 4.618802153517006 6 2 3.0 0.0 0.0 3.0 3.0 3.0 3.0 3.0 17.0 11.313708498984761 0.6655122646461624 9.0 13.0 17.0 21.0 25.0 2 9.0 0.0 0.0 9.0 9.0 9.0 9.0 9.0 17.0 17.0 11.313708498984761 11.313708498984761 0.6655122646461624 0.0 9.0 0.0 13.0 0.0 17.0 0.0 21.0 0.0 25.0 0.0
53 17 1 4.484202899999957 1.172451399999943 0.0 5.6566542999999 5.635611999999924 9.910718099999826 1.2723730999999816 500.81640625 493.65625 53 53 1.0 0 34 34 False 0 0 False 1.5588235294117647 1.5588235294117647 0.9595193389681276 0.9595193389681276 0.6155407080172894 0.6155407080172894 1.0 1.0 1.0 1.0 1.0 1.0 2.0 2.0 6.0 6.0 0 0.0 0 0.0 2.587984613528757 4.133198922545748 8.514285381378496 0 0 0.0 0.0 0.0 0.0 0.0 0.0 0.0 0.0 0.0 0.0 0.0 0.0 0.0 0.0 0.0 0.0 8 4.25 2.187627547301936 0.5147358934828086 2.0 2.0 4.5 6.0 7.0 6.625 6.625 4.274091382136927 4.274091382136927 0.6451458690018003 0.0 2.0 0.0 3.0 0.0 6.0 0.0 9.25 0.0 14.0 0.0
54 18 3 0.9970308999999702 0.29453310000013744 0.0 1.2915640000001076 1.2915640000001076 1.2915640000001076 1.2915640000001076 493.21484375 483.25 18 18 1.0 18 1 0 False 0 0 False 1.0 1.0 0.0 0.0 0.0 0.0 0.0 0.0 0.0 0.0 0.0 0.0 0.0 0.0 0.0 0.0 0 0.0 0 0.0 0.0 0.0 0.0 1 1 1.0 0.0 0.0 1.0 1.0 1.0 1.0 1.0 18.0 0.0 0.0 18.0 18.0 18.0 18.0 18.0 1 1.0 0.0 0.0 0.0 0.0 0.0 0.0 0.0 1.0 1.0 0.0 0.0 0.0 0.0 0.0 0.0 0.0 0.0 0.0 0.0 0.0 0.0 0.0 0.0
55 18 2 2.1394537999999557 0.7623079999999618 0.0 2.9017617999999175 3.725019600000053 4.193325800000025 2.111102750000015 512.33984375 502.984375 34 34 1.0 34 18 18 False 0 0 False 1.8888888888888888 1.8888888888888888 2.27231131071657 2.27231131071657 1.2029883409675959 1.2029883409675959 1.0 1.0 1.0 1.0 1.0 1.0 1.0 1.0 10.0 10.0 0 0.0 0 0.0 7.654714247165685 0.0 4.618802153517006 6 2 3.0 0.0 0.0 3.0 3.0 3.0 3.0 3.0 17.0 11.313708498984761 0.6655122646461624 9.0 13.0 17.0 21.0 25.0 2 9.0 0.0 0.0 9.0 9.0 9.0 9.0 9.0 17.0 17.0 11.313708498984761 11.313708498984761 0.6655122646461624 0.0 9.0 0.0 13.0 0.0 17.0 0.0 21.0 0.0 25.0 0.0
56 18 1 4.96137479999976 1.3446530999997321 0.0 6.306027899999492 5.311616000000015 10.499353699999517 1.3458109624999395 514.109375 505.65625 57 57 1.0 0 34 34 False 0 0 False 1.6764705882352942 1.6764705882352942 1.7532755187258162 1.7532755187258162 1.045813467310136 1.045813467310136 1.0 1.0 1.0 1.0 1.0 1.0 2.0 2.0 10.0 10.0 0 0.0 0 0.0 3.982932879833592 4.133198922545748 9.321048462723732 0 0 0.0 0.0 0.0 0.0 0.0 0.0 0.0 0.0 0.0 0.0 0.0 0.0 0.0 0.0 0.0 0.0 8 4.25 2.187627547301936 0.5147358934828086 2.0 2.0 4.5 6.0 7.0 7.125 7.125 5.356904756613521 5.356904756613521 0.7518462816299679 0.0 2.0 0.0 3.0 0.0 5.0 0.0 10.25 0.0 16.0 0.0
57 19 3 1.0027781000000004 0.3159042999999997 0.0 1.3186824000000001 1.3186824000000001 1.3186824000000001 1.3186824000000001 504.9609375 495.25390625 18 18 1.0 18 1 0 False 0 0 False 1.0 1.0 0.0 0.0 0.0 0.0 0.0 0.0 0.0 0.0 0.0 0.0 0.0 0.0 0.0 0.0 0 0.0 0 0.0 0.0 0.0 0.0 1 1 1.0 0.0 0.0 1.0 1.0 1.0 1.0 1.0 18.0 0.0 0.0 18.0 18.0 18.0 18.0 18.0 1 1.0 0.0 0.0 0.0 0.0 0.0 0.0 0.0 1.0 1.0 0.0 0.0 0.0 0.0 0.0 0.0 0.0 0.0 0.0 0.0 0.0 0.0 0.0 0.0
58 19 2 2.141915400000073 0.7158768000000464 0.0 2.8577922000001195 3.705036600000085 4.17647460000012 2.102324750000065 524.203125 514.7109375 34 34 1.0 34 18 18 False 0 0 False 1.8888888888888888 1.8888888888888888 2.27231131071657 2.27231131071657 1.2029883409675959 1.2029883409675959 1.0 1.0 1.0 1.0 1.0 1.0 1.0 1.0 10.0 10.0 0 0.0 0 0.0 7.654714247165685 0.0 4.618802153517006 6 2 3.0 0.0 0.0 3.0 3.0 3.0 3.0 3.0 17.0 11.313708498984761 0.6655122646461624 9.0 13.0 17.0 21.0 25.0 2 9.0 0.0 0.0 9.0 9.0 9.0 9.0 9.0 17.0 17.0 11.313708498984761 11.313708498984761 0.6655122646461624 0.0 9.0 0.0 13.0 0.0 17.0 0.0 21.0 0.0 25.0 0.0
59 19 1 5.646597600000064 1.4455886000000078 0.0 7.0921862000000715 5.243905299999994 11.268660800000191 1.4419018124999994 525.5703125 516.63671875 64 64 1.0 0 34 34 False 0 0 False 1.8823529411764706 1.8823529411764706 2.0562499830686622 2.0562499830686622 1.0923828035052268 1.0923828035052268 1.0 1.0 1.0 1.0 1.0 1.0 2.0 2.0 10.0 10.0 0 0.0 0 0.0 2.5905738098652695 4.133198922545748 7.007932013876213 0 0 0.0 0.0 0.0 0.0 0.0 0.0 0.0 0.0 0.0 0.0 0.0 0.0 0.0 0.0 0.0 0.0 8 4.25 2.187627547301936 0.5147358934828086 2.0 2.0 4.5 6.0 7.0 8.0 8.0 5.3452248382484875 5.3452248382484875 0.6681531047810609 0.0 2.0 0.0 3.0 0.0 7.5 0.0 11.75 0.0 16.0 0.0
60 20 3 0.9945923000000789 0.29198569999994106 0.0 1.28657800000002 1.28657800000002 1.28657800000002 1.28657800000002 516.8125 506.7890625 18 18 1.0 18 1 0 False 0 0 False 1.0 1.0 0.0 0.0 0.0 0.0 0.0 0.0 0.0 0.0 0.0 0.0 0.0 0.0 0.0 0.0 0 0.0 0 0.0 0.0 0.0 0.0 1 1 1.0 0.0 0.0 1.0 1.0 1.0 1.0 1.0 18.0 0.0 0.0 18.0 18.0 18.0 18.0 18.0 1 1.0 0.0 0.0 0.0 0.0 0.0 0.0 0.0 1.0 1.0 0.0 0.0 0.0 0.0 0.0 0.0 0.0 0.0 0.0 0.0 0.0 0.0 0.0 0.0
61 20 2 2.083823799999948 0.5619975000001318 0.0 2.6458213000000796 3.384387100000083 3.9323993000000996 1.9802040500000544 535.02734375 526.3125 34 34 1.0 34 18 18 False 0 0 False 1.8888888888888888 1.8888888888888888 2.193275522213265 2.193275522213265 1.1611458647011403 1.1611458647011403 1.0 1.0 1.0 1.0 1.0 1.0 1.75 1.75 10.0 10.0 0 0.0 0 0.0 7.152368740551836 0.0 4.041451884327381 6 2 3.0 0.0 0.0 3.0 3.0 3.0 3.0 3.0 17.0 9.899494936611665 0.5823232315653921 10.0 13.5 17.0 20.5 24.0 2 9.0 0.0 0.0 9.0 9.0 9.0 9.0 9.0 17.0 17.0 9.899494936611665 9.899494936611665 0.5823232315653921 0.0 10.0 0.0 13.5 0.0 17.0 0.0 20.5 0.0 24.0 0.0
62 20 1 6.99090910000001 3.0477864000001205 0.0 10.03869550000013 4.936871200000212 13.97109480000023 1.7795843000000247 551.71875 545.05859375 75 75 1.0 0 34 34 False 0 0 False 2.2058823529411766 2.2058823529411766 2.358471664404802 2.358471664404802 1.0691738211968436 1.0691738211968436 1.0 1.0 1.0 1.0 1.5 1.5 2.0 2.0 12.0 12.0 0 0.0 0 0.0 8.15085386233376 3.685557397915997 6.761307401514723 0 0 0.0 0.0 0.0 0.0 0.0 0.0 0.0 0.0 0.0 0.0 0.0 0.0 0.0 0.0 0.0 0.0 8 4.25 1.9086270308410553 0.44908871313907184 2.0 2.75 4.5 6.0 6.0 9.375 9.375 7.190022849159004 7.190022849159004 0.7669357705769605 0.0 2.0 0.0 3.75 0.0 9.0 0.0 11.0 0.0 24.0 0.0
63 21 3 1.0050986999998486 0.4284331000000634 0.0 1.433531799999912 1.433531799999912 1.433531799999912 1.433531799999912 519.00390625 512.90625 18 18 1.0 18 1 0 False 0 0 False 1.0 1.0 0.0 0.0 0.0 0.0 0.0 0.0 0.0 0.0 0.0 0.0 0.0 0.0 0.0 0.0 0 0.0 0 0.0 0.0 0.0 0.0 1 1 1.0 0.0 0.0 1.0 1.0 1.0 1.0 1.0 18.0 0.0 0.0 18.0 18.0 18.0 18.0 18.0 1 1.0 0.0 0.0 0.0 0.0 0.0 0.0 0.0 1.0 1.0 0.0 0.0 0.0 0.0 0.0 0.0 0.0 0.0 0.0 0.0 0.0 0.0 0.0 0.0
64 21 2 2.0961794000000964 0.5732277999998132 0.0 2.6694071999999096 3.5492327999997997 4.102938999999822 2.0658019999999055 545.26171875 538.55078125 34 34 1.0 34 18 18 False 0 0 False 1.8888888888888888 1.8888888888888888 2.138963159732493 2.138963159732493 1.1323922610348491 1.1323922610348491 1.0 1.0 1.0 1.0 1.0 1.0 2.0 2.0 10.0 10.0 0 0.0 0 0.0 6.955028970718893 0.0 4.041451884327381 6 2 3.0 0.0 0.0 3.0 3.0 3.0 3.0 3.0 17.0 9.899494936611665 0.5823232315653921 10.0 13.5 17.0 20.5 24.0 2 9.0 0.0 0.0 9.0 9.0 9.0 9.0 9.0 17.0 17.0 9.899494936611665 9.899494936611665 0.5823232315653921 0.0 10.0 0.0 13.5 0.0 17.0 0.0 20.5 0.0 24.0 0.0
65 21 1 4.481900400000029 1.2269560000000865 0.0 5.708856400000116 5.110962499999857 9.811795399999937 1.2600791375 543.79296875 536.51171875 53 53 1.0 0 34 34 False 0 0 False 1.5588235294117647 1.5588235294117647 0.9905975078001625 0.9905975078001625 0.6354776465133118 0.6354776465133118 1.0 1.0 1.0 1.0 1.0 1.0 2.0 2.0 6.0 6.0 0 0.0 0 0.0 2.8333926990184772 3.685557397915997 8.11163430580491 0 0 0.0 0.0 0.0 0.0 0.0 0.0 0.0 0.0 0.0 0.0 0.0 0.0 0.0 0.0 0.0 0.0 8 4.25 1.9086270308410553 0.44908871313907184 2.0 2.75 4.5 6.0 6.0 6.625 6.625 4.103569874424672 4.103569874424672 0.6194067734980636 0.0 2.0 0.0 3.75 0.0 6.0 0.0 8.5 0.0 14.0 0.0
66 22 3 0.996089199999858 0.32926889999993136 0.0 1.3253580999997894 1.3253580999997894 1.3253580999997894 1.3253580999997894 539.73046875 530.31640625 18 18 1.0 18 1 0 False 0 0 False 1.0 1.0 0.0 0.0 0.0 0.0 0.0 0.0 0.0 0.0 0.0 0.0 0.0 0.0 0.0 0.0 0 0.0 0 0.0 0.0 0.0 0.0 1 1 1.0 0.0 0.0 1.0 1.0 1.0 1.0 1.0 18.0 0.0 0.0 18.0 18.0 18.0 18.0 18.0 1 1.0 0.0 0.0 0.0 0.0 0.0 0.0 0.0 1.0 1.0 0.0 0.0 0.0 0.0 0.0 0.0 0.0 0.0 0.0 0.0 0.0 0.0 0.0 0.0
67 22 2 2.126079399999867 0.7610957999999073 0.0 2.887175199999774 3.740654799999618 4.2125332999995635 2.1202511999997853 562.53515625 553.76171875 34 34 1.0 34 18 18 False 0 0 False 1.8888888888888888 1.8888888888888888 2.27231131071657 2.27231131071657 1.2029883409675959 1.2029883409675959 1.0 1.0 1.0 1.0 1.0 1.0 1.0 1.0 10.0 10.0 0 0.0 0 0.0 7.654714247165685 0.0 4.618802153517006 6 2 3.0 0.0 0.0 3.0 3.0 3.0 3.0 3.0 17.0 11.313708498984761 0.6655122646461624 9.0 13.0 17.0 21.0 25.0 2 9.0 0.0 0.0 9.0 9.0 9.0 9.0 9.0 17.0 17.0 11.313708498984761 11.313708498984761 0.6655122646461624 0.0 9.0 0.0 13.0 0.0 17.0 0.0 21.0 0.0 25.0 0.0
68 22 1 7.040911400000255 5.079893599999991 0.0 12.120805000000246 5.333959099999788 16.33333829999981 2.074943387499985 583.71875 576.828125 75 75 1.0 0 34 34 True 0 0 False 2.2058823529411766 2.2058823529411766 2.5162573004641313 2.5162573004641313 1.1561182191321686 1.1561182191321686 1.0 1.0 1.0 1.0 1.0 1.0 2.0 2.0 13.0 13.0 0 0.0 0 0.0 8.104128769595588 4.133198922545748 6.6452781899798765 0 0 0.0 0.0 0.0 0.0 0.0 0.0 0.0 0.0 0.0 0.0 0.0 0.0 0.0 0.0 0.0 0.0 8 4.25 2.187627547301936 0.5147358934828086 2.0 2.0 4.5 6.0 7.0 9.375 9.375 7.2886898685566255 7.2886898685566255 0.77746025264604 0.0 2.0 0.0 3.0 0.0 9.5 0.0 11.0 0.0 24.0 0.0
69 23 3 1.003016500000058 0.33101009999990083 0.0 1.3340265999999588 1.3340265999999588 1.3340265999999588 1.3340265999999588 562.921875 553.25390625 18 18 1.0 18 1 0 False 0 0 False 1.0 1.0 0.0 0.0 0.0 0.0 0.0 0.0 0.0 0.0 0.0 0.0 0.0 0.0 0.0 0.0 0 0.0 0 0.0 0.0 0.0 0.0 1 1 1.0 0.0 0.0 1.0 1.0 1.0 1.0 1.0 18.0 0.0 0.0 18.0 18.0 18.0 18.0 18.0 1 1.0 0.0 0.0 0.0 0.0 0.0 0.0 0.0 1.0 1.0 0.0 0.0 0.0 0.0 0.0 0.0 0.0 0.0 0.0 0.0 0.0 0.0 0.0 0.0
70 23 2 2.130648100000087 0.6403242000000091 0.0 2.7709723000000963 3.630426699999987 4.104998900000055 2.0667237500000226 584.375 575.4609375 34 34 1.0 34 18 18 False 0 0 False 1.8888888888888888 1.8888888888888888 2.27231131071657 2.27231131071657 1.2029883409675959 1.2029883409675959 1.0 1.0 1.0 1.0 1.0 1.0 1.0 1.0 10.0 10.0 0 0.0 0 0.0 7.654714247165685 0.0 4.618802153517006 6 2 3.0 0.0 0.0 3.0 3.0 3.0 3.0 3.0 17.0 11.313708498984761 0.6655122646461624 9.0 13.0 17.0 21.0 25.0 2 9.0 0.0 0.0 9.0 9.0 9.0 9.0 9.0 17.0 17.0 11.313708498984761 11.313708498984761 0.6655122646461624 0.0 9.0 0.0 13.0 0.0 17.0 0.0 21.0 0.0 25.0 0.0
71 23 1 6.8015618000001155 3.7515331000000174 0.0 10.553094900000133 5.197762600000203 14.658093800000188 1.86553661250003 596.30078125 589.10546875 73 73 1.0 0 34 34 False 0 0 False 2.1470588235294117 2.1470588235294117 2.3885123167662394 2.3885123167662394 1.1124577913705773 1.1124577913705773 1.0 1.0 1.0 1.0 1.0 1.0 2.0 2.0 12.0 12.0 0 0.0 0 0.0 8.476126661594375 4.133198922545748 6.497328510840266 0 0 0.0 0.0 0.0 0.0 0.0 0.0 0.0 0.0 0.0 0.0 0.0 0.0 0.0 0.0 0.0 0.0 8 4.25 2.187627547301936 0.5147358934828086 2.0 2.0 4.5 6.0 7.0 9.125 9.125 7.298483208369883 7.298483208369883 0.7998337762597132 0.0 2.0 0.0 3.0 0.0 8.5 0.0 11.0 0.0 24.0 0.0
72 24 3 0.9996883000001731 0.32208280000008926 0.0 1.3217711000002623 1.3217711000002623 1.3217711000002623 1.3217711000002623 578.74609375 568.9609375 18 18 1.0 18 1 0 False 0 0 False 1.0 1.0 0.0 0.0 0.0 0.0 0.0 0.0 0.0 0.0 0.0 0.0 0.0 0.0 0.0 0.0 0 0.0 0 0.0 0.0 0.0 0.0 1 1 1.0 0.0 0.0 1.0 1.0 1.0 1.0 1.0 18.0 0.0 0.0 18.0 18.0 18.0 18.0 18.0 1 1.0 0.0 0.0 0.0 0.0 0.0 0.0 0.0 1.0 1.0 0.0 0.0 0.0 0.0 0.0 0.0 0.0 0.0 0.0 0.0 0.0 0.0 0.0 0.0
73 24 2 2.1464993000000163 1.0056259000000978 0.0 3.152125200000114 4.002482500000383 4.473896300000376 2.250943500000176 597.609375 588.41015625 34 34 1.0 34 18 18 False 0 0 False 1.8888888888888888 1.8888888888888888 2.193275522213265 2.193275522213265 1.1611458647011403 1.1611458647011403 1.0 1.0 1.0 1.0 1.0 1.0 1.75 1.75 10.0 10.0 0 0.0 0 0.0 7.27473784404555 0.0 4.618802153517006 6 2 3.0 0.0 0.0 3.0 3.0 3.0 3.0 3.0 17.0 11.313708498984761 0.6655122646461624 9.0 13.0 17.0 21.0 25.0 2 9.0 0.0 0.0 9.0 9.0 9.0 9.0 9.0 17.0 17.0 11.313708498984761 11.313708498984761 0.6655122646461624 0.0 9.0 0.0 13.0 0.0 17.0 0.0 21.0 0.0 25.0 0.0
74 24 1 6.040486799999883 1.4546017000001825 0.0 7.495088500000065 5.5495650000004275 11.968984800000442 1.5294317875000516 594.96484375 588.03125 67 67 1.0 0 34 34 True 0 0 False 1.9705882352941178 1.9705882352941178 2.1932077940330887 2.1932077940330887 1.147216384571154 1.147216384571154 1.0 1.0 1.0 1.0 1.0 1.0 2.0 2.0 13.0 13.0 0 0.0 0 0.0 5.767893776407207 4.133198922545748 5.596998203402328 0 0 0.0 0.0 0.0 0.0 0.0 0.0 0.0 0.0 0.0 0.0 0.0 0.0 0.0 0.0 0.0 0.0 8 4.25 2.187627547301936 0.5147358934828086 2.0 2.0 4.5 6.0 7.0 8.375 8.375 5.680480361981471 5.680480361981471 0.6782663118783846 0.0 2.0 0.0 3.0 0.0 8.5 0.0 11.0 0.0 18.0 0.0
75 25 3 1.0029614000001175 0.324120999999991 0.0 1.3270824000001085 1.3270824000001085 1.3270824000001085 1.3270824000001085 585.97265625 578.15234375 18 18 1.0 18 1 0 False 0 0 False 1.0 1.0 0.0 0.0 0.0 0.0 0.0 0.0 0.0 0.0 0.0 0.0 0.0 0.0 0.0 0.0 0 0.0 0 0.0 0.0 0.0 0.0 1 1 1.0 0.0 0.0 1.0 1.0 1.0 1.0 1.0 18.0 0.0 0.0 18.0 18.0 18.0 18.0 18.0 1 1.0 0.0 0.0 0.0 0.0 0.0 0.0 0.0 1.0 1.0 0.0 0.0 0.0 0.0 0.0 0.0 0.0 0.0 0.0 0.0 0.0 0.0 0.0 0.0
76 25 2 2.135195399999816 0.7016399999999408 0.0 2.8368353999997566 3.688127399999985 4.163917799999865 2.096454549999919 607.59765625 599.4609375 34 34 1.0 34 18 18 False 0 0 False 1.8888888888888888 1.8888888888888888 2.166289559942608 2.166289559942608 1.1468591787931455 1.1468591787931455 1.0 1.0 1.0 1.0 1.0 1.0 2.0 2.0 10.0 10.0 0 0.0 0 0.0 7.135951982713203 0.0 4.618802153517006 6 2 3.0 0.0 0.0 3.0 3.0 3.0 3.0 3.0 17.0 11.313708498984761 0.6655122646461624 9.0 13.0 17.0 21.0 25.0 2 9.0 0.0 0.0 9.0 9.0 9.0 9.0 9.0 17.0 17.0 11.313708498984761 11.313708498984761 0.6655122646461624 0.0 9.0 0.0 13.0 0.0 17.0 0.0 21.0 0.0 25.0 0.0
77 25 1 6.995300800000109 5.187140999999997 0.0 12.182441800000106 5.23123959999981 16.34635959999997 2.0766878249999863 622.48046875 615.46875 75 75 1.0 0 34 34 True 0 0 False 2.2058823529411766 2.2058823529411766 2.1453427566876146 2.1453427566876146 1.0420236246768415 1.0420236246768415 1.0 1.0 1.0 1.0 1.0 1.0 2.0 2.0 12.0 12.0 0 0.0 0 0.0 8.1034882915538 4.133198922545748 6.8429809943393005 0 0 0.0 0.0 0.0 0.0 0.0 0.0 0.0 0.0 0.0 0.0 0.0 0.0 0.0 0.0 0.0 0.0 8 4.25 2.187627547301936 0.5147358934828086 2.0 2.0 4.5 6.0 7.0 9.375 9.375 7.2886898685566255 7.2886898685566255 0.77746025264604 0.0 2.0 0.0 3.0 0.0 9.5 0.0 11.0 0.0 24.0 0.0
78 26 3 1.0066553999999996 0.3105116999998927 0.0 1.3171670999998923 1.3171670999998923 1.3171670999998923 1.3171670999998923 604.5234375 595.02734375 18 18 1.0 18 1 0 False 0 0 False 1.0 1.0 0.0 0.0 0.0 0.0 0.0 0.0 0.0 0.0 0.0 0.0 0.0 0.0 0.0 0.0 0 0.0 0 0.0 0.0 0.0 0.0 1 1 1.0 0.0 0.0 1.0 1.0 1.0 1.0 1.0 18.0 0.0 0.0 18.0 18.0 18.0 18.0 18.0 1 1.0 0.0 0.0 0.0 0.0 0.0 0.0 0.0 1.0 1.0 0.0 0.0 0.0 0.0 0.0 0.0 0.0 0.0 0.0 0.0 0.0 0.0 0.0 0.0
79 26 2 2.151407199999994 0.7138550999998756 0.0 2.86526229999987 3.710297699999728 4.182429399999762 2.1054314999998667 623.55078125 614.3125 34 34 1.0 34 18 18 False 0 0 False 1.8888888888888888 1.8888888888888888 2.27231131071657 2.27231131071657 1.2029883409675959 1.2029883409675959 1.0 1.0 1.0 1.0 1.0 1.0 1.0 1.0 10.0 10.0 0 0.0 0 0.0 7.654714247165685 0.0 4.618802153517006 6 2 3.0 0.0 0.0 3.0 3.0 3.0 3.0 3.0 17.0 11.313708498984761 0.6655122646461624 9.0 13.0 17.0 21.0 25.0 2 9.0 0.0 0.0 9.0 9.0 9.0 9.0 9.0 17.0 17.0 11.313708498984761 11.313708498984761 0.6655122646461624 0.0 9.0 0.0 13.0 0.0 17.0 0.0 21.0 0.0 25.0 0.0
80 26 1 6.8054320000002235 4.7060321000001295 0.0 11.511464100000353 5.263535899999624 15.693893500000115 1.9951481125000186 637.171875 630.17578125 73 73 1.0 0 34 34 False 0 0 False 2.1470588235294117 2.1470588235294117 2.271461323001007 2.271461323001007 1.0579408901648526 1.0579408901648526 1.0 1.0 1.0 1.0 1.0 1.0 2.0 2.0 12.0 12.0 0 0.0 0 0.0 8.442380524907392 4.133198922545748 6.497328510840266 0 0 0.0 0.0 0.0 0.0 0.0 0.0 0.0 0.0 0.0 0.0 0.0 0.0 0.0 0.0 0.0 0.0 8 4.25 2.187627547301936 0.5147358934828086 2.0 2.0 4.5 6.0 7.0 9.125 9.125 7.298483208369883 7.298483208369883 0.7998337762597132 0.0 2.0 0.0 3.0 0.0 8.5 0.0 11.0 0.0 24.0 0.0
81 27 3 0.9952065000001653 0.34627570000003516 0.0 1.3414822000002005 1.3414822000002005 1.3414822000002005 1.3414822000002005 617.15625 607.56640625 18 18 1.0 18 1 0 False 0 0 False 1.0 1.0 0.0 0.0 0.0 0.0 0.0 0.0 0.0 0.0 0.0 0.0 0.0 0.0 0.0 0.0 0 0.0 0 0.0 0.0 0.0 0.0 1 1 1.0 0.0 0.0 1.0 1.0 1.0 1.0 1.0 18.0 0.0 0.0 18.0 18.0 18.0 18.0 18.0 1 1.0 0.0 0.0 0.0 0.0 0.0 0.0 0.0 1.0 1.0 0.0 0.0 0.0 0.0 0.0 0.0 0.0 0.0 0.0 0.0 0.0 0.0 0.0 0.0
82 27 2 2.116453299999989 0.6238674000000515 0.0 2.7403207000000407 3.612097000000233 4.081802900000241 2.054927850000098 638.53125 629.546875 34 34 1.0 34 18 18 False 0 0 False 1.8888888888888888 1.8888888888888888 2.2199334618774946 2.2199334618774946 1.175258891582203 1.175258891582203 1.0 1.0 1.0 1.0 1.0 1.0 1.0 1.0 10.0 10.0 0 0.0 0 0.0 7.504045548134512 0.0 4.618802153517006 6 2 3.0 0.0 0.0 3.0 3.0 3.0 3.0 3.0 17.0 11.313708498984761 0.6655122646461624 9.0 13.0 17.0 21.0 25.0 2 9.0 0.0 0.0 9.0 9.0 9.0 9.0 9.0 17.0 17.0 11.313708498984761 11.313708498984761 0.6655122646461624 0.0 9.0 0.0 13.0 0.0 17.0 0.0 21.0 0.0 25.0 0.0
83 27 1 5.869712500000048 1.1687509000002478 0.0 7.038463400000296 5.194862900000146 11.120266300000537 1.423571762500039 639.20703125 630.69921875 66 66 1.0 0 34 34 False 0 0 False 1.9411764705882353 1.9411764705882353 1.8412969156414731 1.8412969156414731 0.9485468959365164 0.9485468959365164 1.0 1.0 1.0 1.0 1.0 1.0 2.0 2.0 8.0 8.0 0 0.0 0 0.0 2.5345365320953563 4.133198922545748 7.518495712426641 0 0 0.0 0.0 0.0 0.0 0.0 0.0 0.0 0.0 0.0 0.0 0.0 0.0 0.0 0.0 0.0 0.0 8 4.25 2.187627547301936 0.5147358934828086 2.0 2.0 4.5 6.0 7.0 8.25 8.25 5.284748946598261 5.284748946598261 0.6405756298906983 0.0 2.0 0.0 3.0 0.0 8.5 0.0 11.75 0.0 16.0 0.0
84 28 3 1.004085800000098 0.34514569999987543 0.0 1.3492314999999735 1.3492314999999735 1.3492314999999735 1.3492314999999735 631.53125 621.86328125 18 18 1.0 18 1 0 False 0 0 False 1.0 1.0 0.0 0.0 0.0 0.0 0.0 0.0 0.0 0.0 0.0 0.0 0.0 0.0 0.0 0.0 0 0.0 0 0.0 0.0 0.0 0.0 1 1 1.0 0.0 0.0 1.0 1.0 1.0 1.0 1.0 18.0 0.0 0.0 18.0 18.0 18.0 18.0 18.0 1 1.0 0.0 0.0 0.0 0.0 0.0 0.0 0.0 1.0 1.0 0.0 0.0 0.0 0.0 0.0 0.0 0.0 0.0 0.0 0.0 0.0 0.0 0.0 0.0
85 28 2 2.123087499999883 0.7155652999998665 0.0 2.8386527999997497 3.7157111999998733 4.187884299999723 2.1079518999998754 641.80859375 635.421875 34 34 1.0 34 18 18 False 0 0 False 1.8888888888888888 1.8888888888888888 2.166289559942608 2.166289559942608 1.1468591787931455 1.1468591787931455 1.0 1.0 1.0 1.0 1.0 1.0 1.75 1.75 10.0 10.0 0 0.0 0 0.0 7.366228130626149 0.0 4.618802153517006 6 2 3.0 0.0 0.0 3.0 3.0 3.0 3.0 3.0 17.0 11.313708498984761 0.6655122646461624 9.0 13.0 17.0 21.0 25.0 2 9.0 0.0 0.0 9.0 9.0 9.0 9.0 9.0 17.0 17.0 11.313708498984761 11.313708498984761 0.6655122646461624 0.0 9.0 0.0 13.0 0.0 17.0 0.0 21.0 0.0 25.0 0.0
86 28 1 7.004780699999628 3.2815025999999534 0.0 10.286283299999582 5.275268100000062 14.474167599999305 1.842533574999905 659.67578125 652.72265625 75 75 1.0 0 34 34 True 0 0 False 2.2058823529411766 2.2058823529411766 2.220669392102212 2.220669392102212 1.0634191455137352 1.0634191455137352 1.0 1.0 1.0 1.0 1.0 1.0 2.0 2.0 12.0 12.0 0 0.0 0 0.0 8.18241954554869 4.133198922545748 6.792050091426332 0 0 0.0 0.0 0.0 0.0 0.0 0.0 0.0 0.0 0.0 0.0 0.0 0.0 0.0 0.0 0.0 0.0 8 4.25 2.187627547301936 0.5147358934828086 2.0 2.0 4.5 6.0 7.0 9.375 9.375 7.2886898685566255 7.2886898685566255 0.77746025264604 0.0 2.0 0.0 3.0 0.0 9.5 0.0 11.0 0.0 24.0 0.0
87 29 3 0.995616999999811 0.36353189999999813 0.0 1.3591488999998091 1.3591488999998091 1.3591488999998091 1.3591488999998091 644.84765625 635.49609375 18 18 1.0 18 1 0 False 0 0 False 1.0 1.0 0.0 0.0 0.0 0.0 0.0 0.0 0.0 0.0 0.0 0.0 0.0 0.0 0.0 0.0 0 0.0 0 0.0 0.0 0.0 0.0 1 1 1.0 0.0 0.0 1.0 1.0 1.0 1.0 1.0 18.0 0.0 0.0 18.0 18.0 18.0 18.0 18.0 1 1.0 0.0 0.0 0.0 0.0 0.0 0.0 0.0 1.0 1.0 0.0 0.0 0.0 0.0 0.0 0.0 0.0 0.0 0.0 0.0 0.0 0.0 0.0 0.0
88 29 2 2.122532800000158 0.6386200000000599 0.0 2.761152800000218 3.57186779999995 4.120301700000027 2.0743955500000197 661.9375 653.53515625 34 34 1.0 34 18 18 False 0 0 False 1.8888888888888888 1.8888888888888888 2.2462750575089703 2.2462750575089703 1.1892044422106314 1.1892044422106314 1.0 1.0 1.0 1.0 1.0 1.0 1.75 1.75 10.0 10.0 0 0.0 0 0.0 7.31028927048082 0.0 4.041451884327381 6 2 3.0 0.0 0.0 3.0 3.0 3.0 3.0 3.0 17.0 9.899494936611665 0.5823232315653921 10.0 13.5 17.0 20.5 24.0 2 9.0 0.0 0.0 9.0 9.0 9.0 9.0 9.0 17.0 17.0 9.899494936611665 9.899494936611665 0.5823232315653921 0.0 10.0 0.0 13.5 0.0 17.0 0.0 20.5 0.0 24.0 0.0
89 29 1 6.447335000000521 1.9406455999998116 0.0 8.387980600000333 5.114904599999932 12.50828230000036 1.5969712625000199 667.46875 658.546875 71 71 1.0 0 34 34 False 0 0 False 2.088235294117647 2.088235294117647 2.366017585667164 2.366017585667164 1.1330225058124446 1.1330225058124446 1.0 1.0 1.0 1.0 1.0 1.0 2.0 2.0 11.0 11.0 0 0.0 0 0.0 5.051336799324277 3.685557397915997 5.729431812046364 0 0 0.0 0.0 0.0 0.0 0.0 0.0 0.0 0.0 0.0 0.0 0.0 0.0 0.0 0.0 0.0 0.0 8 4.25 1.9086270308410553 0.44908871313907184 2.0 2.75 4.5 6.0 6.0 8.875 8.875 6.266407036161723 6.266407036161723 0.7060740322435743 0.0 2.0 0.0 3.75 0.0 7.0 0.0 14.5 0.0 18.0 0.0
90 30 3 0.9975366000001031 0.37586290000001554 0.0 1.3733995000001187 1.3733995000001187 1.3733995000001187 1.3733995000001187 656.125 646.5 18 18 1.0 18 1 0 False 0 0 False 1.0 1.0 0.0 0.0 0.0 0.0 0.0 0.0 0.0 0.0 0.0 0.0 0.0 0.0 0.0 0.0 0 0.0 0 0.0 0.0 0.0 0.0 1 1 1.0 0.0 0.0 1.0 1.0 1.0 1.0 1.0 18.0 0.0 0.0 18.0 18.0 18.0 18.0 18.0 1 1.0 0.0 0.0 0.0 0.0 0.0 0.0 0.0 1.0 1.0 0.0 0.0 0.0 0.0 0.0 0.0 0.0 0.0 0.0 0.0 0.0 0.0 0.0 0.0
91 30 2 2.1455301999998255 0.7566998000000922 0.0 2.9022299999999177 3.803135500000053 4.275629500000036 2.1518652500000144 675.04296875 666.0 34 34 1.0 34 18 18 False 0 0 False 1.8888888888888888 1.8888888888888888 2.166289559942608 2.166289559942608 1.1468591787931455 1.1468591787931455 1.0 1.0 1.0 1.0 1.0 1.0 1.75 1.75 10.0 10.0 0 0.0 0 0.0 7.431719361957711 0.0 4.618802153517006 6 2 3.0 0.0 0.0 3.0 3.0 3.0 3.0 3.0 17.0 11.313708498984761 0.6655122646461624 9.0 13.0 17.0 21.0 25.0 2 9.0 0.0 0.0 9.0 9.0 9.0 9.0 9.0 17.0 17.0 11.313708498984761 11.313708498984761 0.6655122646461624 0.0 9.0 0.0 13.0 0.0 17.0 0.0 21.0 0.0 25.0 0.0
92 30 1 7.463510399999791 4.074448699999834 0.0 11.537959099999625 5.34837519999985 15.813588599999662 2.0099958999999217 690.08984375 683.078125 79 79 1.0 0 34 34 False 0 0 False 2.323529411764706 2.323529411764706 2.7712877242581446 2.7712877242581446 1.1927061091743913 1.1927061091743913 1.0 1.0 1.0 1.0 1.0 1.0 2.0 2.0 12.0 12.0 0 0.0 0 0.0 7.437659015194071 4.133198922545748 6.674474594386521 0 0 0.0 0.0 0.0 0.0 0.0 0.0 0.0 0.0 0.0 0.0 0.0 0.0 0.0 0.0 0.0 0.0 8 4.25 2.187627547301936 0.5147358934828086 2.0 2.0 4.5 6.0 7.0 9.875 9.875 7.698562017861332 7.698562017861332 0.7796012169986158 0.0 2.0 0.0 3.0 0.0 8.5 0.0 14.5 0.0 24.0 0.0
93 31 3 1.0044275000003609 0.35234459999981027 0.0 1.3567721000001711 1.3567721000001711 1.3567721000001711 1.3567721000001711 670.4453125 660.87890625 18 18 1.0 18 1 0 False 0 0 False 1.0 1.0 0.0 0.0 0.0 0.0 0.0 0.0 0.0 0.0 0.0 0.0 0.0 0.0 0.0 0.0 0 0.0 0 0.0 0.0 0.0 0.0 1 1 1.0 0.0 0.0 1.0 1.0 1.0 1.0 1.0 18.0 0.0 0.0 18.0 18.0 18.0 18.0 18.0 1 1.0 0.0 0.0 0.0 0.0 0.0 0.0 0.0 1.0 1.0 0.0 0.0 0.0 0.0 0.0 0.0 0.0 0.0 0.0 0.0 0.0 0.0 0.0 0.0
94 31 2 2.1149789999999484 0.6047631999999794 0.0 2.719742199999928 3.604514500000164 4.076514300000099 2.0524827500000242 690.453125 681.6171875 34 34 1.0 34 18 18 False 0 0 False 1.8888888888888888 1.8888888888888888 2.2462750575089703 2.2462750575089703 1.1892044422106314 1.1892044422106314 1.0 1.0 1.0 1.0 1.0 1.0 1.75 1.75 10.0 10.0 0 0.0 0 0.0 7.430057961878388 0.0 4.618802153517006 6 2 3.0 0.0 0.0 3.0 3.0 3.0 3.0 3.0 17.0 11.313708498984761 0.6655122646461624 9.0 13.0 17.0 21.0 25.0 2 9.0 0.0 0.0 9.0 9.0 9.0 9.0 9.0 17.0 17.0 11.313708498984761 11.313708498984761 0.6655122646461624 0.0 9.0 0.0 13.0 0.0 17.0 0.0 21.0 0.0 25.0 0.0
95 31 1 5.428451800000289 1.550707799999941 0.0 6.97915960000023 5.66666379999981 11.055673900000329 1.415606987500027 688.37890625 680.7265625 62 62 1.0 0 34 34 False 0 0 False 1.8235294117647058 1.8235294117647058 1.5069654082071615 1.5069654082071615 0.8264003851458628 0.8264003851458628 1.0 1.0 1.0 1.0 1.0 1.0 2.0 2.0 8.0 8.0 0 0.0 0 0.0 2.335227440150495 4.133198922545748 6.962199524735141 0 0 0.0 0.0 0.0 0.0 0.0 0.0 0.0 0.0 0.0 0.0 0.0 0.0 0.0 0.0 0.0 0.0 8 4.25 2.187627547301936 0.5147358934828086 2.0 2.0 4.5 6.0 7.0 7.75 7.75 4.464142854857069 4.464142854857069 0.5760184328847832 0.0 2.0 0.0 3.0 0.0 9.5 0.0 10.25 0.0 14.0 0.0
96 32 3 0.9978936000004524 0.3395324000002802 0.0 1.3374260000007325 1.3374260000007325 1.3374260000007325 1.3374260000007325 677.0078125 669.28125 18 18 1.0 18 1 0 False 0 0 False 1.0 1.0 0.0 0.0 0.0 0.0 0.0 0.0 0.0 0.0 0.0 0.0 0.0 0.0 0.0 0.0 0 0.0 0 0.0 0.0 0.0 0.0 1 1 1.0 0.0 0.0 1.0 1.0 1.0 1.0 1.0 18.0 0.0 0.0 18.0 18.0 18.0 18.0 18.0 1 1.0 0.0 0.0 0.0 0.0 0.0 0.0 0.0 1.0 1.0 0.0 0.0 0.0 0.0 0.0 0.0 0.0 0.0 0.0 0.0 0.0 0.0 0.0 0.0
97 32 2 2.1170386000001145 0.6510849999999664 0.0 2.768123600000081 3.6396838000006255 4.105549600000813 2.066861250000386 700.265625 692.20703125 34 34 1.0 34 18 18 False 0 0 False 1.8888888888888888 1.8888888888888888 2.27231131071657 2.27231131071657 1.2029883409675959 1.2029883409675959 1.0 1.0 1.0 1.0 1.0 1.0 1.0 1.0 10.0 10.0 0 0.0 0 0.0 7.654714247165685 0.0 4.618802153517006 6 2 3.0 0.0 0.0 3.0 3.0 3.0 3.0 3.0 17.0 11.313708498984761 0.6655122646461624 9.0 13.0 17.0 21.0 25.0 2 9.0 0.0 0.0 9.0 9.0 9.0 9.0 9.0 17.0 17.0 11.313708498984761 11.313708498984761 0.6655122646461624 0.0 9.0 0.0 13.0 0.0 17.0 0.0 21.0 0.0 25.0 0.0
98 32 1 5.864574400000151 1.1391656999999213 0.0 7.003740100000073 5.185245000000577 11.109289700000886 1.4219054875001262 703.765625 696.3203125 66 66 1.0 0 34 34 False 0 0 False 1.9411764705882353 1.9411764705882353 1.704560308907349 1.704560308907349 0.8781068258007556 0.8781068258007556 1.0 1.0 1.0 1.0 1.0 1.0 2.0 2.0 8.0 8.0 0 0.0 0 0.0 2.462521845756998 4.133198922545748 7.6394444242438935 0 0 0.0 0.0 0.0 0.0 0.0 0.0 0.0 0.0 0.0 0.0 0.0 0.0 0.0 0.0 0.0 0.0 8 4.25 2.187627547301936 0.5147358934828086 2.0 2.0 4.5 6.0 7.0 8.25 8.25 5.284748946598261 5.284748946598261 0.6405756298906983 0.0 2.0 0.0 3.0 0.0 8.5 0.0 11.75 0.0 16.0 0.0
99 33 3 1.0030388999999786 0.4177336000000196 0.0 1.4207724999999982 1.4207724999999982 1.4207724999999982 1.4207724999999982 695.76953125 686.828125 18 18 1.0 18 1 0 False 0 0 False 1.0 1.0 0.0 0.0 0.0 0.0 0.0 0.0 0.0 0.0 0.0 0.0 0.0 0.0 0.0 0.0 0 0.0 0 0.0 0.0 0.0 0.0 1 1 1.0 0.0 0.0 1.0 1.0 1.0 1.0 1.0 18.0 0.0 0.0 18.0 18.0 18.0 18.0 18.0 1 1.0 0.0 0.0 0.0 0.0 0.0 0.0 0.0 1.0 1.0 0.0 0.0 0.0 0.0 0.0 0.0 0.0 0.0 0.0 0.0 0.0 0.0 0.0 0.0
100 33 2 2.0967177999997375 0.5730014000001802 0.0 2.6697191999999177 3.538105299999984 4.090491699999916 2.059413749999919 714.015625 706.140625 34 34 1.0 34 18 18 False 0 0 False 1.8888888888888888 1.8888888888888888 2.138963159732493 2.138963159732493 1.1323922610348491 1.1323922610348491 1.0 1.0 1.0 1.0 1.0 1.0 2.0 2.0 10.0 10.0 0 0.0 0 0.0 7.0243550441309734 0.0 4.041451884327381 6 2 3.0 0.0 0.0 3.0 3.0 3.0 3.0 3.0 17.0 9.899494936611665 0.5823232315653921 10.0 13.5 17.0 20.5 24.0 2 9.0 0.0 0.0 9.0 9.0 9.0 9.0 9.0 17.0 17.0 9.899494936611665 9.899494936611665 0.5823232315653921 0.0 10.0 0.0 13.5 0.0 17.0 0.0 20.5 0.0 24.0 0.0
101 33 1 4.915084100000058 1.008042000000387 0.0 5.923126100000445 5.076294500000358 10.013617800000361 1.284968312500041 716.01953125 708.203125 57 57 1.0 0 34 34 False 0 0 False 1.6764705882352942 1.6764705882352942 1.2485285456935955 1.2485285456935955 0.7447363255014429 0.7447363255014429 1.0 1.0 1.0 1.0 1.0 1.0 2.0 2.0 6.0 6.0 0 0.0 0 0.0 3.363309562183157 3.685557397915997 8.898735865278843 0 0 0.0 0.0 0.0 0.0 0.0 0.0 0.0 0.0 0.0 0.0 0.0 0.0 0.0 0.0 0.0 0.0 8 4.25 1.9086270308410553 0.44908871313907184 2.0 2.75 4.5 6.0 6.0 7.125 7.125 5.221863378417434 5.221863378417434 0.7328931057427978 0.0 2.0 0.0 3.75 0.0 5.0 0.0 9.5 0.0 16.0 0.0
102 34 3 0.9961287999999513 0.36641450000001896 0.0 1.3625432999999703 1.3625432999999703 1.3625432999999703 1.3625432999999703 705.59375 696.4296875 18 18 1.0 18 1 0 False 0 0 False 1.0 1.0 0.0 0.0 0.0 0.0 0.0 0.0 0.0 0.0 0.0 0.0 0.0 0.0 0.0 0.0 0 0.0 0 0.0 0.0 0.0 0.0 1 1 1.0 0.0 0.0 1.0 1.0 1.0 1.0 1.0 18.0 0.0 0.0 18.0 18.0 18.0 18.0 18.0 1 1.0 0.0 0.0 0.0 0.0 0.0 0.0 0.0 1.0 1.0 0.0 0.0 0.0 0.0 0.0 0.0 0.0 0.0 0.0 0.0 0.0 0.0 0.0 0.0
103 34 2 2.150376499999993 0.8324390000001358 0.0 2.982815500000129 3.8790442000001804 4.345358800000099 2.1869129000000385 724.828125 716.21875 34 34 1.0 34 18 18 False 0 0 False 1.8888888888888888 1.8888888888888888 2.27231131071657 2.27231131071657 1.2029883409675959 1.2029883409675959 1.0 1.0 1.0 1.0 1.0 1.0 1.0 1.0 10.0 10.0 0 0.0 0 0.0 7.654714247165685 0.0 4.618802153517006 6 2 3.0 0.0 0.0 3.0 3.0 3.0 3.0 3.0 17.0 11.313708498984761 0.6655122646461624 9.0 13.0 17.0 21.0 25.0 2 9.0 0.0 0.0 9.0 9.0 9.0 9.0 9.0 17.0 17.0 11.313708498984761 11.313708498984761 0.6655122646461624 0.0 9.0 0.0 13.0 0.0 17.0 0.0 21.0 0.0 25.0 0.0
104 34 1 6.68674819999967 1.583076800000299 0.0 8.269824999999969 5.446207900000218 12.615183800000068 1.6101849874999772 730.66015625 722.22265625 73 73 1.0 0 34 34 False 0 0 False 2.1470588235294117 2.1470588235294117 1.844440507122343 1.844440507122343 0.8590544827693105 0.8590544827693105 1.0 1.0 1.0 1.0 1.0 1.0 2.75 2.75 7.0 7.0 0 0.0 0 0.0 4.818729677969346 4.133198922545748 6.380852433474526 0 0 0.0 0.0 0.0 0.0 0.0 0.0 0.0 0.0 0.0 0.0 0.0 0.0 0.0 0.0 0.0 0.0 8 4.25 2.187627547301936 0.5147358934828086 2.0 2.0 4.5 6.0 7.0 9.125 9.125 6.2891630149465385 6.2891630149465385 0.6892233441037302 0.0 2.0 0.0 3.0 0.0 8.5 0.0 14.5 0.0 18.0 0.0
105 35 3 1.0042431000003944 0.3629351999998107 0.0 1.3671783000002051 1.3671783000002051 1.3671783000002051 1.3671783000002051 718.99609375 710.16796875 18 18 1.0 18 1 0 False 0 0 False 1.0 1.0 0.0 0.0 0.0 0.0 0.0 0.0 0.0 0.0 0.0 0.0 0.0 0.0 0.0 0.0 0 0.0 0 0.0 0.0 0.0 0.0 1 1 1.0 0.0 0.0 1.0 1.0 1.0 1.0 1.0 18.0 0.0 0.0 18.0 18.0 18.0 18.0 18.0 1 1.0 0.0 0.0 0.0 0.0 0.0 0.0 0.0 1.0 1.0 0.0 0.0 0.0 0.0 0.0 0.0 0.0 0.0 0.0 0.0 0.0 0.0 0.0 0.0
106 35 2 2.142711599999984 0.6670215000000326 0.0 2.8097331000000167 3.706212200000209 4.176911400000222 2.1027067500000953 738.203125 729.69921875 34 34 1.0 34 18 18 False 0 0 False 1.8888888888888888 1.8888888888888888 2.27231131071657 2.27231131071657 1.2029883409675959 1.2029883409675959 1.0 1.0 1.0 1.0 1.0 1.0 1.0 1.0 10.0 10.0 0 0.0 0 0.0 7.654714247165685 0.0 4.618802153517006 6 2 3.0 0.0 0.0 3.0 3.0 3.0 3.0 3.0 17.0 11.313708498984761 0.6655122646461624 9.0 13.0 17.0 21.0 25.0 2 9.0 0.0 0.0 9.0 9.0 9.0 9.0 9.0 17.0 17.0 11.313708498984761 11.313708498984761 0.6655122646461624 0.0 9.0 0.0 13.0 0.0 17.0 0.0 21.0 0.0 25.0 0.0
107 35 1 5.192261199999962 1.010612100000003 0.0 6.202873299999965 5.269104300000322 10.379784700000187 1.3311666875000583 737.2734375 730.83984375 60 60 1.0 0 34 34 False 0 0 False 1.7647058823529411 1.7647058823529411 1.5187479598073192 1.5187479598073192 0.8606238438908143 0.8606238438908143 1.0 1.0 1.0 1.0 1.0 1.0 2.0 2.0 8.0 8.0 0 0.0 0 0.0 2.3507342591397737 4.133198922545748 6.306962642808167 0 0 0.0 0.0 0.0 0.0 0.0 0.0 0.0 0.0 0.0 0.0 0.0 0.0 0.0 0.0 0.0 0.0 8 4.25 2.187627547301936 0.5147358934828086 2.0 2.0 4.5 6.0 7.0 7.5 7.5 4.375255094603872 4.375255094603872 0.583367345947183 0.0 2.0 0.0 3.0 0.0 8.5 0.0 10.25 0.0 14.0 0.0
108 36 3 0.9955044999995835 0.35472020000020166 0.0 1.3502246999997851 1.3502246999997851 1.3502246999997851 1.3502246999997851 730.26171875 721.1875 18 18 1.0 18 1 0 False 0 0 False 1.0 1.0 0.0 0.0 0.0 0.0 0.0 0.0 0.0 0.0 0.0 0.0 0.0 0.0 0.0 0.0 0 0.0 0 0.0 0.0 0.0 0.0 1 1 1.0 0.0 0.0 1.0 1.0 1.0 1.0 1.0 18.0 0.0 0.0 18.0 18.0 18.0 18.0 18.0 1 1.0 0.0 0.0 0.0 0.0 0.0 0.0 0.0 1.0 1.0 0.0 0.0 0.0 0.0 0.0 0.0 0.0 0.0 0.0 0.0 0.0 0.0 0.0 0.0
109 36 2 2.1222799000000805 1.164463599999749 0.0 3.2867434999998295 3.603159999999775 4.636968199999615 2.3328417499997727 749.421875 740.94140625 34 34 1.0 34 18 18 False 0 0 False 1.8888888888888888 1.8888888888888888 2.27231131071657 2.27231131071657 1.2029883409675959 1.2029883409675959 1.0 1.0 1.0 1.0 1.0 1.0 1.0 1.0 10.0 10.0 0 0.0 0 0.0 7.654714247165685 0.0 4.618802153517006 6 2 3.0 0.0 0.0 3.0 3.0 3.0 3.0 3.0 17.0 11.313708498984761 0.6655122646461624 9.0 13.0 17.0 21.0 25.0 2 9.0 0.0 0.0 9.0 9.0 9.0 9.0 9.0 17.0 17.0 11.313708498984761 11.313708498984761 0.6655122646461624 0.0 9.0 0.0 13.0 0.0 17.0 0.0 21.0 0.0 25.0 0.0
110 36 1 7.267181199999868 4.845917999999983 0.0 12.113099199999851 5.151405100000034 16.750067399999466 2.127311849999927 763.30859375 756.96875 77 77 1.0 0 34 34 False 0 0 False 2.264705882352941 2.264705882352941 2.733726766172062 2.733726766172062 1.207100130517534 1.207100130517534 1.0 1.0 1.0 1.0 1.0 1.0 2.0 2.0 13.0 13.0 0 0.0 0 0.0 7.84586043411155 4.133198922545748 6.493051841947839 0 0 0.0 0.0 0.0 0.0 0.0 0.0 0.0 0.0 0.0 0.0 0.0 0.0 0.0 0.0 0.0 0.0 8 4.25 2.187627547301936 0.5147358934828086 2.0 2.0 4.5 6.0 7.0 9.625 9.625 7.799954212319821 7.799954212319821 0.8103848532280333 0.0 2.0 0.0 3.0 0.0 7.5 0.0 14.5 0.0 24.0 0.0
111 37 3 1.0070732000001499 0.3428800000000365 0.0 1.3499532000001864 1.3499532000001864 1.3499532000001864 1.3499532000001864 745.31640625 736.3203125 18 18 1.0 18 1 0 False 0 0 False 1.0 1.0 0.0 0.0 0.0 0.0 0.0 0.0 0.0 0.0 0.0 0.0 0.0 0.0 0.0 0.0 0 0.0 0 0.0 0.0 0.0 0.0 1 1 1.0 0.0 0.0 1.0 1.0 1.0 1.0 1.0 18.0 0.0 0.0 18.0 18.0 18.0 18.0 18.0 1 1.0 0.0 0.0 0.0 0.0 0.0 0.0 0.0 1.0 1.0 0.0 0.0 0.0 0.0 0.0 0.0 0.0 0.0 0.0 0.0 0.0 0.0 0.0 0.0
112 37 2 2.120241400000282 0.6481248000001187 0.0 2.7683662000004006 3.646101800000565 4.118319400000587 2.0734161000002587 764.453125 755.796875 34 34 1.0 34 18 18 False 0 0 False 1.8888888888888888 1.8888888888888888 2.193275522213265 2.193275522213265 1.1611458647011403 1.1611458647011403 1.0 1.0 1.0 1.0 1.0 1.0 1.75 1.75 10.0 10.0 0 0.0 0 0.0 7.27473784404555 0.0 4.618802153517006 6 2 3.0 0.0 0.0 3.0 3.0 3.0 3.0 3.0 17.0 11.313708498984761 0.6655122646461624 9.0 13.0 17.0 21.0 25.0 2 9.0 0.0 0.0 9.0 9.0 9.0 9.0 9.0 17.0 17.0 11.313708498984761 11.313708498984761 0.6655122646461624 0.0 9.0 0.0 13.0 0.0 17.0 0.0 21.0 0.0 25.0 0.0
113 37 1 5.143932499999778 1.0882598999996844 0.0 6.232192399999462 5.186231700000235 10.35051180000005 1.3271304999999955 766.59375 758.09765625 59 59 1.0 0 34 34 False 0 0 False 1.7352941176470589 1.7352941176470589 1.377499348939224 1.377499348939224 0.793813184134468 0.793813184134468 1.0 1.0 1.0 1.0 1.0 1.0 2.0 2.0 7.0 7.0 0 0.0 0 0.0 4.046069047913595 4.133198922545748 9.991315673568165 0 0 0.0 0.0 0.0 0.0 0.0 0.0 0.0 0.0 0.0 0.0 0.0 0.0 0.0 0.0 0.0 0.0 8 4.25 2.187627547301936 0.5147358934828086 2.0 2.0 4.5 6.0 7.0 7.375 7.375 5.343554194407635 5.343554194407635 0.7245497212756116 0.0 2.0 0.0 3.0 0.0 6.0 0.0 10.25 0.0 16.0 0.0
114 38 3 0.9957863000000771 0.37727959999972427 0.0 1.3730658999998013 1.3730658999998013 1.3730658999998013 1.3730658999998013 754.453125 745.23828125 18 18 1.0 18 1 0 False 0 0 False 1.0 1.0 0.0 0.0 0.0 0.0 0.0 0.0 0.0 0.0 0.0 0.0 0.0 0.0 0.0 0.0 0 0.0 0 0.0 0.0 0.0 0.0 1 1 1.0 0.0 0.0 1.0 1.0 1.0 1.0 1.0 18.0 0.0 0.0 18.0 18.0 18.0 18.0 18.0 1 1.0 0.0 0.0 0.0 0.0 0.0 0.0 0.0 1.0 1.0 0.0 0.0 0.0 0.0 0.0 0.0 0.0 0.0 0.0 0.0 0.0 0.0 0.0 0.0
115 38 2 2.1428803000000016 0.5964907999999696 0.0 2.739371099999971 3.560359099999573 4.1124369999997725 2.070286999999894 772.83203125 764.5546875 34 34 1.0 34 18 18 False 0 0 False 1.8888888888888888 1.8888888888888888 2.2462750575089703 2.2462750575089703 1.1892044422106314 1.1892044422106314 1.0 1.0 1.0 1.0 1.0 1.0 1.75 1.75 10.0 10.0 0 0.0 0 0.0 7.31028927048082 0.0 4.041451884327381 6 2 3.0 0.0 0.0 3.0 3.0 3.0 3.0 3.0 17.0 9.899494936611665 0.5823232315653921 10.0 13.5 17.0 20.5 24.0 2 9.0 0.0 0.0 9.0 9.0 9.0 9.0 9.0 17.0 17.0 9.899494936611665 9.899494936611665 0.5823232315653921 0.0 10.0 0.0 13.5 0.0 17.0 0.0 20.5 0.0 24.0 0.0
116 38 1 6.480203199999551 1.4830300999999508 0.0 7.9632332999995015 5.125721999999428 12.075670299999274 1.5428139624999204 776.95703125 769.81640625 71 71 1.0 0 34 34 False 0 0 False 2.088235294117647 2.088235294117647 2.1653979557105356 2.1653979557105356 1.0369511337205382 1.0369511337205382 1.0 1.0 1.0 1.0 1.0 1.0 2.0 2.0 10.0 10.0 0 0.0 0 0.0 5.04173756229525 3.685557397915997 5.770494875754689 0 0 0.0 0.0 0.0 0.0 0.0 0.0 0.0 0.0 0.0 0.0 0.0 0.0 0.0 0.0 0.0 0.0 8 4.25 1.9086270308410553 0.44908871313907184 2.0 2.75 4.5 6.0 6.0 8.875 8.875 6.266407036161723 6.266407036161723 0.7060740322435743 0.0 2.0 0.0 3.75 0.0 7.0 0.0 14.5 0.0 18.0 0.0
117 39 3 1.0071922000000768 0.3700370999998768 0.0 1.3772292999999536 1.3772292999999536 1.3772292999999536 1.3772292999999536 765.60546875 757.515625 18 18 1.0 18 1 0 False 0 0 False 1.0 1.0 0.0 0.0 0.0 0.0 0.0 0.0 0.0 0.0 0.0 0.0 0.0 0.0 0.0 0.0 0 0.0 0 0.0 0.0 0.0 0.0 1 1 1.0 0.0 0.0 1.0 1.0 1.0 1.0 1.0 18.0 0.0 0.0 18.0 18.0 18.0 18.0 18.0 1 1.0 0.0 0.0 0.0 0.0 0.0 0.0 0.0 1.0 1.0 0.0 0.0 0.0 0.0 0.0 0.0 0.0 0.0 0.0 0.0 0.0 0.0 0.0 0.0
118 39 2 2.124072500000125 0.6648920999999746 0.0 2.7889646000000994 3.697507700000074 4.166193900000053 2.097102800000073 784.640625 777.234375 34 34 1.0 34 18 18 False 0 0 False 1.8888888888888888 1.8888888888888888 2.138963159732493 2.138963159732493 1.1323922610348491 1.1323922610348491 1.0 1.0 1.0 1.0 1.0 1.0 2.0 2.0 10.0 10.0 0 0.0 0 0.0 7.132491008304119 0.0 4.618802153517006 6 2 3.0 0.0 0.0 3.0 3.0 3.0 3.0 3.0 17.0 11.313708498984761 0.6655122646461624 9.0 13.0 17.0 21.0 25.0 2 9.0 0.0 0.0 9.0 9.0 9.0 9.0 9.0 17.0 17.0 11.313708498984761 11.313708498984761 0.6655122646461624 0.0 9.0 0.0 13.0 0.0 17.0 0.0 21.0 0.0 25.0 0.0
119 39 1 7.017744100000073 4.527858500000434 0.0 11.545602600000507 5.266224300000204 15.71179650000056 1.9973743500001007 801.51171875 796.58984375 75 75 1.0 0 34 34 True 0 0 False 2.2058823529411766 2.2058823529411766 2.2069813067657704 2.2069813067657704 1.0568642877469885 1.0568642877469885 1.0 1.0 1.0 1.0 1.0 1.0 2.0 2.0 12.0 12.0 0 0.0 0 0.0 8.12970651547039 4.133198922545748 6.769519103222096 0 0 0.0 0.0 0.0 0.0 0.0 0.0 0.0 0.0 0.0 0.0 0.0 0.0 0.0 0.0 0.0 0.0 8 4.25 2.187627547301936 0.5147358934828086 2.0 2.0 4.5 6.0 7.0 9.375 9.375 7.2886898685566255 7.2886898685566255 0.77746025264604 0.0 2.0 0.0 3.0 0.0 9.5 0.0 11.0 0.0 24.0 0.0
120 40 3 1.0067896999998993 0.3232073999995464 0.0 1.3299970999994457 1.3299970999994457 1.3299970999994457 1.3299970999994457 781.32421875 773.0078125 18 18 1.0 18 1 0 False 0 0 False 1.0 1.0 0.0 0.0 0.0 0.0 0.0 0.0 0.0 0.0 0.0 0.0 0.0 0.0 0.0 0.0 0 0.0 0 0.0 0.0 0.0 0.0 1 1 1.0 0.0 0.0 1.0 1.0 1.0 1.0 1.0 18.0 0.0 0.0 18.0 18.0 18.0 18.0 18.0 1 1.0 0.0 0.0 0.0 0.0 0.0 0.0 0.0 1.0 1.0 0.0 0.0 0.0 0.0 0.0 0.0 0.0 0.0 0.0 0.0 0.0 0.0 0.0 0.0
121 40 2 2.1159556999998586 0.6063487000000123 0.0 2.722304399999871 3.5834867999993776 4.0523014999993165 2.0404968999997095 800.84765625 793.14453125 34 34 1.0 34 18 18 False 0 0 False 1.8888888888888888 1.8888888888888888 2.166289559942608 2.166289559942608 1.1468591787931455 1.1468591787931455 1.0 1.0 1.0 1.0 1.0 1.0 1.75 1.75 10.0 10.0 0 0.0 0 0.0 7.366228130626149 0.0 4.618802153517006 6 2 3.0 0.0 0.0 3.0 3.0 3.0 3.0 3.0 17.0 11.313708498984761 0.6655122646461624 9.0 13.0 17.0 21.0 25.0 2 9.0 0.0 0.0 9.0 9.0 9.0 9.0 9.0 17.0 17.0 11.313708498984761 11.313708498984761 0.6655122646461624 0.0 9.0 0.0 13.0 0.0 17.0 0.0 21.0 0.0 25.0 0.0
122 40 1 5.414076899999827 1.674612800000432 0.0 7.088689700000259 5.147631799999431 11.140991199999576 1.4261070874999575 800.1171875 794.703125 62 62 1.0 0 34 34 False 0 0 False 1.8235294117647058 1.8235294117647058 1.4867207810906917 1.4867207810906917 0.8152984928561858 0.8152984928561858 1.0 1.0 1.0 1.0 1.0 1.0 2.0 2.0 8.0 8.0 0 0.0 0 0.0 2.2899660776260857 4.133198922545748 6.853628398317363 0 0 0.0 0.0 0.0 0.0 0.0 0.0 0.0 0.0 0.0 0.0 0.0 0.0 0.0 0.0 0.0 0.0 8 4.25 2.187627547301936 0.5147358934828086 2.0 2.0 4.5 6.0 7.0 7.75 7.75 4.464142854857069 4.464142854857069 0.5760184328847832 0.0 2.0 0.0 3.0 0.0 9.5 0.0 10.25 0.0 14.0 0.0
123 41 3 0.9964487999998255 0.39182049999988067 0.0 1.3882692999997062 1.3882692999997062 1.3882692999997062 1.3882692999997062 793.25390625 785.046875 18 18 1.0 18 1 0 False 0 0 False 1.0 1.0 0.0 0.0 0.0 0.0 0.0 0.0 0.0 0.0 0.0 0.0 0.0 0.0 0.0 0.0 0 0.0 0 0.0 0.0 0.0 0.0 1 1 1.0 0.0 0.0 1.0 1.0 1.0 1.0 1.0 18.0 0.0 0.0 18.0 18.0 18.0 18.0 18.0 1 1.0 0.0 0.0 0.0 0.0 0.0 0.0 0.0 1.0 1.0 0.0 0.0 0.0 0.0 0.0 0.0 0.0 0.0 0.0 0.0 0.0 0.0 0.0 0.0
124 41 2 2.124814900000274 0.6269259999997985 0.0 2.7517409000000725 3.6701784999997926 4.140010199999779 2.084348599999828 812.2109375 804.54296875 34 34 1.0 34 18 18 False 0 0 False 1.8888888888888888 1.8888888888888888 2.166289559942608 2.166289559942608 1.1468591787931455 1.1468591787931455 1.0 1.0 1.0 1.0 1.0 1.0 2.0 2.0 10.0 10.0 0 0.0 0 0.0 7.063352355790955 0.0 4.618802153517006 6 2 3.0 0.0 0.0 3.0 3.0 3.0 3.0 3.0 17.0 11.313708498984761 0.6655122646461624 9.0 13.0 17.0 21.0 25.0 2 9.0 0.0 0.0 9.0 9.0 9.0 9.0 9.0 17.0 17.0 11.313708498984761 11.313708498984761 0.6655122646461624 0.0 9.0 0.0 13.0 0.0 17.0 0.0 21.0 0.0 25.0 0.0
125 41 1 5.212181200000259 1.0190008999999236 0.0 6.231182100000183 5.24725090000004 10.371192299999962 1.3297646999999415 810.55078125 804.8046875 60 60 1.0 0 34 34 False 0 0 False 1.7647058823529411 1.7647058823529411 1.4576615463133797 1.4576615463133797 0.8260082095775819 0.8260082095775819 1.0 1.0 1.0 1.0 1.0 1.0 2.0 2.0 8.0 8.0 0 0.0 0 0.0 2.2564785622137205 4.133198922545748 6.306962642808167 0 0 0.0 0.0 0.0 0.0 0.0 0.0 0.0 0.0 0.0 0.0 0.0 0.0 0.0 0.0 0.0 0.0 8 4.25 2.187627547301936 0.5147358934828086 2.0 2.0 4.5 6.0 7.0 7.5 7.5 4.375255094603872 4.375255094603872 0.583367345947183 0.0 2.0 0.0 3.0 0.0 8.5 0.0 10.25 0.0 14.0 0.0
126 42 3 0.9936419000000569 0.31558959999995295 0.0 1.3092315000000099 1.3092315000000099 1.3092315000000099 1.3092315000000099 803.46484375 795.40234375 18 18 1.0 18 1 0 False 0 0 False 1.0 1.0 0.0 0.0 0.0 0.0 0.0 0.0 0.0 0.0 0.0 0.0 0.0 0.0 0.0 0.0 0 0.0 0 0.0 0.0 0.0 0.0 1 1 1.0 0.0 0.0 1.0 1.0 1.0 1.0 1.0 18.0 0.0 0.0 18.0 18.0 18.0 18.0 18.0 1 1.0 0.0 0.0 0.0 0.0 0.0 0.0 0.0 1.0 1.0 0.0 0.0 0.0 0.0 0.0 0.0 0.0 0.0 0.0 0.0 0.0 0.0 0.0 0.0
127 42 2 2.1223009000000275 0.7052589000001035 0.0 2.827559800000131 3.6663376000001335 4.136791300000141 2.0826401000000487 822.4140625 815.12109375 34 34 1.0 34 18 18 False 0 0 False 1.8888888888888888 1.8888888888888888 2.166289559942608 2.166289559942608 1.1468591787931455 1.1468591787931455 1.0 1.0 1.0 1.0 1.0 1.0 2.0 2.0 10.0 10.0 0 0.0 0 0.0 7.063352355790955 0.0 4.618802153517006 6 2 3.0 0.0 0.0 3.0 3.0 3.0 3.0 3.0 17.0 11.313708498984761 0.6655122646461624 9.0 13.0 17.0 21.0 25.0 2 9.0 0.0 0.0 9.0 9.0 9.0 9.0 9.0 17.0 17.0 11.313708498984761 11.313708498984761 0.6655122646461624 0.0 9.0 0.0 13.0 0.0 17.0 0.0 21.0 0.0 25.0 0.0
128 42 1 5.402334399999859 1.036302899999896 0.0 6.438637299999755 5.216955600000006 10.575428599999896 1.4370048749999995 821.75390625 816.48828125 62 62 1.0 0 34 34 False 0 0 False 1.8235294117647058 1.8235294117647058 1.4661966513127958 1.4661966513127958 0.8040433249134686 0.8040433249134686 1.0 1.0 1.0 1.0 1.0 1.0 2.0 2.0 8.0 8.0 0 0.0 0 0.0 2.2201499372665436 4.133198922545748 6.962199524735141 0 0 0.0 0.0 0.0 0.0 0.0 0.0 0.0 0.0 0.0 0.0 0.0 0.0 0.0 0.0 0.0 0.0 8 4.25 2.187627547301936 0.5147358934828086 2.0 2.0 4.5 6.0 7.0 7.75 7.75 4.464142854857069 4.464142854857069 0.5760184328847832 0.0 2.0 0.0 3.0 0.0 9.5 0.0 10.25 0.0 14.0 0.0
129 43 3 1.0052334999999175 0.39465930000017124 0.0 1.3998928000000888 1.3998928000000888 1.3998928000000888 1.3998928000000888 815.0078125 806.8359375 18 18 1.0 18 1 0 False 0 0 False 1.0 1.0 0.0 0.0 0.0 0.0 0.0 0.0 0.0 0.0 0.0 0.0 0.0 0.0 0.0 0.0 0 0.0 0 0.0 0.0 0.0 0.0 1 1 1.0 0.0 0.0 1.0 1.0 1.0 1.0 1.0 18.0 0.0 0.0 18.0 18.0 18.0 18.0 18.0 1 1.0 0.0 0.0 0.0 0.0 0.0 0.0 0.0 1.0 1.0 0.0 0.0 0.0 0.0 0.0 0.0 0.0 0.0 0.0 0.0 0.0 0.0 0.0 0.0
130 43 2 2.1337847999997166 0.6897810999997773 0.0 2.823565899999494 3.752317699999594 4.223458699999583 2.125926049999805 834.0234375 826.3671875 34 34 1.0 34 18 18 False 0 0 False 1.8888888888888888 1.8888888888888888 2.2462750575089703 2.2462750575089703 1.1892044422106314 1.1892044422106314 1.0 1.0 1.0 1.0 1.0 1.0 1.75 1.75 10.0 10.0 0 0.0 0 0.0 7.574051435264545 0.0 4.618802153517006 6 2 3.0 0.0 0.0 3.0 3.0 3.0 3.0 3.0 17.0 11.313708498984761 0.6655122646461624 9.0 13.0 17.0 21.0 25.0 2 9.0 0.0 0.0 9.0 9.0 9.0 9.0 9.0 17.0 17.0 11.313708498984761 11.313708498984761 0.6655122646461624 0.0 9.0 0.0 13.0 0.0 17.0 0.0 21.0 0.0 25.0 0.0
131 43 1 5.636734600000068 1.1482582999997248 0.0 6.784992899999793 5.301058199999716 11.008451599999376 1.409685699999912 829.79296875 823.8046875 64 64 1.0 0 34 34 False 0 0 False 1.8823529411764706 1.8823529411764706 1.7014201889999254 1.7014201889999254 0.9038794754062104 0.9038794754062104 1.0 1.0 1.0 1.0 1.0 1.0 2.0 2.0 8.0 8.0 0 0.0 0 0.0 2.28391395980202 4.133198922545748 7.007932013876213 0 0 0.0 0.0 0.0 0.0 0.0 0.0 0.0 0.0 0.0 0.0 0.0 0.0 0.0 0.0 0.0 0.0 8 4.25 2.187627547301936 0.5147358934828086 2.0 2.0 4.5 6.0 7.0 8.0 8.0 5.3452248382484875 5.3452248382484875 0.6681531047810609 0.0 2.0 0.0 3.0 0.0 7.5 0.0 11.75 0.0 16.0 0.0
132 44 3 0.9955632999995032 0.3812432000000854 0.0 1.3768064999995886 1.3768064999995886 1.3768064999995886 1.3768064999995886 825.51171875 818.3203125 18 18 1.0 18 1 0 False 0 0 False 1.0 1.0 0.0 0.0 0.0 0.0 0.0 0.0 0.0 0.0 0.0 0.0 0.0 0.0 0.0 0.0 0 0.0 0 0.0 0.0 0.0 0.0 1 1 1.0 0.0 0.0 1.0 1.0 1.0 1.0 1.0 18.0 0.0 0.0 18.0 18.0 18.0 18.0 18.0 1 1.0 0.0 0.0 0.0 0.0 0.0 0.0 0.0 1.0 1.0 0.0 0.0 0.0 0.0 0.0 0.0 0.0 0.0 0.0 0.0 0.0 0.0 0.0 0.0
133 44 2 2.1304545999998936 0.7984535999996751 0.0 2.9289081999995688 3.835659999999166 4.305714699999157 2.166916649999621 845.203125 838.2421875 34 34 1.0 34 18 18 False 0 0 False 1.8888888888888888 1.8888888888888888 2.193275522213265 2.193275522213265 1.1611458647011403 1.1611458647011403 1.0 1.0 1.0 1.0 1.0 1.0 1.75 1.75 10.0 10.0 0 0.0 0 0.0 7.299303760698448 0.0 4.618802153517006 6 2 3.0 0.0 0.0 3.0 3.0 3.0 3.0 3.0 17.0 11.313708498984761 0.6655122646461624 9.0 13.0 17.0 21.0 25.0 2 9.0 0.0 0.0 9.0 9.0 9.0 9.0 9.0 17.0 17.0 11.313708498984761 11.313708498984761 0.6655122646461624 0.0 9.0 0.0 13.0 0.0 17.0 0.0 21.0 0.0 25.0 0.0
134 44 1 6.809872299999938 4.347729700000286 0.0 11.157602000000225 5.4044315999992705 15.463316699999382 1.9662606499999526 861.79296875 856.44140625 73 73 1.0 0 34 34 False 0 0 False 2.1470588235294117 2.1470588235294117 2.559975768601898 2.559975768601898 1.1923174812666373 1.1923174812666373 1.0 1.0 1.0 1.0 1.0 1.0 2.0 2.0 12.0 12.0 0 0.0 0 0.0 8.513905783804617 4.133198922545748 6.497328510840266 0 0 0.0 0.0 0.0 0.0 0.0 0.0 0.0 0.0 0.0 0.0 0.0 0.0 0.0 0.0 0.0 0.0 8 4.25 2.187627547301936 0.5147358934828086 2.0 2.0 4.5 6.0 7.0 9.125 9.125 7.298483208369883 7.298483208369883 0.7998337762597132 0.0 2.0 0.0 3.0 0.0 8.5 0.0 11.0 0.0 24.0 0.0
135 45 3 1.0069146000000728 0.3692431999999144 0.0 1.3761577999999872 1.3761577999999872 1.3761577999999872 1.3761577999999872 842.03125 834.20703125 18 18 1.0 18 1 0 False 0 0 False 1.0 1.0 0.0 0.0 0.0 0.0 0.0 0.0 0.0 0.0 0.0 0.0 0.0 0.0 0.0 0.0 0 0.0 0 0.0 0.0 0.0 0.0 1 1 1.0 0.0 0.0 1.0 1.0 1.0 1.0 1.0 18.0 0.0 0.0 18.0 18.0 18.0 18.0 18.0 1 1.0 0.0 0.0 0.0 0.0 0.0 0.0 0.0 1.0 1.0 0.0 0.0 0.0 0.0 0.0 0.0 0.0 0.0 0.0 0.0 0.0 0.0 0.0 0.0
136 45 2 2.1192945999999893 0.6822524000000385 0.0 2.8015470000000278 3.707474199999865 4.177704800000015 2.1034528000000705 860.3203125 853.015625 34 34 1.0 34 18 18 False 0 0 False 1.8888888888888888 1.8888888888888888 2.27231131071657 2.27231131071657 1.2029883409675959 1.2029883409675959 1.0 1.0 1.0 1.0 1.0 1.0 1.0 1.0 10.0 10.0 0 0.0 0 0.0 7.654714247165685 0.0 4.618802153517006 6 2 3.0 0.0 0.0 3.0 3.0 3.0 3.0 3.0 17.0 11.313708498984761 0.6655122646461624 9.0 13.0 17.0 21.0 25.0 2 9.0 0.0 0.0 9.0 9.0 9.0 9.0 9.0 17.0 17.0 11.313708498984761 11.313708498984761 0.6655122646461624 0.0 9.0 0.0 13.0 0.0 17.0 0.0 21.0 0.0 25.0 0.0
137 45 1 5.2028528999994705 1.0158018000001903 0.0 6.218654699999661 5.275539199999685 10.396359499999676 1.3330105749999603 857.77734375 852.61328125 60 60 1.0 0 34 34 False 0 0 False 1.7647058823529411 1.7647058823529411 1.4986625053069267 1.4986625053069267 0.8492420863405918 0.8492420863405918 1.0 1.0 1.0 1.0 1.0 1.0 2.0 2.0 8.0 8.0 0 0.0 0 0.0 2.3962918296551377 4.133198922545748 6.200358412579424 0 0 0.0 0.0 0.0 0.0 0.0 0.0 0.0 0.0 0.0 0.0 0.0 0.0 0.0 0.0 0.0 0.0 8 4.25 2.187627547301936 0.5147358934828086 2.0 2.0 4.5 6.0 7.0 7.5 7.5 4.375255094603872 4.375255094603872 0.583367345947183 0.0 2.0 0.0 3.0 0.0 8.5 0.0 10.25 0.0 14.0 0.0
138 46 3 0.9969495000002553 0.3688576000000694 0.0 1.3658071000003247 1.3658071000003247 1.3658071000003247 1.3658071000003247 851.27734375 843.20703125 18 18 1.0 18 1 0 False 0 0 False 1.0 1.0 0.0 0.0 0.0 0.0 0.0 0.0 0.0 0.0 0.0 0.0 0.0 0.0 0.0 0.0 0 0.0 0 0.0 0.0 0.0 0.0 1 1 1.0 0.0 0.0 1.0 1.0 1.0 1.0 1.0 18.0 0.0 0.0 18.0 18.0 18.0 18.0 18.0 1 1.0 0.0 0.0 0.0 0.0 0.0 0.0 0.0 1.0 1.0 0.0 0.0 0.0 0.0 0.0 0.0 0.0 0.0 0.0 0.0 0.0 0.0 0.0 0.0
139 46 2 2.117249800000195 0.657577999999944 0.0 2.774827800000139 3.5920068000003766 4.140634900000464 2.084562350000226 869.33984375 862.5 34 34 1.0 34 18 18 False 0 0 False 1.8888888888888888 1.8888888888888888 2.2462750575089703 2.2462750575089703 1.1892044422106314 1.1892044422106314 1.0 1.0 1.0 1.0 1.0 1.0 1.75 1.75 10.0 10.0 0 0.0 0 0.0 7.31028927048082 0.0 4.041451884327381 6 2 3.0 0.0 0.0 3.0 3.0 3.0 3.0 3.0 17.0 9.899494936611665 0.5823232315653921 10.0 13.5 17.0 20.5 24.0 2 9.0 0.0 0.0 9.0 9.0 9.0 9.0 9.0 17.0 17.0 9.899494936611665 9.899494936611665 0.5823232315653921 0.0 10.0 0.0 13.5 0.0 17.0 0.0 20.5 0.0 24.0 0.0
140 46 1 4.6881691999999475 0.9302343000000519 0.0 5.618403499999999 5.160084700000539 9.759038400000463 1.2532398000000597 867.92578125 861.9609375 55 55 1.0 0 34 34 False 0 0 False 1.6176470588235294 1.6176470588235294 0.985184366143778 0.985184366143778 0.6090230627070627 0.6090230627070627 1.0 1.0 1.0 1.0 1.0 1.0 2.0 2.0 6.0 6.0 0 0.0 0 0.0 3.0943217333721735 3.685557397915997 8.685476383020104 0 0 0.0 0.0 0.0 0.0 0.0 0.0 0.0 0.0 0.0 0.0 0.0 0.0 0.0 0.0 0.0 0.0 8 4.25 1.9086270308410553 0.44908871313907184 2.0 2.75 4.5 6.0 6.0 6.875 6.875 4.257346591481601 4.257346591481601 0.6192504133064146 0.0 2.0 0.0 3.75 0.0 6.0 0.0 10.0 0.0 14.0 0.0
141 47 3 1.0051797999997234 0.45508090000032553 0.0 1.460260700000049 1.460260700000049 1.460260700000049 1.460260700000049 861.82421875 853.73046875 18 18 1.0 18 1 0 False 0 0 False 1.0 1.0 0.0 0.0 0.0 0.0 0.0 0.0 0.0 0.0 0.0 0.0 0.0 0.0 0.0 0.0 0 0.0 0 0.0 0.0 0.0 0.0 1 1 1.0 0.0 0.0 1.0 1.0 1.0 1.0 1.0 18.0 0.0 0.0 18.0 18.0 18.0 18.0 18.0 1 1.0 0.0 0.0 0.0 0.0 0.0 0.0 0.0 1.0 1.0 0.0 0.0 0.0 0.0 0.0 0.0 0.0 0.0 0.0 0.0 0.0 0.0 0.0 0.0
142 47 2 2.138631399999781 0.7759465000000318 0.0 2.914577899999813 3.9044037999999546 4.374838599999862 2.2015415999999277 881.37109375 873.9609375 34 34 1.0 34 18 18 False 0 0 False 1.8888888888888888 1.8888888888888888 2.27231131071657 2.27231131071657 1.2029883409675959 1.2029883409675959 1.0 1.0 1.0 1.0 1.0 1.0 1.0 1.0 10.0 10.0 0 0.0 0 0.0 7.654714247165685 0.0 4.618802153517006 6 2 3.0 0.0 0.0 3.0 3.0 3.0 3.0 3.0 17.0 11.313708498984761 0.6655122646461624 9.0 13.0 17.0 21.0 25.0 2 9.0 0.0 0.0 9.0 9.0 9.0 9.0 9.0 17.0 17.0 11.313708498984761 11.313708498984761 0.6655122646461624 0.0 9.0 0.0 13.0 0.0 17.0 0.0 21.0 0.0 25.0 0.0
143 47 1 5.197356899999932 1.7334178000002112 0.0 6.930774700000143 5.446380499999918 11.305613300000005 1.4464173625000143 880.7265625 875.69140625 60 60 1.0 0 34 34 False 0 0 False 1.7647058823529411 1.7647058823529411 1.4986625053069267 1.4986625053069267 0.8492420863405918 0.8492420863405918 1.0 1.0 1.0 1.0 1.0 1.0 2.0 2.0 8.0 8.0 0 0.0 0 0.0 2.302022579923469 4.133198922545748 6.306962642808167 0 0 0.0 0.0 0.0 0.0 0.0 0.0 0.0 0.0 0.0 0.0 0.0 0.0 0.0 0.0 0.0 0.0 8 4.25 2.187627547301936 0.5147358934828086 2.0 2.0 4.5 6.0 7.0 7.5 7.5 4.375255094603872 4.375255094603872 0.583367345947183 0.0 2.0 0.0 3.0 0.0 8.5 0.0 10.25 0.0 14.0 0.0
144 48 3 0.9966176000002633 0.3249326999997493 0.0 1.3215503000000126 1.3215503000000126 1.3215503000000126 1.3215503000000126 873.875 866.0390625 18 18 1.0 18 1 0 False 0 0 False 1.0 1.0 0.0 0.0 0.0 0.0 0.0 0.0 0.0 0.0 0.0 0.0 0.0 0.0 0.0 0.0 0 0.0 0 0.0 0.0 0.0 0.0 1 1 1.0 0.0 0.0 1.0 1.0 1.0 1.0 1.0 18.0 0.0 0.0 18.0 18.0 18.0 18.0 18.0 1 1.0 0.0 0.0 0.0 0.0 0.0 0.0 0.0 1.0 1.0 0.0 0.0 0.0 0.0 0.0 0.0 0.0 0.0 0.0 0.0 0.0 0.0 0.0 0.0
145 48 2 2.1207303999999567 0.6408525999997892 0.0 2.761582999999746 3.612235399999804 4.0831332999997585 2.0559334999999237 893.1015625 885.79296875 34 34 1.0 34 18 18 False 0 0 False 1.8888888888888888 1.8888888888888888 2.2199334618774946 2.2199334618774946 1.175258891582203 1.175258891582203 1.0 1.0 1.0 1.0 1.0 1.0 1.0 1.0 10.0 10.0 0 0.0 0 0.0 7.504045548134512 0.0 4.618802153517006 6 2 3.0 0.0 0.0 3.0 3.0 3.0 3.0 3.0 17.0 11.313708498984761 0.6655122646461624 9.0 13.0 17.0 21.0 25.0 2 9.0 0.0 0.0 9.0 9.0 9.0 9.0 9.0 17.0 17.0 11.313708498984761 11.313708498984761 0.6655122646461624 0.0 9.0 0.0 13.0 0.0 17.0 0.0 21.0 0.0 25.0 0.0
146 48 1 6.010668699999883 1.3831873000000314 0.0 7.393855999999914 5.156216999999742 11.476989299999673 1.4679916999999563 897.74609375 890.62890625 67 67 1.0 0 34 34 False 0 0 False 1.9705882352941178 1.9705882352941178 1.9615283793225375 1.9615283793225375 0.9954024611487503 0.9954024611487503 1.0 1.0 1.0 1.0 1.0 1.0 2.0 2.0 11.0 11.0 0 0.0 0 0.0 5.517391502924168 4.133198922545748 5.55715254824307 0 0 0.0 0.0 0.0 0.0 0.0 0.0 0.0 0.0 0.0 0.0 0.0 0.0 0.0 0.0 0.0 0.0 8 4.25 2.187627547301936 0.5147358934828086 2.0 2.0 4.5 6.0 7.0 8.375 8.375 5.680480361981471 5.680480361981471 0.6782663118783846 0.0 2.0 0.0 3.0 0.0 8.5 0.0 11.0 0.0 18.0 0.0
147 49 3 1.0095547000000806 0.3174978000001829 0.0 1.3270525000002635 1.3270525000002635 1.3270525000002635 1.3270525000002635 886.11328125 878.328125 18 18 1.0 18 1 0 False 0 0 False 1.0 1.0 0.0 0.0 0.0 0.0 0.0 0.0 0.0 0.0 0.0 0.0 0.0 0.0 0.0 0.0 0 0.0 0 0.0 0.0 0.0 0.0 1 1 1.0 0.0 0.0 1.0 1.0 1.0 1.0 1.0 18.0 0.0 0.0 18.0 18.0 18.0 18.0 18.0 1 1.0 0.0 0.0 0.0 0.0 0.0 0.0 0.0 1.0 1.0 0.0 0.0 0.0 0.0 0.0 0.0 0.0 0.0 0.0 0.0 0.0 0.0 0.0 0.0
148 49 2 2.1333184000002348 0.6222688000001426 0.0 2.7555872000003774 3.611777900000561 4.082639700000641 2.0554711000002612 905.07421875 897.80078125 34 34 1.0 34 18 18 False 0 0 False 1.8888888888888888 1.8888888888888888 2.138963159732493 2.138963159732493 1.1323922610348491 1.1323922610348491 1.0 1.0 1.0 1.0 1.0 1.0 2.0 2.0 10.0 10.0 0 0.0 0 0.0 7.282370617504962 0.0 4.618802153517006 6 2 3.0 0.0 0.0 3.0 3.0 3.0 3.0 3.0 17.0 11.313708498984761 0.6655122646461624 9.0 13.0 17.0 21.0 25.0 2 9.0 0.0 0.0 9.0 9.0 9.0 9.0 9.0 17.0 17.0 11.313708498984761 11.313708498984761 0.6655122646461624 0.0 9.0 0.0 13.0 0.0 17.0 0.0 21.0 0.0 25.0 0.0
149 49 1 4.5144595999998955 1.6601602999996885 0.0 6.174619899999584 5.174031100000434 10.257259600000225 1.3156886000000299 905.046875 899.95703125 53 53 1.0 0 34 34 False 0 0 False 1.5588235294117647 1.5588235294117647 0.9595193389681276 0.9595193389681276 0.6155407080172894 0.6155407080172894 1.0 1.0 1.0 1.0 1.0 1.0 2.0 2.0 6.0 6.0 0 0.0 0 0.0 2.6003227108749485 4.133198922545748 8.514285381378496 0 0 0.0 0.0 0.0 0.0 0.0 0.0 0.0 0.0 0.0 0.0 0.0 0.0 0.0 0.0 0.0 0.0 8 4.25 2.187627547301936 0.5147358934828086 2.0 2.0 4.5 6.0 7.0 6.625 6.625 4.274091382136927 4.274091382136927 0.6451458690018003 0.0 2.0 0.0 3.0 0.0 6.0 0.0 9.25 0.0 14.0 0.0
