 RU AL GT ST OT TT LT CT WT RSS VMS LE AC CF PSG SIZE SGLITS_T HAS_TRAILING TOT_CHOICES PRE_CHOICES FGOALS_ORDER CP_EF_L CP_EF_A SP_ED_L SP_ED_A SP_EB_L SP_EB_A SP_MIN_L SP_MIN_A SP_LOWER_L SP_LOWER_A SP_MED_L SP_MED_A SP_UPPER_L SP_UPPER_A SP_MAX_L SP_MAX_A T_INTER_SP P_INTER_SP T_INTER_Q P_INTER_Q M_CHILD_SPREAD DIV_INDEX_SPREAD DIV_STEP_SPREAD DIVS_T DS_T DS_TD_MEAN DS_TD_STD DS_TD_CD DS_TD_MIN DS_TD_LOWER DS_TD_MED DS_TD_UPPER DS_TD_MAX DS_TS_MEAN DS_TS_STD DS_TS_CD DS_TS_MIN DS_TS_LOWER DS_TS_MED DS_TS_UPPER DS_TS_MAX PR_T PR_TS_MEAN PR_TS_STD PR_TS_CD PR_TS_MIN PR_TS_LOWER PR_TS_MED PR_TS_UPPER PR_TS_MAX PP_LE_MEAN PP_AC_MEAN PP_LE_STD PP_AC_STD PP_LE_CD PP_AC_CD PP_LE_MIN PP_AC_MIN PP_LE_LOWER PP_AC_LOWER PP_LE_MED PP_AC_MED PP_LE_UPPER PP_AC_UPPER PP_LE_MAX PP_AC_MAX
0 0 3 1.1339902999998799 0.7234052000000872 0.0 1.8573954999999671 1.8573954999999671 1.8573954999999671 1.8573954999999671 342.2109375 346.2421875 20 20 1.0 20 1 0 False 0 0 False 1.0 1.0 0.0 0.0 0.0 0.0 0.0 0.0 0.0 0.0 0.0 0.0 0.0 0.0 0.0 0.0 0 0.0 0 0.0 0.0 0.0 0.0 0 0 0.0 0.0 0.0 0.0 0.0 0.0 0.0 0.0 0.0 0.0 0.0 0.0 0.0 0.0 0.0 0.0 1 1.0 0.0 0.0 0.0 0.0 0.0 0.0 0.0 1.0 1.0 0.0 0.0 0.0 0.0 0.0 0.0 0.0 0.0 0.0 0.0 0.0 0.0 0.0 0.0
1 0 2 4.456428899999992 6.375000800000066 0.0 10.831429700000058 12.688825200000025 12.688825200000025 12.688825200000025 432.0 438.25 42 42 1.0 42 20 20 False 0 0 False 2.1 2.1 2.074912807299318 2.074912807299318 0.9880537177615799 0.9880537177615799 1.0 1.0 1.0 1.0 1.0 1.0 2.25 2.25 10.0 10.0 0 0.0 0 0.0 4.9734294003232815 0.0 0.0 0 0 0.0 0.0 0.0 0.0 0.0 0.0 0.0 0.0 0.0 0.0 0.0 0.0 0.0 0.0 0.0 0.0 1 20.0 0.0 0.0 20.0 20.0 20.0 20.0 20.0 42.0 42.0 0.0 0.0 0.0 0.0 42.0 0.0 42.0 0.0 42.0 0.0 42.0 0.0 42.0 0.0
2 0 1 12.9281163 28.56596269999983 0.0 41.49407899999983 54.182904199999854 54.182904199999854 54.182904199999854 545.73828125 556.52734375 71 71 1.0 0 42 42 False 0 0 False 1.6904761904761905 1.6904761904761905 0.9750070728472726 0.9750070728472726 0.5767647473181049 0.5767647473181049 1.0 1.0 1.0 1.0 1.0 1.0 2.0 2.0 6.0 6.0 0 0.0 0 0.0 2.794265129061493 0.0 0.0 0 0 0.0 0.0 0.0 0.0 0.0 0.0 0.0 0.0 0.0 0.0 0.0 0.0 0.0 0.0 0.0 0.0 1 42.0 0.0 0.0 42.0 42.0 42.0 42.0 42.0 71.0 71.0 0.0 0.0 0.0 0.0 71.0 0.0 71.0 0.0 71.0 0.0 71.0 0.0 71.0 0.0
3 1 3 1.1333960000000332 0.6864829999999813 0.0 1.8198790000000145 1.8198790000000145 1.8198790000000145 1.8198790000000145 355.87109375 357.3515625 20 20 1.0 20 1 0 False 0 0 False 1.0 1.0 0.0 0.0 0.0 0.0 0.0 0.0 0.0 0.0 0.0 0.0 0.0 0.0 0.0 0.0 0 0.0 0 0.0 0.0 0.0 0.0 0 0 0.0 0.0 0.0 0.0 0.0 0.0 0.0 0.0 0.0 0.0 0.0 0.0 0.0 0.0 0.0 0.0 1 1.0 0.0 0.0 0.0 0.0 0.0 0.0 0.0 1.0 1.0 0.0 0.0 0.0 0.0 0.0 0.0 0.0 0.0 0.0 0.0 0.0 0.0 0.0 0.0
4 1 2 4.788757200000049 8.398240499999872 0.0 13.186997699999921 15.006876699999935 15.006876699999935 15.006876699999935 444.41796875 447.625 44 44 1.0 44 20 20 False 0 0 False 2.2 2.2 2.0416711421361615 2.0416711421361615 0.9280323373346188 0.9280323373346188 1.0 1.0 1.0 1.0 2.0 2.0 2.25 2.25 10.0 10.0 0 0.0 0 0.0 5.4753995288015265 0.0 0.0 0 0 0.0 0.0 0.0 0.0 0.0 0.0 0.0 0.0 0.0 0.0 0.0 0.0 0.0 0.0 0.0 0.0 1 20.0 0.0 0.0 20.0 20.0 20.0 20.0 20.0 44.0 44.0 0.0 0.0 0.0 0.0 44.0 0.0 44.0 0.0 44.0 0.0 44.0 0.0 44.0 0.0
5 1 1 12.87032960000002 52.379846700000144 0.0 65.25017630000016 80.2570530000001 80.2570530000001 80.2570530000001 569.13671875 580.34765625 71 71 1.0 0 44 44 False 0 0 False 1.6136363636363635 1.6136363636363635 0.9933712646058416 0.9933712646058416 0.6156103611641836 0.6156103611641836 1.0 1.0 1.0 1.0 1.0 1.0 2.0 2.0 6.0 6.0 0 0.0 0 0.0 2.0997220398491088 0.0 0.0 0 0 0.0 0.0 0.0 0.0 0.0 0.0 0.0 0.0 0.0 0.0 0.0 0.0 0.0 0.0 0.0 0.0 1 44.0 0.0 0.0 44.0 44.0 44.0 44.0 44.0 71.0 71.0 0.0 0.0 0.0 0.0 71.0 0.0 71.0 0.0 71.0 0.0 71.0 0.0 71.0 0.0
6 2 3 1.1326456999998982 0.7544998999998711 0.0 1.8871455999997693 1.8871455999997693 1.8871455999997693 1.8871455999997693 457.8671875 451.640625 20 20 1.0 20 1 0 False 0 0 False 1.0 1.0 0.0 0.0 0.0 0.0 0.0 0.0 0.0 0.0 0.0 0.0 0.0 0.0 0.0 0.0 0 0.0 0 0.0 0.0 0.0 0.0 0 0 0.0 0.0 0.0 0.0 0.0 0.0 0.0 0.0 0.0 0.0 0.0 0.0 0.0 0.0 0.0 0.0 1 1.0 0.0 0.0 0.0 0.0 0.0 0.0 0.0 1.0 1.0 0.0 0.0 0.0 0.0 0.0 0.0 0.0 0.0 0.0 0.0 0.0 0.0 0.0 0.0
7 2 2 4.784647599999914 3.94216039999975 0.0 8.726807999999664 10.613953599999434 10.613953599999434 10.613953599999434 494.01171875 493.9609375 44 44 1.0 44 20 20 False 0 0 False 2.2 2.2 2.0925934551223877 2.0925934551223877 0.9511788432374488 0.9511788432374488 1.0 1.0 1.0 1.0 1.5 1.5 2.25 2.25 10.0 10.0 0 0.0 0 0.0 5.899999999999999 0.0 0.0 0 0 0.0 0.0 0.0 0.0 0.0 0.0 0.0 0.0 0.0 0.0 0.0 0.0 0.0 0.0 0.0 0.0 1 20.0 0.0 0.0 20.0 20.0 20.0 20.0 20.0 44.0 44.0 0.0 0.0 0.0 0.0 44.0 0.0 44.0 0.0 44.0 0.0 44.0 0.0 44.0 0.0
8 2 1 12.913094799999897 48.90824090000001 0.0 61.821335699999906 72.43528929999934 72.43528929999934 72.43528929999934 581.609375 593.140625 71 71 1.0 0 44 44 False 0 0 False 1.6136363636363635 1.6136363636363635 1.016512713767804 1.016512713767804 0.6299515409265265 0.6299515409265265 1.0 1.0 1.0 1.0 1.0 1.0 2.0 2.0 6.0 6.0 0 0.0 0 0.0 2.1514818072533526 0.0 0.0 0 0 0.0 0.0 0.0 0.0 0.0 0.0 0.0 0.0 0.0 0.0 0.0 0.0 0.0 0.0 0.0 0.0 1 44.0 0.0 0.0 44.0 44.0 44.0 44.0 44.0 71.0 71.0 0.0 0.0 0.0 0.0 71.0 0.0 71.0 0.0 71.0 0.0 71.0 0.0 71.0 0.0
9 3 3 1.137852000000123 0.7298647999999162 0.0 1.8677168000000393 1.8677168000000393 1.8677168000000393 1.8677168000000393 393.546875 393.40234375 20 20 1.0 20 1 0 False 0 0 False 1.0 1.0 0.0 0.0 0.0 0.0 0.0 0.0 0.0 0.0 0.0 0.0 0.0 0.0 0.0 0.0 0 0.0 0 0.0 0.0 0.0 0.0 0 0 0.0 0.0 0.0 0.0 0.0 0.0 0.0 0.0 0.0 0.0 0.0 0.0 0.0 0.0 0.0 0.0 1 1.0 0.0 0.0 0.0 0.0 0.0 0.0 0.0 1.0 1.0 0.0 0.0 0.0 0.0 0.0 0.0 0.0 0.0 0.0 0.0 0.0 0.0 0.0 0.0
10 3 2 4.477208699999949 2.88627270000012 0.0 7.363481400000069 9.231198200000108 9.231198200000108 9.231198200000108 478.3046875 483.88671875 42 42 1.0 42 20 20 False 0 0 False 2.1 2.1 2.074912807299318 2.074912807299318 0.9880537177615799 0.9880537177615799 1.0 1.0 1.0 1.0 1.0 1.0 2.25 2.25 10.0 10.0 0 0.0 0 0.0 7.701623205532712 0.0 0.0 0 0 0.0 0.0 0.0 0.0 0.0 0.0 0.0 0.0 0.0 0.0 0.0 0.0 0.0 0.0 0.0 0.0 1 20.0 0.0 0.0 20.0 20.0 20.0 20.0 20.0 42.0 42.0 0.0 0.0 0.0 0.0 42.0 0.0 42.0 0.0 42.0 0.0 42.0 0.0 42.0 0.0
11 3 1 12.268292400000178 39.166294499999935 0.0 51.43458690000011 60.66578510000022 60.66578510000022 60.66578510000022 597.421875 611.03515625 69 69 1.0 0 42 42 False 0 0 False 1.6428571428571428 1.6428571428571428 0.9581849857407257 0.9581849857407257 0.5832430347987027 0.5832430347987027 1.0 1.0 1.0 1.0 1.0 1.0 2.0 2.0 6.0 6.0 0 0.0 0 0.0 2.3319359275220304 0.0 0.0 0 0 0.0 0.0 0.0 0.0 0.0 0.0 0.0 0.0 0.0 0.0 0.0 0.0 0.0 0.0 0.0 0.0 1 42.0 0.0 0.0 42.0 42.0 42.0 42.0 42.0 69.0 69.0 0.0 0.0 0.0 0.0 69.0 0.0 69.0 0.0 69.0 0.0 69.0 0.0 69.0 0.0
12 4 3 1.1367451999998934 0.7311123999999722 0.0 1.8678575999998657 1.8678575999998657 1.8678575999998657 1.8678575999998657 494.59765625 488.19140625 20 20 1.0 20 1 0 False 0 0 False 1.0 1.0 0.0 0.0 0.0 0.0 0.0 0.0 0.0 0.0 0.0 0.0 0.0 0.0 0.0 0.0 0 0.0 0 0.0 0.0 0.0 0.0 0 0 0.0 0.0 0.0 0.0 0.0 0.0 0.0 0.0 0.0 0.0 0.0 0.0 0.0 0.0 0.0 0.0 1 1.0 0.0 0.0 0.0 0.0 0.0 0.0 0.0 1.0 1.0 0.0 0.0 0.0 0.0 0.0 0.0 0.0 0.0 0.0 0.0 0.0 0.0 0.0 0.0
13 4 2 4.766533699999854 19.399758899999938 0.0 24.166292599999792 26.034150199999658 26.034150199999658 26.034150199999658 531.203125 531.01171875 44 44 1.0 44 20 20 False 0 0 False 2.2 2.2 2.067289096988207 2.067289096988207 0.9396768622673667 0.9396768622673667 1.0 1.0 1.0 1.0 1.5 1.5 3.0 3.0 10.0 10.0 0 0.0 0 0.0 4.91121166312347 0.0 0.0 0 0 0.0 0.0 0.0 0.0 0.0 0.0 0.0 0.0 0.0 0.0 0.0 0.0 0.0 0.0 0.0 0.0 1 20.0 0.0 0.0 20.0 20.0 20.0 20.0 20.0 44.0 44.0 0.0 0.0 0.0 0.0 44.0 0.0 44.0 0.0 44.0 0.0 44.0 0.0 44.0 0.0
14 4 1 13.50938379999991 49.34519199999971 0.0 62.85457579999962 88.88872599999928 88.88872599999928 88.88872599999928 639.30859375 650.1171875 73 73 1.0 0 44 44 False 0 0 False 1.6590909090909092 1.6590909090909092 1.0330172969168459 1.0330172969168459 0.6226405625252222 0.6226405625252222 1.0 1.0 1.0 1.0 1.0 1.0 2.0 2.0 6.0 6.0 0 0.0 0 0.0 4.1082649511796205 0.0 0.0 0 0 0.0 0.0 0.0 0.0 0.0 0.0 0.0 0.0 0.0 0.0 0.0 0.0 0.0 0.0 0.0 0.0 1 44.0 0.0 0.0 44.0 44.0 44.0 44.0 44.0 73.0 73.0 0.0 0.0 0.0 0.0 73.0 0.0 73.0 0.0 73.0 0.0 73.0 0.0 73.0 0.0
15 5 3 1.1327958999999055 0.64538309999989 0.0 1.7781789999997955 1.7781789999997955 1.7781789999997955 1.7781789999997955 426.99609375 427.515625 20 20 1.0 20 1 0 False 0 0 False 1.0 1.0 0.0 0.0 0.0 0.0 0.0 0.0 0.0 0.0 0.0 0.0 0.0 0.0 0.0 0.0 0 0.0 0 0.0 0.0 0.0 0.0 0 0 0.0 0.0 0.0 0.0 0.0 0.0 0.0 0.0 0.0 0.0 0.0 0.0 0.0 0.0 0.0 0.0 1 1.0 0.0 0.0 0.0 0.0 0.0 0.0 0.0 1.0 1.0 0.0 0.0 0.0 0.0 0.0 0.0 0.0 0.0 0.0 0.0 0.0 0.0 0.0 0.0
16 5 2 4.764759200000185 8.863807000000406 0.0 13.628566200000591 15.406745200000387 15.406745200000387 15.406745200000387 527.58203125 534.43359375 44 44 1.0 44 20 20 False 0 0 False 2.2 2.2 2.015727634065883 2.015727634065883 0.9162398336663103 0.9162398336663103 1.0 1.0 1.0 1.0 2.0 2.0 3.0 3.0 10.0 10.0 0 0.0 0 0.0 5.871967302361277 0.0 0.0 0 0 0.0 0.0 0.0 0.0 0.0 0.0 0.0 0.0 0.0 0.0 0.0 0.0 0.0 0.0 0.0 0.0 1 20.0 0.0 0.0 20.0 20.0 20.0 20.0 20.0 44.0 44.0 0.0 0.0 0.0 0.0 44.0 0.0 44.0 0.0 44.0 0.0 44.0 0.0 44.0 0.0
17 5 1 13.485638099999733 47.559692100000234 0.0 61.04533019999997 76.45207540000035 76.45207540000035 76.45207540000035 647.65234375 657.16015625 73 73 1.0 0 44 44 False 0 0 False 1.6590909090909092 1.6590909090909092 1.0330172969168459 1.0330172969168459 0.6226405625252222 0.6226405625252222 1.0 1.0 1.0 1.0 1.0 1.0 2.0 2.0 6.0 6.0 0 0.0 0 0.0 3.014213916959126 0.0 0.0 0 0 0.0 0.0 0.0 0.0 0.0 0.0 0.0 0.0 0.0 0.0 0.0 0.0 0.0 0.0 0.0 0.0 1 44.0 0.0 0.0 44.0 44.0 44.0 44.0 44.0 73.0 73.0 0.0 0.0 0.0 0.0 73.0 0.0 73.0 0.0 73.0 0.0 73.0 0.0 73.0 0.0
18 6 3 1.1305608999999777 0.727674200000024 0.0 1.8582351000000017 1.8582351000000017 1.8582351000000017 1.8582351000000017 531.78515625 525.5234375 20 20 1.0 20 1 0 False 0 0 False 1.0 1.0 0.0 0.0 0.0 0.0 0.0 0.0 0.0 0.0 0.0 0.0 0.0 0.0 0.0 0.0 0 0.0 0 0.0 0.0 0.0 0.0 0 0 0.0 0.0 0.0 0.0 0.0 0.0 0.0 0.0 0.0 0.0 0.0 0.0 0.0 0.0 0.0 0.0 1 1.0 0.0 0.0 0.0 0.0 0.0 0.0 0.0 1.0 1.0 0.0 0.0 0.0 0.0 0.0 0.0 0.0 0.0 0.0 0.0 0.0 0.0 0.0 0.0
19 6 2 4.761435599999913 12.107180599999879 0.0 16.868616199999792 18.726851299999794 18.726851299999794 18.726851299999794 566.20703125 565.94921875 44 44 1.0 44 20 20 False 0 0 False 2.2 2.2 2.0416711421361615 2.0416711421361615 0.9280323373346188 0.9280323373346188 1.0 1.0 1.0 1.0 2.0 2.0 2.25 2.25 10.0 10.0 0 0.0 0 0.0 5.093132631298737 0.0 0.0 0 0 0.0 0.0 0.0 0.0 0.0 0.0 0.0 0.0 0.0 0.0 0.0 0.0 0.0 0.0 0.0 0.0 1 20.0 0.0 0.0 20.0 20.0 20.0 20.0 20.0 44.0 44.0 0.0 0.0 0.0 0.0 44.0 0.0 44.0 0.0 44.0 0.0 44.0 0.0 44.0 0.0
20 6 1 12.889289900001017 70.19577160000051 0.0 83.08506150000153 101.81191280000132 101.81191280000132 101.81191280000132 675.99609375 688.28515625 71 71 1.0 0 44 44 False 0 0 False 1.6136363636363635 1.6136363636363635 0.9204627019188114 0.9204627019188114 0.570427589921517 0.570427589921517 1.0 1.0 1.0 1.0 1.0 1.0 2.0 2.0 6.0 6.0 0 0.0 0 0.0 2.417812258158703 0.0 0.0 0 0 0.0 0.0 0.0 0.0 0.0 0.0 0.0 0.0 0.0 0.0 0.0 0.0 0.0 0.0 0.0 0.0 1 44.0 0.0 0.0 44.0 44.0 44.0 44.0 44.0 71.0 71.0 0.0 0.0 0.0 0.0 71.0 0.0 71.0 0.0 71.0 0.0 71.0 0.0 71.0 0.0
21 7 3 1.1321548999997049 0.7992325999997547 0.0 1.9313874999994596 1.9313874999994596 1.9313874999994596 1.9313874999994596 567.07421875 561.3828125 20 20 1.0 20 1 0 False 0 0 False 1.0 1.0 0.0 0.0 0.0 0.0 0.0 0.0 0.0 0.0 0.0 0.0 0.0 0.0 0.0 0.0 0 0.0 0 0.0 0.0 0.0 0.0 0 0 0.0 0.0 0.0 0.0 0.0 0.0 0.0 0.0 0.0 0.0 0.0 0.0 0.0 0.0 0.0 0.0 1 1.0 0.0 0.0 0.0 0.0 0.0 0.0 0.0 1.0 1.0 0.0 0.0 0.0 0.0 0.0 0.0 0.0 0.0 0.0 0.0 0.0 0.0 0.0 0.0
22 7 2 4.75563159999956 14.771584499999562 0.0 19.527216099999123 21.458603599998582 21.458603599998582 21.458603599998582 602.15625 602.05078125 44 44 1.0 44 20 20 False 0 0 False 2.2 2.2 2.0416711421361615 2.0416711421361615 0.9280323373346188 0.9280323373346188 1.0 1.0 1.0 1.0 2.0 2.0 2.25 2.25 10.0 10.0 0 0.0 0 0.0 4.751841748206688 0.0 0.0 0 0 0.0 0.0 0.0 0.0 0.0 0.0 0.0 0.0 0.0 0.0 0.0 0.0 0.0 0.0 0.0 0.0 1 20.0 0.0 0.0 20.0 20.0 20.0 20.0 20.0 44.0 44.0 0.0 0.0 0.0 0.0 44.0 0.0 44.0 0.0 44.0 0.0 44.0 0.0 44.0 0.0
23 7 1 13.515637499999798 49.054039699999976 0.0 62.569677199999774 84.02828079999836 84.02828079999836 84.02828079999836 682.984375 692.89453125 73 73 1.0 0 44 44 False 0 0 False 1.6590909090909092 1.6590909090909092 1.0330172969168459 1.0330172969168459 0.6226405625252222 0.6226405625252222 1.0 1.0 1.0 1.0 1.0 1.0 2.0 2.0 6.0 6.0 0 0.0 0 0.0 3.9290912771864686 0.0 0.0 0 0 0.0 0.0 0.0 0.0 0.0 0.0 0.0 0.0 0.0 0.0 0.0 0.0 0.0 0.0 0.0 0.0 1 44.0 0.0 0.0 44.0 44.0 44.0 44.0 44.0 73.0 73.0 0.0 0.0 0.0 0.0 73.0 0.0 73.0 0.0 73.0 0.0 73.0 0.0 73.0 0.0
24 8 3 1.1324423999999453 0.7718396999996457 0.0 1.904282099999591 1.904282099999591 1.904282099999591 1.904282099999591 562.6484375 556.55859375 20 20 1.0 20 1 0 False 0 0 False 1.0 1.0 0.0 0.0 0.0 0.0 0.0 0.0 0.0 0.0 0.0 0.0 0.0 0.0 0.0 0.0 0 0.0 0 0.0 0.0 0.0 0.0 0 0 0.0 0.0 0.0 0.0 0.0 0.0 0.0 0.0 0.0 0.0 0.0 0.0 0.0 0.0 0.0 0.0 1 1.0 0.0 0.0 0.0 0.0 0.0 0.0 0.0 1.0 1.0 0.0 0.0 0.0 0.0 0.0 0.0 0.0 0.0 0.0 0.0 0.0 0.0 0.0 0.0
25 8 2 4.464287100000206 2.2818615999999565 0.0 6.7461487000001625 8.650430799999754 8.650430799999754 8.650430799999754 596.76171875 598.0390625 42 42 1.0 42 20 20 False 0 0 False 2.1 2.1 2.074912807299318 2.074912807299318 0.9880537177615799 0.9880537177615799 1.0 1.0 1.0 1.0 1.0 1.0 2.25 2.25 10.0 10.0 0 0.0 0 0.0 7.663223864666879 0.0 0.0 0 0 0.0 0.0 0.0 0.0 0.0 0.0 0.0 0.0 0.0 0.0 0.0 0.0 0.0 0.0 0.0 0.0 1 20.0 0.0 0.0 20.0 20.0 20.0 20.0 20.0 42.0 42.0 0.0 0.0 0.0 0.0 42.0 0.0 42.0 0.0 42.0 0.0 42.0 0.0 42.0 0.0
26 8 1 12.880748199998834 23.334238000000255 0.0 36.21498619999909 44.86541699999884 44.86541699999884 44.86541699999884 684.0859375 695.26953125 71 71 1.0 0 42 42 False 0 0 False 1.6904761904761905 1.6904761904761905 0.9750070728472726 0.9750070728472726 0.5767647473181049 0.5767647473181049 1.0 1.0 1.0 1.0 1.0 1.0 2.0 2.0 6.0 6.0 0 0.0 0 0.0 3.1255989599842415 0.0 0.0 0 0 0.0 0.0 0.0 0.0 0.0 0.0 0.0 0.0 0.0 0.0 0.0 0.0 0.0 0.0 0.0 0.0 1 42.0 0.0 0.0 42.0 42.0 42.0 42.0 42.0 71.0 71.0 0.0 0.0 0.0 0.0 71.0 0.0 71.0 0.0 71.0 0.0 71.0 0.0 71.0 0.0
27 9 3 1.1345172000000048 0.699262800000156 0.0 1.8337800000001607 1.8337800000001607 1.8337800000001607 1.8337800000001607 579.96875 573.15625 20 20 1.0 20 1 0 False 0 0 False 1.0 1.0 0.0 0.0 0.0 0.0 0.0 0.0 0.0 0.0 0.0 0.0 0.0 0.0 0.0 0.0 0 0.0 0 0.0 0.0 0.0 0.0 0 0 0.0 0.0 0.0 0.0 0.0 0.0 0.0 0.0 0.0 0.0 0.0 0.0 0.0 0.0 0.0 0.0 1 1.0 0.0 0.0 0.0 0.0 0.0 0.0 0.0 1.0 1.0 0.0 0.0 0.0 0.0 0.0 0.0 0.0 0.0 0.0 0.0 0.0 0.0 0.0 0.0
28 9 2 4.7759775999998055 8.690864999999576 0.0 13.466842599999381 15.300622599999542 15.300622599999542 15.300622599999542 616.0703125 615.984375 44 44 1.0 44 20 20 False 0 0 False 2.2 2.2 2.0416711421361615 2.0416711421361615 0.9280323373346188 0.9280323373346188 1.0 1.0 1.0 1.0 2.0 2.0 2.25 2.25 10.0 10.0 0 0.0 0 0.0 5.451605268175603 0.0 0.0 0 0 0.0 0.0 0.0 0.0 0.0 0.0 0.0 0.0 0.0 0.0 0.0 0.0 0.0 0.0 0.0 0.0 1 20.0 0.0 0.0 20.0 20.0 20.0 20.0 20.0 44.0 44.0 0.0 0.0 0.0 0.0 44.0 0.0 44.0 0.0 44.0 0.0 44.0 0.0 44.0 0.0
29 9 1 13.503116199999226 43.58003340000005 0.0 57.083149599999274 72.38377219999882 72.38377219999882 72.38377219999882 702.6328125 711.890625 73 73 1.0 0 44 44 False 0 0 False 1.6590909090909092 1.6590909090909092 0.9631146619216513 0.9631146619216513 0.5805074674596254 0.5805074674596254 1.0 1.0 1.0 1.0 1.0 1.0 2.0 2.0 6.0 6.0 0 0.0 0 0.0 2.344051289174575 0.0 0.0 0 0 0.0 0.0 0.0 0.0 0.0 0.0 0.0 0.0 0.0 0.0 0.0 0.0 0.0 0.0 0.0 0.0 1 44.0 0.0 0.0 44.0 44.0 44.0 44.0 44.0 73.0 73.0 0.0 0.0 0.0 0.0 73.0 0.0 73.0 0.0 73.0 0.0 73.0 0.0 73.0 0.0
30 10 3 1.1337016000001086 0.830505900000162 0.0 1.9642075000002706 1.9642075000002706 1.9642075000002706 1.9642075000002706 515.80078125 515.74609375 20 20 1.0 20 1 0 False 0 0 False 1.0 1.0 0.0 0.0 0.0 0.0 0.0 0.0 0.0 0.0 0.0 0.0 0.0 0.0 0.0 0.0 0 0.0 0 0.0 0.0 0.0 0.0 0 0 0.0 0.0 0.0 0.0 0.0 0.0 0.0 0.0 0.0 0.0 0.0 0.0 0.0 0.0 0.0 0.0 1 1.0 0.0 0.0 0.0 0.0 0.0 0.0 0.0 1.0 1.0 0.0 0.0 0.0 0.0 0.0 0.0 0.0 0.0 0.0 0.0 0.0 0.0 0.0 0.0
31 10 2 4.7850770000002285 12.60864050000032 0.0 17.393717500000548 19.35792500000082 19.35792500000082 19.35792500000082 599.20703125 603.3984375 44 44 1.0 44 20 20 False 0 0 False 2.2 2.2 2.261811104775156 2.261811104775156 1.02809595671598 1.02809595671598 1.0 1.0 1.0 1.0 1.0 1.0 2.25 2.25 10.0 10.0 0 0.0 0 0.0 7.2890328576567684 0.0 0.0 0 0 0.0 0.0 0.0 0.0 0.0 0.0 0.0 0.0 0.0 0.0 0.0 0.0 0.0 0.0 0.0 0.0 1 20.0 0.0 0.0 20.0 20.0 20.0 20.0 20.0 44.0 44.0 0.0 0.0 0.0 0.0 44.0 0.0 44.0 0.0 44.0 0.0 44.0 0.0 44.0 0.0
32 10 1 12.866782200000102 33.694027000000006 0.0 46.56080920000011 65.91873420000093 65.91873420000093 65.91873420000093 712.41015625 724.39453125 71 71 1.0 0 44 44 False 0 0 False 1.6136363636363635 1.6136363636363635 1.061282880793589 1.061282880793589 0.657696433167858 0.657696433167858 1.0 1.0 1.0 1.0 1.0 1.0 2.0 2.0 6.0 6.0 0 0.0 0 0.0 2.833854878266421 0.0 0.0 0 0 0.0 0.0 0.0 0.0 0.0 0.0 0.0 0.0 0.0 0.0 0.0 0.0 0.0 0.0 0.0 0.0 1 44.0 0.0 0.0 44.0 44.0 44.0 44.0 44.0 71.0 71.0 0.0 0.0 0.0 0.0 71.0 0.0 71.0 0.0 71.0 0.0 71.0 0.0 71.0 0.0
33 11 3 1.1332756000000472 0.8814043999999512 0.0 2.0146799999999985 2.0146799999999985 2.0146799999999985 2.0146799999999985 606.296875 600.0859375 20 20 1.0 20 1 0 False 0 0 False 1.0 1.0 0.0 0.0 0.0 0.0 0.0 0.0 0.0 0.0 0.0 0.0 0.0 0.0 0.0 0.0 0 0.0 0 0.0 0.0 0.0 0.0 0 0 0.0 0.0 0.0 0.0 0.0 0.0 0.0 0.0 0.0 0.0 0.0 0.0 0.0 0.0 0.0 0.0 1 1.0 0.0 0.0 0.0 0.0 0.0 0.0 0.0 1.0 1.0 0.0 0.0 0.0 0.0 0.0 0.0 0.0 0.0 0.0 0.0 0.0 0.0 0.0 0.0
34 11 2 4.7927046000005475 14.41805269999918 0.0 19.210757299999727 21.225437299999726 21.225437299999726 21.225437299999726 640.73828125 641.05078125 44 44 1.0 44 20 20 False 0 0 False 2.2 2.2 2.015727634065883 2.015727634065883 0.9162398336663103 0.9162398336663103 1.0 1.0 1.0 1.0 2.0 2.0 2.0 2.0 10.0 10.0 0 0.0 0 0.0 4.982971001320396 0.0 0.0 0 0 0.0 0.0 0.0 0.0 0.0 0.0 0.0 0.0 0.0 0.0 0.0 0.0 0.0 0.0 0.0 0.0 1 20.0 0.0 0.0 20.0 20.0 20.0 20.0 20.0 44.0 44.0 0.0 0.0 0.0 0.0 44.0 0.0 44.0 0.0 44.0 0.0 44.0 0.0 44.0 0.0
35 11 1 13.504669100000456 46.93453950000048 0.0 60.43920860000094 81.66464590000066 81.66464590000066 81.66464590000066 724.75 737.16015625 73 73 1.0 0 44 44 False 0 0 False 1.6590909090909092 1.6590909090909092 1.0102539818394234 1.0102539818394234 0.6089202082319812 0.6089202082319812 1.0 1.0 1.0 1.0 1.0 1.0 2.0 2.0 6.0 6.0 0 0.0 0 0.0 3.1401081073141133 0.0 0.0 0 0 0.0 0.0 0.0 0.0 0.0 0.0 0.0 0.0 0.0 0.0 0.0 0.0 0.0 0.0 0.0 0.0 1 44.0 0.0 0.0 44.0 44.0 44.0 44.0 44.0 73.0 73.0 0.0 0.0 0.0 0.0 73.0 0.0 73.0 0.0 73.0 0.0 73.0 0.0 73.0 0.0
36 12 3 1.13197120000018 0.6648628999996617 0.0 1.7968340999998418 1.7968340999998418 1.7968340999998418 1.7968340999998418 618.1875 611.87890625 20 20 1.0 20 1 0 False 0 0 False 1.0 1.0 0.0 0.0 0.0 0.0 0.0 0.0 0.0 0.0 0.0 0.0 0.0 0.0 0.0 0.0 0 0.0 0 0.0 0.0 0.0 0.0 0 0 0.0 0.0 0.0 0.0 0.0 0.0 0.0 0.0 0.0 0.0 0.0 0.0 0.0 0.0 0.0 0.0 1 1.0 0.0 0.0 0.0 0.0 0.0 0.0 0.0 1.0 1.0 0.0 0.0 0.0 0.0 0.0 0.0 0.0 0.0 0.0 0.0 0.0 0.0 0.0 0.0
37 12 2 4.784130299999788 12.775013099999342 0.0 17.55914339999913 19.35597749999897 19.35597749999897 19.35597749999897 653.78125 653.96484375 44 44 1.0 44 20 20 False 0 0 False 2.2 2.2 2.0925934551223877 2.0925934551223877 0.9511788432374488 0.9511788432374488 1.0 1.0 1.0 1.0 1.0 1.0 3.0 3.0 10.0 10.0 0 0.0 0 0.0 5.539855593785815 0.0 0.0 0 0 0.0 0.0 0.0 0.0 0.0 0.0 0.0 0.0 0.0 0.0 0.0 0.0 0.0 0.0 0.0 0.0 1 20.0 0.0 0.0 20.0 20.0 20.0 20.0 20.0 44.0 44.0 0.0 0.0 0.0 0.0 44.0 0.0 44.0 0.0 44.0 0.0 44.0 0.0 44.0 0.0
38 12 1 13.517707399998699 43.91469510000002 0.0 57.432402499998716 76.78837999999769 76.78837999999769 76.78837999999769 738.578125 750.875 73 73 1.0 0 44 44 False 0 0 False 1.6590909090909092 1.6590909090909092 1.1194513153135752 1.1194513153135752 0.6747377790931138 0.6747377790931138 1.0 1.0 1.0 1.0 1.0 1.0 2.0 2.0 6.0 6.0 0 0.0 0 0.0 3.6625125165498456 0.0 0.0 0 0 0.0 0.0 0.0 0.0 0.0 0.0 0.0 0.0 0.0 0.0 0.0 0.0 0.0 0.0 0.0 0.0 1 44.0 0.0 0.0 44.0 44.0 44.0 44.0 44.0 73.0 73.0 0.0 0.0 0.0 0.0 73.0 0.0 73.0 0.0 73.0 0.0 73.0 0.0 73.0 0.0
39 13 3 1.1328138000005765 0.7164319999999407 0.0 1.8492458000005172 1.8492458000005172 1.8492458000005172 1.8492458000005172 630.50390625 624.1484375 20 20 1.0 20 1 0 False 0 0 False 1.0 1.0 0.0 0.0 0.0 0.0 0.0 0.0 0.0 0.0 0.0 0.0 0.0 0.0 0.0 0.0 0 0.0 0 0.0 0.0 0.0 0.0 0 0 0.0 0.0 0.0 0.0 0.0 0.0 0.0 0.0 0.0 0.0 0.0 0.0 0.0 0.0 0.0 0.0 1 1.0 0.0 0.0 0.0 0.0 0.0 0.0 0.0 1.0 1.0 0.0 0.0 0.0 0.0 0.0 0.0 0.0 0.0 0.0 0.0 0.0 0.0 0.0 0.0
40 13 2 4.4476385000002665 4.010420400000385 0.0 8.458058900000651 10.307304700001168 10.307304700001168 10.307304700001168 665.19921875 666.64453125 42 42 1.0 42 20 20 False 0 0 False 2.1 2.1 2.074912807299318 2.074912807299318 0.9880537177615799 0.9880537177615799 1.0 1.0 1.0 1.0 1.0 1.0 2.25 2.25 10.0 10.0 0 0.0 0 0.0 6.440885032353862 0.0 0.0 0 0 0.0 0.0 0.0 0.0 0.0 0.0 0.0 0.0 0.0 0.0 0.0 0.0 0.0 0.0 0.0 0.0 1 20.0 0.0 0.0 20.0 20.0 20.0 20.0 20.0 42.0 42.0 0.0 0.0 0.0 0.0 42.0 0.0 42.0 0.0 42.0 0.0 42.0 0.0 42.0 0.0
41 13 1 12.869969399999945 36.95898329999909 0.0 49.828952699999036 60.136257400000204 60.136257400000204 60.136257400000204 755.98046875 767.84765625 71 71 1.0 0 42 42 False 0 0 False 1.6904761904761905 1.6904761904761905 0.9750070728472726 0.9750070728472726 0.5767647473181049 0.5767647473181049 1.0 1.0 1.0 1.0 1.0 1.0 2.0 2.0 6.0 6.0 0 0.0 0 0.0 2.740182089496588 0.0 0.0 0 0 0.0 0.0 0.0 0.0 0.0 0.0 0.0 0.0 0.0 0.0 0.0 0.0 0.0 0.0 0.0 0.0 1 42.0 0.0 0.0 42.0 42.0 42.0 42.0 42.0 71.0 71.0 0.0 0.0 0.0 0.0 71.0 0.0 71.0 0.0 71.0 0.0 71.0 0.0 71.0 0.0
42 14 3 1.1317929999997887 0.6679096999998819 0.0 1.7997026999996706 1.7997026999996706 1.7997026999996706 1.7997026999996706 652.05859375 645.9765625 20 20 1.0 20 1 0 False 0 0 False 1.0 1.0 0.0 0.0 0.0 0.0 0.0 0.0 0.0 0.0 0.0 0.0 0.0 0.0 0.0 0.0 0 0.0 0 0.0 0.0 0.0 0.0 0 0 0.0 0.0 0.0 0.0 0.0 0.0 0.0 0.0 0.0 0.0 0.0 0.0 0.0 0.0 0.0 0.0 1 1.0 0.0 0.0 0.0 0.0 0.0 0.0 0.0 1.0 1.0 0.0 0.0 0.0 0.0 0.0 0.0 0.0 0.0 0.0 0.0 0.0 0.0 0.0 0.0
43 14 2 4.764806099999987 9.76367879999998 0.0 14.528484899999967 16.328187599999637 16.328187599999637 16.328187599999637 686.5546875 686.84375 44 44 1.0 44 20 20 False 0 0 False 2.2 2.2 2.1667341419992585 2.1667341419992585 0.9848791554542083 0.9848791554542083 1.0 1.0 1.0 1.0 1.0 1.0 2.25 2.25 10.0 10.0 0 0.0 0 0.0 6.383572667401851 0.0 0.0 0 0 0.0 0.0 0.0 0.0 0.0 0.0 0.0 0.0 0.0 0.0 0.0 0.0 0.0 0.0 0.0 0.0 1 20.0 0.0 0.0 20.0 20.0 20.0 20.0 20.0 44.0 44.0 0.0 0.0 0.0 0.0 44.0 0.0 44.0 0.0 44.0 0.0 44.0 0.0 44.0 0.0
44 14 1 13.487749799999847 77.25526280000054 0.0 90.74301260000038 107.07120020000002 107.07120020000002 107.07120020000002 784.921875 795.43359375 73 73 1.0 0 44 44 False 0 0 False 1.6590909090909092 1.6590909090909092 1.0102539818394234 1.0102539818394234 0.6089202082319812 0.6089202082319812 1.0 1.0 1.0 1.0 1.0 1.0 2.0 2.0 6.0 6.0 0 0.0 0 0.0 2.9292183680862505 0.0 0.0 0 0 0.0 0.0 0.0 0.0 0.0 0.0 0.0 0.0 0.0 0.0 0.0 0.0 0.0 0.0 0.0 0.0 1 44.0 0.0 0.0 44.0 44.0 44.0 44.0 44.0 73.0 73.0 0.0 0.0 0.0 0.0 73.0 0.0 73.0 0.0 73.0 0.0 73.0 0.0 73.0 0.0
45 15 3 1.133215299999847 0.8961363000003075 0.0 2.0293516000001546 2.0293516000001546 2.0293516000001546 2.0293516000001546 678.0859375 672.875 20 20 1.0 20 1 0 False 0 0 False 1.0 1.0 0.0 0.0 0.0 0.0 0.0 0.0 0.0 0.0 0.0 0.0 0.0 0.0 0.0 0.0 0 0.0 0 0.0 0.0 0.0 0.0 0 0 0.0 0.0 0.0 0.0 0.0 0.0 0.0 0.0 0.0 0.0 0.0 0.0 0.0 0.0 0.0 0.0 1 1.0 0.0 0.0 0.0 0.0 0.0 0.0 0.0 1.0 1.0 0.0 0.0 0.0 0.0 0.0 0.0 0.0 0.0 0.0 0.0 0.0 0.0 0.0 0.0
46 15 2 4.742124199998443 14.00886309999919 0.0 18.750987299997632 20.780338899997787 20.780338899997787 20.780338899997787 711.95703125 712.51171875 44 44 1.0 44 20 20 False 0 0 False 2.2 2.2 1.98944583661936 1.98944583661936 0.904293562099709 0.904293562099709 1.0 1.0 1.0 1.0 2.0 2.0 2.25 2.25 10.0 10.0 0 0.0 0 0.0 5.741950887982235 0.0 0.0 0 0 0.0 0.0 0.0 0.0 0.0 0.0 0.0 0.0 0.0 0.0 0.0 0.0 0.0 0.0 0.0 0.0 1 20.0 0.0 0.0 20.0 20.0 20.0 20.0 20.0 44.0 44.0 0.0 0.0 0.0 0.0 44.0 0.0 44.0 0.0 44.0 0.0 44.0 0.0 44.0 0.0
47 15 1 12.87235580000015 39.59076989999858 0.0 52.46312569999873 73.24346459999651 73.24346459999651 73.24346459999651 797.03125 808.54296875 71 71 1.0 0 44 44 False 0 0 False 1.6136363636363635 1.6136363636363635 1.20494927213322 1.20494927213322 0.7467291263924181 0.7467291263924181 1.0 1.0 1.0 1.0 1.0 1.0 2.0 2.0 6.0 6.0 0 0.0 0 0.0 3.397670264039833 0.0 0.0 0 0 0.0 0.0 0.0 0.0 0.0 0.0 0.0 0.0 0.0 0.0 0.0 0.0 0.0 0.0 0.0 0.0 1 44.0 0.0 0.0 44.0 44.0 44.0 44.0 44.0 71.0 71.0 0.0 0.0 0.0 0.0 71.0 0.0 71.0 0.0 71.0 0.0 71.0 0.0 71.0 0.0
48 16 3 1.1289006999995763 0.6559171999999762 0.0 1.7848178999995525 1.7848178999995525 1.7848178999995525 1.7848178999995525 691.2421875 684.71484375 20 20 1.0 20 1 0 False 0 0 False 1.0 1.0 0.0 0.0 0.0 0.0 0.0 0.0 0.0 0.0 0.0 0.0 0.0 0.0 0.0 0.0 0 0.0 0 0.0 0.0 0.0 0.0 0 0 0.0 0.0 0.0 0.0 0.0 0.0 0.0 0.0 0.0 0.0 0.0 0.0 0.0 0.0 0.0 0.0 1 1.0 0.0 0.0 0.0 0.0 0.0 0.0 0.0 1.0 1.0 0.0 0.0 0.0 0.0 0.0 0.0 0.0 0.0 0.0 0.0 0.0 0.0 0.0 0.0
49 16 2 4.752536700000746 15.849227400002064 0.0 20.60176410000281 22.386582000002363 22.386582000002363 22.386582000002363 726.09765625 726.4140625 44 44 1.0 44 20 20 False 0 0 False 2.2 2.2 2.0925934551223877 2.0925934551223877 0.9511788432374488 0.9511788432374488 1.0 1.0 1.0 1.0 1.0 1.0 3.0 3.0 10.0 10.0 0 0.0 0 0.0 5.257375771237965 0.0 0.0 0 0 0.0 0.0 0.0 0.0 0.0 0.0 0.0 0.0 0.0 0.0 0.0 0.0 0.0 0.0 0.0 0.0 1 20.0 0.0 0.0 20.0 20.0 20.0 20.0 20.0 44.0 44.0 0.0 0.0 0.0 0.0 44.0 0.0 44.0 0.0 44.0 0.0 44.0 0.0 44.0 0.0
50 16 1 13.530635999999276 50.21034110000073 0.0 63.74097710000001 86.12755910000237 86.12755910000237 86.12755910000237 813.21875 822.55078125 73 73 1.0 0 44 44 False 0 0 False 1.6590909090909092 1.6590909090909092 0.9869657947038658 0.9869657947038658 0.5948834926982205 0.5948834926982205 1.0 1.0 1.0 1.0 1.0 1.0 2.0 2.0 6.0 6.0 0 0.0 0 0.0 2.991162948607774 0.0 0.0 0 0 0.0 0.0 0.0 0.0 0.0 0.0 0.0 0.0 0.0 0.0 0.0 0.0 0.0 0.0 0.0 0.0 1 44.0 0.0 0.0 44.0 44.0 44.0 44.0 44.0 73.0 73.0 0.0 0.0 0.0 0.0 73.0 0.0 73.0 0.0 73.0 0.0 73.0 0.0 73.0 0.0
51 17 3 1.1325620999998591 0.7152457999993658 0.0 1.847807899999225 1.847807899999225 1.847807899999225 1.847807899999225 707.6328125 701.46875 20 20 1.0 20 1 0 False 0 0 False 1.0 1.0 0.0 0.0 0.0 0.0 0.0 0.0 0.0 0.0 0.0 0.0 0.0 0.0 0.0 0.0 0 0.0 0 0.0 0.0 0.0 0.0 0 0 0.0 0.0 0.0 0.0 0.0 0.0 0.0 0.0 0.0 0.0 0.0 0.0 0.0 0.0 0.0 0.0 1 1.0 0.0 0.0 0.0 0.0 0.0 0.0 0.0 1.0 1.0 0.0 0.0 0.0 0.0 0.0 0.0 0.0 0.0 0.0 0.0 0.0 0.0 0.0 0.0
52 17 2 4.76428629999964 7.401581299999634 0.0 12.165867599999274 14.013675499998499 14.013675499998499 14.013675499998499 744.16796875 744.30078125 44 44 1.0 44 20 20 False 0 0 False 2.2 2.2 2.1908902300206643 2.1908902300206643 0.9958591954639382 0.9958591954639382 1.0 1.0 1.0 1.0 1.0 1.0 3.0 3.0 10.0 10.0 0 0.0 0 0.0 7.0668238976219 0.0 0.0 0 0 0.0 0.0 0.0 0.0 0.0 0.0 0.0 0.0 0.0 0.0 0.0 0.0 0.0 0.0 0.0 0.0 1 20.0 0.0 0.0 20.0 20.0 20.0 20.0 20.0 44.0 44.0 0.0 0.0 0.0 0.0 44.0 0.0 44.0 0.0 44.0 0.0 44.0 0.0 44.0 0.0
53 17 1 13.475212800001145 39.01164470000026 0.0 52.486857500001406 66.5005329999999 66.5005329999999 66.5005329999999 831.32421875 843.90625 73 73 1.0 0 44 44 False 0 0 False 1.6590909090909092 1.6590909090909092 1.0330172969168459 1.0330172969168459 0.6226405625252222 0.6226405625252222 1.0 1.0 1.0 1.0 1.0 1.0 2.0 2.0 6.0 6.0 0 0.0 0 0.0 3.7472786268755085 0.0 0.0 0 0 0.0 0.0 0.0 0.0 0.0 0.0 0.0 0.0 0.0 0.0 0.0 0.0 0.0 0.0 0.0 0.0 1 44.0 0.0 0.0 44.0 44.0 44.0 44.0 44.0 73.0 73.0 0.0 0.0 0.0 0.0 73.0 0.0 73.0 0.0 73.0 0.0 73.0 0.0 73.0 0.0
54 18 3 1.1302639000000454 0.8161567000001924 0.0 1.9464206000002378 1.9464206000002378 1.9464206000002378 1.9464206000002378 651.3515625 655.59375 20 20 1.0 20 1 0 False 0 0 False 1.0 1.0 0.0 0.0 0.0 0.0 0.0 0.0 0.0 0.0 0.0 0.0 0.0 0.0 0.0 0.0 0 0.0 0 0.0 0.0 0.0 0.0 0 0 0.0 0.0 0.0 0.0 0.0 0.0 0.0 0.0 0.0 0.0 0.0 0.0 0.0 0.0 0.0 0.0 1 1.0 0.0 0.0 0.0 0.0 0.0 0.0 0.0 1.0 1.0 0.0 0.0 0.0 0.0 0.0 0.0 0.0 0.0 0.0 0.0 0.0 0.0 0.0 0.0
55 18 2 4.445691199999146 4.304590400000961 0.0 8.750281600000108 10.696702200000345 10.696702200000345 10.696702200000345 733.44921875 741.99609375 42 42 1.0 42 20 20 False 0 0 False 2.1 2.1 2.0235456115702615 2.0235456115702615 0.9635931483667911 0.9635931483667911 1.0 1.0 1.0 1.0 1.5 1.5 2.25 2.25 10.0 10.0 0 0.0 0 0.0 7.296231904209184 0.0 0.0 0 0 0.0 0.0 0.0 0.0 0.0 0.0 0.0 0.0 0.0 0.0 0.0 0.0 0.0 0.0 0.0 0.0 1 20.0 0.0 0.0 20.0 20.0 20.0 20.0 20.0 42.0 42.0 0.0 0.0 0.0 0.0 42.0 0.0 42.0 0.0 42.0 0.0 42.0 0.0 42.0 0.0
56 18 1 12.271667500000149 27.881491300000107 0.0 40.153158800000256 50.8498610000006 50.8498610000006 50.8498610000006 838.24609375 852.6953125 69 69 1.0 0 42 42 False 0 0 False 1.6428571428571428 1.6428571428571428 1.0551020889555982 1.0551020889555982 0.6422360541468859 0.6422360541468859 1.0 1.0 1.0 1.0 1.0 1.0 2.0 2.0 6.0 6.0 0 0.0 0 0.0 3.44230878857757 0.0 0.0 0 0 0.0 0.0 0.0 0.0 0.0 0.0 0.0 0.0 0.0 0.0 0.0 0.0 0.0 0.0 0.0 0.0 1 42.0 0.0 0.0 42.0 42.0 42.0 42.0 42.0 69.0 69.0 0.0 0.0 0.0 0.0 69.0 0.0 69.0 0.0 69.0 0.0 69.0 0.0 69.0 0.0
57 19 3 1.129978299999948 0.7111918999999034 0.0 1.8411701999998513 1.8411701999998513 1.8411701999998513 1.8411701999998513 740.96875 735.2421875 20 20 1.0 20 1 0 False 0 0 False 1.0 1.0 0.0 0.0 0.0 0.0 0.0 0.0 0.0 0.0 0.0 0.0 0.0 0.0 0.0 0.0 0 0.0 0 0.0 0.0 0.0 0.0 0 0 0.0 0.0 0.0 0.0 0.0 0.0 0.0 0.0 0.0 0.0 0.0 0.0 0.0 0.0 0.0 0.0 1 1.0 0.0 0.0 0.0 0.0 0.0 0.0 0.0 1.0 1.0 0.0 0.0 0.0 0.0 0.0 0.0 0.0 0.0 0.0 0.0 0.0 0.0 0.0 0.0
58 19 2 4.758522499999799 9.031787200002327 0.0 13.790309700002126 15.631479900001978 15.631479900001978 15.631479900001978 777.24609375 777.8203125 44 44 1.0 44 20 20 False 0 0 False 2.2 2.2 2.015727634065883 2.015727634065883 0.9162398336663103 0.9162398336663103 1.0 1.0 1.0 1.0 2.0 2.0 3.0 3.0 10.0 10.0 0 0.0 0 0.0 6.529165337162169 0.0 0.0 0 0 0.0 0.0 0.0 0.0 0.0 0.0 0.0 0.0 0.0 0.0 0.0 0.0 0.0 0.0 0.0 0.0 1 20.0 0.0 0.0 20.0 20.0 20.0 20.0 20.0 44.0 44.0 0.0 0.0 0.0 0.0 44.0 0.0 44.0 0.0 44.0 0.0 44.0 0.0 44.0 0.0
59 19 1 12.903495000001158 48.6659858000005 0.0 61.56948080000166 77.20096070000363 77.20096070000363 77.20096070000363 858.5390625 870.6796875 71 71 1.0 0 44 44 False 0 0 False 1.6136363636363635 1.6136363636363635 1.016512713767804 1.016512713767804 0.6299515409265265 0.6299515409265265 1.0 1.0 1.0 1.0 1.0 1.0 2.0 2.0 6.0 6.0 0 0.0 0 0.0 2.2078817304233476 0.0 0.0 0 0 0.0 0.0 0.0 0.0 0.0 0.0 0.0 0.0 0.0 0.0 0.0 0.0 0.0 0.0 0.0 0.0 1 44.0 0.0 0.0 44.0 44.0 44.0 44.0 44.0 71.0 71.0 0.0 0.0 0.0 0.0 71.0 0.0 71.0 0.0 71.0 0.0 71.0 0.0 71.0 0.0
60 20 3 1.1263785000007829 0.7928070999996635 0.0 1.9191856000004464 1.9191856000004464 1.9191856000004464 1.9191856000004464 755.046875 749.08984375 20 20 1.0 20 1 0 False 0 0 False 1.0 1.0 0.0 0.0 0.0 0.0 0.0 0.0 0.0 0.0 0.0 0.0 0.0 0.0 0.0 0.0 0 0.0 0 0.0 0.0 0.0 0.0 0 0 0.0 0.0 0.0 0.0 0.0 0.0 0.0 0.0 0.0 0.0 0.0 0.0 0.0 0.0 0.0 0.0 1 1.0 0.0 0.0 0.0 0.0 0.0 0.0 0.0 1.0 1.0 0.0 0.0 0.0 0.0 0.0 0.0 0.0 0.0 0.0 0.0 0.0 0.0 0.0 0.0
61 20 2 4.765884899999719 14.157665000000861 0.0 18.92354990000058 20.842735500001027 20.842735500001027 20.842735500001027 791.40625 791.92578125 44 44 1.0 44 20 20 False 0 0 False 2.2 2.2 2.015727634065883 2.015727634065883 0.9162398336663103 0.9162398336663103 1.0 1.0 1.0 1.0 2.0 2.0 3.0 3.0 10.0 10.0 0 0.0 0 0.0 5.674504383644441 0.0 0.0 0 0 0.0 0.0 0.0 0.0 0.0 0.0 0.0 0.0 0.0 0.0 0.0 0.0 0.0 0.0 0.0 0.0 1 20.0 0.0 0.0 20.0 20.0 20.0 20.0 20.0 44.0 44.0 0.0 0.0 0.0 0.0 44.0 0.0 44.0 0.0 44.0 0.0 44.0 0.0 44.0 0.0
62 20 1 13.528176700000586 32.807670700000926 0.0 46.33584740000151 67.17858290000254 67.17858290000254 67.17858290000254 872.75390625 886.6015625 73 73 1.0 0 44 44 False 0 0 False 1.6590909090909092 1.6590909090909092 1.0102539818394234 1.0102539818394234 0.6089202082319812 0.6089202082319812 1.0 1.0 1.0 1.0 1.0 1.0 2.0 2.0 6.0 6.0 0 0.0 0 0.0 2.9682810090623692 0.0 0.0 0 0 0.0 0.0 0.0 0.0 0.0 0.0 0.0 0.0 0.0 0.0 0.0 0.0 0.0 0.0 0.0 0.0 1 44.0 0.0 0.0 44.0 44.0 44.0 44.0 44.0 73.0 73.0 0.0 0.0 0.0 0.0 73.0 0.0 73.0 0.0 73.0 0.0 73.0 0.0 73.0 0.0
63 21 3 1.1283264999995026 1.2360387999992781 0.0 2.3643652999987808 2.3643652999987808 2.3643652999987808 2.3643652999987808 765.6953125 760.94140625 20 20 1.0 20 1 0 False 0 0 False 1.0 1.0 0.0 0.0 0.0 0.0 0.0 0.0 0.0 0.0 0.0 0.0 0.0 0.0 0.0 0.0 0 0.0 0 0.0 0.0 0.0 0.0 0 0 0.0 0.0 0.0 0.0 0.0 0.0 0.0 0.0 0.0 0.0 0.0 0.0 0.0 0.0 0.0 0.0 1 1.0 0.0 0.0 0.0 0.0 0.0 0.0 0.0 1.0 1.0 0.0 0.0 0.0 0.0 0.0 0.0 0.0 0.0 0.0 0.0 0.0 0.0 0.0 0.0
64 21 2 4.448182999999972 4.481013300000086 0.0 8.929196300000058 11.293561599998839 11.293561599998839 11.293561599998839 800.46875 802.94140625 42 42 1.0 42 20 20 False 0 0 False 2.1 2.1 2.2219005615155596 2.2219005615155596 1.0580478864359808 1.0580478864359808 1.0 1.0 1.0 1.0 1.0 1.0 2.0 2.0 10.0 10.0 0 0.0 0 0.0 8.007808689023483 0.0 0.0 0 0 0.0 0.0 0.0 0.0 0.0 0.0 0.0 0.0 0.0 0.0 0.0 0.0 0.0 0.0 0.0 0.0 1 20.0 0.0 0.0 20.0 20.0 20.0 20.0 20.0 42.0 42.0 0.0 0.0 0.0 0.0 42.0 0.0 42.0 0.0 42.0 0.0 42.0 0.0 42.0 0.0
65 21 1 12.264569400000028 28.22489729999893 0.0 40.48946669999896 51.783028299997795 51.783028299997795 51.783028299997795 878.9921875 893.109375 69 69 1.0 0 42 42 False 0 0 False 1.6428571428571428 1.6428571428571428 1.0551020889555982 1.0551020889555982 0.6422360541468859 0.6422360541468859 1.0 1.0 1.0 1.0 1.0 1.0 2.0 2.0 6.0 6.0 0 0.0 0 0.0 2.868874723104994 0.0 0.0 0 0 0.0 0.0 0.0 0.0 0.0 0.0 0.0 0.0 0.0 0.0 0.0 0.0 0.0 0.0 0.0 0.0 1 42.0 0.0 0.0 42.0 42.0 42.0 42.0 42.0 69.0 69.0 0.0 0.0 0.0 0.0 69.0 0.0 69.0 0.0 69.0 0.0 69.0 0.0 69.0 0.0
66 22 3 1.132272400000602 0.6263063999997485 0.0 1.7585788000003504 1.7585788000003504 1.7585788000003504 1.7585788000003504 781.54296875 775.4140625 20 20 1.0 20 1 0 False 0 0 False 1.0 1.0 0.0 0.0 0.0 0.0 0.0 0.0 0.0 0.0 0.0 0.0 0.0 0.0 0.0 0.0 0 0.0 0 0.0 0.0 0.0 0.0 0 0 0.0 0.0 0.0 0.0 0.0 0.0 0.0 0.0 0.0 0.0 0.0 0.0 0.0 0.0 0.0 0.0 1 1.0 0.0 0.0 0.0 0.0 0.0 0.0 0.0 1.0 1.0 0.0 0.0 0.0 0.0 0.0 0.0 0.0 0.0 0.0 0.0 0.0 0.0 0.0 0.0
67 22 2 4.748341599999094 15.533317300000363 0.0 20.281658899999456 22.040237699999807 22.040237699999807 22.040237699999807 817.86328125 818.4921875 44 44 1.0 44 20 20 False 0 0 False 2.2 2.2 2.015727634065883 2.015727634065883 0.9162398336663103 0.9162398336663103 1.0 1.0 1.0 1.0 2.0 2.0 3.0 3.0 10.0 10.0 0 0.0 0 0.0 5.8651513194460705 0.0 0.0 0 0 0.0 0.0 0.0 0.0 0.0 0.0 0.0 0.0 0.0 0.0 0.0 0.0 0.0 0.0 0.0 0.0 1 20.0 0.0 0.0 20.0 20.0 20.0 20.0 20.0 44.0 44.0 0.0 0.0 0.0 0.0 44.0 0.0 44.0 0.0 44.0 0.0 44.0 0.0 44.0 0.0
68 22 1 13.498959800000875 52.845464699999184 0.0 66.34442450000006 88.38466219999987 88.38466219999987 88.38466219999987 900.609375 913.14453125 73 73 1.0 0 44 44 False 0 0 False 1.6590909090909092 1.6590909090909092 0.9631146619216513 0.9631146619216513 0.5805074674596254 0.5805074674596254 1.0 1.0 1.0 1.0 1.0 1.0 2.0 2.0 6.0 6.0 0 0.0 0 0.0 2.971759294725115 0.0 0.0 0 0 0.0 0.0 0.0 0.0 0.0 0.0 0.0 0.0 0.0 0.0 0.0 0.0 0.0 0.0 0.0 0.0 1 44.0 0.0 0.0 44.0 44.0 44.0 44.0 44.0 73.0 73.0 0.0 0.0 0.0 0.0 73.0 0.0 73.0 0.0 73.0 0.0 73.0 0.0 73.0 0.0
69 23 3 1.1335898999998335 1.1350587000001724 0.0 2.268648600000006 2.268648600000006 2.268648600000006 2.268648600000006 794.78125 788.83203125 20 20 1.0 20 1 0 False 0 0 False 1.0 1.0 0.0 0.0 0.0 0.0 0.0 0.0 0.0 0.0 0.0 0.0 0.0 0.0 0.0 0.0 0 0.0 0 0.0 0.0 0.0 0.0 0 0 0.0 0.0 0.0 0.0 0.0 0.0 0.0 0.0 0.0 0.0 0.0 0.0 0.0 0.0 0.0 0.0 1 1.0 0.0 0.0 0.0 0.0 0.0 0.0 0.0 1.0 1.0 0.0 0.0 0.0 0.0 0.0 0.0 0.0 0.0 0.0 0.0 0.0 0.0 0.0 0.0
70 23 2 4.7463958000003 7.8315853000001425 0.0 12.577981100000443 14.846629700000449 14.846629700000449 14.846629700000449 830.60546875 831.171875 44 44 1.0 44 20 20 False 0 0 False 2.2 2.2 2.067289096988207 2.067289096988207 0.9396768622673667 0.9396768622673667 1.0 1.0 1.0 1.0 1.5 1.5 3.0 3.0 10.0 10.0 0 0.0 0 0.0 5.326349594234309 0.0 0.0 0 0 0.0 0.0 0.0 0.0 0.0 0.0 0.0 0.0 0.0 0.0 0.0 0.0 0.0 0.0 0.0 0.0 1 20.0 0.0 0.0 20.0 20.0 20.0 20.0 20.0 44.0 44.0 0.0 0.0 0.0 0.0 44.0 0.0 44.0 0.0 44.0 0.0 44.0 0.0 44.0 0.0
71 23 1 12.912962399998605 37.40682249999895 0.0 50.31978489999756 65.166414599998 65.166414599998 65.166414599998 909.015625 920.69921875 71 71 1.0 0 44 44 False 0 0 False 1.6136363636363635 1.6136363636363635 0.9453905084834814 0.9453905084834814 0.5858758080742702 0.5858758080742702 1.0 1.0 1.0 1.0 1.0 1.0 2.0 2.0 6.0 6.0 0 0.0 0 0.0 2.436751580375566 0.0 0.0 0 0 0.0 0.0 0.0 0.0 0.0 0.0 0.0 0.0 0.0 0.0 0.0 0.0 0.0 0.0 0.0 0.0 1 44.0 0.0 0.0 44.0 44.0 44.0 44.0 44.0 71.0 71.0 0.0 0.0 0.0 0.0 71.0 0.0 71.0 0.0 71.0 0.0 71.0 0.0 71.0 0.0
72 24 3 1.1299301999993077 1.0702797999997529 0.0 2.2002099999990605 2.2002099999990605 2.2002099999990605 2.2002099999990605 806.71484375 800.72265625 20 20 1.0 20 1 0 False 0 0 False 1.0 1.0 0.0 0.0 0.0 0.0 0.0 0.0 0.0 0.0 0.0 0.0 0.0 0.0 0.0 0.0 0 0.0 0 0.0 0.0 0.0 0.0 0 0 0.0 0.0 0.0 0.0 0.0 0.0 0.0 0.0 0.0 0.0 0.0 0.0 0.0 0.0 0.0 0.0 1 1.0 0.0 0.0 0.0 0.0 0.0 0.0 0.0 1.0 1.0 0.0 0.0 0.0 0.0 0.0 0.0 0.0 0.0 0.0 0.0 0.0 0.0 0.0 0.0
73 24 2 4.757746899999802 9.968859599999632 0.0 14.726606499999434 16.926816499998495 16.926816499998495 16.926816499998495 843.07421875 843.55078125 44 44 1.0 44 20 20 False 0 0 False 2.2 2.2 2.142305693455191 2.142305693455191 0.9737753152069049 0.9737753152069049 1.0 1.0 1.0 1.0 1.5 1.5 2.0 2.0 10.0 10.0 0 0.0 0 0.0 5.265928218272633 0.0 0.0 0 0 0.0 0.0 0.0 0.0 0.0 0.0 0.0 0.0 0.0 0.0 0.0 0.0 0.0 0.0 0.0 0.0 1 20.0 0.0 0.0 20.0 20.0 20.0 20.0 20.0 44.0 44.0 0.0 0.0 0.0 0.0 44.0 0.0 44.0 0.0 44.0 0.0 44.0 0.0 44.0 0.0
74 24 1 13.49597330000006 52.50387809999938 0.0 65.99985139999944 82.92666789999794 82.92666789999794 82.92666789999794 923.60546875 933.8203125 73 73 1.0 0 44 44 False 0 0 False 1.6590909090909092 1.6590909090909092 1.0102539818394234 1.0102539818394234 0.6089202082319812 0.6089202082319812 1.0 1.0 1.0 1.0 1.0 1.0 2.0 2.0 6.0 6.0 0 0.0 0 0.0 3.678414532250867 0.0 0.0 0 0 0.0 0.0 0.0 0.0 0.0 0.0 0.0 0.0 0.0 0.0 0.0 0.0 0.0 0.0 0.0 0.0 1 44.0 0.0 0.0 44.0 44.0 44.0 44.0 44.0 73.0 73.0 0.0 0.0 0.0 0.0 73.0 0.0 73.0 0.0 73.0 0.0 73.0 0.0 73.0 0.0
