 RU AL GT ST OT TT LT CT WT RSS VMS LE AC CF PSG SIZE SGLITS_T HAS_TRAILING TOT_CHOICES PRE_CHOICES FGOALS_ORDER CP_EF_L CP_EF_A SP_ED_L SP_ED_A SP_EB_L SP_EB_A SP_MIN_L SP_MIN_A SP_LOWER_L SP_LOWER_A SP_MED_L SP_MED_A SP_UPPER_L SP_UPPER_A SP_MAX_L SP_MAX_A T_INTER_SP P_INTER_SP T_INTER_Q P_INTER_Q M_CHILD_SPREAD DIV_INDEX_SPREAD DIV_STEP_SPREAD DIVS_T DS_T DS_TD_MEAN DS_TD_STD DS_TD_CD DS_TD_MIN DS_TD_LOWER DS_TD_MED DS_TD_UPPER DS_TD_MAX DS_TS_MEAN DS_TS_STD DS_TS_CD DS_TS_MIN DS_TS_LOWER DS_TS_MED DS_TS_UPPER DS_TS_MAX PR_T PR_TS_MEAN PR_TS_STD PR_TS_CD PR_TS_MIN PR_TS_LOWER PR_TS_MED PR_TS_UPPER PR_TS_MAX PP_LE_MEAN PP_AC_MEAN PP_LE_STD PP_AC_STD PP_LE_CD PP_AC_CD PP_LE_MIN PP_AC_MIN PP_LE_LOWER PP_AC_LOWER PP_LE_MED PP_AC_MED PP_LE_UPPER PP_AC_UPPER PP_LE_MAX PP_AC_MAX
0 0 3 1.041079899999989 0.4315876000000216 0.0 1.4726675000000107 1.4726675000000107 1.4726675000000107 1.4726675000000107 232.9375 223.6875 18 18 1.0 18 1 0 False 0 0 False 1.0 1.0 0.0 0.0 0.0 0.0 0.0 0.0 0.0 0.0 0.0 0.0 0.0 0.0 0.0 0.0 0 0.0 0 0.0 0.0 0.0 0.0 0 0 0.0 0.0 0.0 0.0 0.0 0.0 0.0 0.0 0.0 0.0 0.0 0.0 0.0 0.0 0.0 0.0 1 1.0 0.0 0.0 0.0 0.0 0.0 0.0 0.0 1.0 1.0 0.0 0.0 0.0 0.0 0.0 0.0 0.0 0.0 0.0 0.0 0.0 0.0 0.0 0.0
1 0 2 2.28337419999999 0.42562860000001024 0.0 2.7090028000000004 4.181670300000011 4.181670300000011 4.181670300000011 268.47265625 264.28515625 26 26 1.0 26 18 18 False 0 0 False 1.4444444444444444 1.4444444444444444 0.7047921864945659 0.7047921864945659 0.4879330521885456 0.4879330521885456 1.0 1.0 1.0 1.0 1.0 1.0 2.0 2.0 3.0 3.0 0 0.0 0 0.0 3.170400657522344 0.0 0.0 0 0 0.0 0.0 0.0 0.0 0.0 0.0 0.0 0.0 0.0 0.0 0.0 0.0 0.0 0.0 0.0 0.0 1 18.0 0.0 0.0 18.0 18.0 18.0 18.0 18.0 26.0 26.0 0.0 0.0 0.0 0.0 26.0 0.0 26.0 0.0 26.0 0.0 26.0 0.0 26.0 0.0
2 0 1 5.273997099999953 2.0228070000000002 0.0 7.296804099999953 11.478474399999964 11.478474399999964 11.478474399999964 335.16796875 342.328125 39 39 1.0 0 26 26 False 0 0 False 1.5 1.5 0.648074069840786 0.648074069840786 0.43204937989385733 0.43204937989385733 1.0 1.0 1.0 1.0 1.0 1.0 2.0 2.0 3.0 3.0 0 0.0 0 0.0 2.040456208415544 0.0 0.0 0 0 0.0 0.0 0.0 0.0 0.0 0.0 0.0 0.0 0.0 0.0 0.0 0.0 0.0 0.0 0.0 0.0 1 26.0 0.0 0.0 26.0 26.0 26.0 26.0 26.0 39.0 39.0 0.0 0.0 0.0 0.0 39.0 0.0 39.0 0.0 39.0 0.0 39.0 0.0 39.0 0.0
3 1 3 1.0051276000000087 0.3841997999999762 0.0 1.389327399999985 1.389327399999985 1.389327399999985 1.389327399999985 238.18359375 230.51171875 18 18 1.0 18 1 0 False 0 0 False 1.0 1.0 0.0 0.0 0.0 0.0 0.0 0.0 0.0 0.0 0.0 0.0 0.0 0.0 0.0 0.0 0 0.0 0 0.0 0.0 0.0 0.0 0 0 0.0 0.0 0.0 0.0 0.0 0.0 0.0 0.0 0.0 0.0 0.0 0.0 0.0 0.0 0.0 0.0 1 1.0 0.0 0.0 0.0 0.0 0.0 0.0 0.0 1.0 1.0 0.0 0.0 0.0 0.0 0.0 0.0 0.0 0.0 0.0 0.0 0.0 0.0 0.0 0.0
4 1 2 2.2765778999999995 0.4191586999999899 0.0 2.6957365999999894 4.085063999999974 4.085063999999974 4.085063999999974 270.59375 265.22265625 26 26 1.0 26 18 18 False 0 0 False 1.4444444444444444 1.4444444444444444 0.8555852638929972 0.8555852638929972 0.5923282596182288 0.5923282596182288 1.0 1.0 1.0 1.0 1.0 1.0 1.75 1.75 4.0 4.0 0 0.0 0 0.0 3.1965773877515895 0.0 0.0 0 0 0.0 0.0 0.0 0.0 0.0 0.0 0.0 0.0 0.0 0.0 0.0 0.0 0.0 0.0 0.0 0.0 1 18.0 0.0 0.0 18.0 18.0 18.0 18.0 18.0 26.0 26.0 0.0 0.0 0.0 0.0 26.0 0.0 26.0 0.0 26.0 0.0 26.0 0.0 26.0 0.0
5 1 1 5.3080195 2.4461823999999766 0.0 7.754201899999977 11.839265899999951 11.839265899999951 11.839265899999951 341.0703125 348.890625 39 39 1.0 0 26 26 False 0 0 False 1.5 1.5 1.0295630140987 1.0295630140987 0.6863753427324667 0.6863753427324667 1.0 1.0 1.0 1.0 1.0 1.0 1.75 1.75 5.0 5.0 0 0.0 0 0.0 3.2180381027528604 0.0 0.0 0 0 0.0 0.0 0.0 0.0 0.0 0.0 0.0 0.0 0.0 0.0 0.0 0.0 0.0 0.0 0.0 0.0 1 26.0 0.0 0.0 26.0 26.0 26.0 26.0 26.0 39.0 39.0 0.0 0.0 0.0 0.0 39.0 0.0 39.0 0.0 39.0 0.0 39.0 0.0 39.0 0.0
6 2 3 1.0116239000000178 0.4609237999999891 0.0 1.472547700000007 1.472547700000007 1.472547700000007 1.472547700000007 248.1640625 240.90234375 18 18 1.0 18 1 0 False 0 0 False 1.0 1.0 0.0 0.0 0.0 0.0 0.0 0.0 0.0 0.0 0.0 0.0 0.0 0.0 0.0 0.0 0 0.0 0 0.0 0.0 0.0 0.0 0 0 0.0 0.0 0.0 0.0 0.0 0.0 0.0 0.0 0.0 0.0 0.0 0.0 0.0 0.0 0.0 0.0 1 1.0 0.0 0.0 0.0 0.0 0.0 0.0 0.0 1.0 1.0 0.0 0.0 0.0 0.0 0.0 0.0 0.0 0.0 0.0 0.0 0.0 0.0 0.0 0.0
7 2 2 2.2830819000000204 0.4587514999999982 0.0 2.7418334000000186 4.2143811000000255 4.2143811000000255 4.2143811000000255 291.6796875 288.859375 26 26 1.0 26 18 18 False 0 0 False 1.4444444444444444 1.4444444444444444 0.7838233761296739 0.7838233761296739 0.5426469527051588 0.5426469527051588 1.0 1.0 1.0 1.0 1.0 1.0 1.75 1.75 3.0 3.0 0 0.0 0 0.0 3.234014183120649 0.0 0.0 0 0 0.0 0.0 0.0 0.0 0.0 0.0 0.0 0.0 0.0 0.0 0.0 0.0 0.0 0.0 0.0 0.0 1 18.0 0.0 0.0 18.0 18.0 18.0 18.0 18.0 26.0 26.0 0.0 0.0 0.0 0.0 26.0 0.0 26.0 0.0 26.0 0.0 26.0 0.0 26.0 0.0
8 2 1 5.285088999999928 2.0023934000000168 0.0 7.287482399999945 11.50186349999997 11.50186349999997 11.50186349999997 351.6640625 358.51953125 39 39 1.0 0 26 26 False 0 0 False 1.5 1.5 0.5830951894845301 0.5830951894845301 0.38873012632302006 0.38873012632302006 1.0 1.0 1.0 1.0 1.0 1.0 2.0 2.0 3.0 3.0 0 0.0 0 0.0 1.7012438888151131 0.0 0.0 0 0 0.0 0.0 0.0 0.0 0.0 0.0 0.0 0.0 0.0 0.0 0.0 0.0 0.0 0.0 0.0 0.0 1 26.0 0.0 0.0 26.0 26.0 26.0 26.0 26.0 39.0 39.0 0.0 0.0 0.0 0.0 39.0 0.0 39.0 0.0 39.0 0.0 39.0 0.0 39.0 0.0
9 3 3 1.0069513000000256 0.4474792999999977 0.0 1.4544306000000233 1.4544306000000233 1.4544306000000233 1.4544306000000233 258.0625 251.1796875 18 18 1.0 18 1 0 False 0 0 False 1.0 1.0 0.0 0.0 0.0 0.0 0.0 0.0 0.0 0.0 0.0 0.0 0.0 0.0 0.0 0.0 0 0.0 0 0.0 0.0 0.0 0.0 0 0 0.0 0.0 0.0 0.0 0.0 0.0 0.0 0.0 0.0 0.0 0.0 0.0 0.0 0.0 0.0 0.0 1 1.0 0.0 0.0 0.0 0.0 0.0 0.0 0.0 1.0 1.0 0.0 0.0 0.0 0.0 0.0 0.0 0.0 0.0 0.0 0.0 0.0 0.0 0.0 0.0
10 3 2 2.276290200000034 0.394100899999998 0.0 2.6703911000000318 4.124821700000055 4.124821700000055 4.124821700000055 301.78515625 298.37109375 26 26 1.0 26 18 18 False 0 0 False 1.4444444444444444 1.4444444444444444 1.0416176459053668 1.0416176459053668 0.7211199087037155 0.7211199087037155 1.0 1.0 1.0 1.0 1.0 1.0 1.0 1.0 5.0 5.0 0 0.0 0 0.0 3.4177580310559934 0.0 0.0 0 0 0.0 0.0 0.0 0.0 0.0 0.0 0.0 0.0 0.0 0.0 0.0 0.0 0.0 0.0 0.0 0.0 1 18.0 0.0 0.0 18.0 18.0 18.0 18.0 18.0 26.0 26.0 0.0 0.0 0.0 0.0 26.0 0.0 26.0 0.0 26.0 0.0 26.0 0.0 26.0 0.0
11 3 1 5.292294699999971 2.2260965999999627 0.0 7.518391299999934 11.643212999999989 11.643212999999989 11.643212999999989 360.88671875 367.78515625 39 39 1.0 0 26 26 False 0 0 False 1.5 1.5 0.7071067811865476 0.7071067811865476 0.47140452079103173 0.47140452079103173 1.0 1.0 1.0 1.0 1.0 1.0 2.0 2.0 4.0 4.0 0 0.0 0 0.0 2.395909976477542 0.0 0.0 0 0 0.0 0.0 0.0 0.0 0.0 0.0 0.0 0.0 0.0 0.0 0.0 0.0 0.0 0.0 0.0 0.0 1 26.0 0.0 0.0 26.0 26.0 26.0 26.0 26.0 39.0 39.0 0.0 0.0 0.0 0.0 39.0 0.0 39.0 0.0 39.0 0.0 39.0 0.0 39.0 0.0
12 4 3 1.0069471999999706 0.40717689999995343 0.0 1.414124099999924 1.414124099999924 1.414124099999924 1.414124099999924 309.859375 299.8203125 18 18 1.0 18 1 0 False 0 0 False 1.0 1.0 0.0 0.0 0.0 0.0 0.0 0.0 0.0 0.0 0.0 0.0 0.0 0.0 0.0 0.0 0 0.0 0 0.0 0.0 0.0 0.0 0 0 0.0 0.0 0.0 0.0 0.0 0.0 0.0 0.0 0.0 0.0 0.0 0.0 0.0 0.0 0.0 0.0 1 1.0 0.0 0.0 0.0 0.0 0.0 0.0 0.0 1.0 1.0 0.0 0.0 0.0 0.0 0.0 0.0 0.0 0.0 0.0 0.0 0.0 0.0 0.0 0.0
13 4 2 2.283896300000009 0.40784899999995616 0.0 2.6917452999999654 4.105869399999889 4.105869399999889 4.105869399999889 327.55078125 320.5078125 26 26 1.0 26 18 18 False 0 0 False 1.4444444444444444 1.4444444444444444 0.7047921864945659 0.7047921864945659 0.4879330521885456 0.4879330521885456 1.0 1.0 1.0 1.0 1.0 1.0 2.0 2.0 3.0 3.0 0 0.0 0 0.0 3.1420420085573486 0.0 0.0 0 0 0.0 0.0 0.0 0.0 0.0 0.0 0.0 0.0 0.0 0.0 0.0 0.0 0.0 0.0 0.0 0.0 1 18.0 0.0 0.0 18.0 18.0 18.0 18.0 18.0 26.0 26.0 0.0 0.0 0.0 0.0 26.0 0.0 26.0 0.0 26.0 0.0 26.0 0.0 26.0 0.0
14 4 1 5.294650499999989 2.6425337000000297 0.0 7.937184200000019 12.043053599999908 12.043053599999908 12.043053599999908 371.55859375 378.8671875 39 39 1.0 0 26 26 False 0 0 False 1.5 1.5 0.648074069840786 0.648074069840786 0.43204937989385733 0.43204937989385733 1.0 1.0 1.0 1.0 1.0 1.0 2.0 2.0 3.0 3.0 0 0.0 0 0.0 2.2553355540891165 0.0 0.0 0 0 0.0 0.0 0.0 0.0 0.0 0.0 0.0 0.0 0.0 0.0 0.0 0.0 0.0 0.0 0.0 0.0 1 26.0 0.0 0.0 26.0 26.0 26.0 26.0 26.0 39.0 39.0 0.0 0.0 0.0 0.0 39.0 0.0 39.0 0.0 39.0 0.0 39.0 0.0 39.0 0.0
15 5 3 1.0072131000000297 0.3359718999999899 0.0 1.3431850000000196 1.3431850000000196 1.3431850000000196 1.3431850000000196 322.17578125 312.453125 18 18 1.0 18 1 0 False 0 0 False 1.0 1.0 0.0 0.0 0.0 0.0 0.0 0.0 0.0 0.0 0.0 0.0 0.0 0.0 0.0 0.0 0 0.0 0 0.0 0.0 0.0 0.0 0 0 0.0 0.0 0.0 0.0 0.0 0.0 0.0 0.0 0.0 0.0 0.0 0.0 0.0 0.0 0.0 0.0 1 1.0 0.0 0.0 0.0 0.0 0.0 0.0 0.0 1.0 1.0 0.0 0.0 0.0 0.0 0.0 0.0 0.0 0.0 0.0 0.0 0.0 0.0 0.0 0.0
16 5 2 2.294785900000022 0.37873570000003554 0.0 2.6735216000000577 4.016706600000077 4.016706600000077 4.016706600000077 338.1640625 331.25390625 26 26 1.0 26 18 18 False 0 0 False 1.4444444444444444 1.4444444444444444 1.0416176459053668 1.0416176459053668 0.7211199087037155 0.7211199087037155 1.0 1.0 1.0 1.0 1.0 1.0 1.0 1.0 5.0 5.0 0 0.0 0 0.0 3.4177580310559934 0.0 0.0 0 0 0.0 0.0 0.0 0.0 0.0 0.0 0.0 0.0 0.0 0.0 0.0 0.0 0.0 0.0 0.0 0.0 1 18.0 0.0 0.0 18.0 18.0 18.0 18.0 18.0 26.0 26.0 0.0 0.0 0.0 0.0 26.0 0.0 26.0 0.0 26.0 0.0 26.0 0.0 26.0 0.0
17 5 1 5.276981600000013 1.752682299999961 0.0 7.029663899999974 11.046370500000052 11.046370500000052 11.046370500000052 381.1171875 388.05859375 39 39 1.0 0 26 26 False 0 0 False 1.5 1.5 0.7615773105863908 0.7615773105863908 0.5077182070575939 0.5077182070575939 1.0 1.0 1.0 1.0 1.0 1.0 2.0 2.0 4.0 4.0 0 0.0 0 0.0 2.75436716171582 0.0 0.0 0 0 0.0 0.0 0.0 0.0 0.0 0.0 0.0 0.0 0.0 0.0 0.0 0.0 0.0 0.0 0.0 0.0 1 26.0 0.0 0.0 26.0 26.0 26.0 26.0 26.0 39.0 39.0 0.0 0.0 0.0 0.0 39.0 0.0 39.0 0.0 39.0 0.0 39.0 0.0 39.0 0.0
18 6 3 1.0111351000000184 0.34521009999998853 0.0 1.356345200000007 1.356345200000007 1.356345200000007 1.356345200000007 334.8203125 324.9765625 18 18 1.0 18 1 0 False 0 0 False 1.0 1.0 0.0 0.0 0.0 0.0 0.0 0.0 0.0 0.0 0.0 0.0 0.0 0.0 0.0 0.0 0 0.0 0 0.0 0.0 0.0 0.0 0 0 0.0 0.0 0.0 0.0 0.0 0.0 0.0 0.0 0.0 0.0 0.0 0.0 0.0 0.0 0.0 0.0 1 1.0 0.0 0.0 0.0 0.0 0.0 0.0 0.0 1.0 1.0 0.0 0.0 0.0 0.0 0.0 0.0 0.0 0.0 0.0 0.0 0.0 0.0 0.0 0.0
19 6 2 2.2811963000000617 0.4039912000000214 0.0 2.685187500000083 4.04153270000009 4.04153270000009 4.04153270000009 350.44921875 343.71875 26 26 1.0 26 18 18 False 0 0 False 1.4444444444444444 1.4444444444444444 0.7838233761296739 0.7838233761296739 0.5426469527051588 0.5426469527051588 1.0 1.0 1.0 1.0 1.0 1.0 1.75 1.75 3.0 3.0 0 0.0 0 0.0 3.234014183120649 0.0 0.0 0 0 0.0 0.0 0.0 0.0 0.0 0.0 0.0 0.0 0.0 0.0 0.0 0.0 0.0 0.0 0.0 0.0 1 18.0 0.0 0.0 18.0 18.0 18.0 18.0 18.0 26.0 26.0 0.0 0.0 0.0 0.0 26.0 0.0 26.0 0.0 26.0 0.0 26.0 0.0 26.0 0.0
20 6 1 5.279741000000058 2.624145100000007 0.0 7.903886100000065 11.945418800000155 11.945418800000155 11.945418800000155 391.0390625 397.53515625 39 39 1.0 0 26 26 False 0 0 False 1.5 1.5 0.812403840463596 0.812403840463596 0.5416025603090641 0.5416025603090641 1.0 1.0 1.0 1.0 1.0 1.0 2.0 2.0 4.0 4.0 0 0.0 0 0.0 2.4826319780550516 0.0 0.0 0 0 0.0 0.0 0.0 0.0 0.0 0.0 0.0 0.0 0.0 0.0 0.0 0.0 0.0 0.0 0.0 0.0 1 26.0 0.0 0.0 26.0 26.0 26.0 26.0 26.0 39.0 39.0 0.0 0.0 0.0 0.0 39.0 0.0 39.0 0.0 39.0 0.0 39.0 0.0 39.0 0.0
21 7 3 1.016312499999941 0.4399090000000285 0.0 1.4562214999999696 1.4562214999999696 1.4562214999999696 1.4562214999999696 344.26171875 334.01171875 18 18 1.0 18 1 0 False 0 0 False 1.0 1.0 0.0 0.0 0.0 0.0 0.0 0.0 0.0 0.0 0.0 0.0 0.0 0.0 0.0 0.0 0 0.0 0 0.0 0.0 0.0 0.0 0 0 0.0 0.0 0.0 0.0 0.0 0.0 0.0 0.0 0.0 0.0 0.0 0.0 0.0 0.0 0.0 0.0 1 1.0 0.0 0.0 0.0 0.0 0.0 0.0 0.0 1.0 1.0 0.0 0.0 0.0 0.0 0.0 0.0 0.0 0.0 0.0 0.0 0.0 0.0 0.0 0.0
22 7 2 2.281949799999893 0.3966361000000802 0.0 2.678585899999973 4.134807399999943 4.134807399999943 4.134807399999943 359.59765625 352.421875 26 26 1.0 26 18 18 False 0 0 False 1.4444444444444444 1.4444444444444444 1.0416176459053668 1.0416176459053668 0.7211199087037155 0.7211199087037155 1.0 1.0 1.0 1.0 1.0 1.0 1.0 1.0 5.0 5.0 0 0.0 0 0.0 3.4177580310559934 0.0 0.0 0 0 0.0 0.0 0.0 0.0 0.0 0.0 0.0 0.0 0.0 0.0 0.0 0.0 0.0 0.0 0.0 0.0 1 18.0 0.0 0.0 18.0 18.0 18.0 18.0 18.0 26.0 26.0 0.0 0.0 0.0 0.0 26.0 0.0 26.0 0.0 26.0 0.0 26.0 0.0 26.0 0.0
23 7 1 5.276040100000074 2.4261869999999703 0.0 7.702227100000044 11.837034499999987 11.837034499999987 11.837034499999987 400.48046875 407.203125 39 39 1.0 0 26 26 False 0 0 False 1.5 1.5 0.812403840463596 0.812403840463596 0.5416025603090641 0.5416025603090641 1.0 1.0 1.0 1.0 1.0 1.0 2.0 2.0 4.0 4.0 0 0.0 0 0.0 2.719233489281634 0.0 0.0 0 0 0.0 0.0 0.0 0.0 0.0 0.0 0.0 0.0 0.0 0.0 0.0 0.0 0.0 0.0 0.0 0.0 1 26.0 0.0 0.0 26.0 26.0 26.0 26.0 26.0 39.0 39.0 0.0 0.0 0.0 0.0 39.0 0.0 39.0 0.0 39.0 0.0 39.0 0.0 39.0 0.0
24 8 3 1.0145196000000851 0.48235859999996933 0.0 1.4968782000000544 1.4968782000000544 1.4968782000000544 1.4968782000000544 326.53125 323.7890625 18 18 1.0 18 1 0 False 0 0 False 1.0 1.0 0.0 0.0 0.0 0.0 0.0 0.0 0.0 0.0 0.0 0.0 0.0 0.0 0.0 0.0 0 0.0 0 0.0 0.0 0.0 0.0 0 0 0.0 0.0 0.0 0.0 0.0 0.0 0.0 0.0 0.0 0.0 0.0 0.0 0.0 0.0 0.0 0.0 1 1.0 0.0 0.0 0.0 0.0 0.0 0.0 0.0 1.0 1.0 0.0 0.0 0.0 0.0 0.0 0.0 0.0 0.0 0.0 0.0 0.0 0.0 0.0 0.0
25 8 2 2.2877698000000066 0.4342799999999727 0.0 2.7220497999999793 4.218928000000034 4.218928000000034 4.218928000000034 353.1640625 349.14453125 26 26 1.0 26 18 18 False 0 0 False 1.4444444444444444 1.4444444444444444 0.9835244081556433 0.9835244081556433 0.6809015133385223 0.6809015133385223 1.0 1.0 1.0 1.0 1.0 1.0 1.75 1.75 5.0 5.0 0 0.0 0 0.0 3.3308632823580915 0.0 0.0 0 0 0.0 0.0 0.0 0.0 0.0 0.0 0.0 0.0 0.0 0.0 0.0 0.0 0.0 0.0 0.0 0.0 1 18.0 0.0 0.0 18.0 18.0 18.0 18.0 18.0 26.0 26.0 0.0 0.0 0.0 0.0 26.0 0.0 26.0 0.0 26.0 0.0 26.0 0.0 26.0 0.0
26 8 1 5.292312800000019 2.173226899999918 0.0 7.465539699999937 11.68446769999997 11.68446769999997 11.68446769999997 409.88671875 417.75390625 39 39 1.0 0 26 26 False 0 0 False 1.5 1.5 0.648074069840786 0.648074069840786 0.43204937989385733 0.43204937989385733 1.0 1.0 1.0 1.0 1.0 1.0 2.0 2.0 3.0 3.0 0 0.0 0 0.0 2.3635859327594715 0.0 0.0 0 0 0.0 0.0 0.0 0.0 0.0 0.0 0.0 0.0 0.0 0.0 0.0 0.0 0.0 0.0 0.0 0.0 1 26.0 0.0 0.0 26.0 26.0 26.0 26.0 26.0 39.0 39.0 0.0 0.0 0.0 0.0 39.0 0.0 39.0 0.0 39.0 0.0 39.0 0.0 39.0 0.0
27 9 3 1.015046500000011 0.3728407999999206 0.0 1.3878872999999317 1.3878872999999317 1.3878872999999317 1.3878872999999317 364.05078125 354.5703125 18 18 1.0 18 1 0 False 0 0 False 1.0 1.0 0.0 0.0 0.0 0.0 0.0 0.0 0.0 0.0 0.0 0.0 0.0 0.0 0.0 0.0 0 0.0 0 0.0 0.0 0.0 0.0 0 0 0.0 0.0 0.0 0.0 0.0 0.0 0.0 0.0 0.0 0.0 0.0 0.0 0.0 0.0 0.0 0.0 1 1.0 0.0 0.0 0.0 0.0 0.0 0.0 0.0 1.0 1.0 0.0 0.0 0.0 0.0 0.0 0.0 0.0 0.0 0.0 0.0 0.0 0.0 0.0 0.0
28 9 2 2.28921280000003 0.4056463000000292 0.0 2.694859100000059 4.082746399999991 4.082746399999991 4.082746399999991 382.98828125 376.61328125 26 26 1.0 26 18 18 False 0 0 False 1.4444444444444444 1.4444444444444444 0.8555852638929972 0.8555852638929972 0.5923282596182288 0.5923282596182288 1.0 1.0 1.0 1.0 1.0 1.0 1.75 1.75 4.0 4.0 0 0.0 0 0.0 3.1965773877515895 0.0 0.0 0 0 0.0 0.0 0.0 0.0 0.0 0.0 0.0 0.0 0.0 0.0 0.0 0.0 0.0 0.0 0.0 0.0 1 18.0 0.0 0.0 18.0 18.0 18.0 18.0 18.0 26.0 26.0 0.0 0.0 0.0 0.0 26.0 0.0 26.0 0.0 26.0 0.0 26.0 0.0 26.0 0.0
29 9 1 5.275083600000016 2.625164000000126 0.0 7.900247600000142 11.982994000000133 11.982994000000133 11.982994000000133 421.9453125 428.37890625 39 39 1.0 0 26 26 False 0 0 False 1.5 1.5 0.7615773105863908 0.7615773105863908 0.5077182070575939 0.5077182070575939 1.0 1.0 1.0 1.0 1.0 1.0 2.0 2.0 4.0 4.0 0 0.0 0 0.0 2.5438462701495634 0.0 0.0 0 0 0.0 0.0 0.0 0.0 0.0 0.0 0.0 0.0 0.0 0.0 0.0 0.0 0.0 0.0 0.0 0.0 1 26.0 0.0 0.0 26.0 26.0 26.0 26.0 26.0 39.0 39.0 0.0 0.0 0.0 0.0 39.0 0.0 39.0 0.0 39.0 0.0 39.0 0.0 39.0 0.0
30 10 3 1.0109546999999566 0.38847069999999917 0.0 1.3994253999999557 1.3994253999999557 1.3994253999999557 1.3994253999999557 373.9296875 363.9453125 18 18 1.0 18 1 0 False 0 0 False 1.0 1.0 0.0 0.0 0.0 0.0 0.0 0.0 0.0 0.0 0.0 0.0 0.0 0.0 0.0 0.0 0 0.0 0 0.0 0.0 0.0 0.0 0 0 0.0 0.0 0.0 0.0 0.0 0.0 0.0 0.0 0.0 0.0 0.0 0.0 0.0 0.0 0.0 0.0 1 1.0 0.0 0.0 0.0 0.0 0.0 0.0 0.0 1.0 1.0 0.0 0.0 0.0 0.0 0.0 0.0 0.0 0.0 0.0 0.0 0.0 0.0 0.0 0.0
31 10 2 2.272129399999841 0.411580799999939 0.0 2.68371019999978 4.083135599999736 4.083135599999736 4.083135599999736 388.42578125 381.671875 26 26 1.0 26 18 18 False 0 0 False 1.4444444444444444 1.4444444444444444 0.7838233761296739 0.7838233761296739 0.5426469527051588 0.5426469527051588 1.0 1.0 1.0 1.0 1.0 1.0 1.75 1.75 3.0 3.0 0 0.0 0 0.0 3.234014183120649 0.0 0.0 0 0 0.0 0.0 0.0 0.0 0.0 0.0 0.0 0.0 0.0 0.0 0.0 0.0 0.0 0.0 0.0 0.0 1 18.0 0.0 0.0 18.0 18.0 18.0 18.0 18.0 26.0 26.0 0.0 0.0 0.0 0.0 26.0 0.0 26.0 0.0 26.0 0.0 26.0 0.0 26.0 0.0
32 10 1 5.293310100000042 2.1045259999999644 0.0 7.397836100000006 11.480971699999742 11.480971699999742 11.480971699999742 431.02734375 438.12109375 39 39 1.0 0 26 26 False 0 0 False 1.5 1.5 0.812403840463596 0.812403840463596 0.5416025603090641 0.5416025603090641 1.0 1.0 1.0 1.0 1.0 1.0 2.0 2.0 4.0 4.0 0 0.0 0 0.0 2.355435612169631 0.0 0.0 0 0 0.0 0.0 0.0 0.0 0.0 0.0 0.0 0.0 0.0 0.0 0.0 0.0 0.0 0.0 0.0 0.0 1 26.0 0.0 0.0 26.0 26.0 26.0 26.0 26.0 39.0 39.0 0.0 0.0 0.0 0.0 39.0 0.0 39.0 0.0 39.0 0.0 39.0 0.0 39.0 0.0
33 11 3 1.0078580999999929 0.3802820000000793 0.0 1.3881401000000722 1.3881401000000722 1.3881401000000722 1.3881401000000722 382.859375 372.77734375 18 18 1.0 18 1 0 False 0 0 False 1.0 1.0 0.0 0.0 0.0 0.0 0.0 0.0 0.0 0.0 0.0 0.0 0.0 0.0 0.0 0.0 0 0.0 0 0.0 0.0 0.0 0.0 0 0 0.0 0.0 0.0 0.0 0.0 0.0 0.0 0.0 0.0 0.0 0.0 0.0 0.0 0.0 0.0 0.0 1 1.0 0.0 0.0 0.0 0.0 0.0 0.0 0.0 1.0 1.0 0.0 0.0 0.0 0.0 0.0 0.0 0.0 0.0 0.0 0.0 0.0 0.0 0.0 0.0
34 11 2 2.27808799999994 0.3798129999999844 0.0 2.6579009999999244 4.0460410999999965 4.0460410999999965 4.0460410999999965 400.31640625 393.71875 26 26 1.0 26 18 18 False 0 0 False 1.4444444444444444 1.4444444444444444 1.0416176459053668 1.0416176459053668 0.7211199087037155 0.7211199087037155 1.0 1.0 1.0 1.0 1.0 1.0 1.0 1.0 5.0 5.0 0 0.0 0 0.0 3.4177580310559934 0.0 0.0 0 0 0.0 0.0 0.0 0.0 0.0 0.0 0.0 0.0 0.0 0.0 0.0 0.0 0.0 0.0 0.0 0.0 1 18.0 0.0 0.0 18.0 18.0 18.0 18.0 18.0 26.0 26.0 0.0 0.0 0.0 0.0 26.0 0.0 26.0 0.0 26.0 0.0 26.0 0.0 26.0 0.0
35 11 1 5.287241500000022 2.0195028000000264 0.0 7.306744300000048 11.352785400000045 11.352785400000045 11.352785400000045 441.25 447.765625 39 39 1.0 0 26 26 False 0 0 False 1.5 1.5 0.7071067811865476 0.7071067811865476 0.47140452079103173 0.47140452079103173 1.0 1.0 1.0 1.0 1.0 1.0 2.0 2.0 4.0 4.0 0 0.0 0 0.0 2.654821448436208 0.0 0.0 0 0 0.0 0.0 0.0 0.0 0.0 0.0 0.0 0.0 0.0 0.0 0.0 0.0 0.0 0.0 0.0 0.0 1 26.0 0.0 0.0 26.0 26.0 26.0 26.0 26.0 39.0 39.0 0.0 0.0 0.0 0.0 39.0 0.0 39.0 0.0 39.0 0.0 39.0 0.0 39.0 0.0
36 12 3 1.0081486999999925 0.4271427999998991 0.0 1.4352914999998916 1.4352914999998916 1.4352914999998916 1.4352914999998916 396.7734375 387.015625 18 18 1.0 18 1 0 False 0 0 False 1.0 1.0 0.0 0.0 0.0 0.0 0.0 0.0 0.0 0.0 0.0 0.0 0.0 0.0 0.0 0.0 0 0.0 0 0.0 0.0 0.0 0.0 0 0 0.0 0.0 0.0 0.0 0.0 0.0 0.0 0.0 0.0 0.0 0.0 0.0 0.0 0.0 0.0 0.0 1 1.0 0.0 0.0 0.0 0.0 0.0 0.0 0.0 1.0 1.0 0.0 0.0 0.0 0.0 0.0 0.0 0.0 0.0 0.0 0.0 0.0 0.0 0.0 0.0
37 12 2 2.329774499999985 0.42694009999999594 0.0 2.756714599999981 4.1920060999998725 4.1920060999998725 4.1920060999998725 413.96484375 407.46484375 26 26 1.0 26 18 18 False 0 0 False 1.4444444444444444 1.4444444444444444 0.7047921864945659 0.7047921864945659 0.4879330521885456 0.4879330521885456 1.0 1.0 1.0 1.0 1.0 1.0 2.0 2.0 3.0 3.0 0 0.0 0 0.0 2.899907760701387 0.0 0.0 0 0 0.0 0.0 0.0 0.0 0.0 0.0 0.0 0.0 0.0 0.0 0.0 0.0 0.0 0.0 0.0 0.0 1 18.0 0.0 0.0 18.0 18.0 18.0 18.0 18.0 26.0 26.0 0.0 0.0 0.0 0.0 26.0 0.0 26.0 0.0 26.0 0.0 26.0 0.0 26.0 0.0
38 12 1 5.277301499999936 2.0759885000000224 0.0 7.353289999999959 11.545296099999831 11.545296099999831 11.545296099999831 452.65234375 458.40234375 39 39 1.0 0 26 26 False 0 0 False 1.5 1.5 0.7615773105863908 0.7615773105863908 0.5077182070575939 0.5077182070575939 1.0 1.0 1.0 1.0 1.0 1.0 2.0 2.0 4.0 4.0 0 0.0 0 0.0 2.186057216507874 0.0 0.0 0 0 0.0 0.0 0.0 0.0 0.0 0.0 0.0 0.0 0.0 0.0 0.0 0.0 0.0 0.0 0.0 0.0 1 26.0 0.0 0.0 26.0 26.0 26.0 26.0 26.0 39.0 39.0 0.0 0.0 0.0 0.0 39.0 0.0 39.0 0.0 39.0 0.0 39.0 0.0 39.0 0.0
39 13 3 1.0064524999999662 0.39347029999998995 0.0 1.3999227999999562 1.3999227999999562 1.3999227999999562 1.3999227999999562 366.984375 360.84765625 18 18 1.0 18 1 0 False 0 0 False 1.0 1.0 0.0 0.0 0.0 0.0 0.0 0.0 0.0 0.0 0.0 0.0 0.0 0.0 0.0 0.0 0 0.0 0 0.0 0.0 0.0 0.0 0 0 0.0 0.0 0.0 0.0 0.0 0.0 0.0 0.0 0.0 0.0 0.0 0.0 0.0 0.0 0.0 0.0 1 1.0 0.0 0.0 0.0 0.0 0.0 0.0 0.0 1.0 1.0 0.0 0.0 0.0 0.0 0.0 0.0 0.0 0.0 0.0 0.0 0.0 0.0 0.0 0.0
40 13 2 2.276905899999946 0.3981734000000188 0.0 2.6750792999999646 4.075002099999921 4.075002099999921 4.075002099999921 402.90625 400.9921875 26 26 1.0 26 18 18 False 0 0 False 1.4444444444444444 1.4444444444444444 0.7838233761296739 0.7838233761296739 0.5426469527051588 0.5426469527051588 1.0 1.0 1.0 1.0 1.0 1.0 1.75 1.75 3.0 3.0 0 0.0 0 0.0 3.234014183120649 0.0 0.0 0 0 0.0 0.0 0.0 0.0 0.0 0.0 0.0 0.0 0.0 0.0 0.0 0.0 0.0 0.0 0.0 0.0 1 18.0 0.0 0.0 18.0 18.0 18.0 18.0 18.0 26.0 26.0 0.0 0.0 0.0 0.0 26.0 0.0 26.0 0.0 26.0 0.0 26.0 0.0 26.0 0.0
41 13 1 5.290800499999904 2.031486599999937 0.0 7.322287099999841 11.397289199999761 11.397289199999761 11.397289199999761 460.6953125 466.9453125 39 39 1.0 0 26 26 False 0 0 False 1.5 1.5 0.7071067811865476 0.7071067811865476 0.47140452079103173 0.47140452079103173 1.0 1.0 1.0 1.0 1.0 1.0 2.0 2.0 3.0 3.0 0 0.0 0 0.0 2.4039230756923473 0.0 0.0 0 0 0.0 0.0 0.0 0.0 0.0 0.0 0.0 0.0 0.0 0.0 0.0 0.0 0.0 0.0 0.0 0.0 1 26.0 0.0 0.0 26.0 26.0 26.0 26.0 26.0 39.0 39.0 0.0 0.0 0.0 0.0 39.0 0.0 39.0 0.0 39.0 0.0 39.0 0.0 39.0 0.0
42 14 3 1.002193500000061 0.3949083999999914 0.0 1.3971019000000524 1.3971019000000524 1.3971019000000524 1.3971019000000524 415.375 405.40625 18 18 1.0 18 1 0 False 0 0 False 1.0 1.0 0.0 0.0 0.0 0.0 0.0 0.0 0.0 0.0 0.0 0.0 0.0 0.0 0.0 0.0 0 0.0 0 0.0 0.0 0.0 0.0 0 0 0.0 0.0 0.0 0.0 0.0 0.0 0.0 0.0 0.0 0.0 0.0 0.0 0.0 0.0 0.0 0.0 1 1.0 0.0 0.0 0.0 0.0 0.0 0.0 0.0 1.0 1.0 0.0 0.0 0.0 0.0 0.0 0.0 0.0 0.0 0.0 0.0 0.0 0.0 0.0 0.0
43 14 2 2.280773399999987 0.41081569999997214 0.0 2.691589099999959 4.088691000000011 4.088691000000011 4.088691000000011 432.9140625 426.1484375 26 26 1.0 26 18 18 False 0 0 False 1.4444444444444444 1.4444444444444444 0.7047921864945659 0.7047921864945659 0.4879330521885456 0.4879330521885456 1.0 1.0 1.0 1.0 1.0 1.0 2.0 2.0 3.0 3.0 0 0.0 0 0.0 3.170400657522344 0.0 0.0 0 0 0.0 0.0 0.0 0.0 0.0 0.0 0.0 0.0 0.0 0.0 0.0 0.0 0.0 0.0 0.0 0.0 1 18.0 0.0 0.0 18.0 18.0 18.0 18.0 18.0 26.0 26.0 0.0 0.0 0.0 0.0 26.0 0.0 26.0 0.0 26.0 0.0 26.0 0.0 26.0 0.0
44 14 1 5.308253499999921 2.597077799999937 0.0 7.905331299999858 11.99402229999987 11.99402229999987 11.99402229999987 468.11328125 473.921875 39 39 1.0 0 26 26 False 0 0 False 1.5 1.5 0.648074069840786 0.648074069840786 0.43204937989385733 0.43204937989385733 1.0 1.0 1.0 1.0 1.0 1.0 2.0 2.0 3.0 3.0 0 0.0 0 0.0 2.229608451310195 0.0 0.0 0 0 0.0 0.0 0.0 0.0 0.0 0.0 0.0 0.0 0.0 0.0 0.0 0.0 0.0 0.0 0.0 0.0 1 26.0 0.0 0.0 26.0 26.0 26.0 26.0 26.0 39.0 39.0 0.0 0.0 0.0 0.0 39.0 0.0 39.0 0.0 39.0 0.0 39.0 0.0 39.0 0.0
45 15 3 1.009072300000014 0.37831879999995977 0.0 1.3873910999999737 1.3873910999999737 1.3873910999999737 1.3873910999999737 424.1953125 414.80078125 18 18 1.0 18 1 0 False 0 0 False 1.0 1.0 0.0 0.0 0.0 0.0 0.0 0.0 0.0 0.0 0.0 0.0 0.0 0.0 0.0 0.0 0 0.0 0 0.0 0.0 0.0 0.0 0 0 0.0 0.0 0.0 0.0 0.0 0.0 0.0 0.0 0.0 0.0 0.0 0.0 0.0 0.0 0.0 0.0 1 1.0 0.0 0.0 0.0 0.0 0.0 0.0 0.0 1.0 1.0 0.0 0.0 0.0 0.0 0.0 0.0 0.0 0.0 0.0 0.0 0.0 0.0 0.0 0.0
46 15 2 2.2778094000000237 0.37480179999997176 0.0 2.6526111999999955 4.040002299999969 4.040002299999969 4.040002299999969 440.09765625 433.57421875 26 26 1.0 26 18 18 False 0 0 False 1.4444444444444444 1.4444444444444444 0.7838233761296739 0.7838233761296739 0.5426469527051588 0.5426469527051588 1.0 1.0 1.0 1.0 1.0 1.0 1.75 1.75 3.0 3.0 0 0.0 0 0.0 3.234014183120649 0.0 0.0 0 0 0.0 0.0 0.0 0.0 0.0 0.0 0.0 0.0 0.0 0.0 0.0 0.0 0.0 0.0 0.0 0.0 1 18.0 0.0 0.0 18.0 18.0 18.0 18.0 18.0 26.0 26.0 0.0 0.0 0.0 0.0 26.0 0.0 26.0 0.0 26.0 0.0 26.0 0.0 26.0 0.0
47 15 1 5.267322699999909 1.6027279999998711 0.0 6.87005069999978 10.910052999999749 10.910052999999749 10.910052999999749 475.2421875 480.5546875 39 39 1.0 0 26 26 False 0 0 False 1.5 1.5 0.7615773105863908 0.7615773105863908 0.5077182070575939 0.5077182070575939 1.0 1.0 1.0 1.0 1.0 1.0 2.0 2.0 4.0 4.0 0 0.0 0 0.0 2.3798028360478813 0.0 0.0 0 0 0.0 0.0 0.0 0.0 0.0 0.0 0.0 0.0 0.0 0.0 0.0 0.0 0.0 0.0 0.0 0.0 1 26.0 0.0 0.0 26.0 26.0 26.0 26.0 26.0 39.0 39.0 0.0 0.0 0.0 0.0 39.0 0.0 39.0 0.0 39.0 0.0 39.0 0.0 39.0 0.0
48 16 3 1.0121611999998663 0.4376864999999839 0.0 1.4498476999998502 1.4498476999998502 1.4498476999998502 1.4498476999998502 431.8203125 422.05078125 18 18 1.0 18 1 0 False 0 0 False 1.0 1.0 0.0 0.0 0.0 0.0 0.0 0.0 0.0 0.0 0.0 0.0 0.0 0.0 0.0 0.0 0 0.0 0 0.0 0.0 0.0 0.0 0 0 0.0 0.0 0.0 0.0 0.0 0.0 0.0 0.0 0.0 0.0 0.0 0.0 0.0 0.0 0.0 0.0 1 1.0 0.0 0.0 0.0 0.0 0.0 0.0 0.0 1.0 1.0 0.0 0.0 0.0 0.0 0.0 0.0 0.0 0.0 0.0 0.0 0.0 0.0 0.0 0.0
49 16 2 2.281518300000016 0.3992402000001789 0.0 2.680758500000195 4.130606200000045 4.130606200000045 4.130606200000045 446.3359375 439.828125 26 26 1.0 26 18 18 False 0 0 False 1.4444444444444444 1.4444444444444444 0.9217771979249536 0.9217771979249536 0.6381534447172755 0.6381534447172755 1.0 1.0 1.0 1.0 1.0 1.0 1.0 1.0 4.0 4.0 0 0.0 0 0.0 3.3057500720857065 0.0 0.0 0 0 0.0 0.0 0.0 0.0 0.0 0.0 0.0 0.0 0.0 0.0 0.0 0.0 0.0 0.0 0.0 0.0 1 18.0 0.0 0.0 18.0 18.0 18.0 18.0 18.0 26.0 26.0 0.0 0.0 0.0 0.0 26.0 0.0 26.0 0.0 26.0 0.0 26.0 0.0 26.0 0.0
50 16 1 5.268320900000219 1.8551337000000672 0.0 7.1234546000002865 11.254060800000332 11.254060800000332 11.254060800000332 481.81640625 486.95703125 39 39 1.0 0 26 26 False 0 0 False 1.5 1.5 0.812403840463596 0.812403840463596 0.5416025603090641 0.5416025603090641 1.0 1.0 1.0 1.0 1.0 1.0 2.0 2.0 4.0 4.0 0 0.0 0 0.0 2.238217010170235 0.0 0.0 0 0 0.0 0.0 0.0 0.0 0.0 0.0 0.0 0.0 0.0 0.0 0.0 0.0 0.0 0.0 0.0 0.0 1 26.0 0.0 0.0 26.0 26.0 26.0 26.0 26.0 39.0 39.0 0.0 0.0 0.0 0.0 39.0 0.0 39.0 0.0 39.0 0.0 39.0 0.0 39.0 0.0
51 17 3 1.0075228999999126 0.3597681000001103 0.0 1.367291000000023 1.367291000000023 1.367291000000023 1.367291000000023 440.82421875 431.046875 18 18 1.0 18 1 0 False 0 0 False 1.0 1.0 0.0 0.0 0.0 0.0 0.0 0.0 0.0 0.0 0.0 0.0 0.0 0.0 0.0 0.0 0 0.0 0 0.0 0.0 0.0 0.0 0 0 0.0 0.0 0.0 0.0 0.0 0.0 0.0 0.0 0.0 0.0 0.0 0.0 0.0 0.0 0.0 0.0 1 1.0 0.0 0.0 0.0 0.0 0.0 0.0 0.0 1.0 1.0 0.0 0.0 0.0 0.0 0.0 0.0 0.0 0.0 0.0 0.0 0.0 0.0 0.0 0.0
52 17 2 2.281203699999878 0.3975194999998166 0.0 2.6787231999996948 4.046014199999718 4.046014199999718 4.046014199999718 453.7734375 447.00390625 26 26 1.0 26 18 18 False 0 0 False 1.4444444444444444 1.4444444444444444 0.8555852638929972 0.8555852638929972 0.5923282596182288 0.5923282596182288 1.0 1.0 1.0 1.0 1.0 1.0 1.75 1.75 4.0 4.0 0 0.0 0 0.0 3.1965773877515895 0.0 0.0 0 0 0.0 0.0 0.0 0.0 0.0 0.0 0.0 0.0 0.0 0.0 0.0 0.0 0.0 0.0 0.0 0.0 1 18.0 0.0 0.0 18.0 18.0 18.0 18.0 18.0 26.0 26.0 0.0 0.0 0.0 0.0 26.0 0.0 26.0 0.0 26.0 0.0 26.0 0.0 26.0 0.0
53 17 1 5.287819499999955 2.8204551000000606 0.0 8.108274600000016 12.154288799999733 12.154288799999733 12.154288799999733 489.70703125 495.28515625 39 39 1.0 0 26 26 False 0 0 False 1.5 1.5 0.5830951894845301 0.5830951894845301 0.38873012632302006 0.38873012632302006 1.0 1.0 1.0 1.0 1.0 1.0 2.0 2.0 3.0 3.0 0 0.0 0 0.0 2.1145103088313015 0.0 0.0 0 0 0.0 0.0 0.0 0.0 0.0 0.0 0.0 0.0 0.0 0.0 0.0 0.0 0.0 0.0 0.0 0.0 1 26.0 0.0 0.0 26.0 26.0 26.0 26.0 26.0 39.0 39.0 0.0 0.0 0.0 0.0 39.0 0.0 39.0 0.0 39.0 0.0 39.0 0.0 39.0 0.0
54 18 3 1.0063113999999587 0.42888400000009597 0.0 1.4351954000000546 1.4351954000000546 1.4351954000000546 1.4351954000000546 417.98828125 412.8203125 18 18 1.0 18 1 0 False 0 0 False 1.0 1.0 0.0 0.0 0.0 0.0 0.0 0.0 0.0 0.0 0.0 0.0 0.0 0.0 0.0 0.0 0 0.0 0 0.0 0.0 0.0 0.0 0 0 0.0 0.0 0.0 0.0 0.0 0.0 0.0 0.0 0.0 0.0 0.0 0.0 0.0 0.0 0.0 0.0 1 1.0 0.0 0.0 0.0 0.0 0.0 0.0 0.0 1.0 1.0 0.0 0.0 0.0 0.0 0.0 0.0 0.0 0.0 0.0 0.0 0.0 0.0 0.0 0.0
55 18 2 2.278090900000052 0.42913260000000264 0.0 2.7072235000000546 4.142418900000109 4.142418900000109 4.142418900000109 439.47265625 435.1953125 26 26 1.0 26 18 18 False 0 0 False 1.4444444444444444 1.4444444444444444 0.7838233761296739 0.7838233761296739 0.5426469527051588 0.5426469527051588 1.0 1.0 1.0 1.0 1.0 1.0 1.75 1.75 3.0 3.0 0 0.0 0 0.0 3.234014183120649 0.0 0.0 0 0 0.0 0.0 0.0 0.0 0.0 0.0 0.0 0.0 0.0 0.0 0.0 0.0 0.0 0.0 0.0 0.0 1 18.0 0.0 0.0 18.0 18.0 18.0 18.0 18.0 26.0 26.0 0.0 0.0 0.0 0.0 26.0 0.0 26.0 0.0 26.0 0.0 26.0 0.0 26.0 0.0
56 18 1 5.29146709999992 2.156198400000278 0.0 7.447665500000198 11.590084400000308 11.590084400000308 11.590084400000308 497.6328125 505.8359375 39 39 1.0 0 26 26 False 0 0 False 1.5 1.5 0.7071067811865476 0.7071067811865476 0.47140452079103173 0.47140452079103173 1.0 1.0 1.0 1.0 1.0 1.0 2.0 2.0 3.0 3.0 0 0.0 0 0.0 2.246792585682293 0.0 0.0 0 0 0.0 0.0 0.0 0.0 0.0 0.0 0.0 0.0 0.0 0.0 0.0 0.0 0.0 0.0 0.0 0.0 1 26.0 0.0 0.0 26.0 26.0 26.0 26.0 26.0 39.0 39.0 0.0 0.0 0.0 0.0 39.0 0.0 39.0 0.0 39.0 0.0 39.0 0.0 39.0 0.0
57 19 3 1.004880000000128 0.418206899999916 0.0 1.423086900000044 1.423086900000044 1.423086900000044 1.423086900000044 455.73046875 447.3046875 18 18 1.0 18 1 0 False 0 0 False 1.0 1.0 0.0 0.0 0.0 0.0 0.0 0.0 0.0 0.0 0.0 0.0 0.0 0.0 0.0 0.0 0 0.0 0 0.0 0.0 0.0 0.0 0 0 0.0 0.0 0.0 0.0 0.0 0.0 0.0 0.0 0.0 0.0 0.0 0.0 0.0 0.0 0.0 0.0 1 1.0 0.0 0.0 0.0 0.0 0.0 0.0 0.0 1.0 1.0 0.0 0.0 0.0 0.0 0.0 0.0 0.0 0.0 0.0 0.0 0.0 0.0 0.0 0.0
58 19 2 2.2821832000001336 0.3992779000000155 0.0 2.681461100000149 4.104548000000193 4.104548000000193 4.104548000000193 470.86328125 465.44140625 26 26 1.0 26 18 18 False 0 0 False 1.4444444444444444 1.4444444444444444 1.0416176459053668 1.0416176459053668 0.7211199087037155 0.7211199087037155 1.0 1.0 1.0 1.0 1.0 1.0 1.0 1.0 5.0 5.0 0 0.0 0 0.0 3.4177580310559934 0.0 0.0 0 0 0.0 0.0 0.0 0.0 0.0 0.0 0.0 0.0 0.0 0.0 0.0 0.0 0.0 0.0 0.0 0.0 1 18.0 0.0 0.0 18.0 18.0 18.0 18.0 18.0 26.0 26.0 0.0 0.0 0.0 0.0 26.0 0.0 26.0 0.0 26.0 0.0 26.0 0.0 26.0 0.0
59 19 1 5.270062800000119 1.6218122000000221 0.0 6.891875000000141 10.996423000000334 10.996423000000334 10.996423000000334 505.18359375 511.61328125 39 39 1.0 0 26 26 False 0 0 False 1.5 1.5 0.9486832980505138 0.9486832980505138 0.6324555320336759 0.6324555320336759 1.0 1.0 1.0 1.0 1.0 1.0 2.0 2.0 5.0 5.0 0 0.0 0 0.0 3.1880184344607447 0.0 0.0 0 0 0.0 0.0 0.0 0.0 0.0 0.0 0.0 0.0 0.0 0.0 0.0 0.0 0.0 0.0 0.0 0.0 1 26.0 0.0 0.0 26.0 26.0 26.0 26.0 26.0 39.0 39.0 0.0 0.0 0.0 0.0 39.0 0.0 39.0 0.0 39.0 0.0 39.0 0.0 39.0 0.0
60 20 3 1.013718899999958 0.49170290000012074 0.0 1.5054218000000787 1.5054218000000787 1.5054218000000787 1.5054218000000787 464.21484375 455.6328125 18 18 1.0 18 1 0 False 0 0 False 1.0 1.0 0.0 0.0 0.0 0.0 0.0 0.0 0.0 0.0 0.0 0.0 0.0 0.0 0.0 0.0 0 0.0 0 0.0 0.0 0.0 0.0 0 0 0.0 0.0 0.0 0.0 0.0 0.0 0.0 0.0 0.0 0.0 0.0 0.0 0.0 0.0 0.0 0.0 1 1.0 0.0 0.0 0.0 0.0 0.0 0.0 0.0 1.0 1.0 0.0 0.0 0.0 0.0 0.0 0.0 0.0 0.0 0.0 0.0 0.0 0.0 0.0 0.0
61 20 2 2.2883744999998044 0.4036817999999016 0.0 2.692056299999706 4.197478099999785 4.197478099999785 4.197478099999785 477.9609375 472.4296875 26 26 1.0 26 18 18 False 0 0 False 1.4444444444444444 1.4444444444444444 0.7047921864945659 0.7047921864945659 0.4879330521885456 0.4879330521885456 1.0 1.0 1.0 1.0 1.0 1.0 2.0 2.0 3.0 3.0 0 0.0 0 0.0 3.1420420085573486 0.0 0.0 0 0 0.0 0.0 0.0 0.0 0.0 0.0 0.0 0.0 0.0 0.0 0.0 0.0 0.0 0.0 0.0 0.0 1 18.0 0.0 0.0 18.0 18.0 18.0 18.0 18.0 26.0 26.0 0.0 0.0 0.0 0.0 26.0 0.0 26.0 0.0 26.0 0.0 26.0 0.0 26.0 0.0
62 20 1 5.268474500000082 2.1136699999998996 0.0 7.382144499999981 11.579622599999766 11.579622599999766 11.579622599999766 515.0703125 522.21484375 39 39 1.0 0 26 26 False 0 0 False 1.5 1.5 0.9055385138137416 0.9055385138137416 0.6036923425424944 0.6036923425424944 1.0 1.0 1.0 1.0 1.0 1.0 2.0 2.0 5.0 5.0 0 0.0 0 0.0 2.8972798914207045 0.0 0.0 0 0 0.0 0.0 0.0 0.0 0.0 0.0 0.0 0.0 0.0 0.0 0.0 0.0 0.0 0.0 0.0 0.0 1 26.0 0.0 0.0 26.0 26.0 26.0 26.0 26.0 39.0 39.0 0.0 0.0 0.0 0.0 39.0 0.0 39.0 0.0 39.0 0.0 39.0 0.0 39.0 0.0
63 21 3 1.012021299999958 0.41103510000016286 0.0 1.423056400000121 1.423056400000121 1.423056400000121 1.423056400000121 471.98828125 463.04296875 18 18 1.0 18 1 0 False 0 0 False 1.0 1.0 0.0 0.0 0.0 0.0 0.0 0.0 0.0 0.0 0.0 0.0 0.0 0.0 0.0 0.0 0 0.0 0 0.0 0.0 0.0 0.0 0 0 0.0 0.0 0.0 0.0 0.0 0.0 0.0 0.0 0.0 0.0 0.0 0.0 0.0 0.0 0.0 0.0 1 1.0 0.0 0.0 0.0 0.0 0.0 0.0 0.0 1.0 1.0 0.0 0.0 0.0 0.0 0.0 0.0 0.0 0.0 0.0 0.0 0.0 0.0 0.0 0.0
64 21 2 2.294782600000076 0.40162510000010343 0.0 2.6964077000001794 4.1194641000003 4.1194641000003 4.1194641000003 487.375 481.76171875 26 26 1.0 26 18 18 False 0 0 False 1.4444444444444444 1.4444444444444444 0.7838233761296739 0.7838233761296739 0.5426469527051588 0.5426469527051588 1.0 1.0 1.0 1.0 1.0 1.0 1.75 1.75 3.0 3.0 0 0.0 0 0.0 3.261573252635073 0.0 0.0 0 0 0.0 0.0 0.0 0.0 0.0 0.0 0.0 0.0 0.0 0.0 0.0 0.0 0.0 0.0 0.0 0.0 1 18.0 0.0 0.0 18.0 18.0 18.0 18.0 18.0 26.0 26.0 0.0 0.0 0.0 0.0 26.0 0.0 26.0 0.0 26.0 0.0 26.0 0.0 26.0 0.0
65 21 1 5.279111000000228 2.8057988000001615 0.0 8.08490980000039 12.20437390000069 12.20437390000069 12.20437390000069 525.82421875 533.56640625 39 39 1.0 0 26 26 False 0 0 False 1.5 1.5 0.812403840463596 0.812403840463596 0.5416025603090641 0.5416025603090641 1.0 1.0 1.0 1.0 1.0 1.0 2.0 2.0 4.0 4.0 0 0.0 0 0.0 2.4119095530943304 0.0 0.0 0 0 0.0 0.0 0.0 0.0 0.0 0.0 0.0 0.0 0.0 0.0 0.0 0.0 0.0 0.0 0.0 0.0 1 26.0 0.0 0.0 26.0 26.0 26.0 26.0 26.0 39.0 39.0 0.0 0.0 0.0 0.0 39.0 0.0 39.0 0.0 39.0 0.0 39.0 0.0 39.0 0.0
66 22 3 1.0074540999999613 0.41021739999990814 0.0 1.4176714999998694 1.4176714999998694 1.4176714999998694 1.4176714999998694 481.05078125 472.09375 18 18 1.0 18 1 0 False 0 0 False 1.0 1.0 0.0 0.0 0.0 0.0 0.0 0.0 0.0 0.0 0.0 0.0 0.0 0.0 0.0 0.0 0 0.0 0 0.0 0.0 0.0 0.0 0 0 0.0 0.0 0.0 0.0 0.0 0.0 0.0 0.0 0.0 0.0 0.0 0.0 0.0 0.0 0.0 0.0 1 1.0 0.0 0.0 0.0 0.0 0.0 0.0 0.0 1.0 1.0 0.0 0.0 0.0 0.0 0.0 0.0 0.0 0.0 0.0 0.0 0.0 0.0 0.0 0.0
67 22 2 2.2780610000000934 0.39005540000010797 0.0 2.6681164000002013 4.085787900000071 4.085787900000071 4.085787900000071 496.5625 490.9609375 26 26 1.0 26 18 18 False 0 0 False 1.4444444444444444 1.4444444444444444 0.9835244081556433 0.9835244081556433 0.6809015133385223 0.6809015133385223 1.0 1.0 1.0 1.0 1.0 1.0 1.75 1.75 5.0 5.0 0 0.0 0 0.0 3.249248092824597 0.0 0.0 0 0 0.0 0.0 0.0 0.0 0.0 0.0 0.0 0.0 0.0 0.0 0.0 0.0 0.0 0.0 0.0 0.0 1 18.0 0.0 0.0 18.0 18.0 18.0 18.0 18.0 26.0 26.0 0.0 0.0 0.0 0.0 26.0 0.0 26.0 0.0 26.0 0.0 26.0 0.0 26.0 0.0
68 22 1 5.308533899999929 1.886781300000223 0.0 7.195315200000152 11.281103100000223 11.281103100000223 11.281103100000223 535.0859375 542.5703125 39 39 1.0 0 26 26 False 0 0 False 1.5 1.5 0.648074069840786 0.648074069840786 0.43204937989385733 0.43204937989385733 1.0 1.0 1.0 1.0 1.0 1.0 2.0 2.0 3.0 3.0 0 0.0 0 0.0 2.1235855020731766 0.0 0.0 0 0 0.0 0.0 0.0 0.0 0.0 0.0 0.0 0.0 0.0 0.0 0.0 0.0 0.0 0.0 0.0 0.0 1 26.0 0.0 0.0 26.0 26.0 26.0 26.0 26.0 39.0 39.0 0.0 0.0 0.0 0.0 39.0 0.0 39.0 0.0 39.0 0.0 39.0 0.0 39.0 0.0
69 23 3 1.0090201999999522 0.35916349999996555 0.0 1.3681836999999177 1.3681836999999177 1.3681836999999177 1.3681836999999177 489.19140625 480.20703125 18 18 1.0 18 1 0 False 0 0 False 1.0 1.0 0.0 0.0 0.0 0.0 0.0 0.0 0.0 0.0 0.0 0.0 0.0 0.0 0.0 0.0 0 0.0 0 0.0 0.0 0.0 0.0 0 0 0.0 0.0 0.0 0.0 0.0 0.0 0.0 0.0 0.0 0.0 0.0 0.0 0.0 0.0 0.0 0.0 1 1.0 0.0 0.0 0.0 0.0 0.0 0.0 0.0 1.0 1.0 0.0 0.0 0.0 0.0 0.0 0.0 0.0 0.0 0.0 0.0 0.0 0.0 0.0 0.0
70 23 2 2.2937518999999043 0.3932078000001411 0.0 2.6869597000000454 4.055143399999963 4.055143399999963 4.055143399999963 504.69140625 499.39453125 26 26 1.0 26 18 18 False 0 0 False 1.4444444444444444 1.4444444444444444 0.8555852638929972 0.8555852638929972 0.5923282596182288 0.5923282596182288 1.0 1.0 1.0 1.0 1.0 1.0 1.75 1.75 4.0 4.0 0 0.0 0 0.0 3.1965773877515895 0.0 0.0 0 0 0.0 0.0 0.0 0.0 0.0 0.0 0.0 0.0 0.0 0.0 0.0 0.0 0.0 0.0 0.0 0.0 1 18.0 0.0 0.0 18.0 18.0 18.0 18.0 18.0 26.0 26.0 0.0 0.0 0.0 0.0 26.0 0.0 26.0 0.0 26.0 0.0 26.0 0.0 26.0 0.0
71 23 1 5.280327300000067 2.3596833999998807 0.0 7.640010699999948 11.695154099999911 11.695154099999911 11.695154099999911 541.4296875 548.00390625 39 39 1.0 0 26 26 False 0 0 False 1.5 1.5 0.7615773105863908 0.7615773105863908 0.5077182070575939 0.5077182070575939 1.0 1.0 1.0 1.0 1.0 1.0 2.0 2.0 3.0 3.0 0 0.0 0 0.0 2.4198696722694035 0.0 0.0 0 0 0.0 0.0 0.0 0.0 0.0 0.0 0.0 0.0 0.0 0.0 0.0 0.0 0.0 0.0 0.0 0.0 1 26.0 0.0 0.0 26.0 26.0 26.0 26.0 26.0 39.0 39.0 0.0 0.0 0.0 0.0 39.0 0.0 39.0 0.0 39.0 0.0 39.0 0.0 39.0 0.0
72 24 3 1.014825799999869 0.6336586999999554 0.0 1.6484844999998245 1.6484844999998245 1.6484844999998245 1.6484844999998245 496.3359375 487.3515625 18 18 1.0 18 1 0 False 0 0 False 1.0 1.0 0.0 0.0 0.0 0.0 0.0 0.0 0.0 0.0 0.0 0.0 0.0 0.0 0.0 0.0 0 0.0 0 0.0 0.0 0.0 0.0 0 0 0.0 0.0 0.0 0.0 0.0 0.0 0.0 0.0 0.0 0.0 0.0 0.0 0.0 0.0 0.0 0.0 1 1.0 0.0 0.0 0.0 0.0 0.0 0.0 0.0 1.0 1.0 0.0 0.0 0.0 0.0 0.0 0.0 0.0 0.0 0.0 0.0 0.0 0.0 0.0 0.0
73 24 2 2.2815303000000426 0.4353253999999538 0.0 2.7168556999999964 4.365340199999821 4.365340199999821 4.365340199999821 511.015625 505.4453125 26 26 1.0 26 18 18 False 0 0 False 1.4444444444444444 1.4444444444444444 0.9835244081556433 0.9835244081556433 0.6809015133385223 0.6809015133385223 1.0 1.0 1.0 1.0 1.0 1.0 1.75 1.75 5.0 5.0 0 0.0 0 0.0 3.3308632823580915 0.0 0.0 0 0 0.0 0.0 0.0 0.0 0.0 0.0 0.0 0.0 0.0 0.0 0.0 0.0 0.0 0.0 0.0 0.0 1 18.0 0.0 0.0 18.0 18.0 18.0 18.0 18.0 26.0 26.0 0.0 0.0 0.0 0.0 26.0 0.0 26.0 0.0 26.0 0.0 26.0 0.0 26.0 0.0
74 24 1 5.325391199999899 2.5221744000001536 0.0 7.847565600000053 12.212905799999874 12.212905799999874 12.212905799999874 549.47265625 557.61328125 39 39 1.0 0 26 26 False 0 0 False 1.5 1.5 0.812403840463596 0.812403840463596 0.5416025603090641 0.5416025603090641 1.0 1.0 1.0 1.0 1.0 1.0 2.0 2.0 4.0 4.0 0 0.0 0 0.0 2.7262964453067657 0.0 0.0 0 0 0.0 0.0 0.0 0.0 0.0 0.0 0.0 0.0 0.0 0.0 0.0 0.0 0.0 0.0 0.0 0.0 1 26.0 0.0 0.0 26.0 26.0 26.0 26.0 26.0 39.0 39.0 0.0 0.0 0.0 0.0 39.0 0.0 39.0 0.0 39.0 0.0 39.0 0.0 39.0 0.0
