 RU AL GT ST OT TT LT CT WT RSS VMS LE AC CF PSG SIZE SGLITS_T HAS_TRAILING TOT_CHOICES PRE_CHOICES FGOALS_ORDER CP_EF_L CP_EF_A SP_ED_L SP_ED_A SP_EB_L SP_EB_A SP_MIN_L SP_MIN_A SP_LOWER_L SP_LOWER_A SP_MED_L SP_MED_A SP_UPPER_L SP_UPPER_A SP_MAX_L SP_MAX_A T_INTER_SP P_INTER_SP T_INTER_Q P_INTER_Q M_CHILD_SPREAD DIV_INDEX_SPREAD DIV_STEP_SPREAD DIVS_T DS_T DS_TD_MEAN DS_TD_STD DS_TD_CD DS_TD_MIN DS_TD_LOWER DS_TD_MED DS_TD_UPPER DS_TD_MAX DS_TS_MEAN DS_TS_STD DS_TS_CD DS_TS_MIN DS_TS_LOWER DS_TS_MED DS_TS_UPPER DS_TS_MAX PR_T PR_TS_MEAN PR_TS_STD PR_TS_CD PR_TS_MIN PR_TS_LOWER PR_TS_MED PR_TS_UPPER PR_TS_MAX PP_LE_MEAN PP_AC_MEAN PP_LE_STD PP_AC_STD PP_LE_CD PP_AC_CD PP_LE_MIN PP_AC_MIN PP_LE_LOWER PP_AC_LOWER PP_LE_MED PP_AC_MED PP_LE_UPPER PP_AC_UPPER PP_LE_MAX PP_AC_MAX
0 0 3 1.0117719999999863 0.3124197000000031 0.0 1.3241916999999894 1.3241916999999894 1.3241916999999894 1.3241916999999894 229.0390625 222.19140625 18 18 1.0 18 1 0 False 0 0 False 1.0 1.0 0.0 0.0 0.0 0.0 0.0 0.0 0.0 0.0 0.0 0.0 0.0 0.0 0.0 0.0 0 0.0 0 0.0 0.0 0.0 0.0 0 0 0.0 0.0 0.0 0.0 0.0 0.0 0.0 0.0 0.0 0.0 0.0 0.0 0.0 0.0 0.0 0.0 1 1.0 0.0 0.0 0.0 0.0 0.0 0.0 0.0 1.0 1.0 0.0 0.0 0.0 0.0 0.0 0.0 0.0 0.0 0.0 0.0 0.0 0.0 0.0 0.0
1 0 2 2.277940899999983 0.4267940000000152 0.0 2.7047348999999983 4.028926599999988 4.028926599999988 4.028926599999988 265.40234375 262.4921875 26 26 1.0 26 18 18 False 0 0 False 1.4444444444444444 1.4444444444444444 0.9835244081556433 0.9835244081556433 0.6809015133385223 0.6809015133385223 1.0 1.0 1.0 1.0 1.0 1.0 1.75 1.75 5.0 5.0 0 0.0 0 0.0 3.3308632823580915 0.0 0.0 0 0 0.0 0.0 0.0 0.0 0.0 0.0 0.0 0.0 0.0 0.0 0.0 0.0 0.0 0.0 0.0 0.0 1 18.0 0.0 0.0 18.0 18.0 18.0 18.0 18.0 26.0 26.0 0.0 0.0 0.0 0.0 26.0 0.0 26.0 0.0 26.0 0.0 26.0 0.0 26.0 0.0
2 0 1 5.28299820000003 2.1705757000000077 0.0 7.453573900000038 11.482500500000025 11.482500500000025 11.482500500000025 334.453125 341.41796875 39 39 1.0 0 26 26 False 0 0 False 1.5 1.5 0.7615773105863908 0.7615773105863908 0.5077182070575939 0.5077182070575939 1.0 1.0 1.0 1.0 1.0 1.0 2.0 2.0 4.0 4.0 0 0.0 0 0.0 2.4278036924823163 0.0 0.0 0 0 0.0 0.0 0.0 0.0 0.0 0.0 0.0 0.0 0.0 0.0 0.0 0.0 0.0 0.0 0.0 0.0 1 26.0 0.0 0.0 26.0 26.0 26.0 26.0 26.0 39.0 39.0 0.0 0.0 0.0 0.0 39.0 0.0 39.0 0.0 39.0 0.0 39.0 0.0 39.0 0.0
3 1 3 1.0109778000000276 0.33185959999999426 0.0 1.3428374000000218 1.3428374000000218 1.3428374000000218 1.3428374000000218 231.3671875 222.58203125 18 18 1.0 18 1 0 False 0 0 False 1.0 1.0 0.0 0.0 0.0 0.0 0.0 0.0 0.0 0.0 0.0 0.0 0.0 0.0 0.0 0.0 0 0.0 0 0.0 0.0 0.0 0.0 0 0 0.0 0.0 0.0 0.0 0.0 0.0 0.0 0.0 0.0 0.0 0.0 0.0 0.0 0.0 0.0 0.0 1 1.0 0.0 0.0 0.0 0.0 0.0 0.0 0.0 1.0 1.0 0.0 0.0 0.0 0.0 0.0 0.0 0.0 0.0 0.0 0.0 0.0 0.0 0.0 0.0
4 1 2 2.277651799999994 0.4068404000000285 0.0 2.6844922000000224 4.027329600000044 4.027329600000044 4.027329600000044 271.953125 267.2421875 26 26 1.0 26 18 18 False 0 0 False 1.4444444444444444 1.4444444444444444 0.9835244081556433 0.9835244081556433 0.6809015133385223 0.6809015133385223 1.0 1.0 1.0 1.0 1.0 1.0 1.75 1.75 5.0 5.0 0 0.0 0 0.0 3.249248092824597 0.0 0.0 0 0 0.0 0.0 0.0 0.0 0.0 0.0 0.0 0.0 0.0 0.0 0.0 0.0 0.0 0.0 0.0 0.0 1 18.0 0.0 0.0 18.0 18.0 18.0 18.0 18.0 26.0 26.0 0.0 0.0 0.0 0.0 26.0 0.0 26.0 0.0 26.0 0.0 26.0 0.0 26.0 0.0
5 1 1 5.27496639999999 2.230828200000012 0.0 7.5057946000000015 11.533124200000046 11.533124200000046 11.533124200000046 336.28515625 343.9453125 39 39 1.0 0 26 26 False 0 0 False 1.5 1.5 0.7071067811865476 0.7071067811865476 0.47140452079103173 0.47140452079103173 1.0 1.0 1.0 1.0 1.0 1.0 2.0 2.0 3.0 3.0 0 0.0 0 0.0 2.238217010170235 0.0 0.0 0 0 0.0 0.0 0.0 0.0 0.0 0.0 0.0 0.0 0.0 0.0 0.0 0.0 0.0 0.0 0.0 0.0 1 26.0 0.0 0.0 26.0 26.0 26.0 26.0 26.0 39.0 39.0 0.0 0.0 0.0 0.0 39.0 0.0 39.0 0.0 39.0 0.0 39.0 0.0 39.0 0.0
6 2 3 1.0067270999999849 0.4064511999999709 0.0 1.4131782999999558 1.4131782999999558 1.4131782999999558 1.4131782999999558 243.05859375 234.98046875 18 18 1.0 18 1 0 False 0 0 False 1.0 1.0 0.0 0.0 0.0 0.0 0.0 0.0 0.0 0.0 0.0 0.0 0.0 0.0 0.0 0.0 0 0.0 0 0.0 0.0 0.0 0.0 0 0 0.0 0.0 0.0 0.0 0.0 0.0 0.0 0.0 0.0 0.0 0.0 0.0 0.0 0.0 0.0 0.0 1 1.0 0.0 0.0 0.0 0.0 0.0 0.0 0.0 1.0 1.0 0.0 0.0 0.0 0.0 0.0 0.0 0.0 0.0 0.0 0.0 0.0 0.0 0.0 0.0
7 2 2 2.2699859000000018 0.3776386000000116 0.0 2.6476245000000134 4.060802799999969 4.060802799999969 4.060802799999969 289.30078125 285.71484375 26 26 1.0 26 18 18 False 0 0 False 1.4444444444444444 1.4444444444444444 1.0416176459053668 1.0416176459053668 0.7211199087037155 0.7211199087037155 1.0 1.0 1.0 1.0 1.0 1.0 1.0 1.0 5.0 5.0 0 0.0 0 0.0 3.4177580310559934 0.0 0.0 0 0 0.0 0.0 0.0 0.0 0.0 0.0 0.0 0.0 0.0 0.0 0.0 0.0 0.0 0.0 0.0 0.0 1 18.0 0.0 0.0 18.0 18.0 18.0 18.0 18.0 26.0 26.0 0.0 0.0 0.0 0.0 26.0 0.0 26.0 0.0 26.0 0.0 26.0 0.0 26.0 0.0
8 2 1 5.287860599999959 2.247314700000018 0.0 7.5351752999999775 11.595978099999947 11.595978099999947 11.595978099999947 347.71875 354.21875 39 39 1.0 0 26 26 False 0 0 False 1.5 1.5 0.7071067811865476 0.7071067811865476 0.47140452079103173 0.47140452079103173 1.0 1.0 1.0 1.0 1.0 1.0 2.0 2.0 3.0 3.0 0 0.0 0 0.0 2.339049774193325 0.0 0.0 0 0 0.0 0.0 0.0 0.0 0.0 0.0 0.0 0.0 0.0 0.0 0.0 0.0 0.0 0.0 0.0 0.0 1 26.0 0.0 0.0 26.0 26.0 26.0 26.0 26.0 39.0 39.0 0.0 0.0 0.0 0.0 39.0 0.0 39.0 0.0 39.0 0.0 39.0 0.0 39.0 0.0
9 3 3 0.9992122000000165 0.38937269999995294 0.0 1.3885848999999695 1.3885848999999695 1.3885848999999695 1.3885848999999695 254.73046875 245.44921875 18 18 1.0 18 1 0 False 0 0 False 1.0 1.0 0.0 0.0 0.0 0.0 0.0 0.0 0.0 0.0 0.0 0.0 0.0 0.0 0.0 0.0 0 0.0 0 0.0 0.0 0.0 0.0 0 0 0.0 0.0 0.0 0.0 0.0 0.0 0.0 0.0 0.0 0.0 0.0 0.0 0.0 0.0 0.0 0.0 1 1.0 0.0 0.0 0.0 0.0 0.0 0.0 0.0 1.0 1.0 0.0 0.0 0.0 0.0 0.0 0.0 0.0 0.0 0.0 0.0 0.0 0.0 0.0 0.0
10 3 2 2.273020799999955 0.3848552999999839 0.0 2.657876099999939 4.046460999999908 4.046460999999908 4.046460999999908 293.1953125 289.27734375 26 26 1.0 26 18 18 False 0 0 False 1.4444444444444444 1.4444444444444444 0.7047921864945659 0.7047921864945659 0.4879330521885456 0.4879330521885456 1.0 1.0 1.0 1.0 1.0 1.0 2.0 2.0 3.0 3.0 0 0.0 0 0.0 3.1420420085573486 0.0 0.0 0 0 0.0 0.0 0.0 0.0 0.0 0.0 0.0 0.0 0.0 0.0 0.0 0.0 0.0 0.0 0.0 0.0 1 18.0 0.0 0.0 18.0 18.0 18.0 18.0 18.0 26.0 26.0 0.0 0.0 0.0 0.0 26.0 0.0 26.0 0.0 26.0 0.0 26.0 0.0 26.0 0.0
11 3 1 5.290408900000031 1.8560057000000256 0.0 7.146414600000057 11.192875599999965 11.192875599999965 11.192875599999965 355.73828125 362.56640625 39 39 1.0 0 26 26 False 0 0 False 1.5 1.5 0.648074069840786 0.648074069840786 0.43204937989385733 0.43204937989385733 1.0 1.0 1.0 1.0 1.0 1.0 2.0 2.0 3.0 3.0 0 0.0 0 0.0 1.7012438888151131 0.0 0.0 0 0 0.0 0.0 0.0 0.0 0.0 0.0 0.0 0.0 0.0 0.0 0.0 0.0 0.0 0.0 0.0 0.0 1 26.0 0.0 0.0 26.0 26.0 26.0 26.0 26.0 39.0 39.0 0.0 0.0 0.0 0.0 39.0 0.0 39.0 0.0 39.0 0.0 39.0 0.0 39.0 0.0
12 4 3 1.00066470000003 0.36901310000001786 0.0 1.3696778000000478 1.3696778000000478 1.3696778000000478 1.3696778000000478 305.22265625 294.73828125 18 18 1.0 18 1 0 False 0 0 False 1.0 1.0 0.0 0.0 0.0 0.0 0.0 0.0 0.0 0.0 0.0 0.0 0.0 0.0 0.0 0.0 0 0.0 0 0.0 0.0 0.0 0.0 0 0 0.0 0.0 0.0 0.0 0.0 0.0 0.0 0.0 0.0 0.0 0.0 0.0 0.0 0.0 0.0 0.0 1 1.0 0.0 0.0 0.0 0.0 0.0 0.0 0.0 1.0 1.0 0.0 0.0 0.0 0.0 0.0 0.0 0.0 0.0 0.0 0.0 0.0 0.0 0.0 0.0
13 4 2 2.2712594999999993 0.3837039999999945 0.0 2.654963499999994 4.024641300000042 4.024641300000042 4.024641300000042 320.4765625 313.16015625 26 26 1.0 26 18 18 False 0 0 False 1.4444444444444444 1.4444444444444444 0.7838233761296739 0.7838233761296739 0.5426469527051588 0.5426469527051588 1.0 1.0 1.0 1.0 1.0 1.0 2.0 2.0 4.0 4.0 0 0.0 0 0.0 3.1034959711264904 0.0 0.0 0 0 0.0 0.0 0.0 0.0 0.0 0.0 0.0 0.0 0.0 0.0 0.0 0.0 0.0 0.0 0.0 0.0 1 18.0 0.0 0.0 18.0 18.0 18.0 18.0 18.0 26.0 26.0 0.0 0.0 0.0 0.0 26.0 0.0 26.0 0.0 26.0 0.0 26.0 0.0 26.0 0.0
14 4 1 5.268094300000044 1.8416401000000207 0.0 7.109734400000065 11.134375700000106 11.134375700000106 11.134375700000106 365.73046875 372.0390625 39 39 1.0 0 26 26 False 0 0 False 1.5 1.5 0.7615773105863908 0.7615773105863908 0.5077182070575939 0.5077182070575939 1.0 1.0 1.0 1.0 1.0 1.0 2.0 2.0 4.0 4.0 0 0.0 0 0.0 2.5664252300697292 0.0 0.0 0 0 0.0 0.0 0.0 0.0 0.0 0.0 0.0 0.0 0.0 0.0 0.0 0.0 0.0 0.0 0.0 0.0 1 26.0 0.0 0.0 26.0 26.0 26.0 26.0 26.0 39.0 39.0 0.0 0.0 0.0 0.0 39.0 0.0 39.0 0.0 39.0 0.0 39.0 0.0 39.0 0.0
15 5 3 1.0065364000000017 0.30653719999996554 0.0 1.3130735999999672 1.3130735999999672 1.3130735999999672 1.3130735999999672 319.08203125 308.65625 18 18 1.0 18 1 0 False 0 0 False 1.0 1.0 0.0 0.0 0.0 0.0 0.0 0.0 0.0 0.0 0.0 0.0 0.0 0.0 0.0 0.0 0 0.0 0 0.0 0.0 0.0 0.0 0 0 0.0 0.0 0.0 0.0 0.0 0.0 0.0 0.0 0.0 0.0 0.0 0.0 0.0 0.0 0.0 0.0 1 1.0 0.0 0.0 0.0 0.0 0.0 0.0 0.0 1.0 1.0 0.0 0.0 0.0 0.0 0.0 0.0 0.0 0.0 0.0 0.0 0.0 0.0 0.0 0.0
16 5 2 2.270098399999952 0.39884040000002585 0.0 2.668938799999978 3.9820123999999453 3.9820123999999453 3.9820123999999453 335.4296875 328.23046875 26 26 1.0 26 18 18 False 0 0 False 1.4444444444444444 1.4444444444444444 0.8555852638929972 0.8555852638929972 0.5923282596182288 0.5923282596182288 1.0 1.0 1.0 1.0 1.0 1.0 1.75 1.75 4.0 4.0 0 0.0 0 0.0 2.889244992297193 0.0 0.0 0 0 0.0 0.0 0.0 0.0 0.0 0.0 0.0 0.0 0.0 0.0 0.0 0.0 0.0 0.0 0.0 0.0 1 18.0 0.0 0.0 18.0 18.0 18.0 18.0 18.0 26.0 26.0 0.0 0.0 0.0 0.0 26.0 0.0 26.0 0.0 26.0 0.0 26.0 0.0 26.0 0.0
17 5 1 5.258193399999996 2.3061178000000098 0.0 7.564311200000006 11.546323599999951 11.546323599999951 11.546323599999951 374.29296875 380.35546875 39 39 1.0 0 26 26 False 0 0 False 1.5 1.5 0.812403840463596 0.812403840463596 0.5416025603090641 0.5416025603090641 1.0 1.0 1.0 1.0 1.0 1.0 2.0 2.0 4.0 4.0 0 0.0 0 0.0 2.498076182862447 0.0 0.0 0 0 0.0 0.0 0.0 0.0 0.0 0.0 0.0 0.0 0.0 0.0 0.0 0.0 0.0 0.0 0.0 0.0 1 26.0 0.0 0.0 26.0 26.0 26.0 26.0 26.0 39.0 39.0 0.0 0.0 0.0 0.0 39.0 0.0 39.0 0.0 39.0 0.0 39.0 0.0 39.0 0.0
18 6 3 1.0044468000000109 0.36237829999998894 0.0 1.3668250999999998 1.3668250999999998 1.3668250999999998 1.3668250999999998 329.31640625 318.95703125 18 18 1.0 18 1 0 False 0 0 False 1.0 1.0 0.0 0.0 0.0 0.0 0.0 0.0 0.0 0.0 0.0 0.0 0.0 0.0 0.0 0.0 0 0.0 0 0.0 0.0 0.0 0.0 0 0 0.0 0.0 0.0 0.0 0.0 0.0 0.0 0.0 0.0 0.0 0.0 0.0 0.0 0.0 0.0 0.0 1 1.0 0.0 0.0 0.0 0.0 0.0 0.0 0.0 1.0 1.0 0.0 0.0 0.0 0.0 0.0 0.0 0.0 0.0 0.0 0.0 0.0 0.0 0.0 0.0
19 6 2 2.263655699999987 0.38700060000000747 0.0 2.6506562999999943 4.017481399999994 4.017481399999994 4.017481399999994 344.7421875 337.6484375 26 26 1.0 26 18 18 False 0 0 False 1.4444444444444444 1.4444444444444444 0.7838233761296739 0.7838233761296739 0.5426469527051588 0.5426469527051588 1.0 1.0 1.0 1.0 1.0 1.0 2.0 2.0 4.0 4.0 0 0.0 0 0.0 3.0157337756773757 0.0 0.0 0 0 0.0 0.0 0.0 0.0 0.0 0.0 0.0 0.0 0.0 0.0 0.0 0.0 0.0 0.0 0.0 0.0 1 18.0 0.0 0.0 18.0 18.0 18.0 18.0 18.0 26.0 26.0 0.0 0.0 0.0 0.0 26.0 0.0 26.0 0.0 26.0 0.0 26.0 0.0 26.0 0.0
20 6 1 5.262016500000087 1.9010181000000017 0.0 7.163034600000088 11.180516000000082 11.180516000000082 11.180516000000082 386.20703125 393.08984375 39 39 1.0 0 26 26 False 0 0 False 1.5 1.5 0.812403840463596 0.812403840463596 0.5416025603090641 0.5416025603090641 1.0 1.0 1.0 1.0 1.0 1.0 2.0 2.0 4.0 4.0 0 0.0 0 0.0 2.322548335176422 0.0 0.0 0 0 0.0 0.0 0.0 0.0 0.0 0.0 0.0 0.0 0.0 0.0 0.0 0.0 0.0 0.0 0.0 0.0 1 26.0 0.0 0.0 26.0 26.0 26.0 26.0 26.0 39.0 39.0 0.0 0.0 0.0 0.0 39.0 0.0 39.0 0.0 39.0 0.0 39.0 0.0 39.0 0.0
21 7 3 1.0068007999999224 0.3907621000000461 0.0 1.3975628999999685 1.3975628999999685 1.3975628999999685 1.3975628999999685 308.05859375 300.19921875 18 18 1.0 18 1 0 False 0 0 False 1.0 1.0 0.0 0.0 0.0 0.0 0.0 0.0 0.0 0.0 0.0 0.0 0.0 0.0 0.0 0.0 0 0.0 0 0.0 0.0 0.0 0.0 0 0 0.0 0.0 0.0 0.0 0.0 0.0 0.0 0.0 0.0 0.0 0.0 0.0 0.0 0.0 0.0 0.0 1 1.0 0.0 0.0 0.0 0.0 0.0 0.0 0.0 1.0 1.0 0.0 0.0 0.0 0.0 0.0 0.0 0.0 0.0 0.0 0.0 0.0 0.0 0.0 0.0
22 7 2 2.2643534999999417 0.3787420000000168 0.0 2.6430954999999585 4.040658399999927 4.040658399999927 4.040658399999927 343.203125 337.83984375 26 26 1.0 26 18 18 False 0 0 False 1.4444444444444444 1.4444444444444444 1.0416176459053668 1.0416176459053668 0.7211199087037155 0.7211199087037155 1.0 1.0 1.0 1.0 1.0 1.0 1.0 1.0 5.0 5.0 0 0.0 0 0.0 3.4177580310559934 0.0 0.0 0 0 0.0 0.0 0.0 0.0 0.0 0.0 0.0 0.0 0.0 0.0 0.0 0.0 0.0 0.0 0.0 0.0 1 18.0 0.0 0.0 18.0 18.0 18.0 18.0 18.0 26.0 26.0 0.0 0.0 0.0 0.0 26.0 0.0 26.0 0.0 26.0 0.0 26.0 0.0 26.0 0.0
23 7 1 5.2751805999999135 3.04676270000013 0.0 8.321943300000044 12.36260169999997 12.36260169999997 12.36260169999997 397.69140625 403.97265625 39 39 1.0 0 26 26 False 0 0 False 1.5 1.5 0.7071067811865476 0.7071067811865476 0.47140452079103173 0.47140452079103173 1.0 1.0 1.0 1.0 1.0 1.0 2.0 2.0 3.0 3.0 0 0.0 0 0.0 2.4039230756923473 0.0 0.0 0 0 0.0 0.0 0.0 0.0 0.0 0.0 0.0 0.0 0.0 0.0 0.0 0.0 0.0 0.0 0.0 0.0 1 26.0 0.0 0.0 26.0 26.0 26.0 26.0 26.0 39.0 39.0 0.0 0.0 0.0 0.0 39.0 0.0 39.0 0.0 39.0 0.0 39.0 0.0 39.0 0.0
24 8 3 1.001222599999977 0.3388073000000418 0.0 1.3400299000000189 1.3400299000000189 1.3400299000000189 1.3400299000000189 349.00390625 338.71484375 18 18 1.0 18 1 0 False 0 0 False 1.0 1.0 0.0 0.0 0.0 0.0 0.0 0.0 0.0 0.0 0.0 0.0 0.0 0.0 0.0 0.0 0 0.0 0 0.0 0.0 0.0 0.0 0 0 0.0 0.0 0.0 0.0 0.0 0.0 0.0 0.0 0.0 0.0 0.0 0.0 0.0 0.0 0.0 0.0 1 1.0 0.0 0.0 0.0 0.0 0.0 0.0 0.0 1.0 1.0 0.0 0.0 0.0 0.0 0.0 0.0 0.0 0.0 0.0 0.0 0.0 0.0 0.0 0.0
25 8 2 2.273181899999969 0.3822599000000366 0.0 2.6554418000000055 3.9954717000000244 3.9954717000000244 3.9954717000000244 363.5625 356.4296875 26 26 1.0 26 18 18 False 0 0 False 1.4444444444444444 1.4444444444444444 0.8555852638929972 0.8555852638929972 0.5923282596182288 0.5923282596182288 1.0 1.0 1.0 1.0 1.0 1.0 1.75 1.75 4.0 4.0 0 0.0 0 0.0 2.913711024476583 0.0 0.0 0 0 0.0 0.0 0.0 0.0 0.0 0.0 0.0 0.0 0.0 0.0 0.0 0.0 0.0 0.0 0.0 0.0 1 18.0 0.0 0.0 18.0 18.0 18.0 18.0 18.0 26.0 26.0 0.0 0.0 0.0 0.0 26.0 0.0 26.0 0.0 26.0 0.0 26.0 0.0 26.0 0.0
26 8 1 5.28630830000003 2.6749326999999425 0.0 7.961240999999973 11.956712699999997 11.956712699999997 11.956712699999997 405.3359375 412.171875 39 39 1.0 0 26 26 False 0 0 False 1.5 1.5 0.812403840463596 0.812403840463596 0.5416025603090641 0.5416025603090641 1.0 1.0 1.0 1.0 1.0 1.0 2.0 2.0 4.0 4.0 0 0.0 0 0.0 2.4514516892273006 0.0 0.0 0 0 0.0 0.0 0.0 0.0 0.0 0.0 0.0 0.0 0.0 0.0 0.0 0.0 0.0 0.0 0.0 0.0 1 26.0 0.0 0.0 26.0 26.0 26.0 26.0 26.0 39.0 39.0 0.0 0.0 0.0 0.0 39.0 0.0 39.0 0.0 39.0 0.0 39.0 0.0 39.0 0.0
27 9 3 1.0214947000000052 0.3135385999999585 0.0 1.3350332999999637 1.3350332999999637 1.3350332999999637 1.3350332999999637 361.01171875 350.91015625 18 18 1.0 18 1 0 False 0 0 False 1.0 1.0 0.0 0.0 0.0 0.0 0.0 0.0 0.0 0.0 0.0 0.0 0.0 0.0 0.0 0.0 0 0.0 0 0.0 0.0 0.0 0.0 0 0 0.0 0.0 0.0 0.0 0.0 0.0 0.0 0.0 0.0 0.0 0.0 0.0 0.0 0.0 0.0 0.0 1 1.0 0.0 0.0 0.0 0.0 0.0 0.0 0.0 1.0 1.0 0.0 0.0 0.0 0.0 0.0 0.0 0.0 0.0 0.0 0.0 0.0 0.0 0.0 0.0
28 9 2 2.3344178999998917 0.3839810999999429 0.0 2.7183989999998346 4.053432299999798 4.053432299999798 4.053432299999798 373.8046875 366.9375 26 26 1.0 26 18 18 False 0 0 False 1.4444444444444444 1.4444444444444444 0.8555852638929972 0.8555852638929972 0.5923282596182288 0.5923282596182288 1.0 1.0 1.0 1.0 1.0 1.0 1.75 1.75 4.0 4.0 0 0.0 0 0.0 3.045268879990785 0.0 0.0 0 0 0.0 0.0 0.0 0.0 0.0 0.0 0.0 0.0 0.0 0.0 0.0 0.0 0.0 0.0 0.0 0.0 1 18.0 0.0 0.0 18.0 18.0 18.0 18.0 18.0 26.0 26.0 0.0 0.0 0.0 0.0 26.0 0.0 26.0 0.0 26.0 0.0 26.0 0.0 26.0 0.0
29 9 1 5.271309500000001 3.280010300000015 0.0 8.551319800000016 12.604752099999814 12.604752099999814 12.604752099999814 417.32421875 424.6015625 39 39 1.0 0 26 26 False 0 0 False 1.5 1.5 0.7615773105863908 0.7615773105863908 0.5077182070575939 0.5077182070575939 1.0 1.0 1.0 1.0 1.0 1.0 2.0 2.0 4.0 4.0 0 0.0 0 0.0 2.3059288133651683 0.0 0.0 0 0 0.0 0.0 0.0 0.0 0.0 0.0 0.0 0.0 0.0 0.0 0.0 0.0 0.0 0.0 0.0 0.0 1 26.0 0.0 0.0 26.0 26.0 26.0 26.0 26.0 39.0 39.0 0.0 0.0 0.0 0.0 39.0 0.0 39.0 0.0 39.0 0.0 39.0 0.0 39.0 0.0
30 10 3 1.0100937000000272 0.3236606000000677 0.0 1.3337543000000949 1.3337543000000949 1.3337543000000949 1.3337543000000949 368.81640625 358.578125 18 18 1.0 18 1 0 False 0 0 False 1.0 1.0 0.0 0.0 0.0 0.0 0.0 0.0 0.0 0.0 0.0 0.0 0.0 0.0 0.0 0.0 0 0.0 0 0.0 0.0 0.0 0.0 0 0 0.0 0.0 0.0 0.0 0.0 0.0 0.0 0.0 0.0 0.0 0.0 0.0 0.0 0.0 0.0 0.0 1 1.0 0.0 0.0 0.0 0.0 0.0 0.0 0.0 1.0 1.0 0.0 0.0 0.0 0.0 0.0 0.0 0.0 0.0 0.0 0.0 0.0 0.0 0.0 0.0
31 10 2 2.2683178999998574 0.3906753000000265 0.0 2.658993199999884 3.992747499999979 3.992747499999979 3.992747499999979 384.765625 377.96875 26 26 1.0 26 18 18 False 0 0 False 1.4444444444444444 1.4444444444444444 1.0416176459053668 1.0416176459053668 0.7211199087037155 0.7211199087037155 1.0 1.0 1.0 1.0 1.0 1.0 1.0 1.0 5.0 5.0 0 0.0 0 0.0 3.4177580310559934 0.0 0.0 0 0 0.0 0.0 0.0 0.0 0.0 0.0 0.0 0.0 0.0 0.0 0.0 0.0 0.0 0.0 0.0 0.0 1 18.0 0.0 0.0 18.0 18.0 18.0 18.0 18.0 26.0 26.0 0.0 0.0 0.0 0.0 26.0 0.0 26.0 0.0 26.0 0.0 26.0 0.0 26.0 0.0
32 10 1 5.261211499999945 2.30974889999996 0.0 7.570960399999905 11.563707899999883 11.563707899999883 11.563707899999883 425.375 431.9609375 39 39 1.0 0 26 26 False 0 0 False 1.5 1.5 0.812403840463596 0.812403840463596 0.5416025603090641 0.5416025603090641 1.0 1.0 1.0 1.0 1.0 1.0 2.0 2.0 4.0 4.0 0 0.0 0 0.0 2.654821448436208 0.0 0.0 0 0 0.0 0.0 0.0 0.0 0.0 0.0 0.0 0.0 0.0 0.0 0.0 0.0 0.0 0.0 0.0 0.0 1 26.0 0.0 0.0 26.0 26.0 26.0 26.0 26.0 39.0 39.0 0.0 0.0 0.0 0.0 39.0 0.0 39.0 0.0 39.0 0.0 39.0 0.0 39.0 0.0
33 11 3 1.0017322999999863 0.43577680000004193 0.0 1.4375091000000282 1.4375091000000282 1.4375091000000282 1.4375091000000282 379.68359375 369.5390625 18 18 1.0 18 1 0 False 0 0 False 1.0 1.0 0.0 0.0 0.0 0.0 0.0 0.0 0.0 0.0 0.0 0.0 0.0 0.0 0.0 0.0 0 0.0 0 0.0 0.0 0.0 0.0 0 0 0.0 0.0 0.0 0.0 0.0 0.0 0.0 0.0 0.0 0.0 0.0 0.0 0.0 0.0 0.0 0.0 1 1.0 0.0 0.0 0.0 0.0 0.0 0.0 0.0 1.0 1.0 0.0 0.0 0.0 0.0 0.0 0.0 0.0 0.0 0.0 0.0 0.0 0.0 0.0 0.0
34 11 2 2.2664977000000874 0.3774939999998992 0.0 2.6439916999999866 4.081500800000015 4.081500800000015 4.081500800000015 393.53515625 386.83984375 26 26 1.0 26 18 18 False 0 0 False 1.4444444444444444 1.4444444444444444 0.7838233761296739 0.7838233761296739 0.5426469527051588 0.5426469527051588 1.0 1.0 1.0 1.0 1.0 1.0 2.0 2.0 4.0 4.0 0 0.0 0 0.0 2.933768205699568 0.0 0.0 0 0 0.0 0.0 0.0 0.0 0.0 0.0 0.0 0.0 0.0 0.0 0.0 0.0 0.0 0.0 0.0 0.0 1 18.0 0.0 0.0 18.0 18.0 18.0 18.0 18.0 26.0 26.0 0.0 0.0 0.0 0.0 26.0 0.0 26.0 0.0 26.0 0.0 26.0 0.0 26.0 0.0
35 11 1 5.266845099999927 2.2728227999999433 0.0 7.53966789999987 11.621168699999885 11.621168699999885 11.621168699999885 434.51953125 441.38671875 39 39 1.0 0 26 26 False 0 0 False 1.5 1.5 0.812403840463596 0.812403840463596 0.5416025603090641 0.5416025603090641 1.0 1.0 1.0 1.0 1.0 1.0 2.0 2.0 4.0 4.0 0 0.0 0 0.0 2.3798028360478813 0.0 0.0 0 0 0.0 0.0 0.0 0.0 0.0 0.0 0.0 0.0 0.0 0.0 0.0 0.0 0.0 0.0 0.0 0.0 1 26.0 0.0 0.0 26.0 26.0 26.0 26.0 26.0 39.0 39.0 0.0 0.0 0.0 0.0 39.0 0.0 39.0 0.0 39.0 0.0 39.0 0.0 39.0 0.0
36 12 3 1.0076435999999944 0.44205310000000964 0.0 1.449696700000004 1.449696700000004 1.449696700000004 1.449696700000004 356.55078125 348.06640625 18 18 1.0 18 1 0 False 0 0 False 1.0 1.0 0.0 0.0 0.0 0.0 0.0 0.0 0.0 0.0 0.0 0.0 0.0 0.0 0.0 0.0 0 0.0 0 0.0 0.0 0.0 0.0 0 0 0.0 0.0 0.0 0.0 0.0 0.0 0.0 0.0 0.0 0.0 0.0 0.0 0.0 0.0 0.0 0.0 1 1.0 0.0 0.0 0.0 0.0 0.0 0.0 0.0 1.0 1.0 0.0 0.0 0.0 0.0 0.0 0.0 0.0 0.0 0.0 0.0 0.0 0.0 0.0 0.0
37 12 2 2.2689672000000485 0.38576579999997307 0.0 2.6547330000000215 4.104429700000026 4.104429700000026 4.104429700000026 388.7734375 383.8984375 26 26 1.0 26 18 18 False 0 0 False 1.4444444444444444 1.4444444444444444 0.8555852638929972 0.8555852638929972 0.5923282596182288 0.5923282596182288 1.0 1.0 1.0 1.0 1.0 1.0 1.75 1.75 4.0 4.0 0 0.0 0 0.0 3.1965773877515895 0.0 0.0 0 0 0.0 0.0 0.0 0.0 0.0 0.0 0.0 0.0 0.0 0.0 0.0 0.0 0.0 0.0 0.0 0.0 1 18.0 0.0 0.0 18.0 18.0 18.0 18.0 18.0 26.0 26.0 0.0 0.0 0.0 0.0 26.0 0.0 26.0 0.0 26.0 0.0 26.0 0.0 26.0 0.0
38 12 1 5.246194800000154 1.6546974000000034 0.0 6.900892200000158 11.005321900000183 11.005321900000183 11.005321900000183 440.7578125 447.5703125 39 39 1.0 0 26 26 False 0 0 False 1.5 1.5 0.9055385138137416 0.9055385138137416 0.6036923425424944 0.6036923425424944 1.0 1.0 1.0 1.0 1.0 1.0 2.0 2.0 5.0 5.0 0 0.0 0 0.0 2.995188449188773 0.0 0.0 0 0 0.0 0.0 0.0 0.0 0.0 0.0 0.0 0.0 0.0 0.0 0.0 0.0 0.0 0.0 0.0 0.0 1 26.0 0.0 0.0 26.0 26.0 26.0 26.0 26.0 39.0 39.0 0.0 0.0 0.0 0.0 39.0 0.0 39.0 0.0 39.0 0.0 39.0 0.0 39.0 0.0
39 13 3 1.004569799999956 0.309501300000079 0.0 1.3140711000000351 1.3140711000000351 1.3140711000000351 1.3140711000000351 395.3046875 385.828125 18 18 1.0 18 1 0 False 0 0 False 1.0 1.0 0.0 0.0 0.0 0.0 0.0 0.0 0.0 0.0 0.0 0.0 0.0 0.0 0.0 0.0 0 0.0 0 0.0 0.0 0.0 0.0 0 0 0.0 0.0 0.0 0.0 0.0 0.0 0.0 0.0 0.0 0.0 0.0 0.0 0.0 0.0 0.0 0.0 1 1.0 0.0 0.0 0.0 0.0 0.0 0.0 0.0 1.0 1.0 0.0 0.0 0.0 0.0 0.0 0.0 0.0 0.0 0.0 0.0 0.0 0.0 0.0 0.0
40 13 2 2.273832000000027 0.381368200000054 0.0 2.655200200000081 3.9692713000001163 3.9692713000001163 3.9692713000001163 411.37109375 404.91796875 26 26 1.0 26 18 18 False 0 0 False 1.4444444444444444 1.4444444444444444 0.9835244081556433 0.9835244081556433 0.6809015133385223 0.6809015133385223 1.0 1.0 1.0 1.0 1.0 1.0 1.75 1.75 5.0 5.0 0 0.0 0 0.0 3.3308632823580915 0.0 0.0 0 0 0.0 0.0 0.0 0.0 0.0 0.0 0.0 0.0 0.0 0.0 0.0 0.0 0.0 0.0 0.0 0.0 1 18.0 0.0 0.0 18.0 18.0 18.0 18.0 18.0 26.0 26.0 0.0 0.0 0.0 0.0 26.0 0.0 26.0 0.0 26.0 0.0 26.0 0.0 26.0 0.0
41 13 1 5.258088099999924 2.2390421999999433 0.0 7.497130299999867 11.466401599999983 11.466401599999983 11.466401599999983 450.66015625 457.00390625 39 39 1.0 0 26 26 False 0 0 False 1.5 1.5 0.7071067811865476 0.7071067811865476 0.47140452079103173 0.47140452079103173 1.0 1.0 1.0 1.0 1.0 1.0 2.0 2.0 3.0 3.0 0 0.0 0 0.0 2.040456208415544 0.0 0.0 0 0 0.0 0.0 0.0 0.0 0.0 0.0 0.0 0.0 0.0 0.0 0.0 0.0 0.0 0.0 0.0 0.0 1 26.0 0.0 0.0 26.0 26.0 26.0 26.0 26.0 39.0 39.0 0.0 0.0 0.0 0.0 39.0 0.0 39.0 0.0 39.0 0.0 39.0 0.0 39.0 0.0
42 14 3 1.0048419999999396 0.3517988000001253 0.0 1.356640800000065 1.356640800000065 1.356640800000065 1.356640800000065 404.61328125 394.6015625 18 18 1.0 18 1 0 False 0 0 False 1.0 1.0 0.0 0.0 0.0 0.0 0.0 0.0 0.0 0.0 0.0 0.0 0.0 0.0 0.0 0.0 0 0.0 0 0.0 0.0 0.0 0.0 0 0 0.0 0.0 0.0 0.0 0.0 0.0 0.0 0.0 0.0 0.0 0.0 0.0 0.0 0.0 0.0 0.0 1 1.0 0.0 0.0 0.0 0.0 0.0 0.0 0.0 1.0 1.0 0.0 0.0 0.0 0.0 0.0 0.0 0.0 0.0 0.0 0.0 0.0 0.0 0.0 0.0
43 14 2 2.27625409999996 0.38686459999999556 0.0 2.6631186999999557 4.019759500000021 4.019759500000021 4.019759500000021 418.92578125 412.4453125 26 26 1.0 26 18 18 False 0 0 False 1.4444444444444444 1.4444444444444444 1.0416176459053668 1.0416176459053668 0.7211199087037155 0.7211199087037155 1.0 1.0 1.0 1.0 1.0 1.0 1.0 1.0 5.0 5.0 0 0.0 0 0.0 3.4177580310559934 0.0 0.0 0 0 0.0 0.0 0.0 0.0 0.0 0.0 0.0 0.0 0.0 0.0 0.0 0.0 0.0 0.0 0.0 0.0 1 18.0 0.0 0.0 18.0 18.0 18.0 18.0 18.0 26.0 26.0 0.0 0.0 0.0 0.0 26.0 0.0 26.0 0.0 26.0 0.0 26.0 0.0 26.0 0.0
44 14 1 5.258377999999965 1.618976699999962 0.0 6.877354699999927 10.897114199999947 10.897114199999947 10.897114199999947 459.5546875 466.40625 39 39 1.0 0 26 26 False 0 0 False 1.5 1.5 0.5830951894845301 0.5830951894845301 0.38873012632302006 0.38873012632302006 1.0 1.0 1.0 1.0 1.0 1.0 2.0 2.0 3.0 3.0 0 0.0 0 0.0 1.6554107089736418 0.0 0.0 0 0 0.0 0.0 0.0 0.0 0.0 0.0 0.0 0.0 0.0 0.0 0.0 0.0 0.0 0.0 0.0 0.0 1 26.0 0.0 0.0 26.0 26.0 26.0 26.0 26.0 39.0 39.0 0.0 0.0 0.0 0.0 39.0 0.0 39.0 0.0 39.0 0.0 39.0 0.0 39.0 0.0
45 15 3 1.0214012999999795 0.33520570000001726 0.0 1.3566069999999968 1.3566069999999968 1.3566069999999968 1.3566069999999968 412.45703125 402.625 18 18 1.0 18 1 0 False 0 0 False 1.0 1.0 0.0 0.0 0.0 0.0 0.0 0.0 0.0 0.0 0.0 0.0 0.0 0.0 0.0 0.0 0 0.0 0 0.0 0.0 0.0 0.0 0 0 0.0 0.0 0.0 0.0 0.0 0.0 0.0 0.0 0.0 0.0 0.0 0.0 0.0 0.0 0.0 0.0 1 1.0 0.0 0.0 0.0 0.0 0.0 0.0 0.0 1.0 1.0 0.0 0.0 0.0 0.0 0.0 0.0 0.0 0.0 0.0 0.0 0.0 0.0 0.0 0.0
46 15 2 2.270068699999996 0.40787740000001804 0.0 2.677946100000014 4.034553100000011 4.034553100000011 4.034553100000011 428.29296875 421.546875 26 26 1.0 26 18 18 False 0 0 False 1.4444444444444444 1.4444444444444444 0.8555852638929972 0.8555852638929972 0.5923282596182288 0.5923282596182288 1.0 1.0 1.0 1.0 1.0 1.0 1.75 1.75 4.0 4.0 0 0.0 0 0.0 2.9641201444024965 0.0 0.0 0 0 0.0 0.0 0.0 0.0 0.0 0.0 0.0 0.0 0.0 0.0 0.0 0.0 0.0 0.0 0.0 0.0 1 18.0 0.0 0.0 18.0 18.0 18.0 18.0 18.0 26.0 26.0 0.0 0.0 0.0 0.0 26.0 0.0 26.0 0.0 26.0 0.0 26.0 0.0 26.0 0.0
47 15 1 5.246496300000075 2.337388300000015 0.0 7.58388460000009 11.6184377000001 11.6184377000001 11.6184377000001 467.37890625 473.9140625 39 39 1.0 0 26 26 False 0 0 False 1.5 1.5 0.9486832980505138 0.9486832980505138 0.6324555320336759 0.6324555320336759 1.0 1.0 1.0 1.0 1.0 1.0 2.0 2.0 5.0 5.0 0 0.0 0 0.0 2.8436839595036685 0.0 0.0 0 0 0.0 0.0 0.0 0.0 0.0 0.0 0.0 0.0 0.0 0.0 0.0 0.0 0.0 0.0 0.0 0.0 1 26.0 0.0 0.0 26.0 26.0 26.0 26.0 26.0 39.0 39.0 0.0 0.0 0.0 0.0 39.0 0.0 39.0 0.0 39.0 0.0 39.0 0.0 39.0 0.0
48 16 3 0.9976885999998899 0.30486960000007457 0.0 1.3025581999999645 1.3025581999999645 1.3025581999999645 1.3025581999999645 422.0 411.8828125 18 18 1.0 18 1 0 False 0 0 False 1.0 1.0 0.0 0.0 0.0 0.0 0.0 0.0 0.0 0.0 0.0 0.0 0.0 0.0 0.0 0.0 0 0.0 0 0.0 0.0 0.0 0.0 0 0 0.0 0.0 0.0 0.0 0.0 0.0 0.0 0.0 0.0 0.0 0.0 0.0 0.0 0.0 0.0 0.0 1 1.0 0.0 0.0 0.0 0.0 0.0 0.0 0.0 1.0 1.0 0.0 0.0 0.0 0.0 0.0 0.0 0.0 0.0 0.0 0.0 0.0 0.0 0.0 0.0
49 16 2 2.2653099000000907 0.4018426000000659 0.0 2.6671525000001566 3.969710700000121 3.969710700000121 3.969710700000121 437.59375 430.79296875 26 26 1.0 26 18 18 False 0 0 False 1.4444444444444444 1.4444444444444444 0.7838233761296739 0.7838233761296739 0.5426469527051588 0.5426469527051588 1.0 1.0 1.0 1.0 1.0 1.0 1.75 1.75 3.0 3.0 0 0.0 0 0.0 3.261573252635073 0.0 0.0 0 0 0.0 0.0 0.0 0.0 0.0 0.0 0.0 0.0 0.0 0.0 0.0 0.0 0.0 0.0 0.0 0.0 1 18.0 0.0 0.0 18.0 18.0 18.0 18.0 18.0 26.0 26.0 0.0 0.0 0.0 0.0 26.0 0.0 26.0 0.0 26.0 0.0 26.0 0.0 26.0 0.0
50 16 1 5.253814599999998 2.2583197000000155 0.0 7.512134300000014 11.481845000000135 11.481845000000135 11.481845000000135 478.3046875 485.578125 39 39 1.0 0 26 26 False 0 0 False 1.5 1.5 0.9055385138137416 0.9055385138137416 0.6036923425424944 0.6036923425424944 1.0 1.0 1.0 1.0 1.0 1.0 2.0 2.0 5.0 5.0 0 0.0 0 0.0 2.712152140048421 0.0 0.0 0 0 0.0 0.0 0.0 0.0 0.0 0.0 0.0 0.0 0.0 0.0 0.0 0.0 0.0 0.0 0.0 0.0 1 26.0 0.0 0.0 26.0 26.0 26.0 26.0 26.0 39.0 39.0 0.0 0.0 0.0 0.0 39.0 0.0 39.0 0.0 39.0 0.0 39.0 0.0 39.0 0.0
51 17 3 1.0054764999999293 0.39225739999989173 0.0 1.397733899999821 1.397733899999821 1.397733899999821 1.397733899999821 406.1015625 399.62890625 18 18 1.0 18 1 0 False 0 0 False 1.0 1.0 0.0 0.0 0.0 0.0 0.0 0.0 0.0 0.0 0.0 0.0 0.0 0.0 0.0 0.0 0 0.0 0 0.0 0.0 0.0 0.0 0 0 0.0 0.0 0.0 0.0 0.0 0.0 0.0 0.0 0.0 0.0 0.0 0.0 0.0 0.0 0.0 0.0 1 1.0 0.0 0.0 0.0 0.0 0.0 0.0 0.0 1.0 1.0 0.0 0.0 0.0 0.0 0.0 0.0 0.0 0.0 0.0 0.0 0.0 0.0 0.0 0.0
52 17 2 2.2728532000000428 0.3790256000000909 0.0 2.6518788000001337 4.049612699999955 4.049612699999955 4.049612699999955 438.296875 434.0703125 26 26 1.0 26 18 18 False 0 0 False 1.4444444444444444 1.4444444444444444 1.0416176459053668 1.0416176459053668 0.7211199087037155 0.7211199087037155 1.0 1.0 1.0 1.0 1.0 1.0 1.0 1.0 5.0 5.0 0 0.0 0 0.0 3.4177580310559934 0.0 0.0 0 0 0.0 0.0 0.0 0.0 0.0 0.0 0.0 0.0 0.0 0.0 0.0 0.0 0.0 0.0 0.0 0.0 1 18.0 0.0 0.0 18.0 18.0 18.0 18.0 18.0 26.0 26.0 0.0 0.0 0.0 0.0 26.0 0.0 26.0 0.0 26.0 0.0 26.0 0.0 26.0 0.0
53 17 1 5.267927799999995 2.3047147000001473 0.0 7.572642500000143 11.622255200000097 11.622255200000097 11.622255200000097 486.59375 492.93359375 39 39 1.0 0 26 26 False 0 0 False 1.5 1.5 0.7071067811865476 0.7071067811865476 0.47140452079103173 0.47140452079103173 1.0 1.0 1.0 1.0 1.0 1.0 2.0 2.0 4.0 4.0 0 0.0 0 0.0 2.5057625892821838 0.0 0.0 0 0 0.0 0.0 0.0 0.0 0.0 0.0 0.0 0.0 0.0 0.0 0.0 0.0 0.0 0.0 0.0 0.0 1 26.0 0.0 0.0 26.0 26.0 26.0 26.0 26.0 39.0 39.0 0.0 0.0 0.0 0.0 39.0 0.0 39.0 0.0 39.0 0.0 39.0 0.0 39.0 0.0
54 18 3 1.0030995000000757 0.37041010000001506 0.0 1.3735096000000908 1.3735096000000908 1.3735096000000908 1.3735096000000908 441.953125 432.4765625 18 18 1.0 18 1 0 False 0 0 False 1.0 1.0 0.0 0.0 0.0 0.0 0.0 0.0 0.0 0.0 0.0 0.0 0.0 0.0 0.0 0.0 0 0.0 0 0.0 0.0 0.0 0.0 0 0 0.0 0.0 0.0 0.0 0.0 0.0 0.0 0.0 0.0 0.0 0.0 0.0 0.0 0.0 0.0 0.0 1 1.0 0.0 0.0 0.0 0.0 0.0 0.0 0.0 1.0 1.0 0.0 0.0 0.0 0.0 0.0 0.0 0.0 0.0 0.0 0.0 0.0 0.0 0.0 0.0
55 18 2 2.2693247999999926 0.5875767999999653 0.0 2.856901599999958 4.230411200000049 4.230411200000049 4.230411200000049 456.0625 449.7890625 26 26 1.0 26 18 18 False 0 0 False 1.4444444444444444 1.4444444444444444 1.0416176459053668 1.0416176459053668 0.7211199087037155 0.7211199087037155 1.0 1.0 1.0 1.0 1.0 1.0 1.0 1.0 5.0 5.0 0 0.0 0 0.0 3.4177580310559934 0.0 0.0 0 0 0.0 0.0 0.0 0.0 0.0 0.0 0.0 0.0 0.0 0.0 0.0 0.0 0.0 0.0 0.0 0.0 1 18.0 0.0 0.0 18.0 18.0 18.0 18.0 18.0 26.0 26.0 0.0 0.0 0.0 0.0 26.0 0.0 26.0 0.0 26.0 0.0 26.0 0.0 26.0 0.0
56 18 1 5.281762699999888 3.1985391999999138 0.0 8.480301899999802 12.71071309999985 12.71071309999985 12.71071309999985 496.44921875 504.4296875 39 39 1.0 0 26 26 False 0 0 False 1.5 1.5 0.7615773105863908 0.7615773105863908 0.5077182070575939 0.5077182070575939 1.0 1.0 1.0 1.0 1.0 1.0 2.0 2.0 4.0 4.0 0 0.0 0 0.0 2.6475678243654843 0.0 0.0 0 0 0.0 0.0 0.0 0.0 0.0 0.0 0.0 0.0 0.0 0.0 0.0 0.0 0.0 0.0 0.0 0.0 1 26.0 0.0 0.0 26.0 26.0 26.0 26.0 26.0 39.0 39.0 0.0 0.0 0.0 0.0 39.0 0.0 39.0 0.0 39.0 0.0 39.0 0.0 39.0 0.0
57 19 3 1.0028251999998474 0.31156729999992194 0.0 1.3143924999997694 1.3143924999997694 1.3143924999997694 1.3143924999997694 453.24609375 444.98828125 18 18 1.0 18 1 0 False 0 0 False 1.0 1.0 0.0 0.0 0.0 0.0 0.0 0.0 0.0 0.0 0.0 0.0 0.0 0.0 0.0 0.0 0 0.0 0 0.0 0.0 0.0 0.0 0 0 0.0 0.0 0.0 0.0 0.0 0.0 0.0 0.0 0.0 0.0 0.0 0.0 0.0 0.0 0.0 0.0 1 1.0 0.0 0.0 0.0 0.0 0.0 0.0 0.0 1.0 1.0 0.0 0.0 0.0 0.0 0.0 0.0 0.0 0.0 0.0 0.0 0.0 0.0 0.0 0.0
58 19 2 2.267162599999949 0.3818665000001147 0.0 2.649029100000064 3.9634215999998332 3.9634215999998332 3.9634215999998332 468.7578125 463.15625 26 26 1.0 26 18 18 False 0 0 False 1.4444444444444444 1.4444444444444444 0.8555852638929972 0.8555852638929972 0.5923282596182288 0.5923282596182288 1.0 1.0 1.0 1.0 1.0 1.0 1.75 1.75 4.0 4.0 0 0.0 0 0.0 3.1965773877515895 0.0 0.0 0 0 0.0 0.0 0.0 0.0 0.0 0.0 0.0 0.0 0.0 0.0 0.0 0.0 0.0 0.0 0.0 0.0 1 18.0 0.0 0.0 18.0 18.0 18.0 18.0 18.0 26.0 26.0 0.0 0.0 0.0 0.0 26.0 0.0 26.0 0.0 26.0 0.0 26.0 0.0 26.0 0.0
59 19 1 5.263322899999935 1.7723347999997259 0.0 7.0356576999996605 10.999079299999494 10.999079299999494 10.999079299999494 505.4140625 513.91796875 39 39 1.0 0 26 26 False 0 0 False 1.5 1.5 0.7071067811865476 0.7071067811865476 0.47140452079103173 0.47140452079103173 1.0 1.0 1.0 1.0 1.0 1.0 2.0 2.0 3.0 3.0 0 0.0 0 0.0 2.186057216507874 0.0 0.0 0 0 0.0 0.0 0.0 0.0 0.0 0.0 0.0 0.0 0.0 0.0 0.0 0.0 0.0 0.0 0.0 0.0 1 26.0 0.0 0.0 26.0 26.0 26.0 26.0 26.0 39.0 39.0 0.0 0.0 0.0 0.0 39.0 0.0 39.0 0.0 39.0 0.0 39.0 0.0 39.0 0.0
60 20 3 1.002969400000154 0.37697209999998904 0.0 1.3799415000001432 1.3799415000001432 1.3799415000001432 1.3799415000001432 456.375 447.51953125 18 18 1.0 18 1 0 False 0 0 False 1.0 1.0 0.0 0.0 0.0 0.0 0.0 0.0 0.0 0.0 0.0 0.0 0.0 0.0 0.0 0.0 0 0.0 0 0.0 0.0 0.0 0.0 0 0 0.0 0.0 0.0 0.0 0.0 0.0 0.0 0.0 0.0 0.0 0.0 0.0 0.0 0.0 0.0 0.0 1 1.0 0.0 0.0 0.0 0.0 0.0 0.0 0.0 1.0 1.0 0.0 0.0 0.0 0.0 0.0 0.0 0.0 0.0 0.0 0.0 0.0 0.0 0.0 0.0
61 20 2 2.269157599999744 0.38485299999996414 0.0 2.654010599999708 4.033952099999851 4.033952099999851 4.033952099999851 470.4921875 464.9375 26 26 1.0 26 18 18 False 0 0 False 1.4444444444444444 1.4444444444444444 0.8555852638929972 0.8555852638929972 0.5923282596182288 0.5923282596182288 1.0 1.0 1.0 1.0 1.0 1.0 1.75 1.75 4.0 4.0 0 0.0 0 0.0 3.1965773877515895 0.0 0.0 0 0 0.0 0.0 0.0 0.0 0.0 0.0 0.0 0.0 0.0 0.0 0.0 0.0 0.0 0.0 0.0 0.0 1 18.0 0.0 0.0 18.0 18.0 18.0 18.0 18.0 26.0 26.0 0.0 0.0 0.0 0.0 26.0 0.0 26.0 0.0 26.0 0.0 26.0 0.0 26.0 0.0
62 20 1 5.252632799999958 1.8439383000000475 0.0 7.096571100000006 11.130523199999857 11.130523199999857 11.130523199999857 512.8359375 521.02734375 39 39 1.0 0 26 26 False 0 0 False 1.5 1.5 0.7615773105863908 0.7615773105863908 0.5077182070575939 0.5077182070575939 1.0 1.0 1.0 1.0 1.0 1.0 2.0 2.0 4.0 4.0 0 0.0 0 0.0 2.669269563007828 0.0 0.0 0 0 0.0 0.0 0.0 0.0 0.0 0.0 0.0 0.0 0.0 0.0 0.0 0.0 0.0 0.0 0.0 0.0 1 26.0 0.0 0.0 26.0 26.0 26.0 26.0 26.0 39.0 39.0 0.0 0.0 0.0 0.0 39.0 0.0 39.0 0.0 39.0 0.0 39.0 0.0 39.0 0.0
63 21 3 1.0056561999999758 0.3625917000000527 0.0 1.3682479000000285 1.3682479000000285 1.3682479000000285 1.3682479000000285 468.01171875 459.10546875 18 18 1.0 18 1 0 False 0 0 False 1.0 1.0 0.0 0.0 0.0 0.0 0.0 0.0 0.0 0.0 0.0 0.0 0.0 0.0 0.0 0.0 0 0.0 0 0.0 0.0 0.0 0.0 0 0 0.0 0.0 0.0 0.0 0.0 0.0 0.0 0.0 0.0 0.0 0.0 0.0 0.0 0.0 0.0 0.0 1 1.0 0.0 0.0 0.0 0.0 0.0 0.0 0.0 1.0 1.0 0.0 0.0 0.0 0.0 0.0 0.0 0.0 0.0 0.0 0.0 0.0 0.0 0.0 0.0
64 21 2 2.269067800000016 0.3891106999999465 0.0 2.6581784999999627 4.026426399999991 4.026426399999991 4.026426399999991 482.93359375 477.2109375 26 26 1.0 26 18 18 False 0 0 False 1.4444444444444444 1.4444444444444444 0.8555852638929972 0.8555852638929972 0.5923282596182288 0.5923282596182288 1.0 1.0 1.0 1.0 1.0 1.0 1.75 1.75 4.0 4.0 0 0.0 0 0.0 3.1965773877515895 0.0 0.0 0 0 0.0 0.0 0.0 0.0 0.0 0.0 0.0 0.0 0.0 0.0 0.0 0.0 0.0 0.0 0.0 0.0 1 18.0 0.0 0.0 18.0 18.0 18.0 18.0 18.0 26.0 26.0 0.0 0.0 0.0 0.0 26.0 0.0 26.0 0.0 26.0 0.0 26.0 0.0 26.0 0.0
65 21 1 5.288788900000043 1.9170003000001543 0.0 7.205789200000197 11.232215600000188 11.232215600000188 11.232215600000188 519.71875 526.7109375 39 39 1.0 0 26 26 False 0 0 False 1.5 1.5 0.812403840463596 0.812403840463596 0.5416025603090641 0.5416025603090641 1.0 1.0 1.0 1.0 1.0 1.0 2.0 2.0 4.0 4.0 0 0.0 0 0.0 2.962911769500765 0.0 0.0 0 0 0.0 0.0 0.0 0.0 0.0 0.0 0.0 0.0 0.0 0.0 0.0 0.0 0.0 0.0 0.0 0.0 1 26.0 0.0 0.0 26.0 26.0 26.0 26.0 26.0 39.0 39.0 0.0 0.0 0.0 0.0 39.0 0.0 39.0 0.0 39.0 0.0 39.0 0.0 39.0 0.0
66 22 3 1.0297734999999761 0.6327281999999173 0.0 1.6625016999998934 1.6625016999998934 1.6625016999998934 1.6625016999998934 446.4609375 439.8125 18 18 1.0 18 1 0 False 0 0 False 1.0 1.0 0.0 0.0 0.0 0.0 0.0 0.0 0.0 0.0 0.0 0.0 0.0 0.0 0.0 0.0 0 0.0 0 0.0 0.0 0.0 0.0 0 0 0.0 0.0 0.0 0.0 0.0 0.0 0.0 0.0 0.0 0.0 0.0 0.0 0.0 0.0 0.0 0.0 1 1.0 0.0 0.0 0.0 0.0 0.0 0.0 0.0 1.0 1.0 0.0 0.0 0.0 0.0 0.0 0.0 0.0 0.0 0.0 0.0 0.0 0.0 0.0 0.0
67 22 2 2.2972637000000304 0.4195674999998005 0.0 2.716831199999831 4.379332899999724 4.379332899999724 4.379332899999724 479.8515625 475.24609375 26 26 1.0 26 18 18 False 0 0 False 1.4444444444444444 1.4444444444444444 0.7838233761296739 0.7838233761296739 0.5426469527051588 0.5426469527051588 1.0 1.0 1.0 1.0 1.0 1.0 1.75 1.75 3.0 3.0 0 0.0 0 0.0 3.261573252635073 0.0 0.0 0 0 0.0 0.0 0.0 0.0 0.0 0.0 0.0 0.0 0.0 0.0 0.0 0.0 0.0 0.0 0.0 0.0 1 18.0 0.0 0.0 18.0 18.0 18.0 18.0 18.0 26.0 26.0 0.0 0.0 0.0 0.0 26.0 0.0 26.0 0.0 26.0 0.0 26.0 0.0 26.0 0.0
68 22 1 5.247224600000209 1.778142800000012 0.0 7.025367400000221 11.404700299999945 11.404700299999945 11.404700299999945 529.57421875 536.609375 39 39 1.0 0 26 26 False 0 0 False 1.5 1.5 1.0295630140987 1.0295630140987 0.6863753427324667 0.6863753427324667 1.0 1.0 1.0 1.0 1.0 1.0 1.75 1.75 5.0 5.0 0 0.0 0 0.0 3.3354160160315836 0.0 0.0 0 0 0.0 0.0 0.0 0.0 0.0 0.0 0.0 0.0 0.0 0.0 0.0 0.0 0.0 0.0 0.0 0.0 1 26.0 0.0 0.0 26.0 26.0 26.0 26.0 26.0 39.0 39.0 0.0 0.0 0.0 0.0 39.0 0.0 39.0 0.0 39.0 0.0 39.0 0.0 39.0 0.0
69 23 3 1.0038026999998806 0.4427235000001133 0.0 1.4465261999999939 1.4465261999999939 1.4465261999999939 1.4465261999999939 485.7578125 477.0859375 18 18 1.0 18 1 0 False 0 0 False 1.0 1.0 0.0 0.0 0.0 0.0 0.0 0.0 0.0 0.0 0.0 0.0 0.0 0.0 0.0 0.0 0 0.0 0 0.0 0.0 0.0 0.0 0 0 0.0 0.0 0.0 0.0 0.0 0.0 0.0 0.0 0.0 0.0 0.0 0.0 0.0 0.0 0.0 0.0 1 1.0 0.0 0.0 0.0 0.0 0.0 0.0 0.0 1.0 1.0 0.0 0.0 0.0 0.0 0.0 0.0 0.0 0.0 0.0 0.0 0.0 0.0 0.0 0.0
70 23 2 2.266365800000017 0.40691110000011577 0.0 2.6732769000001326 4.1198031000001265 4.1198031000001265 4.1198031000001265 499.546875 494.421875 26 26 1.0 26 18 18 False 0 0 False 1.4444444444444444 1.4444444444444444 0.9217771979249536 0.9217771979249536 0.6381534447172755 0.6381534447172755 1.0 1.0 1.0 1.0 1.0 1.0 1.0 1.0 4.0 4.0 0 0.0 0 0.0 3.3057500720857065 0.0 0.0 0 0 0.0 0.0 0.0 0.0 0.0 0.0 0.0 0.0 0.0 0.0 0.0 0.0 0.0 0.0 0.0 0.0 1 18.0 0.0 0.0 18.0 18.0 18.0 18.0 18.0 26.0 26.0 0.0 0.0 0.0 0.0 26.0 0.0 26.0 0.0 26.0 0.0 26.0 0.0 26.0 0.0
71 23 1 5.274611599999901 2.6531332999998085 0.0 7.927744899999709 12.047547999999836 12.047547999999836 12.047547999999836 538.91015625 546.015625 39 39 1.0 0 26 26 False 0 0 False 1.5 1.5 0.7071067811865476 0.7071067811865476 0.47140452079103173 0.47140452079103173 1.0 1.0 1.0 1.0 1.0 1.0 2.0 2.0 3.0 3.0 0 0.0 0 0.0 2.280772473729696 0.0 0.0 0 0 0.0 0.0 0.0 0.0 0.0 0.0 0.0 0.0 0.0 0.0 0.0 0.0 0.0 0.0 0.0 0.0 1 26.0 0.0 0.0 26.0 26.0 26.0 26.0 26.0 39.0 39.0 0.0 0.0 0.0 0.0 39.0 0.0 39.0 0.0 39.0 0.0 39.0 0.0 39.0 0.0
72 24 3 1.0046373000001267 0.35895030000017414 0.0 1.3635876000003009 1.3635876000003009 1.3635876000003009 1.3635876000003009 491.61328125 482.87109375 18 18 1.0 18 1 0 False 0 0 False 1.0 1.0 0.0 0.0 0.0 0.0 0.0 0.0 0.0 0.0 0.0 0.0 0.0 0.0 0.0 0.0 0 0.0 0 0.0 0.0 0.0 0.0 0 0 0.0 0.0 0.0 0.0 0.0 0.0 0.0 0.0 0.0 0.0 0.0 0.0 0.0 0.0 0.0 0.0 1 1.0 0.0 0.0 0.0 0.0 0.0 0.0 0.0 1.0 1.0 0.0 0.0 0.0 0.0 0.0 0.0 0.0 0.0 0.0 0.0 0.0 0.0 0.0 0.0
73 24 2 2.2755630999999994 0.3827052999998273 0.0 2.6582683999998267 4.0218560000001276 4.0218560000001276 4.0218560000001276 507.48046875 501.99609375 26 26 1.0 26 18 18 False 0 0 False 1.4444444444444444 1.4444444444444444 0.7047921864945659 0.7047921864945659 0.4879330521885456 0.4879330521885456 1.0 1.0 1.0 1.0 1.0 1.0 2.0 2.0 3.0 3.0 0 0.0 0 0.0 3.170400657522344 0.0 0.0 0 0 0.0 0.0 0.0 0.0 0.0 0.0 0.0 0.0 0.0 0.0 0.0 0.0 0.0 0.0 0.0 0.0 1 18.0 0.0 0.0 18.0 18.0 18.0 18.0 18.0 26.0 26.0 0.0 0.0 0.0 0.0 26.0 0.0 26.0 0.0 26.0 0.0 26.0 0.0 26.0 0.0
74 24 1 5.2597249000000375 1.8091481999999814 0.0 7.068873100000019 11.090729100000146 11.090729100000146 11.090729100000146 547.16015625 555.71484375 39 39 1.0 0 26 26 False 0 0 False 1.5 1.5 0.7071067811865476 0.7071067811865476 0.47140452079103173 0.47140452079103173 1.0 1.0 1.0 1.0 1.0 1.0 2.0 2.0 4.0 4.0 0 0.0 0 0.0 2.5438462701495634 0.0 0.0 0 0 0.0 0.0 0.0 0.0 0.0 0.0 0.0 0.0 0.0 0.0 0.0 0.0 0.0 0.0 0.0 0.0 1 26.0 0.0 0.0 26.0 26.0 26.0 26.0 26.0 39.0 39.0 0.0 0.0 0.0 0.0 39.0 0.0 39.0 0.0 39.0 0.0 39.0 0.0 39.0 0.0
