 RU AL GT ST OT TT LT CT WT RSS VMS LE AC CF PSG SIZE SGLITS_T HAS_TRAILING TOT_CHOICES PRE_CHOICES FGOALS_ORDER CP_EF_L CP_EF_A SP_ED_L SP_ED_A SP_EB_L SP_EB_A SP_MIN_L SP_MIN_A SP_LOWER_L SP_LOWER_A SP_MED_L SP_MED_A SP_UPPER_L SP_UPPER_A SP_MAX_L SP_MAX_A T_INTER_SP P_INTER_SP T_INTER_Q P_INTER_Q M_CHILD_SPREAD DIV_INDEX_SPREAD DIV_STEP_SPREAD DIVS_T DS_T DS_TD_MEAN DS_TD_STD DS_TD_CD DS_TD_MIN DS_TD_LOWER DS_TD_MED DS_TD_UPPER DS_TD_MAX DS_TS_MEAN DS_TS_STD DS_TS_CD DS_TS_MIN DS_TS_LOWER DS_TS_MED DS_TS_UPPER DS_TS_MAX PR_T PR_TS_MEAN PR_TS_STD PR_TS_CD PR_TS_MIN PR_TS_LOWER PR_TS_MED PR_TS_UPPER PR_TS_MAX PP_LE_MEAN PP_AC_MEAN PP_LE_STD PP_AC_STD PP_LE_CD PP_AC_CD PP_LE_MIN PP_AC_MIN PP_LE_LOWER PP_AC_LOWER PP_LE_MED PP_AC_MED PP_LE_UPPER PP_AC_UPPER PP_LE_MAX PP_AC_MAX
0 0 3 1.0198517999999979 0.39934719999999757 0.0 1.4191989999999954 1.4191989999999954 1.4191989999999954 1.4191989999999954 221.6796875 215.81640625 18 18 1.0 18 1 0 False 0 0 False 1.0 1.0 0.0 0.0 0.0 0.0 0.0 0.0 0.0 0.0 0.0 0.0 0.0 0.0 0.0 0.0 0 0.0 0 0.0 0.0 0.0 0.0 0 0 0.0 0.0 0.0 0.0 0.0 0.0 0.0 0.0 0.0 0.0 0.0 0.0 0.0 0.0 0.0 0.0 1 1.0 0.0 0.0 0.0 0.0 0.0 0.0 0.0 1.0 1.0 0.0 0.0 0.0 0.0 0.0 0.0 0.0 0.0 0.0 0.0 0.0 0.0 0.0 0.0
1 0 2 1.5203808999999993 0.49547640000000115 0.0 2.0158573000000004 3.435056299999996 3.435056299999996 3.435056299999996 257.75390625 251.015625 26 26 1.0 26 18 18 False 0 0 False 1.4444444444444444 1.4444444444444444 0.7838233761296739 0.7838233761296739 0.5426469527051588 0.5426469527051588 1.0 1.0 1.0 1.0 1.0 1.0 2.0 2.0 4.0 4.0 0 0.0 0 0.0 3.0157337756773757 0.0 0.0 0 0 0.0 0.0 0.0 0.0 0.0 0.0 0.0 0.0 0.0 0.0 0.0 0.0 0.0 0.0 0.0 0.0 1 18.0 0.0 0.0 18.0 18.0 18.0 18.0 18.0 26.0 26.0 0.0 0.0 0.0 0.0 26.0 0.0 26.0 0.0 26.0 0.0 26.0 0.0 26.0 0.0
2 0 1 3.8580155999999945 3.4109578000000056 0.0 7.2689734 10.704029699999996 10.704029699999996 10.704029699999996 379.328125 392.0703125 39 39 1.0 0 26 26 False 0 0 False 1.5 1.5 0.7071067811865476 0.7071067811865476 0.47140452079103173 0.47140452079103173 1.0 1.0 1.0 1.0 1.0 1.0 2.0 2.0 3.0 3.0 0 0.0 0 0.0 2.5888072691730213 0.0 0.0 0 0 0.0 0.0 0.0 0.0 0.0 0.0 0.0 0.0 0.0 0.0 0.0 0.0 0.0 0.0 0.0 0.0 1 26.0 0.0 0.0 26.0 26.0 26.0 26.0 26.0 39.0 39.0 0.0 0.0 0.0 0.0 39.0 0.0 39.0 0.0 39.0 0.0 39.0 0.0 39.0 0.0
3 1 3 1.0212276999999972 0.41360019999999054 0.0 1.4348278999999877 1.4348278999999877 1.4348278999999877 1.4348278999999877 226.9296875 226.8515625 18 18 1.0 18 1 0 False 0 0 False 1.0 1.0 0.0 0.0 0.0 0.0 0.0 0.0 0.0 0.0 0.0 0.0 0.0 0.0 0.0 0.0 0 0.0 0 0.0 0.0 0.0 0.0 0 0 0.0 0.0 0.0 0.0 0.0 0.0 0.0 0.0 0.0 0.0 0.0 0.0 0.0 0.0 0.0 0.0 1 1.0 0.0 0.0 0.0 0.0 0.0 0.0 0.0 1.0 1.0 0.0 0.0 0.0 0.0 0.0 0.0 0.0 0.0 0.0 0.0 0.0 0.0 0.0 0.0
4 1 2 1.5261648999999906 0.5538511000000099 0.0 2.0800160000000005 3.5148438999999883 3.5148438999999883 3.5148438999999883 268.54296875 269.77734375 26 26 1.0 26 18 18 False 0 0 False 1.4444444444444444 1.4444444444444444 0.9835244081556433 0.9835244081556433 0.6809015133385223 0.6809015133385223 1.0 1.0 1.0 1.0 1.0 1.0 1.75 1.75 5.0 5.0 0 0.0 0 0.0 3.249248092824597 0.0 0.0 0 0 0.0 0.0 0.0 0.0 0.0 0.0 0.0 0.0 0.0 0.0 0.0 0.0 0.0 0.0 0.0 0.0 1 18.0 0.0 0.0 18.0 18.0 18.0 18.0 18.0 26.0 26.0 0.0 0.0 0.0 0.0 26.0 0.0 26.0 0.0 26.0 0.0 26.0 0.0 26.0 0.0
5 1 1 3.8413149000000146 3.412377599999992 0.0 7.253692500000007 10.768536399999995 10.768536399999995 10.768536399999995 387.05859375 399.6796875 39 39 1.0 0 26 26 False 0 0 False 1.5 1.5 0.812403840463596 0.812403840463596 0.5416025603090641 0.5416025603090641 1.0 1.0 1.0 1.0 1.0 1.0 2.0 2.0 4.0 4.0 0 0.0 0 0.0 2.4278036924823163 0.0 0.0 0 0 0.0 0.0 0.0 0.0 0.0 0.0 0.0 0.0 0.0 0.0 0.0 0.0 0.0 0.0 0.0 0.0 1 26.0 0.0 0.0 26.0 26.0 26.0 26.0 26.0 39.0 39.0 0.0 0.0 0.0 0.0 39.0 0.0 39.0 0.0 39.0 0.0 39.0 0.0 39.0 0.0
6 2 3 1.0159207999999893 0.36021460000000616 0.0 1.3761353999999955 1.3761353999999955 1.3761353999999955 1.3761353999999955 237.26953125 237.109375 18 18 1.0 18 1 0 False 0 0 False 1.0 1.0 0.0 0.0 0.0 0.0 0.0 0.0 0.0 0.0 0.0 0.0 0.0 0.0 0.0 0.0 0 0.0 0 0.0 0.0 0.0 0.0 0 0 0.0 0.0 0.0 0.0 0.0 0.0 0.0 0.0 0.0 0.0 0.0 0.0 0.0 0.0 0.0 0.0 1 1.0 0.0 0.0 0.0 0.0 0.0 0.0 0.0 1.0 1.0 0.0 0.0 0.0 0.0 0.0 0.0 0.0 0.0 0.0 0.0 0.0 0.0 0.0 0.0
7 2 2 1.5197839000000073 0.5187582000000077 0.0 2.038542100000015 3.4146775000000105 3.4146775000000105 3.4146775000000105 292.26171875 295.265625 26 26 1.0 26 18 18 False 0 0 False 1.4444444444444444 1.4444444444444444 0.7047921864945659 0.7047921864945659 0.4879330521885456 0.4879330521885456 1.0 1.0 1.0 1.0 1.0 1.0 2.0 2.0 3.0 3.0 0 0.0 0 0.0 3.084542639060299 0.0 0.0 0 0 0.0 0.0 0.0 0.0 0.0 0.0 0.0 0.0 0.0 0.0 0.0 0.0 0.0 0.0 0.0 0.0 1 18.0 0.0 0.0 18.0 18.0 18.0 18.0 18.0 26.0 26.0 0.0 0.0 0.0 0.0 26.0 0.0 26.0 0.0 26.0 0.0 26.0 0.0 26.0 0.0
8 2 1 3.8265396999999837 2.999090999999993 0.0 6.8256306999999765 10.240308199999987 10.240308199999987 10.240308199999987 397.15234375 409.46875 39 39 1.0 0 26 26 False 0 0 False 1.5 1.5 0.812403840463596 0.812403840463596 0.5416025603090641 0.5416025603090641 1.0 1.0 1.0 1.0 1.0 1.0 2.0 2.0 4.0 4.0 0 0.0 0 0.0 2.7403677462368776 0.0 0.0 0 0 0.0 0.0 0.0 0.0 0.0 0.0 0.0 0.0 0.0 0.0 0.0 0.0 0.0 0.0 0.0 0.0 1 26.0 0.0 0.0 26.0 26.0 26.0 26.0 26.0 39.0 39.0 0.0 0.0 0.0 0.0 39.0 0.0 39.0 0.0 39.0 0.0 39.0 0.0 39.0 0.0
9 3 3 1.0107237999999796 0.4085394000000093 0.0 1.419263199999989 1.419263199999989 1.419263199999989 1.419263199999989 258.35546875 256.09765625 18 18 1.0 18 1 0 False 0 0 False 1.0 1.0 0.0 0.0 0.0 0.0 0.0 0.0 0.0 0.0 0.0 0.0 0.0 0.0 0.0 0.0 0 0.0 0 0.0 0.0 0.0 0.0 0 0 0.0 0.0 0.0 0.0 0.0 0.0 0.0 0.0 0.0 0.0 0.0 0.0 0.0 0.0 0.0 0.0 1 1.0 0.0 0.0 0.0 0.0 0.0 0.0 0.0 1.0 1.0 0.0 0.0 0.0 0.0 0.0 0.0 0.0 0.0 0.0 0.0 0.0 0.0 0.0 0.0
10 3 2 1.5040684999999883 0.5790845000000076 0.0 2.083152999999996 3.5024161999999848 3.5024161999999848 3.5024161999999848 310.22265625 314.87109375 26 26 1.0 26 18 18 False 0 0 False 1.4444444444444444 1.4444444444444444 0.7838233761296739 0.7838233761296739 0.5426469527051588 0.5426469527051588 1.0 1.0 1.0 1.0 1.0 1.0 1.75 1.75 3.0 3.0 0 0.0 0 0.0 3.234014183120649 0.0 0.0 0 0 0.0 0.0 0.0 0.0 0.0 0.0 0.0 0.0 0.0 0.0 0.0 0.0 0.0 0.0 0.0 0.0 1 18.0 0.0 0.0 18.0 18.0 18.0 18.0 18.0 26.0 26.0 0.0 0.0 0.0 0.0 26.0 0.0 26.0 0.0 26.0 0.0 26.0 0.0 26.0 0.0
11 3 1 3.8361276000000117 2.7206271999999956 0.0 6.556754800000007 10.059170999999992 10.059170999999992 10.059170999999992 406.39453125 418.859375 39 39 1.0 0 26 26 False 0 0 False 1.5 1.5 0.812403840463596 0.812403840463596 0.5416025603090641 0.5416025603090641 1.0 1.0 1.0 1.0 1.0 1.0 2.0 2.0 4.0 4.0 0 0.0 0 0.0 2.654821448436208 0.0 0.0 0 0 0.0 0.0 0.0 0.0 0.0 0.0 0.0 0.0 0.0 0.0 0.0 0.0 0.0 0.0 0.0 0.0 1 26.0 0.0 0.0 26.0 26.0 26.0 26.0 26.0 39.0 39.0 0.0 0.0 0.0 0.0 39.0 0.0 39.0 0.0 39.0 0.0 39.0 0.0 39.0 0.0
12 4 3 1.0139021000000383 0.4803151999999926 0.0 1.494217300000031 1.494217300000031 1.494217300000031 1.494217300000031 334.453125 326.98046875 18 18 1.0 18 1 0 False 0 0 False 1.0 1.0 0.0 0.0 0.0 0.0 0.0 0.0 0.0 0.0 0.0 0.0 0.0 0.0 0.0 0.0 0 0.0 0 0.0 0.0 0.0 0.0 0 0 0.0 0.0 0.0 0.0 0.0 0.0 0.0 0.0 0.0 0.0 0.0 0.0 0.0 0.0 0.0 0.0 1 1.0 0.0 0.0 0.0 0.0 0.0 0.0 0.0 1.0 1.0 0.0 0.0 0.0 0.0 0.0 0.0 0.0 0.0 0.0 0.0 0.0 0.0 0.0 0.0
13 4 2 1.514562799999979 0.5400379000000015 0.0 2.0546006999999804 3.5488180000000114 3.5488180000000114 3.5488180000000114 356.390625 348.03125 26 26 1.0 26 18 18 False 0 0 False 1.4444444444444444 1.4444444444444444 0.8555852638929972 0.8555852638929972 0.5923282596182288 0.5923282596182288 1.0 1.0 1.0 1.0 1.0 1.0 1.75 1.75 4.0 4.0 0 0.0 0 0.0 3.1965773877515895 0.0 0.0 0 0 0.0 0.0 0.0 0.0 0.0 0.0 0.0 0.0 0.0 0.0 0.0 0.0 0.0 0.0 0.0 0.0 1 18.0 0.0 0.0 18.0 18.0 18.0 18.0 18.0 26.0 26.0 0.0 0.0 0.0 0.0 26.0 0.0 26.0 0.0 26.0 0.0 26.0 0.0 26.0 0.0
14 4 1 3.8391590000000235 2.6898529000000337 0.0 6.529011900000057 10.077829900000069 10.077829900000069 10.077829900000069 416.73828125 428.51953125 39 39 1.0 0 26 26 False 0 0 False 1.5 1.5 0.7071067811865476 0.7071067811865476 0.47140452079103173 0.47140452079103173 1.0 1.0 1.0 1.0 1.0 1.0 2.0 2.0 3.0 3.0 0 0.0 0 0.0 2.513425489706765 0.0 0.0 0 0 0.0 0.0 0.0 0.0 0.0 0.0 0.0 0.0 0.0 0.0 0.0 0.0 0.0 0.0 0.0 0.0 1 26.0 0.0 0.0 26.0 26.0 26.0 26.0 26.0 39.0 39.0 0.0 0.0 0.0 0.0 39.0 0.0 39.0 0.0 39.0 0.0 39.0 0.0 39.0 0.0
15 5 3 1.011122700000044 0.39889610000000175 0.0 1.4100188000000458 1.4100188000000458 1.4100188000000458 1.4100188000000458 344.546875 336.09765625 18 18 1.0 18 1 0 False 0 0 False 1.0 1.0 0.0 0.0 0.0 0.0 0.0 0.0 0.0 0.0 0.0 0.0 0.0 0.0 0.0 0.0 0 0.0 0 0.0 0.0 0.0 0.0 0 0 0.0 0.0 0.0 0.0 0.0 0.0 0.0 0.0 0.0 0.0 0.0 0.0 0.0 0.0 0.0 0.0 1 1.0 0.0 0.0 0.0 0.0 0.0 0.0 0.0 1.0 1.0 0.0 0.0 0.0 0.0 0.0 0.0 0.0 0.0 0.0 0.0 0.0 0.0 0.0 0.0
16 5 2 1.5015824000000038 0.5171200000000056 0.0 2.0187024000000093 3.428721200000055 3.428721200000055 3.428721200000055 368.6171875 359.7734375 26 26 1.0 26 18 18 False 0 0 False 1.4444444444444444 1.4444444444444444 0.7047921864945659 0.7047921864945659 0.4879330521885456 0.4879330521885456 1.0 1.0 1.0 1.0 1.0 1.0 2.0 2.0 3.0 3.0 0 0.0 0 0.0 3.055387200749205 0.0 0.0 0 0 0.0 0.0 0.0 0.0 0.0 0.0 0.0 0.0 0.0 0.0 0.0 0.0 0.0 0.0 0.0 0.0 1 18.0 0.0 0.0 18.0 18.0 18.0 18.0 18.0 26.0 26.0 0.0 0.0 0.0 0.0 26.0 0.0 26.0 0.0 26.0 0.0 26.0 0.0 26.0 0.0
17 5 1 3.8322378000000583 2.3582660000000004 0.0 6.190503800000059 9.619225000000114 9.619225000000114 9.619225000000114 427.9296875 439.21484375 39 39 1.0 0 26 26 False 0 0 False 1.5 1.5 0.7615773105863908 0.7615773105863908 0.5077182070575939 0.5077182070575939 1.0 1.0 1.0 1.0 1.0 1.0 2.0 2.0 4.0 4.0 0 0.0 0 0.0 2.5362752823170256 0.0 0.0 0 0 0.0 0.0 0.0 0.0 0.0 0.0 0.0 0.0 0.0 0.0 0.0 0.0 0.0 0.0 0.0 0.0 1 26.0 0.0 0.0 26.0 26.0 26.0 26.0 26.0 39.0 39.0 0.0 0.0 0.0 0.0 39.0 0.0 39.0 0.0 39.0 0.0 39.0 0.0 39.0 0.0
18 6 3 1.0203642000000315 0.42195439999996154 0.0 1.442318599999993 1.442318599999993 1.442318599999993 1.442318599999993 353.19921875 345.16796875 18 18 1.0 18 1 0 False 0 0 False 1.0 1.0 0.0 0.0 0.0 0.0 0.0 0.0 0.0 0.0 0.0 0.0 0.0 0.0 0.0 0.0 0 0.0 0 0.0 0.0 0.0 0.0 0 0 0.0 0.0 0.0 0.0 0.0 0.0 0.0 0.0 0.0 0.0 0.0 0.0 0.0 0.0 0.0 0.0 1 1.0 0.0 0.0 0.0 0.0 0.0 0.0 0.0 1.0 1.0 0.0 0.0 0.0 0.0 0.0 0.0 0.0 0.0 0.0 0.0 0.0 0.0 0.0 0.0
19 6 2 1.519116199999985 0.6018006000000327 0.0 2.1209168000000176 3.5632354000000106 3.5632354000000106 3.5632354000000106 375.52734375 367.16015625 26 26 1.0 26 18 18 False 0 0 False 1.4444444444444444 1.4444444444444444 0.7047921864945659 0.7047921864945659 0.4879330521885456 0.4879330521885456 1.0 1.0 1.0 1.0 1.0 1.0 2.0 2.0 3.0 3.0 0 0.0 0 0.0 2.832062169460135 0.0 0.0 0 0 0.0 0.0 0.0 0.0 0.0 0.0 0.0 0.0 0.0 0.0 0.0 0.0 0.0 0.0 0.0 0.0 1 18.0 0.0 0.0 18.0 18.0 18.0 18.0 18.0 26.0 26.0 0.0 0.0 0.0 0.0 26.0 0.0 26.0 0.0 26.0 0.0 26.0 0.0 26.0 0.0
20 6 1 3.8665670999999975 4.791224899999989 0.0 8.657791999999986 12.221027399999997 12.221027399999997 12.221027399999997 441.78515625 453.8515625 39 39 1.0 0 26 26 False 0 0 False 1.5 1.5 0.8602325267042626 0.8602325267042626 0.5734883511361751 0.5734883511361751 1.0 1.0 1.0 1.0 1.0 1.0 2.0 2.0 4.0 4.0 0 0.0 0 0.0 2.8233231919413417 0.0 0.0 0 0 0.0 0.0 0.0 0.0 0.0 0.0 0.0 0.0 0.0 0.0 0.0 0.0 0.0 0.0 0.0 0.0 1 26.0 0.0 0.0 26.0 26.0 26.0 26.0 26.0 39.0 39.0 0.0 0.0 0.0 0.0 39.0 0.0 39.0 0.0 39.0 0.0 39.0 0.0 39.0 0.0
21 7 3 1.018856199999945 0.46797979999999484 0.0 1.4868359999999399 1.4868359999999399 1.4868359999999399 1.4868359999999399 362.796875 354.46484375 18 18 1.0 18 1 0 False 0 0 False 1.0 1.0 0.0 0.0 0.0 0.0 0.0 0.0 0.0 0.0 0.0 0.0 0.0 0.0 0.0 0.0 0 0.0 0 0.0 0.0 0.0 0.0 0 0 0.0 0.0 0.0 0.0 0.0 0.0 0.0 0.0 0.0 0.0 0.0 0.0 0.0 0.0 0.0 0.0 1 1.0 0.0 0.0 0.0 0.0 0.0 0.0 0.0 1.0 1.0 0.0 0.0 0.0 0.0 0.0 0.0 0.0 0.0 0.0 0.0 0.0 0.0 0.0 0.0
22 7 2 1.5161606000000063 0.4985010999999844 0.0 2.0146616999999907 3.5014976999999305 3.5014976999999305 3.5014976999999305 386.765625 378.12109375 26 26 1.0 26 18 18 False 0 0 False 1.4444444444444444 1.4444444444444444 0.7838233761296739 0.7838233761296739 0.5426469527051588 0.5426469527051588 1.0 1.0 1.0 1.0 1.0 1.0 2.0 2.0 4.0 4.0 0 0.0 0 0.0 2.858098017884515 0.0 0.0 0 0 0.0 0.0 0.0 0.0 0.0 0.0 0.0 0.0 0.0 0.0 0.0 0.0 0.0 0.0 0.0 0.0 1 18.0 0.0 0.0 18.0 18.0 18.0 18.0 18.0 26.0 26.0 0.0 0.0 0.0 0.0 26.0 0.0 26.0 0.0 26.0 0.0 26.0 0.0 26.0 0.0
23 7 1 3.852706600000033 2.8722681000000136 0.0 6.724974700000047 10.226472399999977 10.226472399999977 10.226472399999977 431.5390625 444.578125 39 39 1.0 0 26 26 False 0 0 False 1.5 1.5 0.648074069840786 0.648074069840786 0.43204937989385733 0.43204937989385733 1.0 1.0 1.0 1.0 1.0 1.0 2.0 2.0 3.0 3.0 0 0.0 0 0.0 2.3472569916000645 0.0 0.0 0 0 0.0 0.0 0.0 0.0 0.0 0.0 0.0 0.0 0.0 0.0 0.0 0.0 0.0 0.0 0.0 0.0 1 26.0 0.0 0.0 26.0 26.0 26.0 26.0 26.0 39.0 39.0 0.0 0.0 0.0 0.0 39.0 0.0 39.0 0.0 39.0 0.0 39.0 0.0 39.0 0.0
24 8 3 1.0115511000000765 0.4687696000000301 0.0 1.4803207000001066 1.4803207000001066 1.4803207000001066 1.4803207000001066 304.19921875 299.41015625 18 18 1.0 18 1 0 False 0 0 False 1.0 1.0 0.0 0.0 0.0 0.0 0.0 0.0 0.0 0.0 0.0 0.0 0.0 0.0 0.0 0.0 0 0.0 0 0.0 0.0 0.0 0.0 0 0 0.0 0.0 0.0 0.0 0.0 0.0 0.0 0.0 0.0 0.0 0.0 0.0 0.0 0.0 0.0 0.0 1 1.0 0.0 0.0 0.0 0.0 0.0 0.0 0.0 1.0 1.0 0.0 0.0 0.0 0.0 0.0 0.0 0.0 0.0 0.0 0.0 0.0 0.0 0.0 0.0
25 8 2 1.5298143999999638 0.49213859999997567 0.0 2.0219529999999395 3.502273700000046 3.502273700000046 3.502273700000046 362.21484375 365.59765625 26 26 1.0 26 18 18 False 0 0 False 1.4444444444444444 1.4444444444444444 0.8555852638929972 0.8555852638929972 0.5923282596182288 0.5923282596182288 1.0 1.0 1.0 1.0 1.0 1.0 1.75 1.75 4.0 4.0 0 0.0 0 0.0 3.0523552263757803 0.0 0.0 0 0 0.0 0.0 0.0 0.0 0.0 0.0 0.0 0.0 0.0 0.0 0.0 0.0 0.0 0.0 0.0 0.0 1 18.0 0.0 0.0 18.0 18.0 18.0 18.0 18.0 26.0 26.0 0.0 0.0 0.0 0.0 26.0 0.0 26.0 0.0 26.0 0.0 26.0 0.0 26.0 0.0
26 8 1 3.83916099999999 3.0066305 0.0 6.84579149999999 10.348065200000036 10.348065200000036 10.348065200000036 451.984375 463.99609375 39 39 1.0 0 26 26 False 0 0 False 1.5 1.5 0.812403840463596 0.812403840463596 0.5416025603090641 0.5416025603090641 1.0 1.0 1.0 1.0 1.0 1.0 2.0 2.0 4.0 4.0 0 0.0 0 0.0 2.4514516892273006 0.0 0.0 0 0 0.0 0.0 0.0 0.0 0.0 0.0 0.0 0.0 0.0 0.0 0.0 0.0 0.0 0.0 0.0 0.0 1 26.0 0.0 0.0 26.0 26.0 26.0 26.0 26.0 39.0 39.0 0.0 0.0 0.0 0.0 39.0 0.0 39.0 0.0 39.0 0.0 39.0 0.0 39.0 0.0
27 9 3 1.0123011999999676 0.3725887000000796 0.0 1.3848899000000472 1.3848899000000472 1.3848899000000472 1.3848899000000472 379.875 372.48828125 18 18 1.0 18 1 0 False 0 0 False 1.0 1.0 0.0 0.0 0.0 0.0 0.0 0.0 0.0 0.0 0.0 0.0 0.0 0.0 0.0 0.0 0 0.0 0 0.0 0.0 0.0 0.0 0 0 0.0 0.0 0.0 0.0 0.0 0.0 0.0 0.0 0.0 0.0 0.0 0.0 0.0 0.0 0.0 0.0 1 1.0 0.0 0.0 0.0 0.0 0.0 0.0 0.0 1.0 1.0 0.0 0.0 0.0 0.0 0.0 0.0 0.0 0.0 0.0 0.0 0.0 0.0 0.0 0.0
28 9 2 1.5196241000000725 0.622672199999954 0.0 2.1422963000000266 3.5271862000000738 3.5271862000000738 3.5271862000000738 402.41796875 394.15625 26 26 1.0 26 18 18 False 0 0 False 1.4444444444444444 1.4444444444444444 0.7838233761296739 0.7838233761296739 0.5426469527051588 0.5426469527051588 1.0 1.0 1.0 1.0 1.0 1.0 1.75 1.75 3.0 3.0 0 0.0 0 0.0 3.261573252635073 0.0 0.0 0 0 0.0 0.0 0.0 0.0 0.0 0.0 0.0 0.0 0.0 0.0 0.0 0.0 0.0 0.0 0.0 0.0 1 18.0 0.0 0.0 18.0 18.0 18.0 18.0 18.0 26.0 26.0 0.0 0.0 0.0 0.0 26.0 0.0 26.0 0.0 26.0 0.0 26.0 0.0 26.0 0.0
29 9 1 3.831374600000032 2.8254138999999725 0.0 6.656788500000005 10.183974700000078 10.183974700000078 10.183974700000078 460.45703125 472.30859375 39 39 1.0 0 26 26 False 0 0 False 1.5 1.5 0.9486832980505138 0.9486832980505138 0.6324555320336759 0.6324555320336759 1.0 1.0 1.0 1.0 1.0 1.0 2.0 2.0 5.0 5.0 0 0.0 0 0.0 2.6907962790565576 0.0 0.0 0 0 0.0 0.0 0.0 0.0 0.0 0.0 0.0 0.0 0.0 0.0 0.0 0.0 0.0 0.0 0.0 0.0 1 26.0 0.0 0.0 26.0 26.0 26.0 26.0 26.0 39.0 39.0 0.0 0.0 0.0 0.0 39.0 0.0 39.0 0.0 39.0 0.0 39.0 0.0 39.0 0.0
30 10 3 1.0112747000000297 0.3746214999999893 0.0 1.385896200000019 1.385896200000019 1.385896200000019 1.385896200000019 388.078125 380.38671875 18 18 1.0 18 1 0 False 0 0 False 1.0 1.0 0.0 0.0 0.0 0.0 0.0 0.0 0.0 0.0 0.0 0.0 0.0 0.0 0.0 0.0 0 0.0 0 0.0 0.0 0.0 0.0 0 0 0.0 0.0 0.0 0.0 0.0 0.0 0.0 0.0 0.0 0.0 0.0 0.0 0.0 0.0 0.0 0.0 1 1.0 0.0 0.0 0.0 0.0 0.0 0.0 0.0 1.0 1.0 0.0 0.0 0.0 0.0 0.0 0.0 0.0 0.0 0.0 0.0 0.0 0.0 0.0 0.0
31 10 2 1.5182209999999543 0.5030285000000276 0.0 2.021249499999982 3.407145700000001 3.407145700000001 3.407145700000001 412.01953125 403.78515625 26 26 1.0 26 18 18 False 0 0 False 1.4444444444444444 1.4444444444444444 0.8555852638929972 0.8555852638929972 0.5923282596182288 0.5923282596182288 1.0 1.0 1.0 1.0 1.0 1.0 1.75 1.75 4.0 4.0 0 0.0 0 0.0 2.9796981093804233 0.0 0.0 0 0 0.0 0.0 0.0 0.0 0.0 0.0 0.0 0.0 0.0 0.0 0.0 0.0 0.0 0.0 0.0 0.0 1 18.0 0.0 0.0 18.0 18.0 18.0 18.0 18.0 26.0 26.0 0.0 0.0 0.0 0.0 26.0 0.0 26.0 0.0 26.0 0.0 26.0 0.0 26.0 0.0
32 10 1 3.8235482000000047 3.0224899999999764 0.0 6.846038199999981 10.253183899999982 10.253183899999982 10.253183899999982 471.05859375 483.80078125 39 39 1.0 0 26 26 False 0 0 False 1.5 1.5 0.7615773105863908 0.7615773105863908 0.5077182070575939 0.5077182070575939 1.0 1.0 1.0 1.0 1.0 1.0 2.0 2.0 4.0 4.0 0 0.0 0 0.0 2.6475678243654843 0.0 0.0 0 0 0.0 0.0 0.0 0.0 0.0 0.0 0.0 0.0 0.0 0.0 0.0 0.0 0.0 0.0 0.0 0.0 1 26.0 0.0 0.0 26.0 26.0 26.0 26.0 26.0 39.0 39.0 0.0 0.0 0.0 0.0 39.0 0.0 39.0 0.0 39.0 0.0 39.0 0.0 39.0 0.0
33 11 3 1.0201640000000225 0.38730229999998755 0.0 1.40746630000001 1.40746630000001 1.40746630000001 1.40746630000001 334.890625 330.6171875 18 18 1.0 18 1 0 False 0 0 False 1.0 1.0 0.0 0.0 0.0 0.0 0.0 0.0 0.0 0.0 0.0 0.0 0.0 0.0 0.0 0.0 0 0.0 0 0.0 0.0 0.0 0.0 0 0 0.0 0.0 0.0 0.0 0.0 0.0 0.0 0.0 0.0 0.0 0.0 0.0 0.0 0.0 0.0 0.0 1 1.0 0.0 0.0 0.0 0.0 0.0 0.0 0.0 1.0 1.0 0.0 0.0 0.0 0.0 0.0 0.0 0.0 0.0 0.0 0.0 0.0 0.0 0.0 0.0
34 11 2 1.5174230999999736 0.5243560000000116 0.0 2.041779099999985 3.4492453999999952 3.4492453999999952 3.4492453999999952 390.5859375 391.3359375 26 26 1.0 26 18 18 False 0 0 False 1.4444444444444444 1.4444444444444444 0.7047921864945659 0.7047921864945659 0.4879330521885456 0.4879330521885456 1.0 1.0 1.0 1.0 1.0 1.0 2.0 2.0 3.0 3.0 0 0.0 0 0.0 2.9306104084738296 0.0 0.0 0 0 0.0 0.0 0.0 0.0 0.0 0.0 0.0 0.0 0.0 0.0 0.0 0.0 0.0 0.0 0.0 0.0 1 18.0 0.0 0.0 18.0 18.0 18.0 18.0 18.0 26.0 26.0 0.0 0.0 0.0 0.0 26.0 0.0 26.0 0.0 26.0 0.0 26.0 0.0 26.0 0.0
35 11 1 3.8620155000000125 4.473041100000017 0.0 8.33505660000003 11.784302000000025 11.784302000000025 11.784302000000025 479.41015625 492.46875 39 39 1.0 0 26 26 False 0 0 False 1.5 1.5 0.5830951894845301 0.5830951894845301 0.38873012632302006 0.38873012632302006 1.0 1.0 1.0 1.0 1.0 1.0 2.0 2.0 3.0 3.0 0 0.0 0 0.0 2.03100960115899 0.0 0.0 0 0 0.0 0.0 0.0 0.0 0.0 0.0 0.0 0.0 0.0 0.0 0.0 0.0 0.0 0.0 0.0 0.0 1 26.0 0.0 0.0 26.0 26.0 26.0 26.0 26.0 39.0 39.0 0.0 0.0 0.0 0.0 39.0 0.0 39.0 0.0 39.0 0.0 39.0 0.0 39.0 0.0
36 12 3 1.015657100000027 0.34534589999995546 0.0 1.3610029999999824 1.3610029999999824 1.3610029999999824 1.3610029999999824 400.890625 393.9609375 18 18 1.0 18 1 0 False 0 0 False 1.0 1.0 0.0 0.0 0.0 0.0 0.0 0.0 0.0 0.0 0.0 0.0 0.0 0.0 0.0 0.0 0 0.0 0 0.0 0.0 0.0 0.0 0 0 0.0 0.0 0.0 0.0 0.0 0.0 0.0 0.0 0.0 0.0 0.0 0.0 0.0 0.0 0.0 0.0 1 1.0 0.0 0.0 0.0 0.0 0.0 0.0 0.0 1.0 1.0 0.0 0.0 0.0 0.0 0.0 0.0 0.0 0.0 0.0 0.0 0.0 0.0 0.0 0.0
37 12 2 1.5186132000000327 0.4665468999999689 0.0 1.9851601000000016 3.346163099999984 3.346163099999984 3.346163099999984 425.59765625 417.86328125 26 26 1.0 26 18 18 False 0 0 False 1.4444444444444444 1.4444444444444444 0.7047921864945659 0.7047921864945659 0.4879330521885456 0.4879330521885456 1.0 1.0 1.0 1.0 1.0 1.0 2.0 2.0 3.0 3.0 0 0.0 0 0.0 3.055387200749205 0.0 0.0 0 0 0.0 0.0 0.0 0.0 0.0 0.0 0.0 0.0 0.0 0.0 0.0 0.0 0.0 0.0 0.0 0.0 1 18.0 0.0 0.0 18.0 18.0 18.0 18.0 18.0 26.0 26.0 0.0 0.0 0.0 0.0 26.0 0.0 26.0 0.0 26.0 0.0 26.0 0.0 26.0 0.0
38 12 1 3.84903769999994 3.5543060999999057 0.0 7.4033437999998455 10.74950689999983 10.74950689999983 10.74950689999983 486.1640625 499.4765625 39 39 1.0 0 26 26 False 0 0 False 1.5 1.5 0.812403840463596 0.812403840463596 0.5416025603090641 0.5416025603090641 1.0 1.0 1.0 1.0 1.0 1.0 2.0 2.0 4.0 4.0 0 0.0 0 0.0 2.7262964453067657 0.0 0.0 0 0 0.0 0.0 0.0 0.0 0.0 0.0 0.0 0.0 0.0 0.0 0.0 0.0 0.0 0.0 0.0 0.0 1 26.0 0.0 0.0 26.0 26.0 26.0 26.0 26.0 39.0 39.0 0.0 0.0 0.0 0.0 39.0 0.0 39.0 0.0 39.0 0.0 39.0 0.0 39.0 0.0
39 13 3 1.0125009000000205 0.3985131999999396 0.0 1.41101409999996 1.41101409999996 1.41101409999996 1.41101409999996 413.77734375 406.890625 18 18 1.0 18 1 0 False 0 0 False 1.0 1.0 0.0 0.0 0.0 0.0 0.0 0.0 0.0 0.0 0.0 0.0 0.0 0.0 0.0 0.0 0 0.0 0 0.0 0.0 0.0 0.0 0 0 0.0 0.0 0.0 0.0 0.0 0.0 0.0 0.0 0.0 0.0 0.0 0.0 0.0 0.0 0.0 0.0 1 1.0 0.0 0.0 0.0 0.0 0.0 0.0 0.0 1.0 1.0 0.0 0.0 0.0 0.0 0.0 0.0 0.0 0.0 0.0 0.0 0.0 0.0 0.0 0.0
40 13 2 1.5108807000000013 0.5173419000000479 0.0 2.028222600000049 3.4392367000000093 3.4392367000000093 3.4392367000000093 435.32421875 428.0703125 26 26 1.0 26 18 18 False 0 0 False 1.4444444444444444 1.4444444444444444 0.7047921864945659 0.7047921864945659 0.4879330521885456 0.4879330521885456 1.0 1.0 1.0 1.0 1.0 1.0 2.0 2.0 3.0 3.0 0 0.0 0 0.0 3.055387200749205 0.0 0.0 0 0 0.0 0.0 0.0 0.0 0.0 0.0 0.0 0.0 0.0 0.0 0.0 0.0 0.0 0.0 0.0 0.0 1 18.0 0.0 0.0 18.0 18.0 18.0 18.0 18.0 26.0 26.0 0.0 0.0 0.0 0.0 26.0 0.0 26.0 0.0 26.0 0.0 26.0 0.0 26.0 0.0
41 13 1 3.8561789999999405 2.3902340999999865 0.0 6.246413099999927 9.685649799999936 9.685649799999936 9.685649799999936 495.46875 508.38671875 39 39 1.0 0 26 26 False 0 0 False 1.5 1.5 0.7615773105863908 0.7615773105863908 0.5077182070575939 0.5077182070575939 1.0 1.0 1.0 1.0 1.0 1.0 2.0 2.0 3.0 3.0 0 0.0 0 0.0 2.5513947919942503 0.0 0.0 0 0 0.0 0.0 0.0 0.0 0.0 0.0 0.0 0.0 0.0 0.0 0.0 0.0 0.0 0.0 0.0 0.0 1 26.0 0.0 0.0 26.0 26.0 26.0 26.0 26.0 39.0 39.0 0.0 0.0 0.0 0.0 39.0 0.0 39.0 0.0 39.0 0.0 39.0 0.0 39.0 0.0
42 14 3 1.0186893000000055 0.4778005999999948 0.0 1.4964899000000003 1.4964899000000003 1.4964899000000003 1.4964899000000003 422.625 415.21484375 18 18 1.0 18 1 0 False 0 0 False 1.0 1.0 0.0 0.0 0.0 0.0 0.0 0.0 0.0 0.0 0.0 0.0 0.0 0.0 0.0 0.0 0 0.0 0 0.0 0.0 0.0 0.0 0 0 0.0 0.0 0.0 0.0 0.0 0.0 0.0 0.0 0.0 0.0 0.0 0.0 0.0 0.0 0.0 0.0 1 1.0 0.0 0.0 0.0 0.0 0.0 0.0 0.0 1.0 1.0 0.0 0.0 0.0 0.0 0.0 0.0 0.0 0.0 0.0 0.0 0.0 0.0 0.0 0.0
43 14 2 1.514612800000009 0.5296659999999633 0.0 2.0442787999999723 3.5407686999999726 3.5407686999999726 3.5407686999999726 445.38671875 437.77734375 26 26 1.0 26 18 18 False 0 0 False 1.4444444444444444 1.4444444444444444 0.9835244081556433 0.9835244081556433 0.6809015133385223 0.6809015133385223 1.0 1.0 1.0 1.0 1.0 1.0 1.75 1.75 5.0 5.0 0 0.0 0 0.0 3.3308632823580915 0.0 0.0 0 0 0.0 0.0 0.0 0.0 0.0 0.0 0.0 0.0 0.0 0.0 0.0 0.0 0.0 0.0 0.0 0.0 1 18.0 0.0 0.0 18.0 18.0 18.0 18.0 18.0 26.0 26.0 0.0 0.0 0.0 0.0 26.0 0.0 26.0 0.0 26.0 0.0 26.0 0.0 26.0 0.0
44 14 1 3.838236399999971 2.4228674999999384 0.0 6.26110389999991 9.801872599999882 9.801872599999882 9.801872599999882 506.796875 520.484375 39 39 1.0 0 26 26 False 0 0 False 1.5 1.5 0.8602325267042626 0.8602325267042626 0.5734883511361751 0.5734883511361751 1.0 1.0 1.0 1.0 1.0 1.0 2.0 2.0 4.0 4.0 0 0.0 0 0.0 2.782154671362578 0.0 0.0 0 0 0.0 0.0 0.0 0.0 0.0 0.0 0.0 0.0 0.0 0.0 0.0 0.0 0.0 0.0 0.0 0.0 1 26.0 0.0 0.0 26.0 26.0 26.0 26.0 26.0 39.0 39.0 0.0 0.0 0.0 0.0 39.0 0.0 39.0 0.0 39.0 0.0 39.0 0.0 39.0 0.0
45 15 3 1.0106872999999155 0.6169289000000617 0.0 1.6276161999999772 1.6276161999999772 1.6276161999999772 1.6276161999999772 431.96484375 424.9296875 18 18 1.0 18 1 0 False 0 0 False 1.0 1.0 0.0 0.0 0.0 0.0 0.0 0.0 0.0 0.0 0.0 0.0 0.0 0.0 0.0 0.0 0 0.0 0 0.0 0.0 0.0 0.0 0 0 0.0 0.0 0.0 0.0 0.0 0.0 0.0 0.0 0.0 0.0 0.0 0.0 0.0 0.0 0.0 0.0 1 1.0 0.0 0.0 0.0 0.0 0.0 0.0 0.0 1.0 1.0 0.0 0.0 0.0 0.0 0.0 0.0 0.0 0.0 0.0 0.0 0.0 0.0 0.0 0.0
46 15 2 1.530520899999999 0.47797590000004675 0.0 2.008496800000046 3.636113000000023 3.636113000000023 3.636113000000023 454.9921875 447.546875 26 26 1.0 26 18 18 False 0 0 False 1.4444444444444444 1.4444444444444444 0.7838233761296739 0.7838233761296739 0.5426469527051588 0.5426469527051588 1.0 1.0 1.0 1.0 1.0 1.0 2.0 2.0 4.0 4.0 0 0.0 0 0.0 2.858098017884515 0.0 0.0 0 0 0.0 0.0 0.0 0.0 0.0 0.0 0.0 0.0 0.0 0.0 0.0 0.0 0.0 0.0 0.0 0.0 1 18.0 0.0 0.0 18.0 18.0 18.0 18.0 18.0 26.0 26.0 0.0 0.0 0.0 0.0 26.0 0.0 26.0 0.0 26.0 0.0 26.0 0.0 26.0 0.0
47 15 1 3.84123610000006 2.5774008000000492 0.0 6.418636900000109 10.054749900000132 10.054749900000132 10.054749900000132 514.60546875 528.109375 39 39 1.0 0 26 26 False 0 0 False 1.5 1.5 0.7615773105863908 0.7615773105863908 0.5077182070575939 0.5077182070575939 1.0 1.0 1.0 1.0 1.0 1.0 2.0 2.0 4.0 4.0 0 0.0 0 0.0 3.0398000946418526 0.0 0.0 0 0 0.0 0.0 0.0 0.0 0.0 0.0 0.0 0.0 0.0 0.0 0.0 0.0 0.0 0.0 0.0 0.0 1 26.0 0.0 0.0 26.0 26.0 26.0 26.0 26.0 39.0 39.0 0.0 0.0 0.0 0.0 39.0 0.0 39.0 0.0 39.0 0.0 39.0 0.0 39.0 0.0
48 16 3 1.0166111000000058 0.4508614000000648 0.0 1.4674725000000706 1.4674725000000706 1.4674725000000706 1.4674725000000706 438.0625 430.69140625 18 18 1.0 18 1 0 False 0 0 False 1.0 1.0 0.0 0.0 0.0 0.0 0.0 0.0 0.0 0.0 0.0 0.0 0.0 0.0 0.0 0.0 0 0.0 0 0.0 0.0 0.0 0.0 0 0 0.0 0.0 0.0 0.0 0.0 0.0 0.0 0.0 0.0 0.0 0.0 0.0 0.0 0.0 0.0 0.0 1 1.0 0.0 0.0 0.0 0.0 0.0 0.0 0.0 1.0 1.0 0.0 0.0 0.0 0.0 0.0 0.0 0.0 0.0 0.0 0.0 0.0 0.0 0.0 0.0
49 16 2 1.5047516000000485 0.6983130999999503 0.0 2.2030646999999988 3.6705372000000693 3.6705372000000693 3.6705372000000693 462.15625 454.60546875 26 26 1.0 26 18 18 False 0 0 False 1.4444444444444444 1.4444444444444444 0.8555852638929972 0.8555852638929972 0.5923282596182288 0.5923282596182288 1.0 1.0 1.0 1.0 1.0 1.0 1.75 1.75 4.0 4.0 0 0.0 0 0.0 2.9641201444024965 0.0 0.0 0 0 0.0 0.0 0.0 0.0 0.0 0.0 0.0 0.0 0.0 0.0 0.0 0.0 0.0 0.0 0.0 0.0 1 18.0 0.0 0.0 18.0 18.0 18.0 18.0 18.0 26.0 26.0 0.0 0.0 0.0 0.0 26.0 0.0 26.0 0.0 26.0 0.0 26.0 0.0 26.0 0.0
50 16 1 3.8699319999999773 3.716403300000053 0.0 7.58633530000003 11.2568725000001 11.2568725000001 11.2568725000001 524.125 536.62109375 39 39 1.0 0 26 26 False 0 0 False 1.5 1.5 0.7071067811865476 0.7071067811865476 0.47140452079103173 0.47140452079103173 1.0 1.0 1.0 1.0 1.0 1.0 2.0 2.0 3.0 3.0 0 0.0 0 0.0 2.0498592822247765 0.0 0.0 0 0 0.0 0.0 0.0 0.0 0.0 0.0 0.0 0.0 0.0 0.0 0.0 0.0 0.0 0.0 0.0 0.0 1 26.0 0.0 0.0 26.0 26.0 26.0 26.0 26.0 39.0 39.0 0.0 0.0 0.0 0.0 39.0 0.0 39.0 0.0 39.0 0.0 39.0 0.0 39.0 0.0
51 17 3 1.0098818000000165 0.4676598000000922 0.0 1.4775416000001087 1.4775416000001087 1.4775416000001087 1.4775416000001087 451.23828125 443.859375 18 18 1.0 18 1 0 False 0 0 False 1.0 1.0 0.0 0.0 0.0 0.0 0.0 0.0 0.0 0.0 0.0 0.0 0.0 0.0 0.0 0.0 0 0.0 0 0.0 0.0 0.0 0.0 0 0 0.0 0.0 0.0 0.0 0.0 0.0 0.0 0.0 0.0 0.0 0.0 0.0 0.0 0.0 0.0 0.0 1 1.0 0.0 0.0 0.0 0.0 0.0 0.0 0.0 1.0 1.0 0.0 0.0 0.0 0.0 0.0 0.0 0.0 0.0 0.0 0.0 0.0 0.0 0.0 0.0
52 17 2 1.512666399999972 0.7147256000000084 0.0 2.2273919999999805 3.704933600000089 3.704933600000089 3.704933600000089 474.0078125 466.37890625 26 26 1.0 26 18 18 False 0 0 False 1.4444444444444444 1.4444444444444444 0.7047921864945659 0.7047921864945659 0.4879330521885456 0.4879330521885456 1.0 1.0 1.0 1.0 1.0 1.0 2.0 2.0 3.0 3.0 0 0.0 0 0.0 3.084542639060299 0.0 0.0 0 0 0.0 0.0 0.0 0.0 0.0 0.0 0.0 0.0 0.0 0.0 0.0 0.0 0.0 0.0 0.0 0.0 1 18.0 0.0 0.0 18.0 18.0 18.0 18.0 18.0 26.0 26.0 0.0 0.0 0.0 0.0 26.0 0.0 26.0 0.0 26.0 0.0 26.0 0.0 26.0 0.0
53 17 1 3.860048700000192 3.0498359000001187 0.0 6.909884600000311 10.6148182000004 10.6148182000004 10.6148182000004 525.921875 545.03515625 39 39 1.0 0 26 26 False 0 0 False 1.5 1.5 0.648074069840786 0.648074069840786 0.43204937989385733 0.43204937989385733 1.0 1.0 1.0 1.0 1.0 1.0 2.0 2.0 3.0 3.0 0 0.0 0 0.0 2.314253493195858 0.0 0.0 0 0 0.0 0.0 0.0 0.0 0.0 0.0 0.0 0.0 0.0 0.0 0.0 0.0 0.0 0.0 0.0 0.0 1 26.0 0.0 0.0 26.0 26.0 26.0 26.0 26.0 39.0 39.0 0.0 0.0 0.0 0.0 39.0 0.0 39.0 0.0 39.0 0.0 39.0 0.0 39.0 0.0
54 18 3 1.0195080999998822 0.3672089999998889 0.0 1.386717099999771 1.386717099999771 1.386717099999771 1.386717099999771 451.95703125 451.00390625 18 18 1.0 18 1 0 False 0 0 False 1.0 1.0 0.0 0.0 0.0 0.0 0.0 0.0 0.0 0.0 0.0 0.0 0.0 0.0 0.0 0.0 0 0.0 0 0.0 0.0 0.0 0.0 0 0 0.0 0.0 0.0 0.0 0.0 0.0 0.0 0.0 0.0 0.0 0.0 0.0 0.0 0.0 0.0 0.0 1 1.0 0.0 0.0 0.0 0.0 0.0 0.0 0.0 1.0 1.0 0.0 0.0 0.0 0.0 0.0 0.0 0.0 0.0 0.0 0.0 0.0 0.0 0.0 0.0
55 18 2 1.5127191999999354 0.4799823000000174 0.0 1.9927014999999528 3.379418599999724 3.379418599999724 3.379418599999724 478.23046875 475.0390625 26 26 1.0 26 18 18 False 0 0 False 1.4444444444444444 1.4444444444444444 0.8555852638929972 0.8555852638929972 0.5923282596182288 0.5923282596182288 1.0 1.0 1.0 1.0 1.0 1.0 1.75 1.75 4.0 4.0 0 0.0 0 0.0 3.1965773877515895 0.0 0.0 0 0 0.0 0.0 0.0 0.0 0.0 0.0 0.0 0.0 0.0 0.0 0.0 0.0 0.0 0.0 0.0 0.0 1 18.0 0.0 0.0 18.0 18.0 18.0 18.0 18.0 26.0 26.0 0.0 0.0 0.0 0.0 26.0 0.0 26.0 0.0 26.0 0.0 26.0 0.0 26.0 0.0
56 18 1 3.8537984000000165 3.664666099999863 0.0 7.5184644999998795 10.897883099999603 10.897883099999603 10.897883099999603 535.3046875 550.69921875 39 39 1.0 0 26 26 False 0 0 False 1.5 1.5 0.7615773105863908 0.7615773105863908 0.5077182070575939 0.5077182070575939 1.0 1.0 1.0 1.0 1.0 1.0 2.0 2.0 4.0 4.0 0 0.0 0 0.0 2.7473763708449055 0.0 0.0 0 0 0.0 0.0 0.0 0.0 0.0 0.0 0.0 0.0 0.0 0.0 0.0 0.0 0.0 0.0 0.0 0.0 1 26.0 0.0 0.0 26.0 26.0 26.0 26.0 26.0 39.0 39.0 0.0 0.0 0.0 0.0 39.0 0.0 39.0 0.0 39.0 0.0 39.0 0.0 39.0 0.0
57 19 3 1.008815200000015 0.35259339999993244 0.0 1.3614085999999475 1.3614085999999475 1.3614085999999475 1.3614085999999475 466.921875 462.33984375 18 18 1.0 18 1 0 False 0 0 False 1.0 1.0 0.0 0.0 0.0 0.0 0.0 0.0 0.0 0.0 0.0 0.0 0.0 0.0 0.0 0.0 0 0.0 0 0.0 0.0 0.0 0.0 0 0 0.0 0.0 0.0 0.0 0.0 0.0 0.0 0.0 0.0 0.0 0.0 0.0 0.0 0.0 0.0 0.0 1 1.0 0.0 0.0 0.0 0.0 0.0 0.0 0.0 1.0 1.0 0.0 0.0 0.0 0.0 0.0 0.0 0.0 0.0 0.0 0.0 0.0 0.0 0.0 0.0
58 19 2 1.5165342000000805 0.5162596000000121 0.0 2.0327938000000927 3.39420240000004 3.39420240000004 3.39420240000004 490.6640625 485.74609375 26 26 1.0 26 18 18 False 0 0 False 1.4444444444444444 1.4444444444444444 0.9217771979249536 0.9217771979249536 0.6381534447172755 0.6381534447172755 1.0 1.0 1.0 1.0 1.0 1.0 1.0 1.0 4.0 4.0 0 0.0 0 0.0 3.2244564412570047 0.0 0.0 0 0 0.0 0.0 0.0 0.0 0.0 0.0 0.0 0.0 0.0 0.0 0.0 0.0 0.0 0.0 0.0 0.0 1 18.0 0.0 0.0 18.0 18.0 18.0 18.0 18.0 26.0 26.0 0.0 0.0 0.0 0.0 26.0 0.0 26.0 0.0 26.0 0.0 26.0 0.0 26.0 0.0
59 19 1 3.844892200000004 4.46256800000009 0.0 8.307460200000094 11.701662600000134 11.701662600000134 11.701662600000134 544.01171875 558.25390625 39 39 1.0 0 26 26 False 0 0 False 1.5 1.5 0.812403840463596 0.812403840463596 0.5416025603090641 0.5416025603090641 1.0 1.0 1.0 1.0 1.0 1.0 2.0 2.0 4.0 4.0 0 0.0 0 0.0 2.975864451007342 0.0 0.0 0 0 0.0 0.0 0.0 0.0 0.0 0.0 0.0 0.0 0.0 0.0 0.0 0.0 0.0 0.0 0.0 0.0 1 26.0 0.0 0.0 26.0 26.0 26.0 26.0 26.0 39.0 39.0 0.0 0.0 0.0 0.0 39.0 0.0 39.0 0.0 39.0 0.0 39.0 0.0 39.0 0.0
60 20 3 1.0136843999998746 0.5653550000001815 0.0 1.579039400000056 1.579039400000056 1.579039400000056 1.579039400000056 474.29296875 469.03515625 18 18 1.0 18 1 0 False 0 0 False 1.0 1.0 0.0 0.0 0.0 0.0 0.0 0.0 0.0 0.0 0.0 0.0 0.0 0.0 0.0 0.0 0 0.0 0 0.0 0.0 0.0 0.0 0 0 0.0 0.0 0.0 0.0 0.0 0.0 0.0 0.0 0.0 0.0 0.0 0.0 0.0 0.0 0.0 0.0 1 1.0 0.0 0.0 0.0 0.0 0.0 0.0 0.0 1.0 1.0 0.0 0.0 0.0 0.0 0.0 0.0 0.0 0.0 0.0 0.0 0.0 0.0 0.0 0.0
61 20 2 1.518105099999957 0.5454876000000013 0.0 2.0635926999999583 3.6426321000000144 3.6426321000000144 3.6426321000000144 496.94140625 491.08984375 26 26 1.0 26 18 18 False 0 0 False 1.4444444444444444 1.4444444444444444 0.7838233761296739 0.7838233761296739 0.5426469527051588 0.5426469527051588 1.0 1.0 1.0 1.0 1.0 1.0 1.75 1.75 3.0 3.0 0 0.0 0 0.0 3.234014183120649 0.0 0.0 0 0 0.0 0.0 0.0 0.0 0.0 0.0 0.0 0.0 0.0 0.0 0.0 0.0 0.0 0.0 0.0 0.0 1 18.0 0.0 0.0 18.0 18.0 18.0 18.0 18.0 26.0 26.0 0.0 0.0 0.0 0.0 26.0 0.0 26.0 0.0 26.0 0.0 26.0 0.0 26.0 0.0
62 20 1 3.8533341000000405 3.3920832000001155 0.0 7.245417300000156 10.88804940000017 10.88804940000017 10.88804940000017 557.4140625 572.43359375 39 39 1.0 0 26 26 False 0 0 False 1.5 1.5 1.0295630140987 1.0295630140987 0.6863753427324667 0.6863753427324667 1.0 1.0 1.0 1.0 1.0 1.0 1.75 1.75 5.0 5.0 0 0.0 0 0.0 2.975864451007342 0.0 0.0 0 0 0.0 0.0 0.0 0.0 0.0 0.0 0.0 0.0 0.0 0.0 0.0 0.0 0.0 0.0 0.0 0.0 1 26.0 0.0 0.0 26.0 26.0 26.0 26.0 26.0 39.0 39.0 0.0 0.0 0.0 0.0 39.0 0.0 39.0 0.0 39.0 0.0 39.0 0.0 39.0 0.0
63 21 3 1.0461404999999218 0.3625394999999685 0.0 1.4086799999998902 1.4086799999998902 1.4086799999998902 1.4086799999998902 484.71875 479.76953125 18 18 1.0 18 1 0 False 0 0 False 1.0 1.0 0.0 0.0 0.0 0.0 0.0 0.0 0.0 0.0 0.0 0.0 0.0 0.0 0.0 0.0 0 0.0 0 0.0 0.0 0.0 0.0 0 0 0.0 0.0 0.0 0.0 0.0 0.0 0.0 0.0 0.0 0.0 0.0 0.0 0.0 0.0 0.0 0.0 1 1.0 0.0 0.0 0.0 0.0 0.0 0.0 0.0 1.0 1.0 0.0 0.0 0.0 0.0 0.0 0.0 0.0 0.0 0.0 0.0 0.0 0.0 0.0 0.0
64 21 2 1.522658599999943 0.5005694999999832 0.0 2.023228099999926 3.4319080999998164 3.4319080999998164 3.4319080999998164 508.94140625 503.67578125 26 26 1.0 26 18 18 False 0 0 False 1.4444444444444444 1.4444444444444444 0.7838233761296739 0.7838233761296739 0.5426469527051588 0.5426469527051588 1.0 1.0 1.0 1.0 1.0 1.0 1.75 1.75 3.0 3.0 0 0.0 0 0.0 3.234014183120649 0.0 0.0 0 0 0.0 0.0 0.0 0.0 0.0 0.0 0.0 0.0 0.0 0.0 0.0 0.0 0.0 0.0 0.0 0.0 1 18.0 0.0 0.0 18.0 18.0 18.0 18.0 18.0 26.0 26.0 0.0 0.0 0.0 0.0 26.0 0.0 26.0 0.0 26.0 0.0 26.0 0.0 26.0 0.0
65 21 1 3.818598300000019 2.8164676999999756 0.0 6.635065999999995 10.066974099999811 10.066974099999811 10.066974099999811 564.80078125 579.2421875 39 39 1.0 0 26 26 False 0 0 False 1.5 1.5 0.8602325267042626 0.8602325267042626 0.5734883511361751 0.5734883511361751 1.0 1.0 1.0 1.0 1.0 1.0 2.0 2.0 4.0 4.0 0 0.0 0 0.0 2.6330006281222773 0.0 0.0 0 0 0.0 0.0 0.0 0.0 0.0 0.0 0.0 0.0 0.0 0.0 0.0 0.0 0.0 0.0 0.0 0.0 1 26.0 0.0 0.0 26.0 26.0 26.0 26.0 26.0 39.0 39.0 0.0 0.0 0.0 0.0 39.0 0.0 39.0 0.0 39.0 0.0 39.0 0.0 39.0 0.0
66 22 3 1.0130792999999017 0.3060507000002417 0.0 1.3191300000001434 1.3191300000001434 1.3191300000001434 1.3191300000001434 492.046875 486.84375 18 18 1.0 18 1 0 False 0 0 False 1.0 1.0 0.0 0.0 0.0 0.0 0.0 0.0 0.0 0.0 0.0 0.0 0.0 0.0 0.0 0.0 0 0.0 0 0.0 0.0 0.0 0.0 0 0 0.0 0.0 0.0 0.0 0.0 0.0 0.0 0.0 0.0 0.0 0.0 0.0 0.0 0.0 0.0 0.0 1 1.0 0.0 0.0 0.0 0.0 0.0 0.0 0.0 1.0 1.0 0.0 0.0 0.0 0.0 0.0 0.0 0.0 0.0 0.0 0.0 0.0 0.0 0.0 0.0
67 22 2 1.51961510000001 0.5151971000000231 0.0 2.034812200000033 3.3539422000001764 3.3539422000001764 3.3539422000001764 516.140625 510.75390625 26 26 1.0 26 18 18 False 0 0 False 1.4444444444444444 1.4444444444444444 0.8555852638929972 0.8555852638929972 0.5923282596182288 0.5923282596182288 1.0 1.0 1.0 1.0 1.0 1.0 1.75 1.75 4.0 4.0 0 0.0 0 0.0 3.1965773877515895 0.0 0.0 0 0 0.0 0.0 0.0 0.0 0.0 0.0 0.0 0.0 0.0 0.0 0.0 0.0 0.0 0.0 0.0 0.0 1 18.0 0.0 0.0 18.0 18.0 18.0 18.0 18.0 26.0 26.0 0.0 0.0 0.0 0.0 26.0 0.0 26.0 0.0 26.0 0.0 26.0 0.0 26.0 0.0
68 22 1 3.8228858999999034 3.016158399999938 0.0 6.839044299999841 10.192986500000018 10.192986500000018 10.192986500000018 570.58984375 585.015625 39 39 1.0 0 26 26 False 0 0 False 1.5 1.5 0.7615773105863908 0.7615773105863908 0.5077182070575939 0.5077182070575939 1.0 1.0 1.0 1.0 1.0 1.0 2.0 2.0 3.0 3.0 0 0.0 0 0.0 2.4119095530943304 0.0 0.0 0 0 0.0 0.0 0.0 0.0 0.0 0.0 0.0 0.0 0.0 0.0 0.0 0.0 0.0 0.0 0.0 0.0 1 26.0 0.0 0.0 26.0 26.0 26.0 26.0 26.0 39.0 39.0 0.0 0.0 0.0 0.0 39.0 0.0 39.0 0.0 39.0 0.0 39.0 0.0 39.0 0.0
69 23 3 1.0169198999998912 0.3883279999999445 0.0 1.4052478999998357 1.4052478999998357 1.4052478999998357 1.4052478999998357 497.71875 492.328125 18 18 1.0 18 1 0 False 0 0 False 1.0 1.0 0.0 0.0 0.0 0.0 0.0 0.0 0.0 0.0 0.0 0.0 0.0 0.0 0.0 0.0 0 0.0 0 0.0 0.0 0.0 0.0 0 0 0.0 0.0 0.0 0.0 0.0 0.0 0.0 0.0 0.0 0.0 0.0 0.0 0.0 0.0 0.0 0.0 1 1.0 0.0 0.0 0.0 0.0 0.0 0.0 0.0 1.0 1.0 0.0 0.0 0.0 0.0 0.0 0.0 0.0 0.0 0.0 0.0 0.0 0.0 0.0 0.0
70 23 2 1.5136706000000686 0.4907885000000647 0.0 2.0044591000001333 3.409706999999969 3.409706999999969 3.409706999999969 522.30078125 516.23828125 26 26 1.0 26 18 18 False 0 0 False 1.4444444444444444 1.4444444444444444 0.7838233761296739 0.7838233761296739 0.5426469527051588 0.5426469527051588 1.0 1.0 1.0 1.0 1.0 1.0 2.0 2.0 4.0 4.0 0 0.0 0 0.0 3.0157337756773757 0.0 0.0 0 0 0.0 0.0 0.0 0.0 0.0 0.0 0.0 0.0 0.0 0.0 0.0 0.0 0.0 0.0 0.0 0.0 1 18.0 0.0 0.0 18.0 18.0 18.0 18.0 18.0 26.0 26.0 0.0 0.0 0.0 0.0 26.0 0.0 26.0 0.0 26.0 0.0 26.0 0.0 26.0 0.0
71 23 1 3.81678020000021 2.49887549999994 0.0 6.31565570000015 9.725362700000119 9.725362700000119 9.725362700000119 577.48046875 591.80078125 39 39 1.0 0 26 26 False 0 0 False 1.5 1.5 0.7615773105863908 0.7615773105863908 0.5077182070575939 0.5077182070575939 1.0 1.0 1.0 1.0 1.0 1.0 2.0 2.0 4.0 4.0 0 0.0 0 0.0 2.238217010170235 0.0 0.0 0 0 0.0 0.0 0.0 0.0 0.0 0.0 0.0 0.0 0.0 0.0 0.0 0.0 0.0 0.0 0.0 0.0 1 26.0 0.0 0.0 26.0 26.0 26.0 26.0 26.0 39.0 39.0 0.0 0.0 0.0 0.0 39.0 0.0 39.0 0.0 39.0 0.0 39.0 0.0 39.0 0.0
72 24 3 1.0210669000001076 0.30538749999988113 0.0 1.3264543999999887 1.3264543999999887 1.3264543999999887 1.3264543999999887 441.7578125 443.1484375 18 18 1.0 18 1 0 False 0 0 False 1.0 1.0 0.0 0.0 0.0 0.0 0.0 0.0 0.0 0.0 0.0 0.0 0.0 0.0 0.0 0.0 0 0.0 0 0.0 0.0 0.0 0.0 0 0 0.0 0.0 0.0 0.0 0.0 0.0 0.0 0.0 0.0 0.0 0.0 0.0 0.0 0.0 0.0 0.0 1 1.0 0.0 0.0 0.0 0.0 0.0 0.0 0.0 1.0 1.0 0.0 0.0 0.0 0.0 0.0 0.0 0.0 0.0 0.0 0.0 0.0 0.0 0.0 0.0
73 24 2 1.523162900000159 0.5082769999999641 0.0 2.031439900000123 3.357894300000112 3.357894300000112 3.357894300000112 482.40234375 479.2109375 26 26 1.0 26 18 18 False 0 0 False 1.4444444444444444 1.4444444444444444 1.0416176459053668 1.0416176459053668 0.7211199087037155 0.7211199087037155 1.0 1.0 1.0 1.0 1.0 1.0 1.0 1.0 5.0 5.0 0 0.0 0 0.0 3.4177580310559934 0.0 0.0 0 0 0.0 0.0 0.0 0.0 0.0 0.0 0.0 0.0 0.0 0.0 0.0 0.0 0.0 0.0 0.0 0.0 1 18.0 0.0 0.0 18.0 18.0 18.0 18.0 18.0 26.0 26.0 0.0 0.0 0.0 0.0 26.0 0.0 26.0 0.0 26.0 0.0 26.0 0.0 26.0 0.0
74 24 1 3.844378499999948 3.8258024000002138 0.0 7.670180900000162 11.028075200000274 11.028075200000274 11.028075200000274 581.3359375 599.4453125 39 39 1.0 0 26 26 False 0 0 False 1.5 1.5 0.812403840463596 0.812403840463596 0.5416025603090641 0.5416025603090641 1.0 1.0 1.0 1.0 1.0 1.0 2.0 2.0 4.0 4.0 0 0.0 0 0.0 2.467091093076715 0.0 0.0 0 0 0.0 0.0 0.0 0.0 0.0 0.0 0.0 0.0 0.0 0.0 0.0 0.0 0.0 0.0 0.0 0.0 1 26.0 0.0 0.0 26.0 26.0 26.0 26.0 26.0 39.0 39.0 0.0 0.0 0.0 0.0 39.0 0.0 39.0 0.0 39.0 0.0 39.0 0.0 39.0 0.0
