 RU AL GT ST OT TT LT CT WT RSS VMS LE AC CF PSG SIZE SGLITS_T HAS_TRAILING TOT_CHOICES PRE_CHOICES FGOALS_ORDER CP_EF_L CP_EF_A SP_ED_L SP_ED_A SP_EB_L SP_EB_A SP_MIN_L SP_MIN_A SP_LOWER_L SP_LOWER_A SP_MED_L SP_MED_A SP_UPPER_L SP_UPPER_A SP_MAX_L SP_MAX_A T_INTER_SP P_INTER_SP T_INTER_Q P_INTER_Q M_CHILD_SPREAD DIV_INDEX_SPREAD DIV_STEP_SPREAD DIVS_T DS_T DS_TD_MEAN DS_TD_STD DS_TD_CD DS_TD_MIN DS_TD_LOWER DS_TD_MED DS_TD_UPPER DS_TD_MAX DS_TS_MEAN DS_TS_STD DS_TS_CD DS_TS_MIN DS_TS_LOWER DS_TS_MED DS_TS_UPPER DS_TS_MAX PR_T PR_TS_MEAN PR_TS_STD PR_TS_CD PR_TS_MIN PR_TS_LOWER PR_TS_MED PR_TS_UPPER PR_TS_MAX PP_LE_MEAN PP_AC_MEAN PP_LE_STD PP_AC_STD PP_LE_CD PP_AC_CD PP_LE_MIN PP_AC_MIN PP_LE_LOWER PP_AC_LOWER PP_LE_MED PP_AC_MED PP_LE_UPPER PP_AC_UPPER PP_LE_MAX PP_AC_MAX
0 0 3 1.0062277000000108 0.4028127999999924 0.0 1.4090405000000032 1.4090405000000032 1.4090405000000032 1.4090405000000032 269.05859375 264.61328125 18 18 1.0 18 1 0 False 0 0 False 1.0 1.0 0.0 0.0 0.0 0.0 0.0 0.0 0.0 0.0 0.0 0.0 0.0 0.0 0.0 0.0 0 0.0 0 0.0 0.0 0.0 0.0 0 0 0.0 0.0 0.0 0.0 0.0 0.0 0.0 0.0 0.0 0.0 0.0 0.0 0.0 0.0 0.0 0.0 1 1.0 0.0 0.0 0.0 0.0 0.0 0.0 0.0 1.0 1.0 0.0 0.0 0.0 0.0 0.0 0.0 0.0 0.0 0.0 0.0 0.0 0.0 0.0 0.0
1 0 2 3.2817633999999956 0.9456237000000414 0.0 4.227387100000037 5.63642760000004 5.63642760000004 5.63642760000004 327.7109375 319.09765625 34 34 1.0 34 18 18 False 0 0 False 1.8888888888888888 1.8888888888888888 2.193275522213265 2.193275522213265 1.1611458647011403 1.1611458647011403 1.0 1.0 1.0 1.0 1.0 1.0 1.75 1.75 10.0 10.0 0 0.0 0 0.0 7.299303760698448 0.0 0.0 0 0 0.0 0.0 0.0 0.0 0.0 0.0 0.0 0.0 0.0 0.0 0.0 0.0 0.0 0.0 0.0 0.0 1 18.0 0.0 0.0 18.0 18.0 18.0 18.0 18.0 34.0 34.0 0.0 0.0 0.0 0.0 34.0 0.0 34.0 0.0 34.0 0.0 34.0 0.0 34.0 0.0
2 0 1 8.639960500000072 9.267752499999986 0.0 17.907713000000058 23.544140600000098 23.544140600000098 23.544140600000098 437.73828125 431.33984375 55 55 1.0 0 34 34 False 0 0 False 1.6176470588235294 1.6176470588235294 1.0448925095464312 1.0448925095464312 0.6459335513559756 0.6459335513559756 1.0 1.0 1.0 1.0 1.0 1.0 2.0 2.0 6.0 6.0 0 0.0 0 0.0 3.5282473569415034 0.0 0.0 0 0 0.0 0.0 0.0 0.0 0.0 0.0 0.0 0.0 0.0 0.0 0.0 0.0 0.0 0.0 0.0 0.0 1 34.0 0.0 0.0 34.0 34.0 34.0 34.0 34.0 55.0 55.0 0.0 0.0 0.0 0.0 55.0 0.0 55.0 0.0 55.0 0.0 55.0 0.0 55.0 0.0
3 1 3 1.007137499999999 0.36994640000001766 0.0 1.3770839000000166 1.3770839000000166 1.3770839000000166 1.3770839000000166 275.7421875 269.5078125 18 18 1.0 18 1 0 False 0 0 False 1.0 1.0 0.0 0.0 0.0 0.0 0.0 0.0 0.0 0.0 0.0 0.0 0.0 0.0 0.0 0.0 0 0.0 0 0.0 0.0 0.0 0.0 0 0 0.0 0.0 0.0 0.0 0.0 0.0 0.0 0.0 0.0 0.0 0.0 0.0 0.0 0.0 0.0 0.0 1 1.0 0.0 0.0 0.0 0.0 0.0 0.0 0.0 1.0 1.0 0.0 0.0 0.0 0.0 0.0 0.0 0.0 0.0 0.0 0.0 0.0 0.0 0.0 0.0
4 1 2 3.291798600000007 0.9707039000000321 0.0 4.262502500000039 5.639586400000056 5.639586400000056 5.639586400000056 334.25390625 327.0625 34 34 1.0 34 18 18 False 0 0 False 1.8888888888888888 1.8888888888888888 2.166289559942608 2.166289559942608 1.1468591787931455 1.1468591787931455 1.0 1.0 1.0 1.0 1.0 1.0 2.0 2.0 10.0 10.0 0 0.0 0 0.0 7.214668414363762 0.0 0.0 0 0 0.0 0.0 0.0 0.0 0.0 0.0 0.0 0.0 0.0 0.0 0.0 0.0 0.0 0.0 0.0 0.0 1 18.0 0.0 0.0 18.0 18.0 18.0 18.0 18.0 34.0 34.0 0.0 0.0 0.0 0.0 34.0 0.0 34.0 0.0 34.0 0.0 34.0 0.0 34.0 0.0
5 1 1 8.639828299999948 6.28890180000009 0.0 14.928730100000038 20.568316500000094 20.568316500000094 20.568316500000094 442.33984375 436.18359375 55 55 1.0 0 34 34 False 0 0 False 1.6176470588235294 1.6176470588235294 1.128547091761979 1.128547091761979 0.6976472930892235 0.6976472930892235 1.0 1.0 1.0 1.0 1.0 1.0 2.0 2.0 6.0 6.0 0 0.0 0 0.0 3.790410865971124 0.0 0.0 0 0 0.0 0.0 0.0 0.0 0.0 0.0 0.0 0.0 0.0 0.0 0.0 0.0 0.0 0.0 0.0 0.0 1 34.0 0.0 0.0 34.0 34.0 34.0 34.0 34.0 55.0 55.0 0.0 0.0 0.0 0.0 55.0 0.0 55.0 0.0 55.0 0.0 55.0 0.0 55.0 0.0
6 2 3 1.0056510000000003 0.34034639999995875 0.0 1.345997399999959 1.345997399999959 1.345997399999959 1.345997399999959 300.1171875 300.32421875 18 18 1.0 18 1 0 False 0 0 False 1.0 1.0 0.0 0.0 0.0 0.0 0.0 0.0 0.0 0.0 0.0 0.0 0.0 0.0 0.0 0.0 0 0.0 0 0.0 0.0 0.0 0.0 0 0 0.0 0.0 0.0 0.0 0.0 0.0 0.0 0.0 0.0 0.0 0.0 0.0 0.0 0.0 0.0 0.0 1 1.0 0.0 0.0 0.0 0.0 0.0 0.0 0.0 1.0 1.0 0.0 0.0 0.0 0.0 0.0 0.0 0.0 0.0 0.0 0.0 0.0 0.0 0.0 0.0
7 2 2 3.2910598000000704 1.0196473000000736 0.0 4.310707100000144 5.656704500000103 5.656704500000103 5.656704500000103 359.19921875 358.07421875 34 34 1.0 34 18 18 False 0 0 False 1.8888888888888888 1.8888888888888888 2.166289559942608 2.166289559942608 1.1468591787931455 1.1468591787931455 1.0 1.0 1.0 1.0 1.0 1.0 2.0 2.0 10.0 10.0 0 0.0 0 0.0 6.884108257578292 0.0 0.0 0 0 0.0 0.0 0.0 0.0 0.0 0.0 0.0 0.0 0.0 0.0 0.0 0.0 0.0 0.0 0.0 0.0 1 18.0 0.0 0.0 18.0 18.0 18.0 18.0 18.0 34.0 34.0 0.0 0.0 0.0 0.0 34.0 0.0 34.0 0.0 34.0 0.0 34.0 0.0 34.0 0.0
8 2 1 8.628468099999992 11.365186800000103 0.0 19.993654900000095 25.650359400000198 25.650359400000198 25.650359400000198 455.875 449.77734375 55 55 1.0 0 34 34 False 0 0 False 1.6176470588235294 1.6176470588235294 1.1013684568382918 1.1013684568382918 0.6808459551363986 0.6808459551363986 1.0 1.0 1.0 1.0 1.0 1.0 2.0 2.0 6.0 6.0 0 0.0 0 0.0 3.9269387251222856 0.0 0.0 0 0 0.0 0.0 0.0 0.0 0.0 0.0 0.0 0.0 0.0 0.0 0.0 0.0 0.0 0.0 0.0 0.0 1 34.0 0.0 0.0 34.0 34.0 34.0 34.0 34.0 55.0 55.0 0.0 0.0 0.0 0.0 55.0 0.0 55.0 0.0 55.0 0.0 55.0 0.0 55.0 0.0
9 3 3 1.0032223000000613 0.3367907999999602 0.0 1.3400131000000215 1.3400131000000215 1.3400131000000215 1.3400131000000215 314.58203125 314.12890625 18 18 1.0 18 1 0 False 0 0 False 1.0 1.0 0.0 0.0 0.0 0.0 0.0 0.0 0.0 0.0 0.0 0.0 0.0 0.0 0.0 0.0 0 0.0 0 0.0 0.0 0.0 0.0 0 0 0.0 0.0 0.0 0.0 0.0 0.0 0.0 0.0 0.0 0.0 0.0 0.0 0.0 0.0 0.0 0.0 1 1.0 0.0 0.0 0.0 0.0 0.0 0.0 0.0 1.0 1.0 0.0 0.0 0.0 0.0 0.0 0.0 0.0 0.0 0.0 0.0 0.0 0.0 0.0 0.0
10 3 2 3.2802515000000767 0.9527027999999973 0.0 4.232954300000074 5.5729674000000955 5.5729674000000955 5.5729674000000955 375.7265625 371.65625 34 34 1.0 34 18 18 False 0 0 False 1.8888888888888888 1.8888888888888888 2.138963159732493 2.138963159732493 1.1323922610348491 1.1323922610348491 1.0 1.0 1.0 1.0 1.0 1.0 2.0 2.0 10.0 10.0 0 0.0 0 0.0 7.200108595431616 0.0 0.0 0 0 0.0 0.0 0.0 0.0 0.0 0.0 0.0 0.0 0.0 0.0 0.0 0.0 0.0 0.0 0.0 0.0 1 18.0 0.0 0.0 18.0 18.0 18.0 18.0 18.0 34.0 34.0 0.0 0.0 0.0 0.0 34.0 0.0 34.0 0.0 34.0 0.0 34.0 0.0 34.0 0.0
11 3 1 8.618878699999868 11.727190499999978 0.0 20.346069199999846 25.91903659999994 25.91903659999994 25.91903659999994 472.0546875 466.1796875 55 55 1.0 0 34 34 False 0 0 False 1.6176470588235294 1.6176470588235294 1.1013684568382918 1.1013684568382918 0.6808459551363986 0.6808459551363986 1.0 1.0 1.0 1.0 1.0 1.0 2.0 2.0 6.0 6.0 0 0.0 0 0.0 3.491029036978097 0.0 0.0 0 0 0.0 0.0 0.0 0.0 0.0 0.0 0.0 0.0 0.0 0.0 0.0 0.0 0.0 0.0 0.0 0.0 1 34.0 0.0 0.0 34.0 34.0 34.0 34.0 34.0 55.0 55.0 0.0 0.0 0.0 0.0 55.0 0.0 55.0 0.0 55.0 0.0 55.0 0.0 55.0 0.0
12 4 3 1.0011010999999996 0.48037109999995664 0.0 1.4814721999999563 1.4814721999999563 1.4814721999999563 1.4814721999999563 399.50390625 390.4609375 18 18 1.0 18 1 0 False 0 0 False 1.0 1.0 0.0 0.0 0.0 0.0 0.0 0.0 0.0 0.0 0.0 0.0 0.0 0.0 0.0 0.0 0 0.0 0 0.0 0.0 0.0 0.0 0 0 0.0 0.0 0.0 0.0 0.0 0.0 0.0 0.0 0.0 0.0 0.0 0.0 0.0 0.0 0.0 0.0 1 1.0 0.0 0.0 0.0 0.0 0.0 0.0 0.0 1.0 1.0 0.0 0.0 0.0 0.0 0.0 0.0 0.0 0.0 0.0 0.0 0.0 0.0 0.0 0.0
13 4 2 3.2783929000000285 0.9152641000000585 0.0 4.193657000000087 5.675129200000043 5.675129200000043 5.675129200000043 421.3828125 411.765625 34 34 1.0 34 18 18 False 0 0 False 1.8888888888888888 1.8888888888888888 2.27231131071657 2.27231131071657 1.2029883409675959 1.2029883409675959 1.0 1.0 1.0 1.0 1.0 1.0 1.0 1.0 10.0 10.0 0 0.0 0 0.0 7.654714247165685 0.0 0.0 0 0 0.0 0.0 0.0 0.0 0.0 0.0 0.0 0.0 0.0 0.0 0.0 0.0 0.0 0.0 0.0 0.0 1 18.0 0.0 0.0 18.0 18.0 18.0 18.0 18.0 34.0 34.0 0.0 0.0 0.0 0.0 34.0 0.0 34.0 0.0 34.0 0.0 34.0 0.0 34.0 0.0
14 4 1 8.636890399999885 8.158036899999985 0.0 16.79492729999987 22.470056499999913 22.470056499999913 22.470056499999913 486.39453125 480.25390625 55 55 1.0 0 34 34 False 0 0 False 1.6176470588235294 1.6176470588235294 1.01547737340631 1.01547737340631 0.6277496490148099 0.6277496490148099 1.0 1.0 1.0 1.0 1.0 1.0 2.0 2.0 6.0 6.0 0 0.0 0 0.0 3.1912103549298907 0.0 0.0 0 0 0.0 0.0 0.0 0.0 0.0 0.0 0.0 0.0 0.0 0.0 0.0 0.0 0.0 0.0 0.0 0.0 1 34.0 0.0 0.0 34.0 34.0 34.0 34.0 34.0 55.0 55.0 0.0 0.0 0.0 0.0 55.0 0.0 55.0 0.0 55.0 0.0 55.0 0.0 55.0 0.0
15 5 3 1.0049067000000775 0.4099911000000702 0.0 1.4148978000001478 1.4148978000001478 1.4148978000001478 1.4148978000001478 350.3671875 342.89453125 18 18 1.0 18 1 0 False 0 0 False 1.0 1.0 0.0 0.0 0.0 0.0 0.0 0.0 0.0 0.0 0.0 0.0 0.0 0.0 0.0 0.0 0 0.0 0 0.0 0.0 0.0 0.0 0 0 0.0 0.0 0.0 0.0 0.0 0.0 0.0 0.0 0.0 0.0 0.0 0.0 0.0 0.0 0.0 0.0 1 1.0 0.0 0.0 0.0 0.0 0.0 0.0 0.0 1.0 1.0 0.0 0.0 0.0 0.0 0.0 0.0 0.0 0.0 0.0 0.0 0.0 0.0 0.0 0.0
16 5 2 3.2903907000001027 1.1024578000000247 0.0 4.392848500000127 5.807746300000275 5.807746300000275 5.807746300000275 403.34375 397.140625 34 34 1.0 34 18 18 False 0 0 False 1.8888888888888888 1.8888888888888888 2.166289559942608 2.166289559942608 1.1468591787931455 1.1468591787931455 1.0 1.0 1.0 1.0 1.0 1.0 1.75 1.75 10.0 10.0 0 0.0 0 0.0 7.366228130626149 0.0 0.0 0 0 0.0 0.0 0.0 0.0 0.0 0.0 0.0 0.0 0.0 0.0 0.0 0.0 0.0 0.0 0.0 0.0 1 18.0 0.0 0.0 18.0 18.0 18.0 18.0 18.0 34.0 34.0 0.0 0.0 0.0 0.0 34.0 0.0 34.0 0.0 34.0 0.0 34.0 0.0 34.0 0.0
17 5 1 8.158789999999982 7.713978800000035 0.0 15.872768800000017 21.680515100000292 21.680515100000292 21.680515100000292 492.59375 488.75 53 53 1.0 0 34 34 False 0 0 False 1.5588235294117647 1.5588235294117647 0.9595193389681276 0.9595193389681276 0.6155407080172894 0.6155407080172894 1.0 1.0 1.0 1.0 1.0 1.0 2.0 2.0 6.0 6.0 0 0.0 0 0.0 2.6705655609299153 0.0 0.0 0 0 0.0 0.0 0.0 0.0 0.0 0.0 0.0 0.0 0.0 0.0 0.0 0.0 0.0 0.0 0.0 0.0 1 34.0 0.0 0.0 34.0 34.0 34.0 34.0 34.0 53.0 53.0 0.0 0.0 0.0 0.0 53.0 0.0 53.0 0.0 53.0 0.0 53.0 0.0 53.0 0.0
18 6 3 1.0017854000001591 0.39927129999992417 0.0 1.4010567000000833 1.4010567000000833 1.4010567000000833 1.4010567000000833 425.44140625 416.67578125 18 18 1.0 18 1 0 False 0 0 False 1.0 1.0 0.0 0.0 0.0 0.0 0.0 0.0 0.0 0.0 0.0 0.0 0.0 0.0 0.0 0.0 0 0.0 0 0.0 0.0 0.0 0.0 0 0 0.0 0.0 0.0 0.0 0.0 0.0 0.0 0.0 0.0 0.0 0.0 0.0 0.0 0.0 0.0 0.0 1 1.0 0.0 0.0 0.0 0.0 0.0 0.0 0.0 1.0 1.0 0.0 0.0 0.0 0.0 0.0 0.0 0.0 0.0 0.0 0.0 0.0 0.0 0.0 0.0
19 6 2 3.2763488999999026 0.8380892000000131 0.0 4.114438099999916 5.515494799999999 5.515494799999999 5.515494799999999 448.28515625 439.328125 34 34 1.0 34 18 18 False 0 0 False 1.8888888888888888 1.8888888888888888 2.2199334618774946 2.2199334618774946 1.175258891582203 1.175258891582203 1.0 1.0 1.0 1.0 1.0 1.0 1.0 1.0 10.0 10.0 0 0.0 0 0.0 7.504045548134512 0.0 0.0 0 0 0.0 0.0 0.0 0.0 0.0 0.0 0.0 0.0 0.0 0.0 0.0 0.0 0.0 0.0 0.0 0.0 1 18.0 0.0 0.0 18.0 18.0 18.0 18.0 18.0 34.0 34.0 0.0 0.0 0.0 0.0 34.0 0.0 34.0 0.0 34.0 0.0 34.0 0.0 34.0 0.0
20 6 1 8.605195999999864 6.70992310000014 0.0 15.315119100000004 20.830613900000003 20.830613900000003 20.830613900000003 511.7265625 505.859375 55 55 1.0 0 34 34 False 0 0 False 1.6176470588235294 1.6176470588235294 1.1013684568382918 1.1013684568382918 0.6808459551363986 0.6808459551363986 1.0 1.0 1.0 1.0 1.0 1.0 2.0 2.0 6.0 6.0 0 0.0 0 0.0 3.389953098041389 0.0 0.0 0 0 0.0 0.0 0.0 0.0 0.0 0.0 0.0 0.0 0.0 0.0 0.0 0.0 0.0 0.0 0.0 0.0 1 34.0 0.0 0.0 34.0 34.0 34.0 34.0 34.0 55.0 55.0 0.0 0.0 0.0 0.0 55.0 0.0 55.0 0.0 55.0 0.0 55.0 0.0 55.0 0.0
21 7 3 1.0278703999999266 0.3452525000000435 0.0 1.37312289999997 1.37312289999997 1.37312289999997 1.37312289999997 438.87890625 429.9609375 18 18 1.0 18 1 0 False 0 0 False 1.0 1.0 0.0 0.0 0.0 0.0 0.0 0.0 0.0 0.0 0.0 0.0 0.0 0.0 0.0 0.0 0 0.0 0 0.0 0.0 0.0 0.0 0 0 0.0 0.0 0.0 0.0 0.0 0.0 0.0 0.0 0.0 0.0 0.0 0.0 0.0 0.0 0.0 0.0 1 1.0 0.0 0.0 0.0 0.0 0.0 0.0 0.0 1.0 1.0 0.0 0.0 0.0 0.0 0.0 0.0 0.0 0.0 0.0 0.0 0.0 0.0 0.0 0.0
22 7 2 3.304511899999909 1.1899090000000285 0.0 4.4944208999999375 5.867543799999908 5.867543799999908 5.867543799999908 456.44140625 447.3828125 34 34 1.0 34 18 18 False 0 0 False 1.8888888888888888 1.8888888888888888 2.166289559942608 2.166289559942608 1.1468591787931455 1.1468591787931455 1.0 1.0 1.0 1.0 1.0 1.0 1.75 1.75 10.0 10.0 0 0.0 0 0.0 7.431719361957711 0.0 0.0 0 0 0.0 0.0 0.0 0.0 0.0 0.0 0.0 0.0 0.0 0.0 0.0 0.0 0.0 0.0 0.0 0.0 1 18.0 0.0 0.0 18.0 18.0 18.0 18.0 18.0 34.0 34.0 0.0 0.0 0.0 0.0 34.0 0.0 34.0 0.0 34.0 0.0 34.0 0.0 34.0 0.0
23 7 1 8.15698190000009 8.076533700000255 0.0 16.233515600000345 22.101059400000253 22.101059400000253 22.101059400000253 514.41015625 510.2578125 53 53 1.0 0 34 34 False 0 0 False 1.5588235294117647 1.5588235294117647 1.0207298776199087 1.0207298776199087 0.6548078460203188 0.6548078460203188 1.0 1.0 1.0 1.0 1.0 1.0 2.0 2.0 6.0 6.0 0 0.0 0 0.0 2.967601876878699 0.0 0.0 0 0 0.0 0.0 0.0 0.0 0.0 0.0 0.0 0.0 0.0 0.0 0.0 0.0 0.0 0.0 0.0 0.0 1 34.0 0.0 0.0 34.0 34.0 34.0 34.0 34.0 53.0 53.0 0.0 0.0 0.0 0.0 53.0 0.0 53.0 0.0 53.0 0.0 53.0 0.0 53.0 0.0
24 8 3 1.0027013000000693 0.37592580000006137 0.0 1.3786271000001307 1.3786271000001307 1.3786271000001307 1.3786271000001307 447.9140625 438.91015625 18 18 1.0 18 1 0 False 0 0 False 1.0 1.0 0.0 0.0 0.0 0.0 0.0 0.0 0.0 0.0 0.0 0.0 0.0 0.0 0.0 0.0 0 0.0 0 0.0 0.0 0.0 0.0 0 0 0.0 0.0 0.0 0.0 0.0 0.0 0.0 0.0 0.0 0.0 0.0 0.0 0.0 0.0 0.0 0.0 1 1.0 0.0 0.0 0.0 0.0 0.0 0.0 0.0 1.0 1.0 0.0 0.0 0.0 0.0 0.0 0.0 0.0 0.0 0.0 0.0 0.0 0.0 0.0 0.0
25 8 2 3.2814753999999766 1.0672336000001224 0.0 4.348709000000099 5.72733610000023 5.72733610000023 5.72733610000023 469.2734375 460.4609375 34 34 1.0 34 18 18 False 0 0 False 1.8888888888888888 1.8888888888888888 2.27231131071657 2.27231131071657 1.2029883409675959 1.2029883409675959 1.0 1.0 1.0 1.0 1.0 1.0 1.0 1.0 10.0 10.0 0 0.0 0 0.0 7.654714247165685 0.0 0.0 0 0 0.0 0.0 0.0 0.0 0.0 0.0 0.0 0.0 0.0 0.0 0.0 0.0 0.0 0.0 0.0 0.0 1 18.0 0.0 0.0 18.0 18.0 18.0 18.0 18.0 34.0 34.0 0.0 0.0 0.0 0.0 34.0 0.0 34.0 0.0 34.0 0.0 34.0 0.0 34.0 0.0
26 8 1 8.154526899999894 8.295466299999987 0.0 16.44999319999988 22.17732930000011 22.17732930000011 22.17732930000011 526.2421875 522.26171875 53 53 1.0 0 34 34 False 0 0 False 1.5588235294117647 1.5588235294117647 0.9595193389681276 0.9595193389681276 0.6155407080172894 0.6155407080172894 1.0 1.0 1.0 1.0 1.0 1.0 2.0 2.0 6.0 6.0 0 0.0 0 0.0 2.6066357960041864 0.0 0.0 0 0 0.0 0.0 0.0 0.0 0.0 0.0 0.0 0.0 0.0 0.0 0.0 0.0 0.0 0.0 0.0 0.0 1 34.0 0.0 0.0 34.0 34.0 34.0 34.0 34.0 53.0 53.0 0.0 0.0 0.0 0.0 53.0 0.0 53.0 0.0 53.0 0.0 53.0 0.0 53.0 0.0
27 9 3 1.0049556999999822 0.3136526000001254 0.0 1.3186083000001076 1.3186083000001076 1.3186083000001076 1.3186083000001076 399.7265625 393.9765625 18 18 1.0 18 1 0 False 0 0 False 1.0 1.0 0.0 0.0 0.0 0.0 0.0 0.0 0.0 0.0 0.0 0.0 0.0 0.0 0.0 0.0 0 0.0 0 0.0 0.0 0.0 0.0 0 0 0.0 0.0 0.0 0.0 0.0 0.0 0.0 0.0 0.0 0.0 0.0 0.0 0.0 0.0 0.0 0.0 1 1.0 0.0 0.0 0.0 0.0 0.0 0.0 0.0 1.0 1.0 0.0 0.0 0.0 0.0 0.0 0.0 0.0 0.0 0.0 0.0 0.0 0.0 0.0 0.0
28 9 2 3.2929255000001376 1.0372371000000271 0.0 4.330162600000165 5.648770900000272 5.648770900000272 5.648770900000272 449.921875 445.94140625 34 34 1.0 34 18 18 False 0 0 False 1.8888888888888888 1.8888888888888888 2.27231131071657 2.27231131071657 1.2029883409675959 1.2029883409675959 1.0 1.0 1.0 1.0 1.0 1.0 1.0 1.0 10.0 10.0 0 0.0 0 0.0 7.654714247165685 0.0 0.0 0 0 0.0 0.0 0.0 0.0 0.0 0.0 0.0 0.0 0.0 0.0 0.0 0.0 0.0 0.0 0.0 0.0 1 18.0 0.0 0.0 18.0 18.0 18.0 18.0 18.0 34.0 34.0 0.0 0.0 0.0 0.0 34.0 0.0 34.0 0.0 34.0 0.0 34.0 0.0 34.0 0.0
29 9 1 8.603584799999737 8.536228799999833 0.0 17.13981359999957 22.788584499999843 22.788584499999843 22.788584499999843 541.5859375 537.1484375 55 55 1.0 0 34 34 False 0 0 False 1.6176470588235294 1.6176470588235294 1.01547737340631 1.01547737340631 0.6277496490148099 0.6277496490148099 1.0 1.0 1.0 1.0 1.0 1.0 2.0 2.0 6.0 6.0 0 0.0 0 0.0 3.4509037981696116 0.0 0.0 0 0 0.0 0.0 0.0 0.0 0.0 0.0 0.0 0.0 0.0 0.0 0.0 0.0 0.0 0.0 0.0 0.0 1 34.0 0.0 0.0 34.0 34.0 34.0 34.0 34.0 55.0 55.0 0.0 0.0 0.0 0.0 55.0 0.0 55.0 0.0 55.0 0.0 55.0 0.0 55.0 0.0
30 10 3 1.0072790999998915 0.35059639999997216 0.0 1.3578754999998637 1.3578754999998637 1.3578754999998637 1.3578754999998637 470.76953125 463.31640625 18 18 1.0 18 1 0 False 0 0 False 1.0 1.0 0.0 0.0 0.0 0.0 0.0 0.0 0.0 0.0 0.0 0.0 0.0 0.0 0.0 0.0 0 0.0 0 0.0 0.0 0.0 0.0 0 0 0.0 0.0 0.0 0.0 0.0 0.0 0.0 0.0 0.0 0.0 0.0 0.0 0.0 0.0 0.0 0.0 1 1.0 0.0 0.0 0.0 0.0 0.0 0.0 0.0 1.0 1.0 0.0 0.0 0.0 0.0 0.0 0.0 0.0 0.0 0.0 0.0 0.0 0.0 0.0 0.0
31 10 2 3.292920400000014 0.9978103999999348 0.0 4.290730799999949 5.648606299999813 5.648606299999813 5.648606299999813 492.63671875 484.94921875 34 34 1.0 34 18 18 False 0 0 False 1.8888888888888888 1.8888888888888888 2.27231131071657 2.27231131071657 1.2029883409675959 1.2029883409675959 1.0 1.0 1.0 1.0 1.0 1.0 1.0 1.0 10.0 10.0 0 0.0 0 0.0 7.654714247165685 0.0 0.0 0 0 0.0 0.0 0.0 0.0 0.0 0.0 0.0 0.0 0.0 0.0 0.0 0.0 0.0 0.0 0.0 0.0 1 18.0 0.0 0.0 18.0 18.0 18.0 18.0 18.0 34.0 34.0 0.0 0.0 0.0 0.0 34.0 0.0 34.0 0.0 34.0 0.0 34.0 0.0 34.0 0.0
32 10 1 8.623902199999804 10.977269099999887 0.0 19.60117129999969 25.249777599999504 25.249777599999504 25.249777599999504 553.390625 548.80078125 55 55 1.0 0 34 34 False 0 0 False 1.6176470588235294 1.6176470588235294 1.1013684568382918 1.1013684568382918 0.6808459551363986 0.6808459551363986 1.0 1.0 1.0 1.0 1.0 1.0 2.0 2.0 6.0 6.0 0 0.0 0 0.0 3.973147323467786 0.0 0.0 0 0 0.0 0.0 0.0 0.0 0.0 0.0 0.0 0.0 0.0 0.0 0.0 0.0 0.0 0.0 0.0 0.0 1 34.0 0.0 0.0 34.0 34.0 34.0 34.0 34.0 55.0 55.0 0.0 0.0 0.0 0.0 55.0 0.0 55.0 0.0 55.0 0.0 55.0 0.0 55.0 0.0
33 11 3 1.0059956000000057 0.369377899999904 0.0 1.3753734999999097 1.3753734999999097 1.3753734999999097 1.3753734999999097 486.97265625 479.44140625 18 18 1.0 18 1 0 False 0 0 False 1.0 1.0 0.0 0.0 0.0 0.0 0.0 0.0 0.0 0.0 0.0 0.0 0.0 0.0 0.0 0.0 0 0.0 0 0.0 0.0 0.0 0.0 0 0 0.0 0.0 0.0 0.0 0.0 0.0 0.0 0.0 0.0 0.0 0.0 0.0 0.0 0.0 0.0 0.0 1 1.0 0.0 0.0 0.0 0.0 0.0 0.0 0.0 1.0 1.0 0.0 0.0 0.0 0.0 0.0 0.0 0.0 0.0 0.0 0.0 0.0 0.0 0.0 0.0
34 11 2 3.280270999999857 0.8582902000000558 0.0 4.138561199999913 5.513934699999822 5.513934699999822 5.513934699999822 506.765625 499.03125 34 34 1.0 34 18 18 False 0 0 False 1.8888888888888888 1.8888888888888888 2.2199334618774946 2.2199334618774946 1.175258891582203 1.175258891582203 1.0 1.0 1.0 1.0 1.0 1.0 1.0 1.0 10.0 10.0 0 0.0 0 0.0 7.504045548134512 0.0 0.0 0 0 0.0 0.0 0.0 0.0 0.0 0.0 0.0 0.0 0.0 0.0 0.0 0.0 0.0 0.0 0.0 0.0 1 18.0 0.0 0.0 18.0 18.0 18.0 18.0 18.0 34.0 34.0 0.0 0.0 0.0 0.0 34.0 0.0 34.0 0.0 34.0 0.0 34.0 0.0 34.0 0.0
35 11 1 8.616422999999884 9.251124599999855 0.0 17.86754759999974 23.38148229999956 23.38148229999956 23.38148229999956 566.58203125 562.0859375 55 55 1.0 0 34 34 False 0 0 False 1.6176470588235294 1.6176470588235294 1.0448925095464312 1.0448925095464312 0.6459335513559756 0.6459335513559756 1.0 1.0 1.0 1.0 1.0 1.0 2.0 2.0 6.0 6.0 0 0.0 0 0.0 3.42498705576823 0.0 0.0 0 0 0.0 0.0 0.0 0.0 0.0 0.0 0.0 0.0 0.0 0.0 0.0 0.0 0.0 0.0 0.0 0.0 1 34.0 0.0 0.0 34.0 34.0 34.0 34.0 34.0 55.0 55.0 0.0 0.0 0.0 0.0 55.0 0.0 55.0 0.0 55.0 0.0 55.0 0.0 55.0 0.0
36 12 3 1.0090430000000765 0.31643329999991465 0.0 1.3254762999999912 1.3254762999999912 1.3254762999999912 1.3254762999999912 500.25 492.47265625 18 18 1.0 18 1 0 False 0 0 False 1.0 1.0 0.0 0.0 0.0 0.0 0.0 0.0 0.0 0.0 0.0 0.0 0.0 0.0 0.0 0.0 0 0.0 0 0.0 0.0 0.0 0.0 0 0 0.0 0.0 0.0 0.0 0.0 0.0 0.0 0.0 0.0 0.0 0.0 0.0 0.0 0.0 0.0 0.0 1 1.0 0.0 0.0 0.0 0.0 0.0 0.0 0.0 1.0 1.0 0.0 0.0 0.0 0.0 0.0 0.0 0.0 0.0 0.0 0.0 0.0 0.0 0.0 0.0
37 12 2 3.2824878000000126 0.9502836000000343 0.0 4.232771400000047 5.558247700000038 5.558247700000038 5.558247700000038 519.00390625 511.1015625 34 34 1.0 34 18 18 False 0 0 False 1.8888888888888888 1.8888888888888888 2.2199334618774946 2.2199334618774946 1.175258891582203 1.175258891582203 1.0 1.0 1.0 1.0 1.0 1.0 1.0 1.0 10.0 10.0 0 0.0 0 0.0 7.504045548134512 0.0 0.0 0 0 0.0 0.0 0.0 0.0 0.0 0.0 0.0 0.0 0.0 0.0 0.0 0.0 0.0 0.0 0.0 0.0 1 18.0 0.0 0.0 18.0 18.0 18.0 18.0 18.0 34.0 34.0 0.0 0.0 0.0 0.0 34.0 0.0 34.0 0.0 34.0 0.0 34.0 0.0 34.0 0.0
38 12 1 8.60589709999988 9.394809299999736 0.0 18.000706399999615 23.558954099999653 23.558954099999653 23.558954099999653 579.09765625 574.71484375 55 55 1.0 0 34 34 False 0 0 False 1.6176470588235294 1.6176470588235294 1.1550864032315857 1.1550864032315857 0.7140534129067985 0.7140534129067985 1.0 1.0 1.0 1.0 1.0 1.0 2.0 2.0 6.0 6.0 0 0.0 0 0.0 4.122948268186896 0.0 0.0 0 0 0.0 0.0 0.0 0.0 0.0 0.0 0.0 0.0 0.0 0.0 0.0 0.0 0.0 0.0 0.0 0.0 1 34.0 0.0 0.0 34.0 34.0 34.0 34.0 34.0 55.0 55.0 0.0 0.0 0.0 0.0 55.0 0.0 55.0 0.0 55.0 0.0 55.0 0.0 55.0 0.0
39 13 3 1.0075194000000351 0.36419119999993654 0.0 1.3717105999999717 1.3717105999999717 1.3717105999999717 1.3717105999999717 454.2265625 456.0078125 18 18 1.0 18 1 0 False 0 0 False 1.0 1.0 0.0 0.0 0.0 0.0 0.0 0.0 0.0 0.0 0.0 0.0 0.0 0.0 0.0 0.0 0 0.0 0 0.0 0.0 0.0 0.0 0 0 0.0 0.0 0.0 0.0 0.0 0.0 0.0 0.0 0.0 0.0 0.0 0.0 0.0 0.0 0.0 0.0 1 1.0 0.0 0.0 0.0 0.0 0.0 0.0 0.0 1.0 1.0 0.0 0.0 0.0 0.0 0.0 0.0 0.0 0.0 0.0 0.0 0.0 0.0 0.0 0.0
40 13 2 3.2793271999999547 0.9180837999999198 0.0 4.1974109999998745 5.569121599999846 5.569121599999846 5.569121599999846 506.2734375 503.49609375 34 34 1.0 34 18 18 False 0 0 False 1.8888888888888888 1.8888888888888888 2.27231131071657 2.27231131071657 1.2029883409675959 1.2029883409675959 1.0 1.0 1.0 1.0 1.0 1.0 1.0 1.0 10.0 10.0 0 0.0 0 0.0 7.654714247165685 0.0 0.0 0 0 0.0 0.0 0.0 0.0 0.0 0.0 0.0 0.0 0.0 0.0 0.0 0.0 0.0 0.0 0.0 0.0 1 18.0 0.0 0.0 18.0 18.0 18.0 18.0 18.0 34.0 34.0 0.0 0.0 0.0 0.0 34.0 0.0 34.0 0.0 34.0 0.0 34.0 0.0 34.0 0.0
41 13 1 8.135300399999949 5.969744899999796 0.0 14.105045299999745 19.67416689999959 19.67416689999959 19.67416689999959 585.76953125 583.2578125 53 53 1.0 0 34 34 False 0 0 False 1.5588235294117647 1.5588235294117647 1.0784718838607128 1.0784718838607128 0.6918498877597026 0.6918498877597026 1.0 1.0 1.0 1.0 1.0 1.0 2.0 2.0 6.0 6.0 0 0.0 0 0.0 2.99256575984382 0.0 0.0 0 0 0.0 0.0 0.0 0.0 0.0 0.0 0.0 0.0 0.0 0.0 0.0 0.0 0.0 0.0 0.0 0.0 1 34.0 0.0 0.0 34.0 34.0 34.0 34.0 34.0 53.0 53.0 0.0 0.0 0.0 0.0 53.0 0.0 53.0 0.0 53.0 0.0 53.0 0.0 53.0 0.0
42 14 3 0.999996699999997 0.3514159000000632 0.0 1.3514126000000601 1.3514126000000601 1.3514126000000601 1.3514126000000601 520.61328125 513.5234375 18 18 1.0 18 1 0 False 0 0 False 1.0 1.0 0.0 0.0 0.0 0.0 0.0 0.0 0.0 0.0 0.0 0.0 0.0 0.0 0.0 0.0 0 0.0 0 0.0 0.0 0.0 0.0 0 0 0.0 0.0 0.0 0.0 0.0 0.0 0.0 0.0 0.0 0.0 0.0 0.0 0.0 0.0 0.0 0.0 1 1.0 0.0 0.0 0.0 0.0 0.0 0.0 0.0 1.0 1.0 0.0 0.0 0.0 0.0 0.0 0.0 0.0 0.0 0.0 0.0 0.0 0.0 0.0 0.0
43 14 2 3.288400699999954 0.9752212000002487 0.0 4.263621900000203 5.615034500000263 5.615034500000263 5.615034500000263 540.31640625 532.96484375 34 34 1.0 34 18 18 False 0 0 False 1.8888888888888888 1.8888888888888888 2.166289559942608 2.166289559942608 1.1468591787931455 1.1468591787931455 1.0 1.0 1.0 1.0 1.0 1.0 1.75 1.75 10.0 10.0 0 0.0 0 0.0 7.366228130626149 0.0 0.0 0 0 0.0 0.0 0.0 0.0 0.0 0.0 0.0 0.0 0.0 0.0 0.0 0.0 0.0 0.0 0.0 0.0 1 18.0 0.0 0.0 18.0 18.0 18.0 18.0 18.0 34.0 34.0 0.0 0.0 0.0 0.0 34.0 0.0 34.0 0.0 34.0 0.0 34.0 0.0 34.0 0.0
44 14 1 8.178228599999954 10.320701399999905 0.0 18.49892999999986 24.113964500000122 24.113964500000122 24.113964500000122 597.09375 594.48046875 53 53 1.0 0 34 34 False 0 0 False 1.5588235294117647 1.5588235294117647 1.0499978779369101 1.0499978779369101 0.6735835443368857 0.6735835443368857 1.0 1.0 1.0 1.0 1.0 1.0 2.0 2.0 6.0 6.0 0 0.0 0 0.0 3.2712573373970524 0.0 0.0 0 0 0.0 0.0 0.0 0.0 0.0 0.0 0.0 0.0 0.0 0.0 0.0 0.0 0.0 0.0 0.0 0.0 1 34.0 0.0 0.0 34.0 34.0 34.0 34.0 34.0 53.0 53.0 0.0 0.0 0.0 0.0 53.0 0.0 53.0 0.0 53.0 0.0 53.0 0.0 53.0 0.0
45 15 3 1.0043854999999553 0.3196408999999676 0.0 1.3240263999999229 1.3240263999999229 1.3240263999999229 1.3240263999999229 533.08203125 525.7265625 18 18 1.0 18 1 0 False 0 0 False 1.0 1.0 0.0 0.0 0.0 0.0 0.0 0.0 0.0 0.0 0.0 0.0 0.0 0.0 0.0 0.0 0 0.0 0 0.0 0.0 0.0 0.0 0 0 0.0 0.0 0.0 0.0 0.0 0.0 0.0 0.0 0.0 0.0 0.0 0.0 0.0 0.0 0.0 0.0 1 1.0 0.0 0.0 0.0 0.0 0.0 0.0 0.0 1.0 1.0 0.0 0.0 0.0 0.0 0.0 0.0 0.0 0.0 0.0 0.0 0.0 0.0 0.0 0.0
46 15 2 3.28289790000008 0.8446825000000331 0.0 4.127580400000113 5.451606800000036 5.451606800000036 5.451606800000036 550.84375 543.390625 34 34 1.0 34 18 18 False 0 0 False 1.8888888888888888 1.8888888888888888 2.27231131071657 2.27231131071657 1.2029883409675959 1.2029883409675959 1.0 1.0 1.0 1.0 1.0 1.0 1.0 1.0 10.0 10.0 0 0.0 0 0.0 7.654714247165685 0.0 0.0 0 0 0.0 0.0 0.0 0.0 0.0 0.0 0.0 0.0 0.0 0.0 0.0 0.0 0.0 0.0 0.0 0.0 1 18.0 0.0 0.0 18.0 18.0 18.0 18.0 18.0 34.0 34.0 0.0 0.0 0.0 0.0 34.0 0.0 34.0 0.0 34.0 0.0 34.0 0.0 34.0 0.0
47 15 1 8.145850199999813 5.490865200000428 0.0 13.636715400000242 19.088322200000277 19.088322200000277 19.088322200000277 605.2109375 602.30859375 53 53 1.0 0 34 34 False 0 0 False 1.5588235294117647 1.5588235294117647 1.0499978779369101 1.0499978779369101 0.6735835443368857 0.6735835443368857 1.0 1.0 1.0 1.0 1.0 1.0 2.0 2.0 6.0 6.0 0 0.0 0 0.0 3.1825241880640056 0.0 0.0 0 0 0.0 0.0 0.0 0.0 0.0 0.0 0.0 0.0 0.0 0.0 0.0 0.0 0.0 0.0 0.0 0.0 1 34.0 0.0 0.0 34.0 34.0 34.0 34.0 34.0 53.0 53.0 0.0 0.0 0.0 0.0 53.0 0.0 53.0 0.0 53.0 0.0 53.0 0.0 53.0 0.0
48 16 3 1.003076599999929 0.3604068000001348 0.0 1.3634834000000637 1.3634834000000637 1.3634834000000637 1.3634834000000637 542.51171875 535.01171875 18 18 1.0 18 1 0 False 0 0 False 1.0 1.0 0.0 0.0 0.0 0.0 0.0 0.0 0.0 0.0 0.0 0.0 0.0 0.0 0.0 0.0 0 0.0 0 0.0 0.0 0.0 0.0 0 0 0.0 0.0 0.0 0.0 0.0 0.0 0.0 0.0 0.0 0.0 0.0 0.0 0.0 0.0 0.0 0.0 1 1.0 0.0 0.0 0.0 0.0 0.0 0.0 0.0 1.0 1.0 0.0 0.0 0.0 0.0 0.0 0.0 0.0 0.0 0.0 0.0 0.0 0.0 0.0 0.0
49 16 2 3.2757605000000467 0.8821194999999875 0.0 4.157880000000034 5.521363400000098 5.521363400000098 5.521363400000098 559.51171875 551.9921875 34 34 1.0 34 18 18 False 0 0 False 1.8888888888888888 1.8888888888888888 2.2199334618774946 2.2199334618774946 1.175258891582203 1.175258891582203 1.0 1.0 1.0 1.0 1.0 1.0 1.0 1.0 10.0 10.0 0 0.0 0 0.0 7.504045548134512 0.0 0.0 0 0 0.0 0.0 0.0 0.0 0.0 0.0 0.0 0.0 0.0 0.0 0.0 0.0 0.0 0.0 0.0 0.0 1 18.0 0.0 0.0 18.0 18.0 18.0 18.0 18.0 34.0 34.0 0.0 0.0 0.0 0.0 34.0 0.0 34.0 0.0 34.0 0.0 34.0 0.0 34.0 0.0
50 16 1 8.5988708000001 7.469573199999729 0.0 16.06844399999983 21.589807399999927 21.589807399999927 21.589807399999927 618.125 613.51171875 55 55 1.0 0 34 34 False 0 0 False 1.6176470588235294 1.6176470588235294 1.0735019408982454 1.0735019408982454 0.6636193816461881 0.6636193816461881 1.0 1.0 1.0 1.0 1.0 1.0 2.0 2.0 6.0 6.0 0 0.0 0 0.0 3.485573332077119 0.0 0.0 0 0 0.0 0.0 0.0 0.0 0.0 0.0 0.0 0.0 0.0 0.0 0.0 0.0 0.0 0.0 0.0 0.0 1 34.0 0.0 0.0 34.0 34.0 34.0 34.0 34.0 55.0 55.0 0.0 0.0 0.0 0.0 55.0 0.0 55.0 0.0 55.0 0.0 55.0 0.0 55.0 0.0
51 17 3 1.0053826000001322 0.4143726999999444 0.0 1.4197553000000767 1.4197553000000767 1.4197553000000767 1.4197553000000767 497.89453125 497.72265625 18 18 1.0 18 1 0 False 0 0 False 1.0 1.0 0.0 0.0 0.0 0.0 0.0 0.0 0.0 0.0 0.0 0.0 0.0 0.0 0.0 0.0 0 0.0 0 0.0 0.0 0.0 0.0 0 0 0.0 0.0 0.0 0.0 0.0 0.0 0.0 0.0 0.0 0.0 0.0 0.0 0.0 0.0 0.0 0.0 1 1.0 0.0 0.0 0.0 0.0 0.0 0.0 0.0 1.0 1.0 0.0 0.0 0.0 0.0 0.0 0.0 0.0 0.0 0.0 0.0 0.0 0.0 0.0 0.0
52 17 2 3.2854374000002053 0.8648518000001104 0.0 4.150289200000316 5.570044500000392 5.570044500000392 5.570044500000392 546.2890625 542.953125 34 34 1.0 34 18 18 False 0 0 False 1.8888888888888888 1.8888888888888888 2.27231131071657 2.27231131071657 1.2029883409675959 1.2029883409675959 1.0 1.0 1.0 1.0 1.0 1.0 1.0 1.0 10.0 10.0 0 0.0 0 0.0 7.654714247165685 0.0 0.0 0 0 0.0 0.0 0.0 0.0 0.0 0.0 0.0 0.0 0.0 0.0 0.0 0.0 0.0 0.0 0.0 0.0 1 18.0 0.0 0.0 18.0 18.0 18.0 18.0 18.0 34.0 34.0 0.0 0.0 0.0 0.0 34.0 0.0 34.0 0.0 34.0 0.0 34.0 0.0 34.0 0.0
53 17 1 8.15556619999984 9.48448699999949 0.0 17.64005319999933 23.21009769999972 23.21009769999972 23.21009769999972 625.9609375 623.421875 53 53 1.0 0 34 34 False 0 0 False 1.5588235294117647 1.5588235294117647 1.1332756617391004 1.1332756617391004 0.7270070282854606 0.7270070282854606 1.0 1.0 1.0 1.0 1.0 1.0 2.0 2.0 6.0 6.0 0 0.0 0 0.0 3.410560132181357 0.0 0.0 0 0 0.0 0.0 0.0 0.0 0.0 0.0 0.0 0.0 0.0 0.0 0.0 0.0 0.0 0.0 0.0 0.0 1 34.0 0.0 0.0 34.0 34.0 34.0 34.0 34.0 53.0 53.0 0.0 0.0 0.0 0.0 53.0 0.0 53.0 0.0 53.0 0.0 53.0 0.0 53.0 0.0
54 18 3 1.0028292000000647 0.3792113000004065 0.0 1.3820405000004712 1.3820405000004712 1.3820405000004712 1.3820405000004712 562.09765625 554.703125 18 18 1.0 18 1 0 False 0 0 False 1.0 1.0 0.0 0.0 0.0 0.0 0.0 0.0 0.0 0.0 0.0 0.0 0.0 0.0 0.0 0.0 0 0.0 0 0.0 0.0 0.0 0.0 0 0 0.0 0.0 0.0 0.0 0.0 0.0 0.0 0.0 0.0 0.0 0.0 0.0 0.0 0.0 0.0 0.0 1 1.0 0.0 0.0 0.0 0.0 0.0 0.0 0.0 1.0 1.0 0.0 0.0 0.0 0.0 0.0 0.0 0.0 0.0 0.0 0.0 0.0 0.0 0.0 0.0
55 18 2 3.2819604999996272 1.1568312000005108 0.0 4.438791700000138 5.820832200000609 5.820832200000609 5.820832200000609 579.90234375 572.5703125 34 34 1.0 34 18 18 False 0 0 False 1.8888888888888888 1.8888888888888888 2.166289559942608 2.166289559942608 1.1468591787931455 1.1468591787931455 1.0 1.0 1.0 1.0 1.0 1.0 2.0 2.0 10.0 10.0 0 0.0 0 0.0 7.063352355790955 0.0 0.0 0 0 0.0 0.0 0.0 0.0 0.0 0.0 0.0 0.0 0.0 0.0 0.0 0.0 0.0 0.0 0.0 0.0 1 18.0 0.0 0.0 18.0 18.0 18.0 18.0 18.0 34.0 34.0 0.0 0.0 0.0 0.0 34.0 0.0 34.0 0.0 34.0 0.0 34.0 0.0 34.0 0.0
56 18 1 8.62468380000007 10.345213099999569 0.0 18.96989689999964 24.79072910000025 24.79072910000025 24.79072910000025 645.23046875 640.9140625 55 55 1.0 0 34 34 False 0 0 False 1.6176470588235294 1.6176470588235294 1.0735019408982454 1.0735019408982454 0.6636193816461881 0.6636193816461881 1.0 1.0 1.0 1.0 1.0 1.0 2.0 2.0 6.0 6.0 0 0.0 0 0.0 3.522849291131779 0.0 0.0 0 0 0.0 0.0 0.0 0.0 0.0 0.0 0.0 0.0 0.0 0.0 0.0 0.0 0.0 0.0 0.0 0.0 1 34.0 0.0 0.0 34.0 34.0 34.0 34.0 34.0 55.0 55.0 0.0 0.0 0.0 0.0 55.0 0.0 55.0 0.0 55.0 0.0 55.0 0.0 55.0 0.0
57 19 3 1.0034826999999495 0.32399089999955777 0.0 1.3274735999995073 1.3274735999995073 1.3274735999995073 1.3274735999995073 574.515625 567.15234375 18 18 1.0 18 1 0 False 0 0 False 1.0 1.0 0.0 0.0 0.0 0.0 0.0 0.0 0.0 0.0 0.0 0.0 0.0 0.0 0.0 0.0 0 0.0 0 0.0 0.0 0.0 0.0 0 0 0.0 0.0 0.0 0.0 0.0 0.0 0.0 0.0 0.0 0.0 0.0 0.0 0.0 0.0 0.0 0.0 1 1.0 0.0 0.0 0.0 0.0 0.0 0.0 0.0 1.0 1.0 0.0 0.0 0.0 0.0 0.0 0.0 0.0 0.0 0.0 0.0 0.0 0.0 0.0 0.0
58 19 2 3.280244999999809 0.9257913999997527 0.0 4.206036399999562 5.533509999999069 5.533509999999069 5.533509999999069 592.4609375 585.015625 34 34 1.0 34 18 18 False 0 0 False 1.8888888888888888 1.8888888888888888 2.27231131071657 2.27231131071657 1.2029883409675959 1.2029883409675959 1.0 1.0 1.0 1.0 1.0 1.0 1.0 1.0 10.0 10.0 0 0.0 0 0.0 7.654714247165685 0.0 0.0 0 0 0.0 0.0 0.0 0.0 0.0 0.0 0.0 0.0 0.0 0.0 0.0 0.0 0.0 0.0 0.0 0.0 1 18.0 0.0 0.0 18.0 18.0 18.0 18.0 18.0 34.0 34.0 0.0 0.0 0.0 0.0 34.0 0.0 34.0 0.0 34.0 0.0 34.0 0.0 34.0 0.0
59 19 1 8.613250400000197 7.637103500000194 0.0 16.25035390000039 21.78386389999946 21.78386389999946 21.78386389999946 651.4453125 647.15625 55 55 1.0 0 34 34 False 0 0 False 1.6176470588235294 1.6176470588235294 1.01547737340631 1.01547737340631 0.6277496490148099 0.6277496490148099 1.0 1.0 1.0 1.0 1.0 1.0 2.0 2.0 6.0 6.0 0 0.0 0 0.0 3.4378440375179293 0.0 0.0 0 0 0.0 0.0 0.0 0.0 0.0 0.0 0.0 0.0 0.0 0.0 0.0 0.0 0.0 0.0 0.0 0.0 1 34.0 0.0 0.0 34.0 34.0 34.0 34.0 34.0 55.0 55.0 0.0 0.0 0.0 0.0 55.0 0.0 55.0 0.0 55.0 0.0 55.0 0.0 55.0 0.0
60 20 3 1.0046766000000389 0.355425200000127 0.0 1.360101800000166 1.360101800000166 1.360101800000166 1.360101800000166 584.94140625 577.61328125 18 18 1.0 18 1 0 False 0 0 False 1.0 1.0 0.0 0.0 0.0 0.0 0.0 0.0 0.0 0.0 0.0 0.0 0.0 0.0 0.0 0.0 0 0.0 0 0.0 0.0 0.0 0.0 0 0 0.0 0.0 0.0 0.0 0.0 0.0 0.0 0.0 0.0 0.0 0.0 0.0 0.0 0.0 0.0 0.0 1 1.0 0.0 0.0 0.0 0.0 0.0 0.0 0.0 1.0 1.0 0.0 0.0 0.0 0.0 0.0 0.0 0.0 0.0 0.0 0.0 0.0 0.0 0.0 0.0
61 20 2 3.2745353999993085 0.8922228000003543 0.0 4.166758199999663 5.526859999999829 5.526859999999829 5.526859999999829 605.671875 598.15625 34 34 1.0 34 18 18 False 0 0 False 1.8888888888888888 1.8888888888888888 2.2462750575089703 2.2462750575089703 1.1892044422106314 1.1892044422106314 1.0 1.0 1.0 1.0 1.0 1.0 1.75 1.75 10.0 10.0 0 0.0 0 0.0 7.574051435264545 0.0 0.0 0 0 0.0 0.0 0.0 0.0 0.0 0.0 0.0 0.0 0.0 0.0 0.0 0.0 0.0 0.0 0.0 0.0 1 18.0 0.0 0.0 18.0 18.0 18.0 18.0 18.0 34.0 34.0 0.0 0.0 0.0 0.0 34.0 0.0 34.0 0.0 34.0 0.0 34.0 0.0 34.0 0.0
62 20 1 8.144757300000151 6.041204900000025 0.0 14.185962200000176 19.712822200000005 19.712822200000005 19.712822200000005 658.8046875 656.04296875 53 53 1.0 0 34 34 False 0 0 False 1.5588235294117647 1.5588235294117647 1.0499978779369101 1.0499978779369101 0.6735835443368857 0.6735835443368857 1.0 1.0 1.0 1.0 1.0 1.0 2.0 2.0 6.0 6.0 0 0.0 0 0.0 2.929757243979528 0.0 0.0 0 0 0.0 0.0 0.0 0.0 0.0 0.0 0.0 0.0 0.0 0.0 0.0 0.0 0.0 0.0 0.0 0.0 1 34.0 0.0 0.0 34.0 34.0 34.0 34.0 34.0 53.0 53.0 0.0 0.0 0.0 0.0 53.0 0.0 53.0 0.0 53.0 0.0 53.0 0.0 53.0 0.0
63 21 3 1.0071061999999529 0.4263999000000922 0.0 1.433506100000045 1.433506100000045 1.433506100000045 1.433506100000045 541.57421875 538.07421875 18 18 1.0 18 1 0 False 0 0 False 1.0 1.0 0.0 0.0 0.0 0.0 0.0 0.0 0.0 0.0 0.0 0.0 0.0 0.0 0.0 0.0 0 0.0 0 0.0 0.0 0.0 0.0 0 0 0.0 0.0 0.0 0.0 0.0 0.0 0.0 0.0 0.0 0.0 0.0 0.0 0.0 0.0 0.0 0.0 1 1.0 0.0 0.0 0.0 0.0 0.0 0.0 0.0 1.0 1.0 0.0 0.0 0.0 0.0 0.0 0.0 0.0 0.0 0.0 0.0 0.0 0.0 0.0 0.0
64 21 2 3.278838600000313 1.148778099999845 0.0 4.427616700000158 5.861122800000203 5.861122800000203 5.861122800000203 590.51953125 587.07421875 34 34 1.0 34 18 18 False 0 0 False 1.8888888888888888 1.8888888888888888 2.193275522213265 2.193275522213265 1.1611458647011403 1.1611458647011403 1.0 1.0 1.0 1.0 1.0 1.0 1.75 1.75 10.0 10.0 0 0.0 0 0.0 7.299303760698448 0.0 0.0 0 0 0.0 0.0 0.0 0.0 0.0 0.0 0.0 0.0 0.0 0.0 0.0 0.0 0.0 0.0 0.0 0.0 1 18.0 0.0 0.0 18.0 18.0 18.0 18.0 18.0 34.0 34.0 0.0 0.0 0.0 0.0 34.0 0.0 34.0 0.0 34.0 0.0 34.0 0.0 34.0 0.0
65 21 1 8.145202400000358 7.262603000000354 0.0 15.407805400000711 21.268928200000914 21.268928200000914 21.268928200000914 668.49609375 666.22265625 53 53 1.0 0 34 34 False 0 0 False 1.5588235294117647 1.5588235294117647 1.0784718838607128 1.0784718838607128 0.6918498877597026 0.6918498877597026 1.0 1.0 1.0 1.0 1.0 1.0 2.0 2.0 6.0 6.0 0 0.0 0 0.0 2.9676018768786996 0.0 0.0 0 0 0.0 0.0 0.0 0.0 0.0 0.0 0.0 0.0 0.0 0.0 0.0 0.0 0.0 0.0 0.0 0.0 1 34.0 0.0 0.0 34.0 34.0 34.0 34.0 34.0 53.0 53.0 0.0 0.0 0.0 0.0 53.0 0.0 53.0 0.0 53.0 0.0 53.0 0.0 53.0 0.0
66 22 3 1.0076066999999966 0.3535876000000826 0.0 1.3611943000000792 1.3611943000000792 1.3611943000000792 1.3611943000000792 606.23828125 599.1796875 18 18 1.0 18 1 0 False 0 0 False 1.0 1.0 0.0 0.0 0.0 0.0 0.0 0.0 0.0 0.0 0.0 0.0 0.0 0.0 0.0 0.0 0 0.0 0 0.0 0.0 0.0 0.0 0 0 0.0 0.0 0.0 0.0 0.0 0.0 0.0 0.0 0.0 0.0 0.0 0.0 0.0 0.0 0.0 0.0 1 1.0 0.0 0.0 0.0 0.0 0.0 0.0 0.0 1.0 1.0 0.0 0.0 0.0 0.0 0.0 0.0 0.0 0.0 0.0 0.0 0.0 0.0 0.0 0.0
67 22 2 3.3060215000001563 1.0534502999995539 0.0 4.35947179999971 5.720666099999789 5.720666099999789 5.720666099999789 625.91015625 618.87109375 34 34 1.0 34 18 18 False 0 0 False 1.8888888888888888 1.8888888888888888 2.2199334618774946 2.2199334618774946 1.175258891582203 1.175258891582203 1.0 1.0 1.0 1.0 1.0 1.0 1.0 1.0 10.0 10.0 0 0.0 0 0.0 7.504045548134512 0.0 0.0 0 0 0.0 0.0 0.0 0.0 0.0 0.0 0.0 0.0 0.0 0.0 0.0 0.0 0.0 0.0 0.0 0.0 1 18.0 0.0 0.0 18.0 18.0 18.0 18.0 18.0 34.0 34.0 0.0 0.0 0.0 0.0 34.0 0.0 34.0 0.0 34.0 0.0 34.0 0.0 34.0 0.0
68 22 1 8.657807500000445 8.95136140000045 0.0 17.609168900000896 23.329835000000685 23.329835000000685 23.329835000000685 687.36328125 683.04296875 55 55 1.0 0 34 34 False 0 0 False 1.6176470588235294 1.6176470588235294 1.1550864032315857 1.1550864032315857 0.7140534129067985 0.7140534129067985 1.0 1.0 1.0 1.0 1.0 1.0 2.0 2.0 6.0 6.0 0 0.0 0 0.0 3.945618655470198 0.0 0.0 0 0 0.0 0.0 0.0 0.0 0.0 0.0 0.0 0.0 0.0 0.0 0.0 0.0 0.0 0.0 0.0 0.0 1 34.0 0.0 0.0 34.0 34.0 34.0 34.0 34.0 55.0 55.0 0.0 0.0 0.0 0.0 55.0 0.0 55.0 0.0 55.0 0.0 55.0 0.0 55.0 0.0
69 23 3 1.0025287999999364 0.41511639999998806 0.0 1.4176451999999244 1.4176451999999244 1.4176451999999244 1.4176451999999244 617.03515625 609.66796875 18 18 1.0 18 1 0 False 0 0 False 1.0 1.0 0.0 0.0 0.0 0.0 0.0 0.0 0.0 0.0 0.0 0.0 0.0 0.0 0.0 0.0 0 0.0 0 0.0 0.0 0.0 0.0 0 0 0.0 0.0 0.0 0.0 0.0 0.0 0.0 0.0 0.0 0.0 0.0 0.0 0.0 0.0 0.0 0.0 1 1.0 0.0 0.0 0.0 0.0 0.0 0.0 0.0 1.0 1.0 0.0 0.0 0.0 0.0 0.0 0.0 0.0 0.0 0.0 0.0 0.0 0.0 0.0 0.0
70 23 2 3.2810719000002564 0.9748095000002195 0.0 4.255881400000476 5.6735266000004 5.6735266000004 5.6735266000004 636.6953125 629.28515625 34 34 1.0 34 18 18 False 0 0 False 1.8888888888888888 1.8888888888888888 2.138963159732493 2.138963159732493 1.1323922610348491 1.1323922610348491 1.0 1.0 1.0 1.0 1.0 1.0 2.0 2.0 10.0 10.0 0 0.0 0 0.0 7.0668471907992325 0.0 0.0 0 0 0.0 0.0 0.0 0.0 0.0 0.0 0.0 0.0 0.0 0.0 0.0 0.0 0.0 0.0 0.0 0.0 1 18.0 0.0 0.0 18.0 18.0 18.0 18.0 18.0 34.0 34.0 0.0 0.0 0.0 0.0 34.0 0.0 34.0 0.0 34.0 0.0 34.0 0.0 34.0 0.0
71 23 1 8.16134260000024 9.738789900000029 0.0 17.900132500000268 23.57365910000067 23.57365910000067 23.57365910000067 692.33984375 689.93359375 53 53 1.0 0 34 34 False 0 0 False 1.5588235294117647 1.5588235294117647 0.9905975078001625 0.9905975078001625 0.6354776465133118 0.6354776465133118 1.0 1.0 1.0 1.0 1.0 1.0 2.0 2.0 6.0 6.0 0 0.0 0 0.0 2.743110274713496 0.0 0.0 0 0 0.0 0.0 0.0 0.0 0.0 0.0 0.0 0.0 0.0 0.0 0.0 0.0 0.0 0.0 0.0 0.0 1 34.0 0.0 0.0 34.0 34.0 34.0 34.0 34.0 53.0 53.0 0.0 0.0 0.0 0.0 53.0 0.0 53.0 0.0 53.0 0.0 53.0 0.0 53.0 0.0
72 24 3 1.0063645999998698 0.42066990000000715 0.0 1.427034499999877 1.427034499999877 1.427034499999877 1.427034499999877 627.375 620.4375 18 18 1.0 18 1 0 False 0 0 False 1.0 1.0 0.0 0.0 0.0 0.0 0.0 0.0 0.0 0.0 0.0 0.0 0.0 0.0 0.0 0.0 0 0.0 0 0.0 0.0 0.0 0.0 0 0 0.0 0.0 0.0 0.0 0.0 0.0 0.0 0.0 0.0 0.0 0.0 0.0 0.0 0.0 0.0 0.0 1 1.0 0.0 0.0 0.0 0.0 0.0 0.0 0.0 1.0 1.0 0.0 0.0 0.0 0.0 0.0 0.0 0.0 0.0 0.0 0.0 0.0 0.0 0.0 0.0
73 24 2 3.282259999999951 0.8965814999999111 0.0 4.178841499999862 5.605875999999739 5.605875999999739 5.605875999999739 645.95703125 638.6640625 34 34 1.0 34 18 18 False 0 0 False 1.8888888888888888 1.8888888888888888 2.27231131071657 2.27231131071657 1.2029883409675959 1.2029883409675959 1.0 1.0 1.0 1.0 1.0 1.0 1.0 1.0 10.0 10.0 0 0.0 0 0.0 7.654714247165685 0.0 0.0 0 0 0.0 0.0 0.0 0.0 0.0 0.0 0.0 0.0 0.0 0.0 0.0 0.0 0.0 0.0 0.0 0.0 1 18.0 0.0 0.0 18.0 18.0 18.0 18.0 18.0 34.0 34.0 0.0 0.0 0.0 0.0 34.0 0.0 34.0 0.0 34.0 0.0 34.0 0.0 34.0 0.0
74 24 1 8.153721000000132 8.057981800000448 0.0 16.21170280000058 21.81757880000032 21.81757880000032 21.81757880000032 702.83203125 700.41796875 53 53 1.0 0 34 34 False 0 0 False 1.5588235294117647 1.5588235294117647 1.0207298776199087 1.0207298776199087 0.6548078460203188 0.6548078460203188 1.0 1.0 1.0 1.0 1.0 1.0 2.0 2.0 6.0 6.0 0 0.0 0 0.0 3.0597425090117123 0.0 0.0 0 0 0.0 0.0 0.0 0.0 0.0 0.0 0.0 0.0 0.0 0.0 0.0 0.0 0.0 0.0 0.0 0.0 1 34.0 0.0 0.0 34.0 34.0 34.0 34.0 34.0 53.0 53.0 0.0 0.0 0.0 0.0 53.0 0.0 53.0 0.0 53.0 0.0 53.0 0.0 53.0 0.0
