 RU AL GT ST OT TT LT CT WT RSS VMS LE AC CF PSG SIZE SGLITS_T HAS_TRAILING TOT_CHOICES PRE_CHOICES FGOALS_ORDER CP_EF_L CP_EF_A SP_ED_L SP_ED_A SP_EB_L SP_EB_A SP_MIN_L SP_MIN_A SP_LOWER_L SP_LOWER_A SP_MED_L SP_MED_A SP_UPPER_L SP_UPPER_A SP_MAX_L SP_MAX_A T_INTER_SP P_INTER_SP T_INTER_Q P_INTER_Q M_CHILD_SPREAD DIV_INDEX_SPREAD DIV_STEP_SPREAD DIVS_T DS_T DS_TD_MEAN DS_TD_STD DS_TD_CD DS_TD_MIN DS_TD_LOWER DS_TD_MED DS_TD_UPPER DS_TD_MAX DS_TS_MEAN DS_TS_STD DS_TS_CD DS_TS_MIN DS_TS_LOWER DS_TS_MED DS_TS_UPPER DS_TS_MAX PR_T PR_TS_MEAN PR_TS_STD PR_TS_CD PR_TS_MIN PR_TS_LOWER PR_TS_MED PR_TS_UPPER PR_TS_MAX PP_LE_MEAN PP_AC_MEAN PP_LE_STD PP_AC_STD PP_LE_CD PP_AC_CD PP_LE_MIN PP_AC_MIN PP_LE_LOWER PP_AC_LOWER PP_LE_MED PP_AC_MED PP_LE_UPPER PP_AC_UPPER PP_LE_MAX PP_AC_MAX
0 0 3 1.0066822000000144 0.3319208000000202 0.0 1.3386030000000346 1.3386030000000346 1.3386030000000346 1.3386030000000346 292.56640625 284.62109375 18 18 1.0 18 1 0 False 0 0 False 1.0 1.0 0.0 0.0 0.0 0.0 0.0 0.0 0.0 0.0 0.0 0.0 0.0 0.0 0.0 0.0 0 0.0 0 0.0 0.0 0.0 0.0 0 0 0.0 0.0 0.0 0.0 0.0 0.0 0.0 0.0 0.0 0.0 0.0 0.0 0.0 0.0 0.0 0.0 1 1.0 0.0 0.0 0.0 0.0 0.0 0.0 0.0 1.0 1.0 0.0 0.0 0.0 0.0 0.0 0.0 0.0 0.0 0.0 0.0 0.0 0.0 0.0 0.0
1 0 2 3.178342999999998 1.0025805000000005 0.012964600000003657 4.193888100000002 5.532491100000037 5.532491100000037 5.532491100000037 380.5703125 379.69921875 34 34 1.0 34 18 18 False 0 0 False 1.8888888888888888 1.8888888888888888 2.193275522213265 2.193275522213265 1.1611458647011403 1.1611458647011403 1.0 1.0 1.0 1.0 1.0 1.0 1.75 1.75 10.0 10.0 3 0.16666666666666666 12 0.35294117647058826 7.27473784404555 0.0 0.0 0 0 0.0 0.0 0.0 0.0 0.0 0.0 0.0 0.0 0.0 0.0 0.0 0.0 0.0 0.0 0.0 0.0 1 18.0 0.0 0.0 18.0 18.0 18.0 18.0 18.0 34.0 34.0 0.0 0.0 0.0 0.0 34.0 0.0 34.0 0.0 34.0 0.0 34.0 0.0 34.0 0.0
2 0 1 9.038597600000003 5.669759900000017 0.02677549999994966 14.73513299999997 20.267624100000006 20.267624100000006 20.267624100000006 547.3984375 544.48046875 55 55 1.0 0 34 34 False 0 0 False 1.6176470588235294 1.6176470588235294 1.01547737340631 1.01547737340631 0.6277496490148099 0.6277496490148099 1.0 1.0 1.0 1.0 1.0 1.0 2.0 2.0 6.0 6.0 7 0.20588235294117646 7 0.12727272727272726 3.2149763085223286 0.0 0.0 0 0 0.0 0.0 0.0 0.0 0.0 0.0 0.0 0.0 0.0 0.0 0.0 0.0 0.0 0.0 0.0 0.0 1 34.0 0.0 0.0 34.0 34.0 34.0 34.0 34.0 55.0 55.0 0.0 0.0 0.0 0.0 55.0 0.0 55.0 0.0 55.0 0.0 55.0 0.0 55.0 0.0
3 1 3 1.0036229999999904 0.3778597000000019 0.0 1.3814826999999923 1.3814826999999923 1.3814826999999923 1.3814826999999923 302.86328125 296.859375 18 18 1.0 18 1 0 False 0 0 False 1.0 1.0 0.0 0.0 0.0 0.0 0.0 0.0 0.0 0.0 0.0 0.0 0.0 0.0 0.0 0.0 0 0.0 0 0.0 0.0 0.0 0.0 0 0 0.0 0.0 0.0 0.0 0.0 0.0 0.0 0.0 0.0 0.0 0.0 0.0 0.0 0.0 0.0 0.0 1 1.0 0.0 0.0 0.0 0.0 0.0 0.0 0.0 1.0 1.0 0.0 0.0 0.0 0.0 0.0 0.0 0.0 0.0 0.0 0.0 0.0 0.0 0.0 0.0
4 1 2 3.1821099999999944 1.0054707999999835 0.014063699999979917 4.201644499999958 5.58312719999995 5.58312719999995 5.58312719999995 391.10546875 390.46875 34 34 1.0 34 18 18 False 0 0 False 1.8888888888888888 1.8888888888888888 2.193275522213265 2.193275522213265 1.1611458647011403 1.1611458647011403 1.0 1.0 1.0 1.0 1.0 1.0 1.75 1.75 10.0 10.0 3 0.16666666666666666 10 0.29411764705882354 7.2035370827155205 0.0 0.0 0 0 0.0 0.0 0.0 0.0 0.0 0.0 0.0 0.0 0.0 0.0 0.0 0.0 0.0 0.0 0.0 0.0 1 18.0 0.0 0.0 18.0 18.0 18.0 18.0 18.0 34.0 34.0 0.0 0.0 0.0 0.0 34.0 0.0 34.0 0.0 34.0 0.0 34.0 0.0 34.0 0.0
5 1 1 9.06524269999997 6.04983589999992 0.026926000000017325 15.142004599999908 20.725131799999858 20.725131799999858 20.725131799999858 549.27734375 546.125 55 55 1.0 0 34 34 False 0 0 False 1.6176470588235294 1.6176470588235294 1.0735019408982454 1.0735019408982454 0.6636193816461881 0.6636193816461881 1.0 1.0 1.0 1.0 1.0 1.0 2.0 2.0 6.0 6.0 14 0.4117647058823529 15 0.2727272727272727 3.3725561445433168 0.0 0.0 0 0 0.0 0.0 0.0 0.0 0.0 0.0 0.0 0.0 0.0 0.0 0.0 0.0 0.0 0.0 0.0 0.0 1 34.0 0.0 0.0 34.0 34.0 34.0 34.0 34.0 55.0 55.0 0.0 0.0 0.0 0.0 55.0 0.0 55.0 0.0 55.0 0.0 55.0 0.0 55.0 0.0
6 2 3 1.0089514999999665 0.3824807000000021 0.0 1.3914321999999686 1.3914321999999686 1.3914321999999686 1.3914321999999686 316.4453125 309.71875 18 18 1.0 18 1 0 False 0 0 False 1.0 1.0 0.0 0.0 0.0 0.0 0.0 0.0 0.0 0.0 0.0 0.0 0.0 0.0 0.0 0.0 0 0.0 0 0.0 0.0 0.0 0.0 0 0 0.0 0.0 0.0 0.0 0.0 0.0 0.0 0.0 0.0 0.0 0.0 0.0 0.0 0.0 0.0 0.0 1 1.0 0.0 0.0 0.0 0.0 0.0 0.0 0.0 1.0 1.0 0.0 0.0 0.0 0.0 0.0 0.0 0.0 0.0 0.0 0.0 0.0 0.0 0.0 0.0
7 2 2 3.160189399999993 1.011825200000004 0.01355600000000834 4.1855706000000055 5.577002799999974 5.577002799999974 5.577002799999974 410.1953125 409.58203125 34 34 1.0 34 18 18 False 0 0 False 1.8888888888888888 1.8888888888888888 2.138963159732493 2.138963159732493 1.1323922610348491 1.1323922610348491 1.0 1.0 1.0 1.0 1.0 1.0 2.0 2.0 10.0 10.0 3 0.16666666666666666 10 0.29411764705882354 7.132491008304119 0.0 0.0 0 0 0.0 0.0 0.0 0.0 0.0 0.0 0.0 0.0 0.0 0.0 0.0 0.0 0.0 0.0 0.0 0.0 1 18.0 0.0 0.0 18.0 18.0 18.0 18.0 18.0 34.0 34.0 0.0 0.0 0.0 0.0 34.0 0.0 34.0 0.0 34.0 0.0 34.0 0.0 34.0 0.0
8 2 1 8.563824199999999 6.510094999999993 0.026093400000021916 15.100012600000014 20.677015399999988 20.677015399999988 20.677015399999988 559.0546875 558.76953125 53 53 1.0 0 34 34 False 0 0 False 1.5588235294117647 1.5588235294117647 0.9905975078001625 0.9905975078001625 0.6354776465133118 0.6354776465133118 1.0 1.0 1.0 1.0 1.0 1.0 2.0 2.0 6.0 6.0 15 0.4411764705882353 17 0.32075471698113206 3.011870976985389 0.0 0.0 0 0 0.0 0.0 0.0 0.0 0.0 0.0 0.0 0.0 0.0 0.0 0.0 0.0 0.0 0.0 0.0 0.0 1 34.0 0.0 0.0 34.0 34.0 34.0 34.0 34.0 53.0 53.0 0.0 0.0 0.0 0.0 53.0 0.0 53.0 0.0 53.0 0.0 53.0 0.0 53.0 0.0
9 3 3 1.0096713999999878 0.3189769999999754 0.0 1.3286483999999632 1.3286483999999632 1.3286483999999632 1.3286483999999632 328.63671875 321.42578125 18 18 1.0 18 1 0 False 0 0 False 1.0 1.0 0.0 0.0 0.0 0.0 0.0 0.0 0.0 0.0 0.0 0.0 0.0 0.0 0.0 0.0 0 0.0 0 0.0 0.0 0.0 0.0 0 0 0.0 0.0 0.0 0.0 0.0 0.0 0.0 0.0 0.0 0.0 0.0 0.0 0.0 0.0 0.0 0.0 1 1.0 0.0 0.0 0.0 0.0 0.0 0.0 0.0 1.0 1.0 0.0 0.0 0.0 0.0 0.0 0.0 0.0 0.0 0.0 0.0 0.0 0.0 0.0 0.0
10 3 2 3.1863233999998215 1.0589833999999456 0.013131800000024896 4.258438599999792 5.587086999999755 5.587086999999755 5.587086999999755 413.1796875 410.50390625 34 34 1.0 34 18 18 False 0 0 False 1.8888888888888888 1.8888888888888888 2.138963159732493 2.138963159732493 1.1323922610348491 1.1323922610348491 1.0 1.0 1.0 1.0 1.0 1.0 2.0 2.0 10.0 10.0 3 0.16666666666666666 11 0.3235294117647059 7.271342928478831 0.0 0.0 0 0 0.0 0.0 0.0 0.0 0.0 0.0 0.0 0.0 0.0 0.0 0.0 0.0 0.0 0.0 0.0 0.0 1 18.0 0.0 0.0 18.0 18.0 18.0 18.0 18.0 34.0 34.0 0.0 0.0 0.0 0.0 34.0 0.0 34.0 0.0 34.0 0.0 34.0 0.0 34.0 0.0
11 3 1 9.019053100000093 7.907430999999946 0.026624499999911677 16.95310859999995 22.540195599999706 22.540195599999706 22.540195599999706 576.87890625 574.02734375 55 55 1.0 0 34 34 False 0 0 False 1.6176470588235294 1.6176470588235294 0.985184366143778 0.985184366143778 0.6090230627070627 0.6090230627070627 1.0 1.0 1.0 1.0 1.0 1.0 2.0 2.0 6.0 6.0 4 0.11764705882352941 4 0.07272727272727272 2.9244376622076262 0.0 0.0 0 0 0.0 0.0 0.0 0.0 0.0 0.0 0.0 0.0 0.0 0.0 0.0 0.0 0.0 0.0 0.0 0.0 1 34.0 0.0 0.0 34.0 34.0 34.0 34.0 34.0 55.0 55.0 0.0 0.0 0.0 0.0 55.0 0.0 55.0 0.0 55.0 0.0 55.0 0.0 55.0 0.0
12 4 3 1.0182041000000766 0.37113200000007396 0.0 1.3893361000001505 1.3893361000001505 1.3893361000001505 1.3893361000001505 448.59765625 439.7734375 18 18 1.0 18 1 0 False 0 0 False 1.0 1.0 0.0 0.0 0.0 0.0 0.0 0.0 0.0 0.0 0.0 0.0 0.0 0.0 0.0 0.0 0 0.0 0 0.0 0.0 0.0 0.0 0 0 0.0 0.0 0.0 0.0 0.0 0.0 0.0 0.0 0.0 0.0 0.0 0.0 0.0 0.0 0.0 0.0 1 1.0 0.0 0.0 0.0 0.0 0.0 0.0 0.0 1.0 1.0 0.0 0.0 0.0 0.0 0.0 0.0 0.0 0.0 0.0 0.0 0.0 0.0 0.0 0.0
13 4 2 3.1956871000001286 1.064094999999952 0.012941100000006145 4.272723200000087 5.662059300000237 5.662059300000237 5.662059300000237 469.65625 461.47265625 34 34 1.0 34 18 18 False 0 0 False 1.8888888888888888 1.8888888888888888 2.138963159732493 2.138963159732493 1.1323922610348491 1.1323922610348491 1.0 1.0 1.0 1.0 1.0 1.0 2.0 2.0 10.0 10.0 3 0.16666666666666666 10 0.29411764705882354 7.132491008304119 0.0 0.0 0 0 0.0 0.0 0.0 0.0 0.0 0.0 0.0 0.0 0.0 0.0 0.0 0.0 0.0 0.0 0.0 0.0 1 18.0 0.0 0.0 18.0 18.0 18.0 18.0 18.0 34.0 34.0 0.0 0.0 0.0 0.0 34.0 0.0 34.0 0.0 34.0 0.0 34.0 0.0 34.0 0.0
14 4 1 9.095361999999966 6.16457380000017 0.026642300000020214 15.286578100000156 20.948637400000393 20.948637400000393 20.948637400000393 587.8125 584.94921875 55 55 1.0 0 34 34 False 0 0 False 1.6176470588235294 1.6176470588235294 0.985184366143778 0.985184366143778 0.6090230627070627 0.6090230627070627 1.0 1.0 1.0 1.0 1.0 1.0 2.0 2.0 6.0 6.0 5 0.14705882352941177 5 0.09090909090909091 3.1803489395289044 0.0 0.0 0 0 0.0 0.0 0.0 0.0 0.0 0.0 0.0 0.0 0.0 0.0 0.0 0.0 0.0 0.0 0.0 0.0 1 34.0 0.0 0.0 34.0 34.0 34.0 34.0 34.0 55.0 55.0 0.0 0.0 0.0 0.0 55.0 0.0 55.0 0.0 55.0 0.0 55.0 0.0 55.0 0.0
15 5 3 1.0124523000000352 0.35642320000002314 0.0 1.3688755000000583 1.3688755000000583 1.3688755000000583 1.3688755000000583 459.28515625 450.84765625 18 18 1.0 18 1 0 False 0 0 False 1.0 1.0 0.0 0.0 0.0 0.0 0.0 0.0 0.0 0.0 0.0 0.0 0.0 0.0 0.0 0.0 0 0.0 0 0.0 0.0 0.0 0.0 0 0 0.0 0.0 0.0 0.0 0.0 0.0 0.0 0.0 0.0 0.0 0.0 0.0 0.0 0.0 0.0 0.0 1 1.0 0.0 0.0 0.0 0.0 0.0 0.0 0.0 1.0 1.0 0.0 0.0 0.0 0.0 0.0 0.0 0.0 0.0 0.0 0.0 0.0 0.0 0.0 0.0
16 5 2 3.1646643000000836 1.0714721999999597 0.012760299999968083 4.248896800000011 5.61777230000007 5.61777230000007 5.61777230000007 479.65234375 472.33203125 34 34 1.0 34 18 18 False 0 0 False 1.8888888888888888 1.8888888888888888 2.138963159732493 2.138963159732493 1.1323922610348491 1.1323922610348491 1.0 1.0 1.0 1.0 1.0 1.0 2.0 2.0 10.0 10.0 3 0.16666666666666666 11 0.3235294117647059 7.200108595431616 0.0 0.0 0 0 0.0 0.0 0.0 0.0 0.0 0.0 0.0 0.0 0.0 0.0 0.0 0.0 0.0 0.0 0.0 0.0 1 18.0 0.0 0.0 18.0 18.0 18.0 18.0 18.0 34.0 34.0 0.0 0.0 0.0 0.0 34.0 0.0 34.0 0.0 34.0 0.0 34.0 0.0 34.0 0.0
17 5 1 8.59415059999995 5.923896000000013 0.0269826999999907 14.545029299999953 20.162801600000023 20.162801600000023 20.162801600000023 594.92578125 593.35546875 53 53 1.0 0 34 34 False 0 0 False 1.5588235294117647 1.5588235294117647 1.0207298776199087 1.0207298776199087 0.6548078460203188 0.6548078460203188 1.0 1.0 1.0 1.0 1.0 1.0 2.0 2.0 6.0 6.0 10 0.29411764705882354 10 0.18867924528301888 2.762593060011719 0.0 0.0 0 0 0.0 0.0 0.0 0.0 0.0 0.0 0.0 0.0 0.0 0.0 0.0 0.0 0.0 0.0 0.0 0.0 1 34.0 0.0 0.0 34.0 34.0 34.0 34.0 34.0 53.0 53.0 0.0 0.0 0.0 0.0 53.0 0.0 53.0 0.0 53.0 0.0 53.0 0.0 53.0 0.0
18 6 3 1.0132558999999617 0.4395215000000121 0.0 1.4527773999999738 1.4527773999999738 1.4527773999999738 1.4527773999999738 473.984375 465.2421875 18 18 1.0 18 1 0 False 0 0 False 1.0 1.0 0.0 0.0 0.0 0.0 0.0 0.0 0.0 0.0 0.0 0.0 0.0 0.0 0.0 0.0 0 0.0 0 0.0 0.0 0.0 0.0 0 0 0.0 0.0 0.0 0.0 0.0 0.0 0.0 0.0 0.0 0.0 0.0 0.0 0.0 0.0 0.0 0.0 1 1.0 0.0 0.0 0.0 0.0 0.0 0.0 0.0 1.0 1.0 0.0 0.0 0.0 0.0 0.0 0.0 0.0 0.0 0.0 0.0 0.0 0.0 0.0 0.0
19 6 2 3.189849200000083 1.1153515999999115 0.012930199999971137 4.3181309999999655 5.770908399999939 5.770908399999939 5.770908399999939 494.5234375 486.87890625 34 34 1.0 34 18 18 False 0 0 False 1.8888888888888888 1.8888888888888888 2.138963159732493 2.138963159732493 1.1323922610348491 1.1323922610348491 1.0 1.0 1.0 1.0 1.0 1.0 2.0 2.0 10.0 10.0 3 0.16666666666666666 10 0.29411764705882354 7.132491008304119 0.0 0.0 0 0 0.0 0.0 0.0 0.0 0.0 0.0 0.0 0.0 0.0 0.0 0.0 0.0 0.0 0.0 0.0 0.0 1 18.0 0.0 0.0 18.0 18.0 18.0 18.0 18.0 34.0 34.0 0.0 0.0 0.0 0.0 34.0 0.0 34.0 0.0 34.0 0.0 34.0 0.0 34.0 0.0
20 6 1 9.069188200000013 6.19619590000022 0.02665079999997033 15.292034900000203 21.062943300000143 21.062943300000143 21.062943300000143 613.37109375 610.3671875 55 55 1.0 0 34 34 False 0 0 False 1.6176470588235294 1.6176470588235294 1.0448925095464312 1.0448925095464312 0.6459335513559756 0.6459335513559756 1.0 1.0 1.0 1.0 1.0 1.0 2.0 2.0 6.0 6.0 8 0.23529411764705882 12 0.21818181818181817 3.481103213749211 0.0 0.0 0 0 0.0 0.0 0.0 0.0 0.0 0.0 0.0 0.0 0.0 0.0 0.0 0.0 0.0 0.0 0.0 0.0 1 34.0 0.0 0.0 34.0 34.0 34.0 34.0 34.0 55.0 55.0 0.0 0.0 0.0 0.0 55.0 0.0 55.0 0.0 55.0 0.0 55.0 0.0 55.0 0.0
21 7 3 1.0111681999999576 0.34908560000005195 0.0 1.3602538000000095 1.3602538000000095 1.3602538000000095 1.3602538000000095 489.25390625 480.61328125 18 18 1.0 18 1 0 False 0 0 False 1.0 1.0 0.0 0.0 0.0 0.0 0.0 0.0 0.0 0.0 0.0 0.0 0.0 0.0 0.0 0.0 0 0.0 0 0.0 0.0 0.0 0.0 0 0 0.0 0.0 0.0 0.0 0.0 0.0 0.0 0.0 0.0 0.0 0.0 0.0 0.0 0.0 0.0 0.0 1 1.0 0.0 0.0 0.0 0.0 0.0 0.0 0.0 1.0 1.0 0.0 0.0 0.0 0.0 0.0 0.0 0.0 0.0 0.0 0.0 0.0 0.0 0.0 0.0
22 7 2 3.201392299999867 1.148843600000049 0.012986899999958723 4.363222799999875 5.723476599999884 5.723476599999884 5.723476599999884 509.46484375 502.078125 34 34 1.0 34 18 18 False 0 0 False 1.8888888888888888 1.8888888888888888 2.138963159732493 2.138963159732493 1.1323922610348491 1.1323922610348491 1.0 1.0 1.0 1.0 1.0 1.0 2.0 2.0 10.0 10.0 3 0.16666666666666666 10 0.29411764705882354 7.132491008304119 0.0 0.0 0 0 0.0 0.0 0.0 0.0 0.0 0.0 0.0 0.0 0.0 0.0 0.0 0.0 0.0 0.0 0.0 0.0 1 18.0 0.0 0.0 18.0 18.0 18.0 18.0 18.0 34.0 34.0 0.0 0.0 0.0 0.0 34.0 0.0 34.0 0.0 34.0 0.0 34.0 0.0 34.0 0.0
23 7 1 9.105916600000143 6.427018099999913 0.027072799999928066 15.560007499999983 21.283484099999868 21.283484099999868 21.283484099999868 624.55859375 622.03125 55 55 1.0 0 34 34 False 0 0 False 1.6176470588235294 1.6176470588235294 1.0735019408982454 1.0735019408982454 0.6636193816461881 0.6636193816461881 1.0 1.0 1.0 1.0 1.0 1.0 2.0 2.0 6.0 6.0 9 0.2647058823529412 12 0.21818181818181817 3.433815656874713 0.0 0.0 0 0 0.0 0.0 0.0 0.0 0.0 0.0 0.0 0.0 0.0 0.0 0.0 0.0 0.0 0.0 0.0 0.0 1 34.0 0.0 0.0 34.0 34.0 34.0 34.0 34.0 55.0 55.0 0.0 0.0 0.0 0.0 55.0 0.0 55.0 0.0 55.0 0.0 55.0 0.0 55.0 0.0
24 8 3 1.008643799999959 0.4009791000000007 0.0 1.4096228999999596 1.4096228999999596 1.4096228999999596 1.4096228999999596 498.50390625 490.13671875 18 18 1.0 18 1 0 False 0 0 False 1.0 1.0 0.0 0.0 0.0 0.0 0.0 0.0 0.0 0.0 0.0 0.0 0.0 0.0 0.0 0.0 0 0.0 0 0.0 0.0 0.0 0.0 0 0 0.0 0.0 0.0 0.0 0.0 0.0 0.0 0.0 0.0 0.0 0.0 0.0 0.0 0.0 0.0 0.0 1 1.0 0.0 0.0 0.0 0.0 0.0 0.0 0.0 1.0 1.0 0.0 0.0 0.0 0.0 0.0 0.0 0.0 0.0 0.0 0.0 0.0 0.0 0.0 0.0
25 8 2 3.172567299999969 1.0196568000000639 0.012975499999896556 4.205199599999929 5.614822499999889 5.614822499999889 5.614822499999889 518.77734375 511.67578125 34 34 1.0 34 18 18 False 0 0 False 1.8888888888888888 1.8888888888888888 2.193275522213265 2.193275522213265 1.1611458647011403 1.1611458647011403 1.0 1.0 1.0 1.0 1.0 1.0 1.75 1.75 10.0 10.0 3 0.16666666666666666 10 0.29411764705882354 7.065973644098502 0.0 0.0 0 0 0.0 0.0 0.0 0.0 0.0 0.0 0.0 0.0 0.0 0.0 0.0 0.0 0.0 0.0 0.0 0.0 1 18.0 0.0 0.0 18.0 18.0 18.0 18.0 18.0 34.0 34.0 0.0 0.0 0.0 0.0 34.0 0.0 34.0 0.0 34.0 0.0 34.0 0.0 34.0 0.0
26 8 1 8.59358530000003 6.050887900000134 0.027610000000152013 14.672083200000316 20.286905700000204 20.286905700000204 20.286905700000204 632.5 630.8515625 53 53 1.0 0 34 34 False 0 0 False 1.5588235294117647 1.5588235294117647 0.9905975078001625 0.9905975078001625 0.6354776465133118 0.6354776465133118 1.0 1.0 1.0 1.0 1.0 1.0 2.0 2.0 6.0 6.0 8 0.23529411764705882 10 0.18867924528301888 2.7575784221532595 0.0 0.0 0 0 0.0 0.0 0.0 0.0 0.0 0.0 0.0 0.0 0.0 0.0 0.0 0.0 0.0 0.0 0.0 0.0 1 34.0 0.0 0.0 34.0 34.0 34.0 34.0 34.0 53.0 53.0 0.0 0.0 0.0 0.0 53.0 0.0 53.0 0.0 53.0 0.0 53.0 0.0 53.0 0.0
27 9 3 1.0120667999999 0.3373076999998261 0.0 1.3493744999997261 1.3493744999997261 1.3493744999997261 1.3493744999997261 513.49609375 505.0078125 18 18 1.0 18 1 0 False 0 0 False 1.0 1.0 0.0 0.0 0.0 0.0 0.0 0.0 0.0 0.0 0.0 0.0 0.0 0.0 0.0 0.0 0 0.0 0 0.0 0.0 0.0 0.0 0 0 0.0 0.0 0.0 0.0 0.0 0.0 0.0 0.0 0.0 0.0 0.0 0.0 0.0 0.0 0.0 0.0 1 1.0 0.0 0.0 0.0 0.0 0.0 0.0 0.0 1.0 1.0 0.0 0.0 0.0 0.0 0.0 0.0 0.0 0.0 0.0 0.0 0.0 0.0 0.0 0.0
28 9 2 3.1854946000000837 1.0226167999999234 0.01325829999996131 4.221369699999968 5.5707441999996945 5.5707441999996945 5.5707441999996945 533.6953125 526.57421875 34 34 1.0 34 18 18 False 0 0 False 1.8888888888888888 1.8888888888888888 2.138963159732493 2.138963159732493 1.1323922610348491 1.1323922610348491 1.0 1.0 1.0 1.0 1.0 1.0 2.0 2.0 10.0 10.0 3 0.16666666666666666 10 0.29411764705882354 7.132491008304119 0.0 0.0 0 0 0.0 0.0 0.0 0.0 0.0 0.0 0.0 0.0 0.0 0.0 0.0 0.0 0.0 0.0 0.0 0.0 1 18.0 0.0 0.0 18.0 18.0 18.0 18.0 18.0 34.0 34.0 0.0 0.0 0.0 0.0 34.0 0.0 34.0 0.0 34.0 0.0 34.0 0.0 34.0 0.0
29 9 1 9.093625700000018 6.498384700000088 0.0275850999999534 15.61959550000006 21.190339699999754 21.190339699999754 21.190339699999754 655.34765625 652.3515625 55 55 1.0 0 34 34 False 0 0 False 1.6176470588235294 1.6176470588235294 0.985184366143778 0.985184366143778 0.6090230627070627 0.6090230627070627 1.0 1.0 1.0 1.0 1.0 1.0 2.0 2.0 6.0 6.0 3 0.08823529411764706 3 0.05454545454545454 3.1024184114977134 0.0 0.0 0 0 0.0 0.0 0.0 0.0 0.0 0.0 0.0 0.0 0.0 0.0 0.0 0.0 0.0 0.0 0.0 0.0 1 34.0 0.0 0.0 34.0 34.0 34.0 34.0 34.0 55.0 55.0 0.0 0.0 0.0 0.0 55.0 0.0 55.0 0.0 55.0 0.0 55.0 0.0 55.0 0.0
30 10 3 1.0041583000000855 0.39876519999990023 0.0 1.4029234999999858 1.4029234999999858 1.4029234999999858 1.4029234999999858 529.6796875 521.17578125 18 18 1.0 18 1 0 False 0 0 False 1.0 1.0 0.0 0.0 0.0 0.0 0.0 0.0 0.0 0.0 0.0 0.0 0.0 0.0 0.0 0.0 0 0.0 0 0.0 0.0 0.0 0.0 0 0 0.0 0.0 0.0 0.0 0.0 0.0 0.0 0.0 0.0 0.0 0.0 0.0 0.0 0.0 0.0 0.0 1 1.0 0.0 0.0 0.0 0.0 0.0 0.0 0.0 1.0 1.0 0.0 0.0 0.0 0.0 0.0 0.0 0.0 0.0 0.0 0.0 0.0 0.0 0.0 0.0
31 10 2 3.1962994999998955 1.053252500000042 0.012977499999976772 4.262529499999914 5.6654529999999 5.6654529999999 5.6654529999999 549.14453125 541.78125 34 34 1.0 34 18 18 False 0 0 False 1.8888888888888888 1.8888888888888888 2.166289559942608 2.166289559942608 1.1468591787931455 1.1468591787931455 1.0 1.0 1.0 1.0 1.0 1.0 2.0 2.0 10.0 10.0 3 0.16666666666666666 9 0.2647058823529412 6.884108257578292 0.0 0.0 0 0 0.0 0.0 0.0 0.0 0.0 0.0 0.0 0.0 0.0 0.0 0.0 0.0 0.0 0.0 0.0 0.0 1 18.0 0.0 0.0 18.0 18.0 18.0 18.0 18.0 34.0 34.0 0.0 0.0 0.0 0.0 34.0 0.0 34.0 0.0 34.0 0.0 34.0 0.0 34.0 0.0
32 10 1 9.15616629999954 7.262018599999919 0.028268800000034844 16.446453699999495 22.111906699999395 22.111906699999395 22.111906699999395 671.78125 668.796875 55 55 1.0 0 34 34 False 0 0 False 1.6176470588235294 1.6176470588235294 1.128547091761979 1.128547091761979 0.6976472930892235 0.6976472930892235 1.0 1.0 1.0 1.0 1.0 1.0 2.0 2.0 6.0 6.0 9 0.2647058823529412 19 0.34545454545454546 3.8710284927517 0.0 0.0 0 0 0.0 0.0 0.0 0.0 0.0 0.0 0.0 0.0 0.0 0.0 0.0 0.0 0.0 0.0 0.0 0.0 1 34.0 0.0 0.0 34.0 34.0 34.0 34.0 34.0 55.0 55.0 0.0 0.0 0.0 0.0 55.0 0.0 55.0 0.0 55.0 0.0 55.0 0.0 55.0 0.0
33 11 3 1.0037790000000086 0.4066763000001288 0.0 1.4104553000001374 1.4104553000001374 1.4104553000001374 1.4104553000001374 456.86328125 453.03515625 18 18 1.0 18 1 0 False 0 0 False 1.0 1.0 0.0 0.0 0.0 0.0 0.0 0.0 0.0 0.0 0.0 0.0 0.0 0.0 0.0 0.0 0 0.0 0 0.0 0.0 0.0 0.0 0 0 0.0 0.0 0.0 0.0 0.0 0.0 0.0 0.0 0.0 0.0 0.0 0.0 0.0 0.0 0.0 0.0 1 1.0 0.0 0.0 0.0 0.0 0.0 0.0 0.0 1.0 1.0 0.0 0.0 0.0 0.0 0.0 0.0 0.0 0.0 0.0 0.0 0.0 0.0 0.0 0.0
34 11 2 3.18063960000012 1.0781197999999677 0.012852300000020023 4.271611700000108 5.682067000000245 5.682067000000245 5.682067000000245 524.63671875 523.48828125 34 34 1.0 34 18 18 False 0 0 False 1.8888888888888888 1.8888888888888888 2.138963159732493 2.138963159732493 1.1323922610348491 1.1323922610348491 1.0 1.0 1.0 1.0 1.0 1.0 2.0 2.0 10.0 10.0 3 0.16666666666666666 10 0.29411764705882354 7.132491008304119 0.0 0.0 0 0 0.0 0.0 0.0 0.0 0.0 0.0 0.0 0.0 0.0 0.0 0.0 0.0 0.0 0.0 0.0 0.0 1 18.0 0.0 0.0 18.0 18.0 18.0 18.0 18.0 34.0 34.0 0.0 0.0 0.0 0.0 34.0 0.0 34.0 0.0 34.0 0.0 34.0 0.0 34.0 0.0
35 11 1 8.580961099999968 5.976219100000208 0.027069900000128655 14.584250100000304 20.26631710000055 20.26631710000055 20.26631710000055 671.13671875 672.625 53 53 1.0 0 34 34 False 0 0 False 1.5588235294117647 1.5588235294117647 0.9905975078001625 0.9905975078001625 0.6354776465133118 0.6354776465133118 1.0 1.0 1.0 1.0 1.0 1.0 2.0 2.0 6.0 6.0 6 0.17647058823529413 6 0.11320754716981132 2.6510590689102362 0.0 0.0 0 0 0.0 0.0 0.0 0.0 0.0 0.0 0.0 0.0 0.0 0.0 0.0 0.0 0.0 0.0 0.0 0.0 1 34.0 0.0 0.0 34.0 34.0 34.0 34.0 34.0 53.0 53.0 0.0 0.0 0.0 0.0 53.0 0.0 53.0 0.0 53.0 0.0 53.0 0.0 53.0 0.0
36 12 3 1.0118259999999282 0.38122600000008333 0.0 1.3930520000000115 1.3930520000000115 1.3930520000000115 1.3930520000000115 550.69140625 544.65234375 18 18 1.0 18 1 0 False 0 0 False 1.0 1.0 0.0 0.0 0.0 0.0 0.0 0.0 0.0 0.0 0.0 0.0 0.0 0.0 0.0 0.0 0 0.0 0 0.0 0.0 0.0 0.0 0 0 0.0 0.0 0.0 0.0 0.0 0.0 0.0 0.0 0.0 0.0 0.0 0.0 0.0 0.0 0.0 0.0 1 1.0 0.0 0.0 0.0 0.0 0.0 0.0 0.0 1.0 1.0 0.0 0.0 0.0 0.0 0.0 0.0 0.0 0.0 0.0 0.0 0.0 0.0 0.0 0.0
37 12 2 3.2050685999999473 1.0634282999999982 0.013812799999982417 4.282309699999928 5.6753616999999394 5.6753616999999394 5.6753616999999394 571.50390625 566.29296875 34 34 1.0 34 18 18 False 0 0 False 1.8888888888888888 1.8888888888888888 2.193275522213265 2.193275522213265 1.1611458647011403 1.1611458647011403 1.0 1.0 1.0 1.0 1.0 1.0 1.75 1.75 10.0 10.0 3 0.16666666666666666 10 0.29411764705882354 7.2035370827155205 0.0 0.0 0 0 0.0 0.0 0.0 0.0 0.0 0.0 0.0 0.0 0.0 0.0 0.0 0.0 0.0 0.0 0.0 0.0 1 18.0 0.0 0.0 18.0 18.0 18.0 18.0 18.0 34.0 34.0 0.0 0.0 0.0 0.0 34.0 0.0 34.0 0.0 34.0 0.0 34.0 0.0 34.0 0.0
38 12 1 8.655637299999967 6.049723099999596 0.02733489999991434 14.732695299999477 20.408056999999417 20.408056999999417 20.408056999999417 679.08203125 678.8515625 53 53 1.0 0 34 34 False 0 0 False 1.5588235294117647 1.5588235294117647 0.9595193389681276 0.9595193389681276 0.6155407080172894 0.6155407080172894 1.0 1.0 1.0 1.0 1.0 1.0 2.0 2.0 6.0 6.0 8 0.23529411764705882 8 0.1509433962264151 2.669269563007828 0.0 0.0 0 0 0.0 0.0 0.0 0.0 0.0 0.0 0.0 0.0 0.0 0.0 0.0 0.0 0.0 0.0 0.0 0.0 1 34.0 0.0 0.0 34.0 34.0 34.0 34.0 34.0 53.0 53.0 0.0 0.0 0.0 0.0 53.0 0.0 53.0 0.0 53.0 0.0 53.0 0.0 53.0 0.0
39 13 3 1.010406200000034 0.36453390000013997 0.0 1.374940100000174 1.374940100000174 1.374940100000174 1.374940100000174 561.62890625 554.48046875 18 18 1.0 18 1 0 False 0 0 False 1.0 1.0 0.0 0.0 0.0 0.0 0.0 0.0 0.0 0.0 0.0 0.0 0.0 0.0 0.0 0.0 0 0.0 0 0.0 0.0 0.0 0.0 0 0 0.0 0.0 0.0 0.0 0.0 0.0 0.0 0.0 0.0 0.0 0.0 0.0 0.0 0.0 0.0 0.0 1 1.0 0.0 0.0 0.0 0.0 0.0 0.0 0.0 1.0 1.0 0.0 0.0 0.0 0.0 0.0 0.0 0.0 0.0 0.0 0.0 0.0 0.0 0.0 0.0
40 13 2 3.152984700000161 0.84628170000002 0.012762400000212892 4.012028800000394 5.386968900000568 5.386968900000568 5.386968900000568 581.74609375 576.015625 34 34 1.0 34 18 18 False 0 0 False 1.8888888888888888 1.8888888888888888 2.193275522213265 2.193275522213265 1.1611458647011403 1.1611458647011403 1.0 1.0 1.0 1.0 1.0 1.0 1.75 1.75 10.0 10.0 5 0.2777777777777778 14 0.4117647058823529 7.421745382775468 0.0 0.0 0 0 0.0 0.0 0.0 0.0 0.0 0.0 0.0 0.0 0.0 0.0 0.0 0.0 0.0 0.0 0.0 0.0 1 18.0 0.0 0.0 18.0 18.0 18.0 18.0 18.0 34.0 34.0 0.0 0.0 0.0 0.0 34.0 0.0 34.0 0.0 34.0 0.0 34.0 0.0 34.0 0.0
41 13 1 8.587802599999975 6.762415499999861 0.026554800000326395 15.376772900000162 20.76374180000073 20.76374180000073 20.76374180000073 693.40234375 692.9140625 53 53 1.0 0 34 34 False 0 0 False 1.5588235294117647 1.5588235294117647 1.1062132095053536 1.1062132095053536 0.709646209871359 0.709646209871359 1.0 1.0 1.0 1.0 1.0 1.0 2.0 2.0 6.0 6.0 16 0.47058823529411764 21 0.39622641509433965 3.089845518584987 0.0 0.0 0 0 0.0 0.0 0.0 0.0 0.0 0.0 0.0 0.0 0.0 0.0 0.0 0.0 0.0 0.0 0.0 0.0 1 34.0 0.0 0.0 34.0 34.0 34.0 34.0 34.0 53.0 53.0 0.0 0.0 0.0 0.0 53.0 0.0 53.0 0.0 53.0 0.0 53.0 0.0 53.0 0.0
42 14 3 1.0119464999999082 0.35016660000002275 0.0 1.362113099999931 1.362113099999931 1.362113099999931 1.362113099999931 488.5390625 483.89453125 18 18 1.0 18 1 0 False 0 0 False 1.0 1.0 0.0 0.0 0.0 0.0 0.0 0.0 0.0 0.0 0.0 0.0 0.0 0.0 0.0 0.0 0 0.0 0 0.0 0.0 0.0 0.0 0 0 0.0 0.0 0.0 0.0 0.0 0.0 0.0 0.0 0.0 0.0 0.0 0.0 0.0 0.0 0.0 0.0 1 1.0 0.0 0.0 0.0 0.0 0.0 0.0 0.0 1.0 1.0 0.0 0.0 0.0 0.0 0.0 0.0 0.0 0.0 0.0 0.0 0.0 0.0 0.0 0.0
43 14 2 3.1771023000000014 1.3240633000000912 0.012908599999946091 4.514074200000039 5.87618729999997 5.87618729999997 5.87618729999997 562.24609375 561.4140625 34 34 1.0 34 18 18 False 0 0 False 1.8888888888888888 1.8888888888888888 2.138963159732493 2.138963159732493 1.1323922610348491 1.1323922610348491 1.0 1.0 1.0 1.0 1.0 1.0 2.0 2.0 10.0 10.0 3 0.16666666666666666 10 0.29411764705882354 7.132491008304119 0.0 0.0 0 0 0.0 0.0 0.0 0.0 0.0 0.0 0.0 0.0 0.0 0.0 0.0 0.0 0.0 0.0 0.0 0.0 1 18.0 0.0 0.0 18.0 18.0 18.0 18.0 18.0 34.0 34.0 0.0 0.0 0.0 0.0 34.0 0.0 34.0 0.0 34.0 0.0 34.0 0.0 34.0 0.0
44 14 1 9.082195200000172 6.304844999999943 0.02708589999991773 15.414126100000033 21.290313400000002 21.290313400000002 21.290313400000002 709.15234375 708.08203125 55 55 1.0 0 34 34 False 0 0 False 1.6176470588235294 1.6176470588235294 1.01547737340631 1.01547737340631 0.6277496490148099 0.6277496490148099 1.0 1.0 1.0 1.0 1.0 1.0 2.0 2.0 6.0 6.0 8 0.23529411764705882 11 0.2 3.3925039491476934 0.0 0.0 0 0 0.0 0.0 0.0 0.0 0.0 0.0 0.0 0.0 0.0 0.0 0.0 0.0 0.0 0.0 0.0 0.0 1 34.0 0.0 0.0 34.0 34.0 34.0 34.0 34.0 55.0 55.0 0.0 0.0 0.0 0.0 55.0 0.0 55.0 0.0 55.0 0.0 55.0 0.0 55.0 0.0
45 15 3 1.0114253000000417 0.44437790000006316 0.0 1.4558032000001049 1.4558032000001049 1.4558032000001049 1.4558032000001049 583.06640625 576.203125 18 18 1.0 18 1 0 False 0 0 False 1.0 1.0 0.0 0.0 0.0 0.0 0.0 0.0 0.0 0.0 0.0 0.0 0.0 0.0 0.0 0.0 0 0.0 0 0.0 0.0 0.0 0.0 0 0 0.0 0.0 0.0 0.0 0.0 0.0 0.0 0.0 0.0 0.0 0.0 0.0 0.0 0.0 0.0 0.0 1 1.0 0.0 0.0 0.0 0.0 0.0 0.0 0.0 1.0 1.0 0.0 0.0 0.0 0.0 0.0 0.0 0.0 0.0 0.0 0.0 0.0 0.0 0.0 0.0
46 15 2 3.1740426000001776 0.8723613000000796 0.013343299999860392 4.059747200000118 5.5155504000002225 5.5155504000002225 5.5155504000002225 603.6484375 597.84375 34 34 1.0 34 18 18 False 0 0 False 1.8888888888888888 1.8888888888888888 2.166289559942608 2.166289559942608 1.1468591787931455 1.1468591787931455 1.0 1.0 1.0 1.0 1.0 1.0 1.75 1.75 10.0 10.0 5 0.2777777777777778 13 0.38235294117647056 7.431719361957711 0.0 0.0 0 0 0.0 0.0 0.0 0.0 0.0 0.0 0.0 0.0 0.0 0.0 0.0 0.0 0.0 0.0 0.0 0.0 1 18.0 0.0 0.0 18.0 18.0 18.0 18.0 18.0 34.0 34.0 0.0 0.0 0.0 0.0 34.0 0.0 34.0 0.0 34.0 0.0 34.0 0.0 34.0 0.0
47 15 1 9.074608600000374 7.946070800000143 0.02667869999999084 17.04735810000051 22.56290850000073 22.56290850000073 22.56290850000073 723.7890625 722.08984375 55 55 1.0 0 34 34 False 0 0 False 1.6176470588235294 1.6176470588235294 1.0448925095464312 1.0448925095464312 0.6459335513559756 0.6459335513559756 1.0 1.0 1.0 1.0 1.0 1.0 2.0 2.0 6.0 6.0 10 0.29411764705882354 19 0.34545454545454546 3.5599779362482558 0.0 0.0 0 0 0.0 0.0 0.0 0.0 0.0 0.0 0.0 0.0 0.0 0.0 0.0 0.0 0.0 0.0 0.0 0.0 1 34.0 0.0 0.0 34.0 34.0 34.0 34.0 34.0 55.0 55.0 0.0 0.0 0.0 0.0 55.0 0.0 55.0 0.0 55.0 0.0 55.0 0.0 55.0 0.0
48 16 3 1.0102753000002167 0.3043168000000378 0.0 1.3145921000002545 1.3145921000002545 1.3145921000002545 1.3145921000002545 601.55859375 594.46875 18 18 1.0 18 1 0 False 0 0 False 1.0 1.0 0.0 0.0 0.0 0.0 0.0 0.0 0.0 0.0 0.0 0.0 0.0 0.0 0.0 0.0 0 0.0 0 0.0 0.0 0.0 0.0 0 0 0.0 0.0 0.0 0.0 0.0 0.0 0.0 0.0 0.0 0.0 0.0 0.0 0.0 0.0 0.0 0.0 1 1.0 0.0 0.0 0.0 0.0 0.0 0.0 0.0 1.0 1.0 0.0 0.0 0.0 0.0 0.0 0.0 0.0 0.0 0.0 0.0 0.0 0.0 0.0 0.0
49 16 2 3.1960193000001027 1.1262451999999712 0.012859599999899274 4.335124099999973 5.649716200000228 5.649716200000228 5.649716200000228 621.88671875 616.1015625 34 34 1.0 34 18 18 False 0 0 False 1.8888888888888888 1.8888888888888888 2.193275522213265 2.193275522213265 1.1611458647011403 1.1611458647011403 1.0 1.0 1.0 1.0 1.0 1.0 1.75 1.75 10.0 10.0 3 0.16666666666666666 12 0.35294117647058826 7.210389166623144 0.0 0.0 0 0 0.0 0.0 0.0 0.0 0.0 0.0 0.0 0.0 0.0 0.0 0.0 0.0 0.0 0.0 0.0 0.0 1 18.0 0.0 0.0 18.0 18.0 18.0 18.0 18.0 34.0 34.0 0.0 0.0 0.0 0.0 34.0 0.0 34.0 0.0 34.0 0.0 34.0 0.0 34.0 0.0
50 16 1 9.116225199999747 8.084403699999882 0.026757500000087475 17.227386399999716 22.877102599999944 22.877102599999944 22.877102599999944 738.484375 736.63671875 55 55 1.0 0 34 34 False 0 0 False 1.6176470588235294 1.6176470588235294 1.0735019408982454 1.0735019408982454 0.6636193816461881 0.6636193816461881 1.0 1.0 1.0 1.0 1.0 1.0 2.0 2.0 6.0 6.0 16 0.47058823529411764 23 0.41818181818181815 3.8170193447506513 0.0 0.0 0 0 0.0 0.0 0.0 0.0 0.0 0.0 0.0 0.0 0.0 0.0 0.0 0.0 0.0 0.0 0.0 0.0 1 34.0 0.0 0.0 34.0 34.0 34.0 34.0 34.0 55.0 55.0 0.0 0.0 0.0 0.0 55.0 0.0 55.0 0.0 55.0 0.0 55.0 0.0 55.0 0.0
51 17 3 1.0064677000002007 0.38007909999993217 0.0 1.3865468000001329 1.3865468000001329 1.3865468000001329 1.3865468000001329 613.3046875 606.24609375 18 18 1.0 18 1 0 False 0 0 False 1.0 1.0 0.0 0.0 0.0 0.0 0.0 0.0 0.0 0.0 0.0 0.0 0.0 0.0 0.0 0.0 0 0.0 0 0.0 0.0 0.0 0.0 0 0 0.0 0.0 0.0 0.0 0.0 0.0 0.0 0.0 0.0 0.0 0.0 0.0 0.0 0.0 0.0 0.0 1 1.0 0.0 0.0 0.0 0.0 0.0 0.0 0.0 1.0 1.0 0.0 0.0 0.0 0.0 0.0 0.0 0.0 0.0 0.0 0.0 0.0 0.0 0.0 0.0
52 17 2 3.2210210000000643 0.8715512999997372 0.01291569999989406 4.105487999999696 5.4920347999998285 5.4920347999998285 5.4920347999998285 633.71875 627.87109375 34 34 1.0 34 18 18 False 0 0 False 1.8888888888888888 1.8888888888888888 2.193275522213265 2.193275522213265 1.1611458647011403 1.1611458647011403 1.0 1.0 1.0 1.0 1.0 1.0 1.75 1.75 10.0 10.0 3 0.16666666666666666 12 0.35294117647058826 7.345248457140123 0.0 0.0 0 0 0.0 0.0 0.0 0.0 0.0 0.0 0.0 0.0 0.0 0.0 0.0 0.0 0.0 0.0 0.0 0.0 1 18.0 0.0 0.0 18.0 18.0 18.0 18.0 18.0 34.0 34.0 0.0 0.0 0.0 0.0 34.0 0.0 34.0 0.0 34.0 0.0 34.0 0.0 34.0 0.0
53 17 1 8.552040500000203 5.554207700000063 0.026543799999842577 14.132792000000109 19.624826799999937 19.624826799999937 19.624826799999937 743.80859375 743.55859375 53 53 1.0 0 34 34 False 0 0 False 1.5588235294117647 1.5588235294117647 1.1062132095053536 1.1062132095053536 0.709646209871359 0.709646209871359 1.0 1.0 1.0 1.0 1.0 1.0 2.0 2.0 6.0 6.0 18 0.5294117647058824 22 0.41509433962264153 3.043016282717826 0.0 0.0 0 0 0.0 0.0 0.0 0.0 0.0 0.0 0.0 0.0 0.0 0.0 0.0 0.0 0.0 0.0 0.0 0.0 1 34.0 0.0 0.0 34.0 34.0 34.0 34.0 34.0 53.0 53.0 0.0 0.0 0.0 0.0 53.0 0.0 53.0 0.0 53.0 0.0 53.0 0.0 53.0 0.0
54 18 3 1.0118070000003172 0.365356700000234 0.0 1.3771637000005512 1.3771637000005512 1.3771637000005512 1.3771637000005512 625.02734375 617.8203125 18 18 1.0 18 1 0 False 0 0 False 1.0 1.0 0.0 0.0 0.0 0.0 0.0 0.0 0.0 0.0 0.0 0.0 0.0 0.0 0.0 0.0 0 0.0 0 0.0 0.0 0.0 0.0 0 0 0.0 0.0 0.0 0.0 0.0 0.0 0.0 0.0 0.0 0.0 0.0 0.0 0.0 0.0 0.0 0.0 1 1.0 0.0 0.0 0.0 0.0 0.0 0.0 0.0 1.0 1.0 0.0 0.0 0.0 0.0 0.0 0.0 0.0 0.0 0.0 0.0 0.0 0.0 0.0 0.0
55 18 2 3.159847799999966 1.14017339999981 0.01341379999990977 4.313434999999686 5.690598700000237 5.690598700000237 5.690598700000237 644.88671875 639.32421875 34 34 1.0 34 18 18 False 0 0 False 1.8888888888888888 1.8888888888888888 2.138963159732493 2.138963159732493 1.1323922610348491 1.1323922610348491 1.0 1.0 1.0 1.0 1.0 1.0 2.0 2.0 10.0 10.0 3 0.16666666666666666 10 0.29411764705882354 7.132491008304119 0.0 0.0 0 0 0.0 0.0 0.0 0.0 0.0 0.0 0.0 0.0 0.0 0.0 0.0 0.0 0.0 0.0 0.0 0.0 1 18.0 0.0 0.0 18.0 18.0 18.0 18.0 18.0 34.0 34.0 0.0 0.0 0.0 0.0 34.0 0.0 34.0 0.0 34.0 0.0 34.0 0.0 34.0 0.0
56 18 1 9.074125899999785 6.638234699999771 0.027678100000230188 15.740038699999786 21.430637400000023 21.430637400000023 21.430637400000023 762.54296875 761.0859375 55 55 1.0 0 34 34 False 0 0 False 1.6176470588235294 1.6176470588235294 1.0735019408982454 1.0735019408982454 0.6636193816461881 0.6636193816461881 1.0 1.0 1.0 1.0 1.0 1.0 2.0 2.0 6.0 6.0 8 0.23529411764705882 11 0.2 3.441113624363273 0.0 0.0 0 0 0.0 0.0 0.0 0.0 0.0 0.0 0.0 0.0 0.0 0.0 0.0 0.0 0.0 0.0 0.0 0.0 1 34.0 0.0 0.0 34.0 34.0 34.0 34.0 34.0 55.0 55.0 0.0 0.0 0.0 0.0 55.0 0.0 55.0 0.0 55.0 0.0 55.0 0.0 55.0 0.0
57 19 3 1.0090161000000535 0.3496806000000561 0.0 1.3586967000001096 1.3586967000001096 1.3586967000001096 1.3586967000001096 635.0390625 628.0078125 18 18 1.0 18 1 0 False 0 0 False 1.0 1.0 0.0 0.0 0.0 0.0 0.0 0.0 0.0 0.0 0.0 0.0 0.0 0.0 0.0 0.0 0 0.0 0 0.0 0.0 0.0 0.0 0 0 0.0 0.0 0.0 0.0 0.0 0.0 0.0 0.0 0.0 0.0 0.0 0.0 0.0 0.0 0.0 0.0 1 1.0 0.0 0.0 0.0 0.0 0.0 0.0 0.0 1.0 1.0 0.0 0.0 0.0 0.0 0.0 0.0 0.0 0.0 0.0 0.0 0.0 0.0 0.0 0.0
58 19 2 3.1825935999995636 1.1820181999999022 0.013253299999973933 4.37786509999944 5.736561799999549 5.736561799999549 5.736561799999549 655.79296875 649.734375 34 34 1.0 34 18 18 False 0 0 False 1.8888888888888888 1.8888888888888888 2.138963159732493 2.138963159732493 1.1323922610348491 1.1323922610348491 1.0 1.0 1.0 1.0 1.0 1.0 2.0 2.0 10.0 10.0 3 0.16666666666666666 11 0.3235294117647059 7.200108595431616 0.0 0.0 0 0 0.0 0.0 0.0 0.0 0.0 0.0 0.0 0.0 0.0 0.0 0.0 0.0 0.0 0.0 0.0 0.0 1 18.0 0.0 0.0 18.0 18.0 18.0 18.0 18.0 34.0 34.0 0.0 0.0 0.0 0.0 34.0 0.0 34.0 0.0 34.0 0.0 34.0 0.0 34.0 0.0
59 19 1 9.039418100000262 7.594676599999389 0.026813100000140366 16.66090779999979 22.39746959999934 22.39746959999934 22.39746959999934 774.609375 773.3125 55 55 1.0 0 34 34 False 0 0 False 1.6176470588235294 1.6176470588235294 1.0735019408982454 1.0735019408982454 0.6636193816461881 0.6636193816461881 1.0 1.0 1.0 1.0 1.0 1.0 2.0 2.0 6.0 6.0 8 0.23529411764705882 10 0.18181818181818182 3.2699348691438646 0.0 0.0 0 0 0.0 0.0 0.0 0.0 0.0 0.0 0.0 0.0 0.0 0.0 0.0 0.0 0.0 0.0 0.0 0.0 1 34.0 0.0 0.0 34.0 34.0 34.0 34.0 34.0 55.0 55.0 0.0 0.0 0.0 0.0 55.0 0.0 55.0 0.0 55.0 0.0 55.0 0.0 55.0 0.0
60 20 3 1.053503000000319 0.461644600000227 0.0 1.515147600000546 1.515147600000546 1.515147600000546 1.515147600000546 648.26171875 641.3984375 18 18 1.0 18 1 0 False 0 0 False 1.0 1.0 0.0 0.0 0.0 0.0 0.0 0.0 0.0 0.0 0.0 0.0 0.0 0.0 0.0 0.0 0 0.0 0 0.0 0.0 0.0 0.0 0 0 0.0 0.0 0.0 0.0 0.0 0.0 0.0 0.0 0.0 0.0 0.0 0.0 0.0 0.0 0.0 0.0 1 1.0 0.0 0.0 0.0 0.0 0.0 0.0 0.0 1.0 1.0 0.0 0.0 0.0 0.0 0.0 0.0 0.0 0.0 0.0 0.0 0.0 0.0 0.0 0.0
61 20 2 3.171870700000568 1.1607406999993373 0.01353050000022904 4.346141900000134 5.86128950000068 5.86128950000068 5.86128950000068 668.44921875 662.9453125 34 34 1.0 34 18 18 False 0 0 False 1.8888888888888888 1.8888888888888888 2.138963159732493 2.138963159732493 1.1323922610348491 1.1323922610348491 1.0 1.0 1.0 1.0 1.0 1.0 2.0 2.0 10.0 10.0 3 0.16666666666666666 10 0.29411764705882354 6.955028970718893 0.0 0.0 0 0 0.0 0.0 0.0 0.0 0.0 0.0 0.0 0.0 0.0 0.0 0.0 0.0 0.0 0.0 0.0 0.0 1 18.0 0.0 0.0 18.0 18.0 18.0 18.0 18.0 34.0 34.0 0.0 0.0 0.0 0.0 34.0 0.0 34.0 0.0 34.0 0.0 34.0 0.0 34.0 0.0
62 20 1 8.534685499999796 5.793936299999814 0.027059900000494963 14.355681700000105 20.216971200000785 20.216971200000785 20.216971200000785 777.23046875 779.1640625 53 53 1.0 0 34 34 False 0 0 False 1.5588235294117647 1.5588235294117647 1.1062132095053536 1.1062132095053536 0.709646209871359 0.709646209871359 1.0 1.0 1.0 1.0 1.0 1.0 2.0 2.0 6.0 6.0 9 0.2647058823529412 17 0.32075471698113206 3.1637134897115287 0.0 0.0 0 0 0.0 0.0 0.0 0.0 0.0 0.0 0.0 0.0 0.0 0.0 0.0 0.0 0.0 0.0 0.0 0.0 1 34.0 0.0 0.0 34.0 34.0 34.0 34.0 34.0 53.0 53.0 0.0 0.0 0.0 0.0 53.0 0.0 53.0 0.0 53.0 0.0 53.0 0.0 53.0 0.0
63 21 3 1.0123670000003813 0.3880934000000025 0.0 1.4004604000003837 1.4004604000003837 1.4004604000003837 1.4004604000003837 657.8203125 651.94921875 18 18 1.0 18 1 0 False 0 0 False 1.0 1.0 0.0 0.0 0.0 0.0 0.0 0.0 0.0 0.0 0.0 0.0 0.0 0.0 0.0 0.0 0 0.0 0 0.0 0.0 0.0 0.0 0 0 0.0 0.0 0.0 0.0 0.0 0.0 0.0 0.0 0.0 0.0 0.0 0.0 0.0 0.0 0.0 0.0 1 1.0 0.0 0.0 0.0 0.0 0.0 0.0 0.0 1.0 1.0 0.0 0.0 0.0 0.0 0.0 0.0 0.0 0.0 0.0 0.0 0.0 0.0 0.0 0.0
64 21 2 3.1648524999998244 1.1508267999996633 0.013713699999925666 4.329392999999413 5.729853399999797 5.729853399999797 5.729853399999797 678.7109375 673.9140625 34 34 1.0 34 18 18 False 0 0 False 1.8888888888888888 1.8888888888888888 2.193275522213265 2.193275522213265 1.1611458647011403 1.1611458647011403 1.0 1.0 1.0 1.0 1.0 1.0 1.75 1.75 10.0 10.0 6 0.3333333333333333 12 0.35294117647058826 7.299303760698448 0.0 0.0 0 0 0.0 0.0 0.0 0.0 0.0 0.0 0.0 0.0 0.0 0.0 0.0 0.0 0.0 0.0 0.0 0.0 1 18.0 0.0 0.0 18.0 18.0 18.0 18.0 18.0 34.0 34.0 0.0 0.0 0.0 0.0 34.0 0.0 34.0 0.0 34.0 0.0 34.0 0.0 34.0 0.0
65 21 1 9.067407700000558 8.557984200000305 0.027115900000353577 17.652507800001217 23.382361200001014 23.382361200001014 23.382361200001014 798.44921875 797.32421875 55 55 1.0 0 34 34 False 0 0 False 1.6176470588235294 1.6176470588235294 1.1550864032315857 1.1550864032315857 0.7140534129067985 0.7140534129067985 1.0 1.0 1.0 1.0 1.0 1.0 2.0 2.0 6.0 6.0 18 0.5294117647058824 26 0.4727272727272727 3.919662526960645 0.0 0.0 0 0 0.0 0.0 0.0 0.0 0.0 0.0 0.0 0.0 0.0 0.0 0.0 0.0 0.0 0.0 0.0 0.0 1 34.0 0.0 0.0 34.0 34.0 34.0 34.0 34.0 55.0 55.0 0.0 0.0 0.0 0.0 55.0 0.0 55.0 0.0 55.0 0.0 55.0 0.0 55.0 0.0
66 22 3 1.0059211999998752 0.36146780000035506 0.0 1.3673890000002302 1.3673890000002302 1.3673890000002302 1.3673890000002302 667.0234375 660.17578125 18 18 1.0 18 1 0 False 0 0 False 1.0 1.0 0.0 0.0 0.0 0.0 0.0 0.0 0.0 0.0 0.0 0.0 0.0 0.0 0.0 0.0 0 0.0 0 0.0 0.0 0.0 0.0 0 0 0.0 0.0 0.0 0.0 0.0 0.0 0.0 0.0 0.0 0.0 0.0 0.0 0.0 0.0 0.0 0.0 1 1.0 0.0 0.0 0.0 0.0 0.0 0.0 0.0 1.0 1.0 0.0 0.0 0.0 0.0 0.0 0.0 0.0 0.0 0.0 0.0 0.0 0.0 0.0 0.0
67 22 2 3.1728754000000663 0.8615332999994507 0.014131100000213337 4.04853979999973 5.415928799999961 5.415928799999961 5.415928799999961 687.2578125 681.734375 34 34 1.0 34 18 18 False 0 0 False 1.8888888888888888 1.8888888888888888 2.166289559942608 2.166289559942608 1.1468591787931455 1.1468591787931455 1.0 1.0 1.0 1.0 1.0 1.0 2.0 2.0 10.0 10.0 3 0.16666666666666666 9 0.2647058823529412 7.135951982713203 0.0 0.0 0 0 0.0 0.0 0.0 0.0 0.0 0.0 0.0 0.0 0.0 0.0 0.0 0.0 0.0 0.0 0.0 0.0 1 18.0 0.0 0.0 18.0 18.0 18.0 18.0 18.0 34.0 34.0 0.0 0.0 0.0 0.0 34.0 0.0 34.0 0.0 34.0 0.0 34.0 0.0 34.0 0.0
68 22 1 8.569806499999913 5.827899599999796 0.029311799999618415 14.427017899999328 19.84294669999929 19.84294669999929 19.84294669999929 802.75 803.04296875 53 53 1.0 0 34 34 False 0 0 False 1.5588235294117647 1.5588235294117647 0.9595193389681276 0.9595193389681276 0.6155407080172894 0.6155407080172894 1.0 1.0 1.0 1.0 1.0 1.0 2.0 2.0 6.0 6.0 3 0.08823529411764706 3 0.05660377358490566 2.5040624432555956 0.0 0.0 0 0 0.0 0.0 0.0 0.0 0.0 0.0 0.0 0.0 0.0 0.0 0.0 0.0 0.0 0.0 0.0 0.0 1 34.0 0.0 0.0 34.0 34.0 34.0 34.0 34.0 53.0 53.0 0.0 0.0 0.0 0.0 53.0 0.0 53.0 0.0 53.0 0.0 53.0 0.0 53.0 0.0
69 23 3 1.0075342999999748 0.31288389999997435 0.0 1.3204181999999491 1.3204181999999491 1.3204181999999491 1.3204181999999491 681.71484375 674.6171875 18 18 1.0 18 1 0 False 0 0 False 1.0 1.0 0.0 0.0 0.0 0.0 0.0 0.0 0.0 0.0 0.0 0.0 0.0 0.0 0.0 0.0 0 0.0 0 0.0 0.0 0.0 0.0 0 0 0.0 0.0 0.0 0.0 0.0 0.0 0.0 0.0 0.0 0.0 0.0 0.0 0.0 0.0 0.0 0.0 1 1.0 0.0 0.0 0.0 0.0 0.0 0.0 0.0 1.0 1.0 0.0 0.0 0.0 0.0 0.0 0.0 0.0 0.0 0.0 0.0 0.0 0.0 0.0 0.0
70 23 2 3.1825103999999556 1.22567260000028 0.01355520000015531 4.421738200000391 5.74215640000034 5.74215640000034 5.74215640000034 700.96484375 695.1953125 34 34 1.0 34 18 18 False 0 0 False 1.8888888888888888 1.8888888888888888 2.2462750575089703 2.2462750575089703 1.1892044422106314 1.1892044422106314 1.0 1.0 1.0 1.0 1.0 1.0 1.75 1.75 10.0 10.0 3 0.16666666666666666 14 0.4117647058823529 7.367066074865918 0.0 0.0 0 0 0.0 0.0 0.0 0.0 0.0 0.0 0.0 0.0 0.0 0.0 0.0 0.0 0.0 0.0 0.0 0.0 1 18.0 0.0 0.0 18.0 18.0 18.0 18.0 18.0 34.0 34.0 0.0 0.0 0.0 0.0 34.0 0.0 34.0 0.0 34.0 0.0 34.0 0.0 34.0 0.0
71 23 1 8.547206699999833 5.714041399999587 0.026989700000399353 14.28823779999982 20.03039420000016 20.03039420000016 20.03039420000016 812.03515625 812.16796875 53 53 1.0 0 34 34 False 0 0 False 1.5588235294117647 1.5588235294117647 0.9905975078001625 0.9905975078001625 0.6354776465133118 0.6354776465133118 1.0 1.0 1.0 1.0 1.0 1.0 2.0 2.0 6.0 6.0 6 0.17647058823529413 6 0.11320754716981132 2.666675677608766 0.0 0.0 0 0 0.0 0.0 0.0 0.0 0.0 0.0 0.0 0.0 0.0 0.0 0.0 0.0 0.0 0.0 0.0 0.0 1 34.0 0.0 0.0 34.0 34.0 34.0 34.0 34.0 53.0 53.0 0.0 0.0 0.0 0.0 53.0 0.0 53.0 0.0 53.0 0.0 53.0 0.0 53.0 0.0
72 24 3 1.0073832000002767 0.3159569999997984 0.0 1.3233402000000751 1.3233402000000751 1.3233402000000751 1.3233402000000751 608.1796875 604.2109375 18 18 1.0 18 1 0 False 0 0 False 1.0 1.0 0.0 0.0 0.0 0.0 0.0 0.0 0.0 0.0 0.0 0.0 0.0 0.0 0.0 0.0 0 0.0 0 0.0 0.0 0.0 0.0 0 0 0.0 0.0 0.0 0.0 0.0 0.0 0.0 0.0 0.0 0.0 0.0 0.0 0.0 0.0 0.0 0.0 1 1.0 0.0 0.0 0.0 0.0 0.0 0.0 0.0 1.0 1.0 0.0 0.0 0.0 0.0 0.0 0.0 0.0 0.0 0.0 0.0 0.0 0.0 0.0 0.0
73 24 2 3.1743780000001607 1.2247105999999803 0.013138200000412326 4.412226800000553 5.7355670000006285 5.7355670000006285 5.7355670000006285 682.41796875 683.7265625 34 34 1.0 34 18 18 False 0 0 False 1.8888888888888888 1.8888888888888888 2.138963159732493 2.138963159732493 1.1323922610348491 1.1323922610348491 1.0 1.0 1.0 1.0 1.0 1.0 2.0 2.0 10.0 10.0 3 0.16666666666666666 10 0.29411764705882354 7.0668471907992325 0.0 0.0 0 0 0.0 0.0 0.0 0.0 0.0 0.0 0.0 0.0 0.0 0.0 0.0 0.0 0.0 0.0 0.0 0.0 1 18.0 0.0 0.0 18.0 18.0 18.0 18.0 18.0 34.0 34.0 0.0 0.0 0.0 0.0 34.0 0.0 34.0 0.0 34.0 0.0 34.0 0.0 34.0 0.0
74 24 1 9.121250099999656 8.170040599999993 0.027421900000490496 17.31871260000014 23.05427960000077 23.05427960000077 23.05427960000077 833.02734375 832.25390625 55 55 1.0 0 34 34 False 0 0 False 1.6176470588235294 1.6176470588235294 1.0735019408982454 1.0735019408982454 0.6636193816461881 0.6636193816461881 1.0 1.0 1.0 1.0 1.0 1.0 2.0 2.0 6.0 6.0 8 0.23529411764705882 11 0.2 3.420184842937818 0.0 0.0 0 0 0.0 0.0 0.0 0.0 0.0 0.0 0.0 0.0 0.0 0.0 0.0 0.0 0.0 0.0 0.0 0.0 1 34.0 0.0 0.0 34.0 34.0 34.0 34.0 34.0 55.0 55.0 0.0 0.0 0.0 0.0 55.0 0.0 55.0 0.0 55.0 0.0 55.0 0.0 55.0 0.0
