 RU AL GT ST OT TT LT CT WT RSS VMS LE AC CF PSG SIZE SGLITS_T HAS_TRAILING TOT_CHOICES PRE_CHOICES FGOALS_ORDER CP_EF_L CP_EF_A SP_ED_L SP_ED_A SP_EB_L SP_EB_A SP_MIN_L SP_MIN_A SP_LOWER_L SP_LOWER_A SP_MED_L SP_MED_A SP_UPPER_L SP_UPPER_A SP_MAX_L SP_MAX_A T_INTER_SP P_INTER_SP T_INTER_Q P_INTER_Q M_CHILD_SPREAD DIV_INDEX_SPREAD DIV_STEP_SPREAD DIVS_T DS_T DS_TD_MEAN DS_TD_STD DS_TD_CD DS_TD_MIN DS_TD_LOWER DS_TD_MED DS_TD_UPPER DS_TD_MAX DS_TS_MEAN DS_TS_STD DS_TS_CD DS_TS_MIN DS_TS_LOWER DS_TS_MED DS_TS_UPPER DS_TS_MAX PR_T PR_TS_MEAN PR_TS_STD PR_TS_CD PR_TS_MIN PR_TS_LOWER PR_TS_MED PR_TS_UPPER PR_TS_MAX PP_LE_MEAN PP_AC_MEAN PP_LE_STD PP_AC_STD PP_LE_CD PP_AC_CD PP_LE_MIN PP_AC_MIN PP_LE_LOWER PP_AC_LOWER PP_LE_MED PP_AC_MED PP_LE_UPPER PP_AC_UPPER PP_LE_MAX PP_AC_MAX
0 0 3 1.1414864000000051 0.6837370999999806 0.0 1.8252234999999857 1.8252234999999857 1.8252234999999857 1.8252234999999857 250.9296875 242.3359375 20 20 1.0 20 1 0 False 0 0 False 1.0 1.0 0.0 0.0 0.0 0.0 0.0 0.0 0.0 0.0 0.0 0.0 0.0 0.0 0.0 0.0 0 0.0 0 0.0 0.0 0.0 0.0 3 1 3.0 0.0 0.0 3.0 3.0 3.0 3.0 3.0 20.0 0.0 0.0 20.0 20.0 20.0 20.0 20.0 1 1.0 0.0 0.0 0.0 0.0 0.0 0.0 0.0 1.0 1.0 0.0 0.0 0.0 0.0 0.0 0.0 0.0 0.0 0.0 0.0 0.0 0.0 0.0 0.0
1 0 2 2.6662768000000057 0.6032719000000384 0.0 3.269548700000044 3.6405015000000205 5.09477220000003 1.2950344000000076 262.83203125 254.078125 42 42 1.0 42 20 20 False 0 0 False 2.1 2.1 2.1496633763403397 2.1496633763403397 1.0236492268287332 1.0236492268287332 1.0 1.0 1.0 1.0 1.0 1.0 2.25 2.25 10.0 10.0 0 0.0 0 0.0 6.058465152165191 0.0 4.868264577855234 12 4 3.0 0.0 0.0 3.0 3.0 3.0 3.0 3.0 10.5 6.658328118479393 0.634126487474228 5.0 6.5 8.5 12.5 20.0 4 5.0 0.0 0.0 5.0 5.0 5.0 5.0 5.0 10.5 10.5 6.658328118479393 6.658328118479393 0.634126487474228 0.0 5.0 0.0 6.5 0.0 8.5 0.0 12.5 0.0 20.0 0.0
2 0 1 7.927458700000024 1.4087752999999736 0.0 9.336233999999997 4.51415100000002 14.431006200000027 0.9462576125000006 277.80859375 267.8828125 84 84 1.0 0 42 42 False 0 0 False 2.0 2.0 2.295276167028018 2.295276167028018 1.147638083514009 1.147638083514009 1.0 1.0 1.0 1.0 1.0 1.0 2.0 2.0 15.0 15.0 0 0.0 0 0.0 7.343607521414215 4.564086146529355 6.909073318300151 0 0 0.0 0.0 0.0 0.0 0.0 0.0 0.0 0.0 0.0 0.0 0.0 0.0 0.0 0.0 0.0 0.0 16 2.625 1.5438048235879214 0.5881161232715891 1.0 1.75 2.0 3.5 5.0 5.25 5.25 4.187282332651255 4.187282332651255 0.7975775871716676 0.0 1.0 0.0 2.0 0.0 3.5 0.0 8.0 0.0 16.0 0.0
3 1 3 1.1451609999999732 0.7676913000000241 0.0 1.9128522999999973 1.9128522999999973 1.9128522999999973 1.9128522999999973 264.94921875 254.13671875 20 20 1.0 20 1 0 False 0 0 False 1.0 1.0 0.0 0.0 0.0 0.0 0.0 0.0 0.0 0.0 0.0 0.0 0.0 0.0 0.0 0.0 0 0.0 0 0.0 0.0 0.0 0.0 3 1 3.0 0.0 0.0 3.0 3.0 3.0 3.0 3.0 20.0 0.0 0.0 20.0 20.0 20.0 20.0 20.0 1 1.0 0.0 0.0 0.0 0.0 0.0 0.0 0.0 1.0 1.0 0.0 0.0 0.0 0.0 0.0 0.0 0.0 0.0 0.0 0.0 0.0 0.0 0.0 0.0
4 1 2 2.8089457000000095 0.6543133000000267 0.0 3.4632590000000363 3.7518504000000235 5.376111300000034 1.365223325000013 276.765625 266.05859375 44 44 1.0 44 20 20 False 0 0 False 2.2 2.2 2.142305693455191 2.142305693455191 0.9737753152069049 0.9737753152069049 1.0 1.0 1.0 1.0 1.0 1.0 3.0 3.0 10.0 10.0 0 0.0 0 0.0 5.466260147486578 0.0 4.266145801540309 12 4 3.0 0.0 0.0 3.0 3.0 3.0 3.0 3.0 11.0 6.377042156569663 0.5797311051426967 5.0 8.0 9.5 12.5 20.0 4 5.0 0.0 0.0 5.0 5.0 5.0 5.0 5.0 11.0 11.0 6.377042156569663 6.377042156569663 0.5797311051426967 0.0 5.0 0.0 8.0 0.0 9.5 0.0 12.5 0.0 20.0 0.0
5 1 1 6.983035000000001 1.1879660999999828 0.0 8.171001099999984 4.585206500000012 13.547112400000017 0.8908381062500021 273.28515625 264.77734375 77 77 1.0 0 44 44 False 0 0 False 1.75 1.75 1.2598449517006374 1.2598449517006374 0.7199114009717927 0.7199114009717927 1.0 1.0 1.0 1.0 1.0 1.0 2.0 2.0 7.0 7.0 0 0.0 0 0.0 2.558963746235076 3.963064767694464 7.973185760815471 0 0 0.0 0.0 0.0 0.0 0.0 0.0 0.0 0.0 0.0 0.0 0.0 0.0 0.0 0.0 0.0 0.0 16 2.75 1.4832396974191326 0.5393598899705937 1.0 2.0 2.0 3.5 5.0 4.8125 4.8125 3.4296501279285034 3.4296501279285034 0.7126545720370916 0.0 1.0 0.0 2.0 0.0 3.5 0.0 8.0 0.0 12.0 0.0
6 2 3 1.1449062000000083 0.7544041000000021 0.0 1.8993103000000104 1.8993103000000104 1.8993103000000104 1.8993103000000104 269.640625 259.55859375 20 20 1.0 20 1 0 False 0 0 False 1.0 1.0 0.0 0.0 0.0 0.0 0.0 0.0 0.0 0.0 0.0 0.0 0.0 0.0 0.0 0.0 0 0.0 0 0.0 0.0 0.0 0.0 3 1 3.0 0.0 0.0 3.0 3.0 3.0 3.0 3.0 20.0 0.0 0.0 20.0 20.0 20.0 20.0 20.0 1 1.0 0.0 0.0 0.0 0.0 0.0 0.0 0.0 1.0 1.0 0.0 0.0 0.0 0.0 0.0 0.0 0.0 0.0 0.0 0.0 0.0 0.0 0.0 0.0
7 2 2 2.835658599999931 0.6665230999999636 0.0 3.5021816999998947 3.7616124999999982 5.401491999999905 1.3718574749999775 282.36328125 273.203125 44 44 1.0 44 20 20 False 0 0 False 2.2 2.2 1.98944583661936 1.98944583661936 0.904293562099709 0.904293562099709 1.0 1.0 1.0 1.0 2.0 2.0 2.25 2.25 10.0 10.0 0 0.0 0 0.0 5.948108943185219 0.0 4.9396356140913875 12 4 3.0 0.0 0.0 3.0 3.0 3.0 3.0 3.0 11.0 6.6332495807108 0.6030226891555273 6.0 6.0 9.0 14.0 20.0 4 5.0 0.0 0.0 5.0 5.0 5.0 5.0 5.0 11.0 11.0 6.6332495807108 6.6332495807108 0.6030226891555273 0.0 6.0 0.0 6.0 0.0 9.0 0.0 14.0 0.0 20.0 0.0
8 2 1 9.452073499999955 6.950973000000005 0.0 16.40304649999996 4.592425299999988 21.804538499999865 1.400432718749994 369.73046875 369.11328125 98 98 1.0 0 44 44 False 0 0 False 2.227272727272727 2.227272727272727 3.529698823462872 3.529698823462872 1.584762737064963 1.584762737064963 1.0 1.0 1.0 1.0 1.0 1.0 2.0 2.0 24.0 24.0 0 0.0 0 0.0 11.755911120835833 4.681000395843003 9.051730416302275 0 0 0.0 0.0 0.0 0.0 0.0 0.0 0.0 0.0 0.0 0.0 0.0 0.0 0.0 0.0 0.0 0.0 16 2.75 1.5275252316519468 0.5554637206007079 1.0 1.75 2.5 3.5 5.0 6.125 6.125 6.312685640834652 6.312685640834652 1.0306425536056576 0.0 1.0 0.0 2.0 0.0 4.5 0.0 8.0 0.0 26.0 0.0
9 3 3 1.1429387999999534 0.7212054000000023 0.0 1.8641441999999557 1.8641441999999557 1.8641441999999557 1.8641441999999557 340.375 331.82421875 20 20 1.0 20 1 0 False 0 0 False 1.0 1.0 0.0 0.0 0.0 0.0 0.0 0.0 0.0 0.0 0.0 0.0 0.0 0.0 0.0 0.0 0 0.0 0 0.0 0.0 0.0 0.0 3 1 3.0 0.0 0.0 3.0 3.0 3.0 3.0 3.0 20.0 0.0 0.0 20.0 20.0 20.0 20.0 20.0 1 1.0 0.0 0.0 0.0 0.0 0.0 0.0 0.0 1.0 1.0 0.0 0.0 0.0 0.0 0.0 0.0 0.0 0.0 0.0 0.0 0.0 0.0 0.0 0.0
10 3 2 2.7666215000000136 0.5604820000000217 0.0 3.3271035000000353 3.3743916999999755 5.191247699999991 1.3191115999999958 359.453125 349.66015625 44 44 1.0 44 20 20 False 0 0 False 2.2 2.2 2.117595458607661 2.117595458607661 0.9625433902762094 0.9625433902762094 1.0 1.0 1.0 1.0 1.5 1.5 2.25 2.25 10.0 10.0 0 0.0 0 0.0 5.160426338976266 0.0 3.714835124201342 12 4 3.0 0.0 0.0 3.0 3.0 3.0 3.0 3.0 11.0 5.597618541248888 0.508874412840808 6.0 6.75 10.0 14.25 18.0 4 5.0 0.0 0.0 5.0 5.0 5.0 5.0 5.0 11.0 11.0 5.597618541248888 5.597618541248888 0.508874412840808 0.0 6.0 0.0 6.75 0.0 10.0 0.0 14.25 0.0 18.0 0.0
11 3 1 7.776281600000004 1.5321790000000135 0.0 9.308460600000018 4.099133800000004 14.499708300000009 0.9438696249999969 366.8984375 358.84375 85 85 1.0 0 44 44 False 0 0 False 1.9318181818181819 1.9318181818181819 1.6760658153354695 1.6760658153354695 0.8676105397030666 0.8676105397030666 1.0 1.0 1.0 1.0 1.0 1.0 2.0 2.0 10.0 10.0 0 0.0 0 0.0 5.4751268901103955 3.1946646698740033 4.8277308638860195 0 0 0.0 0.0 0.0 0.0 0.0 0.0 0.0 0.0 0.0 0.0 0.0 0.0 0.0 0.0 0.0 0.0 16 2.75 1.3416407864998738 0.487869376909045 1.0 2.0 2.5 4.0 5.0 5.3125 5.3125 3.497022543059548 3.497022543059548 0.658263066928856 0.0 1.0 0.0 2.0 0.0 5.5 0.0 7.25 0.0 13.0 0.0
12 4 3 1.1410395999999992 0.9350724000000525 0.0 2.0761120000000517 2.0761120000000517 2.0761120000000517 2.0761120000000517 360.41015625 350.04296875 20 20 1.0 20 1 0 False 0 0 False 1.0 1.0 0.0 0.0 0.0 0.0 0.0 0.0 0.0 0.0 0.0 0.0 0.0 0.0 0.0 0.0 0 0.0 0 0.0 0.0 0.0 0.0 3 1 3.0 0.0 0.0 3.0 3.0 3.0 3.0 3.0 20.0 0.0 0.0 20.0 20.0 20.0 20.0 20.0 1 1.0 0.0 0.0 0.0 0.0 0.0 0.0 0.0 1.0 1.0 0.0 0.0 0.0 0.0 0.0 0.0 0.0 0.0 0.0 0.0 0.0 0.0 0.0 0.0
13 4 2 2.8085525000000757 0.7478582000000245 0.0 3.5564107000001 3.886907200000053 5.632522700000152 1.4293693000000403 376.7578125 367.4609375 44 44 1.0 44 20 20 False 0 0 False 2.2 2.2 2.142305693455191 2.142305693455191 0.9737753152069049 0.9737753152069049 1.0 1.0 1.0 1.0 1.5 1.5 2.0 2.0 10.0 10.0 0 0.0 0 0.0 6.161168720299744 0.0 4.9396356140913875 12 4 3.0 0.0 0.0 3.0 3.0 3.0 3.0 3.0 11.0 6.6332495807108 0.6030226891555273 6.0 6.0 9.0 14.0 20.0 4 5.0 0.0 0.0 5.0 5.0 5.0 5.0 5.0 11.0 11.0 6.6332495807108 6.6332495807108 0.6030226891555273 0.0 6.0 0.0 6.0 0.0 9.0 0.0 14.0 0.0 20.0 0.0
14 4 1 8.113960299999832 1.5199048999999718 0.0 9.633865199999804 4.715989100000002 15.266387899999955 0.9990626250000041 384.30859375 375.5546875 88 88 1.0 0 44 44 False 0 0 False 2.0 2.0 2.1674119171501878 2.1674119171501878 1.0837059585750939 1.0837059585750939 1.0 1.0 1.0 1.0 1.0 1.0 2.0 2.0 14.0 14.0 0 0.0 0 0.0 6.5557053569598995 4.681000395843003 6.756260713111167 0 0 0.0 0.0 0.0 0.0 0.0 0.0 0.0 0.0 0.0 0.0 0.0 0.0 0.0 0.0 0.0 0.0 16 2.75 1.5275252316519468 0.5554637206007079 1.0 1.75 2.5 3.5 5.0 5.5 5.5 4.2895221179054435 4.2895221179054435 0.7799131123464442 0.0 1.0 0.0 2.0 0.0 4.5 0.0 8.0 0.0 15.0 0.0
15 5 3 1.1302572999999256 0.7753194000000292 0.0 1.9055766999999548 1.9055766999999548 1.9055766999999548 1.9055766999999548 376.8046875 366.5859375 20 20 1.0 20 1 0 False 0 0 False 1.0 1.0 0.0 0.0 0.0 0.0 0.0 0.0 0.0 0.0 0.0 0.0 0.0 0.0 0.0 0.0 0 0.0 0 0.0 0.0 0.0 0.0 3 1 3.0 0.0 0.0 3.0 3.0 3.0 3.0 3.0 20.0 0.0 0.0 20.0 20.0 20.0 20.0 20.0 1 1.0 0.0 0.0 0.0 0.0 0.0 0.0 0.0 1.0 1.0 0.0 0.0 0.0 0.0 0.0 0.0 0.0 0.0 0.0 0.0 0.0 0.0 0.0 0.0
16 5 2 2.640941199999986 0.5557160000000181 0.0 3.196657200000004 3.430657099999962 5.102233899999959 1.297177999999981 393.890625 383.99609375 42 42 1.0 42 20 20 False 0 0 False 2.1 2.1 2.125038699338017 2.125038699338017 1.0119231901609604 1.0119231901609604 1.0 1.0 1.0 1.0 1.0 1.0 2.0 2.0 10.0 10.0 0 0.0 0 0.0 7.675610724886977 0.0 6.107372593840988 12 4 3.0 0.0 0.0 3.0 3.0 3.0 3.0 3.0 10.5 6.137317546507322 0.5845064330006974 5.0 5.75 9.5 14.25 18.0 4 5.0 0.0 0.0 5.0 5.0 5.0 5.0 5.0 10.5 10.5 6.137317546507322 6.137317546507322 0.5845064330006974 0.0 5.0 0.0 5.75 0.0 9.5 0.0 14.25 0.0 18.0 0.0
17 5 1 7.392928999999981 1.461323999999962 0.0 8.854252999999943 4.149867699999959 13.956486899999902 0.9100930312499944 400.9765625 392.9140625 81 81 1.0 0 42 42 False 0 0 False 1.9285714285714286 1.9285714285714286 1.6138555129641372 1.6138555129641372 0.8368139696851081 0.8368139696851081 1.0 1.0 1.0 1.0 1.5 1.5 2.0 2.0 10.0 10.0 0 0.0 0 0.0 3.2767735499968853 5.942741494511454 9.587733431470713 0 0 0.0 0.0 0.0 0.0 0.0 0.0 0.0 0.0 0.0 0.0 0.0 0.0 0.0 0.0 0.0 0.0 16 2.625 1.4548768561863463 0.5542388023567033 1.0 1.0 2.5 4.0 5.0 5.0625 5.0625 3.7677358364584603 3.7677358364584603 0.7442441158436465 0.0 1.0 0.0 1.75 0.0 4.5 0.0 8.25 0.0 13.0 0.0
18 6 3 1.142755500000078 0.7445575000000701 0.0 1.8873130000001481 1.8873130000001481 1.8873130000001481 1.8873130000001481 394.43359375 384.1171875 20 20 1.0 20 1 0 False 0 0 False 1.0 1.0 0.0 0.0 0.0 0.0 0.0 0.0 0.0 0.0 0.0 0.0 0.0 0.0 0.0 0.0 0 0.0 0 0.0 0.0 0.0 0.0 3 1 3.0 0.0 0.0 3.0 3.0 3.0 3.0 3.0 20.0 0.0 0.0 20.0 20.0 20.0 20.0 20.0 1 1.0 0.0 0.0 0.0 0.0 0.0 0.0 0.0 1.0 1.0 0.0 0.0 0.0 0.0 0.0 0.0 0.0 0.0 0.0 0.0 0.0 0.0 0.0 0.0
19 6 2 2.760754800000001 0.5555757999999003 0.0 3.316330599999901 3.4023434000001487 5.203643600000049 1.3223564750000207 410.26171875 400.29296875 44 44 1.0 44 20 20 False 0 0 False 2.2 2.2 2.0416711421361615 2.0416711421361615 0.9280323373346188 0.9280323373346188 1.0 1.0 1.0 1.0 2.0 2.0 2.25 2.25 10.0 10.0 0 0.0 0 0.0 4.981967482832459 0.0 3.714835124201342 12 4 3.0 0.0 0.0 3.0 3.0 3.0 3.0 3.0 11.0 5.597618541248888 0.508874412840808 6.0 6.75 10.0 14.25 18.0 4 5.0 0.0 0.0 5.0 5.0 5.0 5.0 5.0 11.0 11.0 5.597618541248888 5.597618541248888 0.508874412840808 0.0 6.0 0.0 6.75 0.0 10.0 0.0 14.25 0.0 18.0 0.0
20 6 1 8.394767500000057 1.5710718999999642 0.0 9.965839400000021 4.126016600000156 15.16948300000007 0.9856620250000088 419.5546875 410.07421875 91 91 1.0 0 44 44 False 0 0 False 2.0681818181818183 2.0681818181818183 2.2453852134702936 2.2453852134702936 1.085680762557065 1.085680762557065 1.0 1.0 1.0 1.0 1.5 1.5 2.0 2.0 15.0 15.0 0 0.0 0 0.0 7.191215801986745 3.1946646698740033 6.113359286407587 0 0 0.0 0.0 0.0 0.0 0.0 0.0 0.0 0.0 0.0 0.0 0.0 0.0 0.0 0.0 0.0 0.0 16 2.75 1.3416407864998738 0.487869376909045 1.0 2.0 2.5 4.0 5.0 5.6875 5.6875 4.174825345648206 4.174825345648206 0.7340352256084758 0.0 1.0 0.0 2.75 0.0 5.5 0.0 9.0 0.0 16.0 0.0
21 7 3 1.1343666999999868 0.7942791000000398 0.0 1.9286458000000266 1.9286458000000266 1.9286458000000266 1.9286458000000266 411.1328125 401.12890625 20 20 1.0 20 1 0 False 0 0 False 1.0 1.0 0.0 0.0 0.0 0.0 0.0 0.0 0.0 0.0 0.0 0.0 0.0 0.0 0.0 0.0 0 0.0 0 0.0 0.0 0.0 0.0 3 1 3.0 0.0 0.0 3.0 3.0 3.0 3.0 3.0 20.0 0.0 0.0 20.0 20.0 20.0 20.0 20.0 1 1.0 0.0 0.0 0.0 0.0 0.0 0.0 0.0 1.0 1.0 0.0 0.0 0.0 0.0 0.0 0.0 0.0 0.0 0.0 0.0 0.0 0.0 0.0 0.0
22 7 2 2.6412263000000564 0.5451340000000471 0.0 3.1863603000001035 3.4493451000001016 5.11500610000013 1.300193525000033 426.30078125 416.30078125 42 42 1.0 42 20 20 False 0 0 False 2.1 2.1 2.0235456115702615 2.0235456115702615 0.9635931483667911 0.9635931483667911 1.0 1.0 1.0 1.0 1.5 1.5 2.25 2.25 10.0 10.0 0 0.0 0 0.0 7.416535579365879 0.0 6.107372593840988 12 4 3.0 0.0 0.0 3.0 3.0 3.0 3.0 3.0 10.5 6.137317546507322 0.5845064330006974 5.0 5.75 9.5 14.25 18.0 4 5.0 0.0 0.0 5.0 5.0 5.0 5.0 5.0 10.5 10.5 6.137317546507322 6.137317546507322 0.5845064330006974 0.0 5.0 0.0 5.75 0.0 9.5 0.0 14.25 0.0 18.0 0.0
23 7 1 9.030511600000011 6.52711919999993 0.0 15.557630799999941 4.1698785000000385 20.67263690000007 1.3296093125000006 458.27734375 457.5546875 94 94 1.0 0 42 42 True 0 0 False 2.238095238095238 2.238095238095238 3.4232924904292124 3.4232924904292124 1.5628074412829012 1.5628074412829012 1.0 1.0 1.0 1.0 1.5 1.5 2.0 2.0 23.0 23.0 0 0.0 0 0.0 9.976521947745484 5.942741494511454 9.005308891720157 0 0 0.0 0.0 0.0 0.0 0.0 0.0 0.0 0.0 0.0 0.0 0.0 0.0 0.0 0.0 0.0 0.0 16 2.625 1.4548768561863463 0.5542388023567033 1.0 1.0 2.5 4.0 5.0 5.875 5.875 6.206179715949794 6.206179715949794 1.0563710154808161 0.0 1.0 0.0 1.75 0.0 4.5 0.0 8.25 0.0 26.0 0.0
24 8 3 1.1269010999999978 0.7376086000000157 0.0 1.8645097000000135 1.8645097000000135 1.8645097000000135 1.8645097000000135 433.8984375 424.3671875 20 20 1.0 20 1 0 False 0 0 False 1.0 1.0 0.0 0.0 0.0 0.0 0.0 0.0 0.0 0.0 0.0 0.0 0.0 0.0 0.0 0.0 0 0.0 0 0.0 0.0 0.0 0.0 3 1 3.0 0.0 0.0 3.0 3.0 3.0 3.0 3.0 20.0 0.0 0.0 20.0 20.0 20.0 20.0 20.0 1 1.0 0.0 0.0 0.0 0.0 0.0 0.0 0.0 1.0 1.0 0.0 0.0 0.0 0.0 0.0 0.0 0.0 0.0 0.0 0.0 0.0 0.0 0.0 0.0
25 8 2 2.660065799999927 0.6048796999999695 0.0 3.2649454999998966 3.6873305999999957 5.12945519999991 1.3037221249999789 448.53515625 440.29296875 42 42 1.0 42 20 20 False 0 0 False 2.1 2.1 2.0235456115702615 2.0235456115702615 0.9635931483667911 0.9635931483667911 1.0 1.0 1.0 1.0 1.5 1.5 2.25 2.25 10.0 10.0 0 0.0 0 0.0 5.782300580218914 0.0 4.868264577855234 12 4 3.0 0.0 0.0 3.0 3.0 3.0 3.0 3.0 10.5 6.658328118479393 0.634126487474228 5.0 6.5 8.5 12.5 20.0 4 5.0 0.0 0.0 5.0 5.0 5.0 5.0 5.0 10.5 10.5 6.658328118479393 6.658328118479393 0.634126487474228 0.0 5.0 0.0 6.5 0.0 8.5 0.0 12.5 0.0 20.0 0.0
26 8 1 6.67777090000007 1.4923673999997504 0.0 8.17013829999982 4.525129799999974 13.29959349999973 0.8688187187499796 447.96484375 439.14453125 73 73 1.0 0 42 42 False 0 0 False 1.7380952380952381 1.7380952380952381 1.0833445009698666 1.0833445009698666 0.6232940964484164 0.6232940964484164 1.0 1.0 1.0 1.0 1.0 1.0 2.0 2.0 6.0 6.0 0 0.0 0 0.0 1.9088002825121644 4.564086146529355 8.990906353578795 0 0 0.0 0.0 0.0 0.0 0.0 0.0 0.0 0.0 0.0 0.0 0.0 0.0 0.0 0.0 0.0 0.0 16 2.625 1.5438048235879214 0.5881161232715891 1.0 1.75 2.0 3.5 5.0 4.5625 4.5625 3.3856314034460397 3.3856314034460397 0.7420561980155703 0.0 1.0 0.0 2.0 0.0 3.0 0.0 7.25 0.0 12.0 0.0
27 9 3 1.1284945000000164 0.7422021999999515 0.0 1.870696699999968 1.870696699999968 1.870696699999968 1.870696699999968 449.0 439.16015625 20 20 1.0 20 1 0 False 0 0 False 1.0 1.0 0.0 0.0 0.0 0.0 0.0 0.0 0.0 0.0 0.0 0.0 0.0 0.0 0.0 0.0 0 0.0 0 0.0 0.0 0.0 0.0 3 1 3.0 0.0 0.0 3.0 3.0 3.0 3.0 3.0 20.0 0.0 0.0 20.0 20.0 20.0 20.0 20.0 1 1.0 0.0 0.0 0.0 0.0 0.0 0.0 0.0 1.0 1.0 0.0 0.0 0.0 0.0 0.0 0.0 0.0 0.0 0.0 0.0 0.0 0.0 0.0 0.0
28 9 2 2.7649229999999534 0.5550834000001714 0.0 3.320006400000125 3.3932099999998684 5.190703100000093 1.3191806750000126 464.9140625 455.30078125 44 44 1.0 44 20 20 False 0 0 False 2.2 2.2 1.98944583661936 1.98944583661936 0.904293562099709 0.904293562099709 1.0 1.0 1.0 1.0 2.0 2.0 2.25 2.25 10.0 10.0 0 0.0 0 0.0 4.87954915950234 0.0 3.714835124201342 12 4 3.0 0.0 0.0 3.0 3.0 3.0 3.0 3.0 11.0 5.597618541248888 0.508874412840808 6.0 6.75 10.0 14.25 18.0 4 5.0 0.0 0.0 5.0 5.0 5.0 5.0 5.0 11.0 11.0 5.597618541248888 5.597618541248888 0.508874412840808 0.0 6.0 0.0 6.75 0.0 10.0 0.0 14.25 0.0 18.0 0.0
29 9 1 8.282373499999949 1.5602210999996657 0.0 9.842594599999615 4.114403499999867 15.033297699999707 0.9772150187499822 470.58203125 463.234375 90 90 1.0 0 44 44 False 0 0 False 2.0454545454545454 2.0454545454545454 2.112581859754766 2.112581859754766 1.03281779810233 1.03281779810233 1.0 1.0 1.0 1.0 1.5 1.5 2.0 2.0 14.0 14.0 0 0.0 0 0.0 6.889550717638203 3.1946646698740033 5.903015181692667 0 0 0.0 0.0 0.0 0.0 0.0 0.0 0.0 0.0 0.0 0.0 0.0 0.0 0.0 0.0 0.0 0.0 16 2.75 1.3416407864998738 0.487869376909045 1.0 2.0 2.5 4.0 5.0 5.625 5.625 3.99791612384919 3.99791612384919 0.7107406442398561 0.0 1.0 0.0 2.0 0.0 5.5 0.0 9.0 0.0 15.0 0.0
30 10 3 1.1285874999999805 0.7569104999998899 0.0 1.8854979999998704 1.8854979999998704 1.8854979999998704 1.8854979999998704 463.53515625 454.80859375 20 20 1.0 20 1 0 False 0 0 False 1.0 1.0 0.0 0.0 0.0 0.0 0.0 0.0 0.0 0.0 0.0 0.0 0.0 0.0 0.0 0.0 0 0.0 0 0.0 0.0 0.0 0.0 3 1 3.0 0.0 0.0 3.0 3.0 3.0 3.0 3.0 20.0 0.0 0.0 20.0 20.0 20.0 20.0 20.0 1 1.0 0.0 0.0 0.0 0.0 0.0 0.0 0.0 1.0 1.0 0.0 0.0 0.0 0.0 0.0 0.0 0.0 0.0 0.0 0.0 0.0 0.0 0.0 0.0
31 10 2 2.659971900000073 0.6069042000000309 0.0 3.266876100000104 3.691385099999877 5.1523740999999745 1.3095301000000035 472.515625 464.3515625 42 42 1.0 42 20 20 False 0 0 False 2.1 2.1 2.04939015319192 2.04939015319192 0.9759000729485332 0.9759000729485332 1.0 1.0 1.0 1.0 1.5 1.5 2.0 2.0 10.0 10.0 0 0.0 0 0.0 7.296231904209185 0.0 6.488451279003334 12 4 3.0 0.0 0.0 3.0 3.0 3.0 3.0 3.0 10.5 6.855654600401044 0.6529194857524804 5.0 5.75 8.5 13.25 20.0 4 5.0 0.0 0.0 5.0 5.0 5.0 5.0 5.0 10.5 10.5 6.855654600401044 6.855654600401044 0.6529194857524804 0.0 5.0 0.0 5.75 0.0 8.5 0.0 13.25 0.0 20.0 0.0
32 10 1 7.7503814999998895 1.5541579999996884 0.0 9.304539499999578 4.530158399999777 14.456913599999552 0.9413790624999692 485.38671875 478.51171875 84 84 1.0 0 42 42 False 0 0 False 2.0 2.0 2.186432666440485 2.186432666440485 1.0932163332202425 1.0932163332202425 1.0 1.0 1.0 1.0 1.0 1.0 2.0 2.0 14.0 14.0 0 0.0 0 0.0 5.542047068934521 6.41058407910653 9.029363862681905 0 0 0.0 0.0 0.0 0.0 0.0 0.0 0.0 0.0 0.0 0.0 0.0 0.0 0.0 0.0 0.0 0.0 16 2.625 1.5864005379054391 0.604343062059215 1.0 1.0 2.0 3.5 5.0 5.25 5.25 4.155317877932646 4.155317877932646 0.7914891196062183 0.0 1.0 0.0 1.75 0.0 4.5 0.0 8.0 0.0 15.0 0.0
33 11 3 1.1273886999999831 0.7127812999999605 0.0 1.8401699999999437 1.8401699999999437 1.8401699999999437 1.8401699999999437 479.41796875 470.8359375 20 20 1.0 20 1 0 False 0 0 False 1.0 1.0 0.0 0.0 0.0 0.0 0.0 0.0 0.0 0.0 0.0 0.0 0.0 0.0 0.0 0.0 0 0.0 0 0.0 0.0 0.0 0.0 3 1 3.0 0.0 0.0 3.0 3.0 3.0 3.0 3.0 20.0 0.0 0.0 20.0 20.0 20.0 20.0 20.0 1 1.0 0.0 0.0 0.0 0.0 0.0 0.0 0.0 1.0 1.0 0.0 0.0 0.0 0.0 0.0 0.0 0.0 0.0 0.0 0.0 0.0 0.0 0.0 0.0
34 11 2 2.639630199999999 0.5479826999999204 0.0 3.1876128999999196 3.3704934999998954 5.027782899999863 1.2785734249999905 496.453125 488.265625 42 42 1.0 42 20 20 False 0 0 False 2.1 2.1 2.074912807299318 2.074912807299318 0.9880537177615799 0.9880537177615799 1.0 1.0 1.0 1.0 1.0 1.0 2.25 2.25 10.0 10.0 0 0.0 0 0.0 7.417209717946498 0.0 6.107372593840988 12 4 3.0 0.0 0.0 3.0 3.0 3.0 3.0 3.0 10.5 6.137317546507322 0.5845064330006974 5.0 5.75 9.5 14.25 18.0 4 5.0 0.0 0.0 5.0 5.0 5.0 5.0 5.0 10.5 10.5 6.137317546507322 6.137317546507322 0.5845064330006974 0.0 5.0 0.0 5.75 0.0 9.5 0.0 14.25 0.0 18.0 0.0
35 11 1 7.1960002000000145 1.1655361999999059 0.0 8.36153639999992 4.09509729999985 13.389319299999784 0.8746748874999923 503.765625 497.34765625 79 79 1.0 0 42 42 False 0 0 False 1.880952380952381 1.880952380952381 1.8636756358674382 1.8636756358674382 0.9908148950181317 0.9908148950181317 1.0 1.0 1.0 1.0 1.0 1.0 2.0 2.0 12.0 12.0 0 0.0 0 0.0 3.5420351282256184 5.942741494511454 8.824160516645728 0 0 0.0 0.0 0.0 0.0 0.0 0.0 0.0 0.0 0.0 0.0 0.0 0.0 0.0 0.0 0.0 0.0 16 2.625 1.4548768561863463 0.5542388023567033 1.0 1.0 2.5 4.0 5.0 4.9375 4.9375 3.660031875999625 3.660031875999625 0.7412722786834683 0.0 1.0 0.0 1.75 0.0 4.5 0.0 7.25 0.0 13.0 0.0
36 12 3 1.1292390000001546 0.8523616000000516 0.0 1.9816006000002062 1.9816006000002062 1.9816006000002062 1.9816006000002062 497.52734375 488.85546875 20 20 1.0 20 1 0 False 0 0 False 1.0 1.0 0.0 0.0 0.0 0.0 0.0 0.0 0.0 0.0 0.0 0.0 0.0 0.0 0.0 0.0 0 0.0 0 0.0 0.0 0.0 0.0 3 1 3.0 0.0 0.0 3.0 3.0 3.0 3.0 3.0 20.0 0.0 0.0 20.0 20.0 20.0 20.0 20.0 1 1.0 0.0 0.0 0.0 0.0 0.0 0.0 0.0 1.0 1.0 0.0 0.0 0.0 0.0 0.0 0.0 0.0 0.0 0.0 0.0 0.0 0.0 0.0 0.0
37 12 2 2.6318934999999897 0.8118901999999366 0.0 3.4437836999999263 3.5143484000001877 5.4253843000001325 1.3776780750000484 513.640625 505.50390625 42 42 1.0 42 20 20 False 0 0 False 2.1 2.1 2.04939015319192 2.04939015319192 0.9759000729485332 0.9759000729485332 1.0 1.0 1.0 1.0 1.0 1.0 3.0 3.0 10.0 10.0 0 0.0 0 0.0 4.958326330527267 0.0 3.8078865529319543 12 4 3.0 0.0 0.0 3.0 3.0 3.0 3.0 3.0 10.5 5.802298395176403 0.5525998471596575 5.0 6.5 9.5 13.5 18.0 4 5.0 0.0 0.0 5.0 5.0 5.0 5.0 5.0 10.5 10.5 5.802298395176403 5.802298395176403 0.5525998471596575 0.0 5.0 0.0 6.5 0.0 9.5 0.0 13.5 0.0 18.0 0.0
38 12 1 8.052568499999609 1.3794154999999364 0.0 9.431983999999545 4.238624200000231 14.857368299999678 0.9660247999999889 521.97265625 513.6953125 87 87 1.0 0 42 42 False 0 0 False 2.0714285714285716 2.0714285714285716 2.4031773392826863 2.4031773392826863 1.160154577584745 1.160154577584745 1.0 1.0 1.0 1.0 2.0 2.0 2.0 2.0 16.0 16.0 0 0.0 0 0.0 6.83497159721194 3.396581326257676 6.322665809702144 0 0 0.0 0.0 0.0 0.0 0.0 0.0 0.0 0.0 0.0 0.0 0.0 0.0 0.0 0.0 0.0 0.0 16 2.625 1.3601470508735443 0.518151257475636 1.0 1.75 2.5 3.25 5.0 5.4375 5.4375 4.2106016988865935 4.2106016988865935 0.7743635308297183 0.0 1.0 0.0 2.75 0.0 4.0 0.0 7.5 0.0 17.0 0.0
39 13 3 1.12995119999988 0.8035500999998249 0.0 1.9335012999997048 1.9335012999997048 1.9335012999997048 1.9335012999997048 512.91796875 504.3125 20 20 1.0 20 1 0 False 0 0 False 1.0 1.0 0.0 0.0 0.0 0.0 0.0 0.0 0.0 0.0 0.0 0.0 0.0 0.0 0.0 0.0 0 0.0 0 0.0 0.0 0.0 0.0 3 1 3.0 0.0 0.0 3.0 3.0 3.0 3.0 3.0 20.0 0.0 0.0 20.0 20.0 20.0 20.0 20.0 1 1.0 0.0 0.0 0.0 0.0 0.0 0.0 0.0 1.0 1.0 0.0 0.0 0.0 0.0 0.0 0.0 0.0 0.0 0.0 0.0 0.0 0.0 0.0 0.0
40 13 2 2.6396443999998382 0.5443454000003385 0.0 3.1839898000001767 3.455149299999846 5.1174910999998815 1.3006497249999853 528.8125 520.46875 42 42 1.0 42 20 20 False 0 0 False 2.1 2.1 2.04939015319192 2.04939015319192 0.9759000729485332 0.9759000729485332 1.0 1.0 1.0 1.0 1.5 1.5 2.0 2.0 10.0 10.0 0 0.0 0 0.0 7.3576490810584305 0.0 6.107372593840988 12 4 3.0 0.0 0.0 3.0 3.0 3.0 3.0 3.0 10.5 6.137317546507322 0.5845064330006974 5.0 5.75 9.5 14.25 18.0 4 5.0 0.0 0.0 5.0 5.0 5.0 5.0 5.0 10.5 10.5 6.137317546507322 6.137317546507322 0.5845064330006974 0.0 5.0 0.0 5.75 0.0 9.5 0.0 14.25 0.0 18.0 0.0
41 13 1 8.824718500000245 6.593703900000094 0.0 15.418422400000338 4.179272099999878 20.53591350000022 1.3210643437500238 565.97265625 567.16015625 92 92 1.0 0 42 42 True 0 0 False 2.1904761904761907 2.1904761904761907 3.1279341625800794 3.1279341625800794 1.459702609204037 1.459702609204037 1.0 1.0 1.0 1.0 1.5 1.5 2.0 2.0 21.0 21.0 0 0.0 0 0.0 10.434295739953578 5.942741494511454 8.636448071639037 0 0 0.0 0.0 0.0 0.0 0.0 0.0 0.0 0.0 0.0 0.0 0.0 0.0 0.0 0.0 0.0 0.0 16 2.625 1.4548768561863463 0.5542388023567033 1.0 1.0 2.5 4.0 5.0 5.75 5.75 6.159004248523728 6.159004248523728 1.0711311736563005 0.0 1.0 0.0 1.75 0.0 4.5 0.0 7.25 0.0 26.0 0.0
42 14 3 1.1276687000000152 0.9365588999999659 0.0 2.064227599999981 2.064227599999981 2.064227599999981 2.064227599999981 541.375 534.22265625 20 20 1.0 20 1 0 False 0 0 False 1.0 1.0 0.0 0.0 0.0 0.0 0.0 0.0 0.0 0.0 0.0 0.0 0.0 0.0 0.0 0.0 0 0.0 0 0.0 0.0 0.0 0.0 3 1 3.0 0.0 0.0 3.0 3.0 3.0 3.0 3.0 20.0 0.0 0.0 20.0 20.0 20.0 20.0 20.0 1 1.0 0.0 0.0 0.0 0.0 0.0 0.0 0.0 1.0 1.0 0.0 0.0 0.0 0.0 0.0 0.0 0.0 0.0 0.0 0.0 0.0 0.0 0.0 0.0
43 14 2 2.779967299999896 0.8550883999998291 0.0 3.635055699999725 3.5928276999997593 5.699283299999706 1.4461031749999478 555.27734375 547.265625 44 44 1.0 44 20 20 False 0 0 False 2.2 2.2 2.142305693455191 2.142305693455191 0.9737753152069049 0.9737753152069049 1.0 1.0 1.0 1.0 1.5 1.5 2.0 2.0 10.0 10.0 0 0.0 0 0.0 5.075431016179807 0.0 3.714835124201342 12 4 3.0 0.0 0.0 3.0 3.0 3.0 3.0 3.0 11.0 5.597618541248888 0.508874412840808 6.0 6.75 10.0 14.25 18.0 4 5.0 0.0 0.0 5.0 5.0 5.0 5.0 5.0 11.0 11.0 5.597618541248888 5.597618541248888 0.508874412840808 0.0 6.0 0.0 6.75 0.0 10.0 0.0 14.25 0.0 18.0 0.0
44 14 1 6.9405340999999225 1.123898799999722 0.0 8.064432899999645 4.324243899999772 13.763716199999351 0.8978518937499516 557.9609375 551.6484375 77 77 1.0 0 44 44 False 0 0 False 1.75 1.75 1.1232221093696224 1.1232221093696224 0.64184120535407 0.64184120535407 1.0 1.0 1.0 1.0 1.0 1.0 2.0 2.0 6.0 6.0 0 0.0 0 0.0 1.9778604142309484 3.1946646698740033 6.923292951632023 0 0 0.0 0.0 0.0 0.0 0.0 0.0 0.0 0.0 0.0 0.0 0.0 0.0 0.0 0.0 0.0 0.0 16 2.75 1.3416407864998738 0.487869376909045 1.0 2.0 2.5 4.0 5.0 4.8125 4.8125 3.187867625859016 3.187867625859016 0.6624140521265488 0.0 1.0 0.0 2.0 0.0 4.0 0.0 7.25 0.0 10.0 0.0
45 15 3 1.1308994000003736 0.804466800000057 0.0 1.9353662000004306 1.9353662000004306 1.9353662000004306 1.9353662000004306 555.34765625 547.3046875 20 20 1.0 20 1 0 False 0 0 False 1.0 1.0 0.0 0.0 0.0 0.0 0.0 0.0 0.0 0.0 0.0 0.0 0.0 0.0 0.0 0.0 0 0.0 0 0.0 0.0 0.0 0.0 3 1 3.0 0.0 0.0 3.0 3.0 3.0 3.0 3.0 20.0 0.0 0.0 20.0 20.0 20.0 20.0 20.0 1 1.0 0.0 0.0 0.0 0.0 0.0 0.0 0.0 1.0 1.0 0.0 0.0 0.0 0.0 0.0 0.0 0.0 0.0 0.0 0.0 0.0 0.0 0.0 0.0
46 15 2 2.672183300000029 0.5539359999999078 0.0 3.2261192999999366 3.4674515000002657 5.161485500000367 1.3122513250000765 568.11328125 559.69140625 42 42 1.0 42 20 20 False 0 0 False 2.1 2.1 2.074912807299318 2.074912807299318 0.9880537177615799 0.9880537177615799 1.0 1.0 1.0 1.0 1.0 1.0 2.25 2.25 10.0 10.0 0 0.0 0 0.0 7.417209717946498 0.0 6.107372593840988 12 4 3.0 0.0 0.0 3.0 3.0 3.0 3.0 3.0 10.5 6.137317546507322 0.5845064330006974 5.0 5.75 9.5 14.25 18.0 4 5.0 0.0 0.0 5.0 5.0 5.0 5.0 5.0 10.5 10.5 6.137317546507322 6.137317546507322 0.5845064330006974 0.0 5.0 0.0 5.75 0.0 9.5 0.0 14.25 0.0 18.0 0.0
47 15 1 8.076658599999917 2.257086299999969 0.0 10.333744899999886 4.51207530000022 15.495230400000253 1.0076179875000122 578.72265625 570.31640625 85 85 1.0 0 42 42 True 0 0 False 2.0238095238095237 2.0238095238095237 2.2739242967427638 2.2739242967427638 1.1369621483713819 1.1369621483713819 1.0 1.0 1.0 1.0 1.0 1.0 2.0 2.0 15.0 15.0 0 0.0 0 0.0 5.212772484635061 5.942741494511454 8.849954303637427 0 0 0.0 0.0 0.0 0.0 0.0 0.0 0.0 0.0 0.0 0.0 0.0 0.0 0.0 0.0 0.0 0.0 16 2.625 1.4548768561863463 0.5542388023567033 1.0 1.0 2.5 4.0 5.0 5.3125 5.3125 4.407852840858763 4.407852840858763 0.8297134759263555 0.0 1.0 0.0 1.75 0.0 4.5 0.0 8.25 0.0 17.0 0.0
48 16 3 1.1621723999999745 0.7205518999999754 0.0 1.8827242999999498 1.8827242999999498 1.8827242999999498 1.8827242999999498 570.81640625 563.671875 20 20 1.0 20 1 0 False 0 0 False 1.0 1.0 0.0 0.0 0.0 0.0 0.0 0.0 0.0 0.0 0.0 0.0 0.0 0.0 0.0 0.0 0 0.0 0 0.0 0.0 0.0 0.0 3 1 3.0 0.0 0.0 3.0 3.0 3.0 3.0 3.0 20.0 0.0 0.0 20.0 20.0 20.0 20.0 20.0 1 1.0 0.0 0.0 0.0 0.0 0.0 0.0 0.0 1.0 1.0 0.0 0.0 0.0 0.0 0.0 0.0 0.0 0.0 0.0 0.0 0.0 0.0 0.0 0.0
49 16 2 2.8000764999998182 0.995932099999834 0.0 3.7960085999996522 3.7218563999997514 5.678732899999602 1.4411165749998958 585.35546875 577.19140625 44 44 1.0 44 20 20 False 0 0 False 2.2 2.2 2.015727634065883 2.015727634065883 0.9162398336663103 0.9162398336663103 1.0 1.0 1.0 1.0 2.0 2.0 3.0 3.0 10.0 10.0 0 0.0 0 0.0 5.5407580708780255 0.0 4.427188724235731 12 4 3.0 0.0 0.0 3.0 3.0 3.0 3.0 3.0 11.0 6.2182527020592095 0.5652957001872009 6.0 7.5 9.0 12.5 20.0 4 5.0 0.0 0.0 5.0 5.0 5.0 5.0 5.0 11.0 11.0 6.2182527020592095 6.2182527020592095 0.5652957001872009 0.0 6.0 0.0 7.5 0.0 9.0 0.0 12.5 0.0 20.0 0.0
50 16 1 9.41505379999984 10.77468859999999 0.0 20.18974239999983 4.55286889999968 25.86847529999943 1.6545436937499645 635.1796875 633.67578125 96 96 1.0 0 44 44 False 0 0 False 2.1818181818181817 2.1818181818181817 3.9548188284892856 3.9548188284892856 1.8126252963909226 1.8126252963909226 1.0 1.0 1.0 1.0 1.0 1.0 2.0 2.0 27.0 27.0 0 0.0 0 0.0 13.026118073551906 4.162154419500159 12.583836504678157 0 0 0.0 0.0 0.0 0.0 0.0 0.0 0.0 0.0 0.0 0.0 0.0 0.0 0.0 0.0 0.0 0.0 16 2.75 1.4375905768565218 0.5227602097660079 1.0 2.0 2.0 3.5 5.0 6.0 6.0 7.014271166700073 7.014271166700073 1.1690451944500122 0.0 1.0 0.0 2.0 0.0 3.5 0.0 8.0 0.0 30.0 0.0
51 17 3 1.1401344999999878 0.7825190999998881 0.0 1.922653599999876 1.922653599999876 1.922653599999876 1.922653599999876 607.453125 600.21875 20 20 1.0 20 1 0 False 0 0 False 1.0 1.0 0.0 0.0 0.0 0.0 0.0 0.0 0.0 0.0 0.0 0.0 0.0 0.0 0.0 0.0 0 0.0 0 0.0 0.0 0.0 0.0 3 1 3.0 0.0 0.0 3.0 3.0 3.0 3.0 3.0 20.0 0.0 0.0 20.0 20.0 20.0 20.0 20.0 1 1.0 0.0 0.0 0.0 0.0 0.0 0.0 0.0 1.0 1.0 0.0 0.0 0.0 0.0 0.0 0.0 0.0 0.0 0.0 0.0 0.0 0.0 0.0 0.0
52 17 2 2.6408733000000666 0.5502242000001161 0.0 3.1910975000001827 3.444121799999948 5.113751100000059 1.2997598999999838 620.7890625 613.01171875 42 42 1.0 42 20 20 False 0 0 False 2.1 2.1 2.074912807299318 2.074912807299318 0.9880537177615799 0.9880537177615799 1.0 1.0 1.0 1.0 1.0 1.0 2.25 2.25 10.0 10.0 0 0.0 0 0.0 7.271519786124492 0.0 5.941380311005179 12 4 3.0 0.0 0.0 3.0 3.0 3.0 3.0 3.0 10.5 6.137317546507322 0.5845064330006974 5.0 5.75 9.5 14.25 18.0 4 5.0 0.0 0.0 5.0 5.0 5.0 5.0 5.0 10.5 10.5 6.137317546507322 6.137317546507322 0.5845064330006974 0.0 5.0 0.0 5.75 0.0 9.5 0.0 14.25 0.0 18.0 0.0
53 17 1 6.385884500000088 1.0297738999997819 0.0 7.41565839999987 4.172709200000156 12.529409499999929 0.8205925687499978 621.48046875 615.375 71 71 1.0 0 42 42 False 0 0 False 1.6904761904761905 1.6904761904761905 0.9750070728472726 0.9750070728472726 0.5767647473181049 0.5767647473181049 1.0 1.0 1.0 1.0 1.0 1.0 2.0 2.0 6.0 6.0 0 0.0 0 0.0 3.443186991597768 5.784741592683086 12.83829004098562 0 0 0.0 0.0 0.0 0.0 0.0 0.0 0.0 0.0 0.0 0.0 0.0 0.0 0.0 0.0 0.0 0.0 16 2.625 1.4548768561863463 0.5542388023567033 1.0 1.0 2.5 4.0 5.0 4.4375 4.4375 3.1404617494884413 3.1404617494884413 0.7077096900255643 0.0 1.0 0.0 1.75 0.0 3.5 0.0 7.25 0.0 9.0 0.0
54 18 3 1.1336451999999326 0.7828255000000013 0.0 1.916470699999934 1.916470699999934 1.916470699999934 1.916470699999934 620.40625 612.75390625 20 20 1.0 20 1 0 False 0 0 False 1.0 1.0 0.0 0.0 0.0 0.0 0.0 0.0 0.0 0.0 0.0 0.0 0.0 0.0 0.0 0.0 0 0.0 0 0.0 0.0 0.0 0.0 3 1 3.0 0.0 0.0 3.0 3.0 3.0 3.0 3.0 20.0 0.0 0.0 20.0 20.0 20.0 20.0 20.0 1 1.0 0.0 0.0 0.0 0.0 0.0 0.0 0.0 1.0 1.0 0.0 0.0 0.0 0.0 0.0 0.0 0.0 0.0 0.0 0.0 0.0 0.0 0.0 0.0
55 18 2 2.7699611000001596 0.5391357999999968 0.0 3.3090969000001564 3.4509572999999705 5.22556760000009 1.3279665500000135 636.73046875 630.40625 44 44 1.0 44 20 20 False 0 0 False 2.2 2.2 2.0416711421361615 2.0416711421361615 0.9280323373346188 0.9280323373346188 1.0 1.0 1.0 1.0 2.0 2.0 2.25 2.25 10.0 10.0 0 0.0 0 0.0 6.1895072501775115 0.0 4.69041575982343 12 4 3.0 0.0 0.0 3.0 3.0 3.0 3.0 3.0 11.0 5.033222956847166 0.4575657233497424 6.0 9.0 10.0 12.0 18.0 4 5.0 0.0 0.0 5.0 5.0 5.0 5.0 5.0 11.0 11.0 5.033222956847166 5.033222956847166 0.4575657233497424 0.0 6.0 0.0 9.0 0.0 10.0 0.0 12.0 0.0 18.0 0.0
56 18 1 9.25571130000003 7.288180500000351 0.0 16.54389180000038 4.179014099999961 21.76945940000047 1.398372131250028 662.16796875 661.84765625 96 96 1.0 0 44 44 False 0 0 False 2.1818181818181817 2.1818181818181817 3.6553415980905943 3.6553415980905943 1.6753648991248558 1.6753648991248558 1.0 1.0 1.0 1.0 1.0 1.0 2.0 2.0 25.0 25.0 0 0.0 0 0.0 11.46689449770458 4.382451637262091 7.933547533770011 0 0 0.0 0.0 0.0 0.0 0.0 0.0 0.0 0.0 0.0 0.0 0.0 0.0 0.0 0.0 0.0 0.0 16 2.75 1.2382783747337807 0.45028304535773844 1.0 2.0 2.5 3.25 5.0 6.0 6.0 6.0882400303098 6.0882400303098 1.0147066717183 0.0 1.0 0.0 2.0 0.0 5.0 0.0 7.0 0.0 26.0 0.0
57 19 3 1.1360665999998787 0.7979389999999853 0.0 1.934005599999864 1.934005599999864 1.934005599999864 1.934005599999864 640.3984375 632.88671875 20 20 1.0 20 1 0 False 0 0 False 1.0 1.0 0.0 0.0 0.0 0.0 0.0 0.0 0.0 0.0 0.0 0.0 0.0 0.0 0.0 0.0 0 0.0 0 0.0 0.0 0.0 0.0 3 1 3.0 0.0 0.0 3.0 3.0 3.0 3.0 3.0 20.0 0.0 0.0 20.0 20.0 20.0 20.0 20.0 1 1.0 0.0 0.0 0.0 0.0 0.0 0.0 0.0 1.0 1.0 0.0 0.0 0.0 0.0 0.0 0.0 0.0 0.0 0.0 0.0 0.0 0.0 0.0 0.0
58 19 2 2.637736499999903 0.5620495999999662 0.0 3.1997860999998693 3.4659455999996 5.133791699999733 1.3049311249999391 653.375 645.59375 42 42 1.0 42 20 20 False 0 0 False 2.1 2.1 2.074912807299318 2.074912807299318 0.9880537177615799 0.9880537177615799 1.0 1.0 1.0 1.0 1.0 1.0 2.25 2.25 10.0 10.0 0 0.0 0 0.0 7.417209717946498 0.0 6.107372593840988 12 4 3.0 0.0 0.0 3.0 3.0 3.0 3.0 3.0 10.5 6.137317546507322 0.5845064330006974 5.0 5.75 9.5 14.25 18.0 4 5.0 0.0 0.0 5.0 5.0 5.0 5.0 5.0 10.5 10.5 6.137317546507322 6.137317546507322 0.5845064330006974 0.0 5.0 0.0 5.75 0.0 9.5 0.0 14.25 0.0 18.0 0.0
59 19 1 7.17751590000006 1.560585299999957 0.0 8.738101200000017 4.185578699999553 13.87189289999975 0.9044937499999897 659.83203125 653.8203125 79 79 1.0 0 42 42 False 0 0 False 1.880952380952381 1.880952380952381 1.6109742689559305 1.6109742689559305 0.8564673328626466 0.8564673328626466 1.0 1.0 1.0 1.0 1.0 1.0 2.0 2.0 10.0 10.0 0 0.0 0 0.0 3.543635240549597 5.942741494511454 8.824160516645728 0 0 0.0 0.0 0.0 0.0 0.0 0.0 0.0 0.0 0.0 0.0 0.0 0.0 0.0 0.0 0.0 0.0 16 2.625 1.4548768561863463 0.5542388023567033 1.0 1.0 2.5 4.0 5.0 4.9375 4.9375 3.660031875999625 3.660031875999625 0.7412722786834683 0.0 1.0 0.0 1.75 0.0 4.5 0.0 7.25 0.0 13.0 0.0
60 20 3 1.1387346000000207 0.7034107000000063 0.0 1.842145300000027 1.842145300000027 1.842145300000027 1.842145300000027 654.46875 646.87109375 20 20 1.0 20 1 0 False 0 0 False 1.0 1.0 0.0 0.0 0.0 0.0 0.0 0.0 0.0 0.0 0.0 0.0 0.0 0.0 0.0 0.0 0 0.0 0 0.0 0.0 0.0 0.0 3 1 3.0 0.0 0.0 3.0 3.0 3.0 3.0 3.0 20.0 0.0 0.0 20.0 20.0 20.0 20.0 20.0 1 1.0 0.0 0.0 0.0 0.0 0.0 0.0 0.0 1.0 1.0 0.0 0.0 0.0 0.0 0.0 0.0 0.0 0.0 0.0 0.0 0.0 0.0 0.0 0.0
61 20 2 2.794898500000727 0.6113807999998926 0.0 3.4062793000006195 3.6412495000000717 5.2484246000006465 1.3336861500001618 666.921875 659.16015625 44 44 1.0 44 20 20 False 0 0 False 2.2 2.2 2.015727634065883 2.015727634065883 0.9162398336663103 0.9162398336663103 1.0 1.0 1.0 1.0 2.0 2.0 3.0 3.0 10.0 10.0 0 0.0 0 0.0 5.589275444992847 0.0 4.427188724235731 12 4 3.0 0.0 0.0 3.0 3.0 3.0 3.0 3.0 11.0 6.2182527020592095 0.5652957001872009 6.0 7.5 9.0 12.5 20.0 4 5.0 0.0 0.0 5.0 5.0 5.0 5.0 5.0 11.0 11.0 6.2182527020592095 6.2182527020592095 0.5652957001872009 0.0 6.0 0.0 7.5 0.0 9.0 0.0 12.5 0.0 20.0 0.0
62 20 1 9.392901199999585 10.374963499999637 0.0 19.767864699999222 4.473834000000011 25.01628929999987 1.6010483624999736 705.20703125 703.09375 96 96 1.0 0 44 44 False 0 0 False 2.1818181818181817 2.1818181818181817 4.104862274395422 4.104862274395422 1.8813952090979018 1.8813952090979018 1.0 1.0 1.0 1.0 1.0 1.0 2.0 2.0 28.0 28.0 0 0.0 0 0.0 13.047671651953465 4.162154419500159 12.576822754107466 0 0 0.0 0.0 0.0 0.0 0.0 0.0 0.0 0.0 0.0 0.0 0.0 0.0 0.0 0.0 0.0 0.0 16 2.75 1.4375905768565218 0.5227602097660079 1.0 2.0 2.0 3.5 5.0 6.0 6.0 7.023769168568493 7.023769168568493 1.1706281947614154 0.0 1.0 0.0 2.0 0.0 3.5 0.0 8.0 0.0 30.0 0.0
63 21 3 1.1469315000000506 0.7096452999998064 0.0 1.856576799999857 1.856576799999857 1.856576799999857 1.856576799999857 678.72265625 672.30859375 20 20 1.0 20 1 0 False 0 0 False 1.0 1.0 0.0 0.0 0.0 0.0 0.0 0.0 0.0 0.0 0.0 0.0 0.0 0.0 0.0 0.0 0 0.0 0 0.0 0.0 0.0 0.0 3 1 3.0 0.0 0.0 3.0 3.0 3.0 3.0 3.0 20.0 0.0 0.0 20.0 20.0 20.0 20.0 20.0 1 1.0 0.0 0.0 0.0 0.0 0.0 0.0 0.0 1.0 1.0 0.0 0.0 0.0 0.0 0.0 0.0 0.0 0.0 0.0 0.0 0.0 0.0 0.0 0.0
64 21 2 2.7876222999999527 0.5897532999997566 0.0 3.3773755999997093 3.5116856999997026 5.233952399999566 1.3298705249998761 692.484375 684.75390625 44 44 1.0 44 20 20 False 0 0 False 2.2 2.2 2.142305693455191 2.142305693455191 0.9737753152069049 0.9737753152069049 1.0 1.0 1.0 1.0 1.0 1.0 3.0 3.0 10.0 10.0 0 0.0 0 0.0 5.315072906367324 0.0 4.09878030638384 12 4 3.0 0.0 0.0 3.0 3.0 3.0 3.0 3.0 11.0 6.324555320336759 0.574959574576069 5.0 6.5 10.0 14.5 19.0 4 5.0 0.0 0.0 5.0 5.0 5.0 5.0 5.0 11.0 11.0 6.324555320336759 6.324555320336759 0.574959574576069 0.0 5.0 0.0 6.5 0.0 10.0 0.0 14.5 0.0 19.0 0.0
65 21 1 9.71891219999975 7.213363100000038 0.0 16.932275299999787 4.235735999999633 22.166227699999354 1.423097393749977 722.7578125 724.0 101 101 1.0 0 44 44 False 0 0 False 2.2954545454545454 2.2954545454545454 3.3934241844426483 3.3934241844426483 1.478323407083926 1.478323407083926 1.0 1.0 1.0 1.0 1.0 1.0 2.0 2.0 23.0 23.0 0 0.0 0 0.0 12.587493383093452 3.633989866928797 10.261202629895031 0 0 0.0 0.0 0.0 0.0 0.0 0.0 0.0 0.0 0.0 0.0 0.0 0.0 0.0 0.0 0.0 0.0 16 2.75 1.4832396974191326 0.5393598899705937 1.0 1.75 2.5 4.0 5.0 6.3125 6.3125 6.405401366555156 6.405401366555156 1.0147170481671535 0.0 1.0 0.0 2.0 0.0 5.0 0.0 8.25 0.0 27.0 0.0
66 22 3 1.1290527000003294 0.7664644999999837 0.0 1.895517200000313 1.895517200000313 1.895517200000313 1.895517200000313 696.51171875 689.23828125 20 20 1.0 20 1 0 False 0 0 False 1.0 1.0 0.0 0.0 0.0 0.0 0.0 0.0 0.0 0.0 0.0 0.0 0.0 0.0 0.0 0.0 0 0.0 0 0.0 0.0 0.0 0.0 3 1 3.0 0.0 0.0 3.0 3.0 3.0 3.0 3.0 20.0 0.0 0.0 20.0 20.0 20.0 20.0 20.0 1 1.0 0.0 0.0 0.0 0.0 0.0 0.0 0.0 1.0 1.0 0.0 0.0 0.0 0.0 0.0 0.0 0.0 0.0 0.0 0.0 0.0 0.0 0.0 0.0
67 22 2 2.785377699999799 0.5880942000002278 0.0 3.373471900000027 3.545991400000048 5.26898910000034 1.338735500000098 714.8046875 707.3828125 44 44 1.0 44 20 20 False 0 0 False 2.2 2.2 2.142305693455191 2.142305693455191 0.9737753152069049 0.9737753152069049 1.0 1.0 1.0 1.0 1.0 1.0 3.0 3.0 10.0 10.0 0 0.0 0 0.0 5.315072906367324 0.0 4.09878030638384 12 4 3.0 0.0 0.0 3.0 3.0 3.0 3.0 3.0 11.0 6.324555320336759 0.574959574576069 5.0 6.5 10.0 14.5 19.0 4 5.0 0.0 0.0 5.0 5.0 5.0 5.0 5.0 11.0 11.0 6.324555320336759 6.324555320336759 0.574959574576069 0.0 5.0 0.0 6.5 0.0 10.0 0.0 14.5 0.0 19.0 0.0
68 22 1 6.971275800000512 1.1548649000002342 0.0 8.126140700000747 4.272767200000203 13.395129800001087 0.874945093750064 717.46484375 711.79296875 77 77 1.0 0 44 44 False 0 0 False 1.75 1.75 1.143739277494535 1.143739277494535 0.6535653014254486 0.6535653014254486 1.0 1.0 1.0 1.0 1.0 1.0 2.0 2.0 6.0 6.0 0 0.0 0 0.0 2.0289103658681604 3.633989866928797 7.445759748695503 0 0 0.0 0.0 0.0 0.0 0.0 0.0 0.0 0.0 0.0 0.0 0.0 0.0 0.0 0.0 0.0 0.0 16 2.75 1.4832396974191326 0.5393598899705937 1.0 1.75 2.5 4.0 5.0 4.8125 4.8125 3.3509948771471834 3.3509948771471834 0.6963106238227913 0.0 1.0 0.0 1.75 0.0 4.0 0.0 7.25 0.0 10.0 0.0
69 23 3 1.130187600000113 0.644218799999976 0.0 1.774406400000089 1.774406400000089 1.774406400000089 1.774406400000089 713.6015625 705.83203125 20 20 1.0 20 1 0 False 0 0 False 1.0 1.0 0.0 0.0 0.0 0.0 0.0 0.0 0.0 0.0 0.0 0.0 0.0 0.0 0.0 0.0 0 0.0 0 0.0 0.0 0.0 0.0 3 1 3.0 0.0 0.0 3.0 3.0 3.0 3.0 3.0 20.0 0.0 0.0 20.0 20.0 20.0 20.0 20.0 1 1.0 0.0 0.0 0.0 0.0 0.0 0.0 0.0 1.0 1.0 0.0 0.0 0.0 0.0 0.0 0.0 0.0 0.0 0.0 0.0 0.0 0.0 0.0 0.0
70 23 2 2.7864163999998937 0.6856330999997908 0.0 3.4720494999996845 3.6408904999997276 5.2464558999997735 1.3329418499999122 727.515625 719.96875 44 44 1.0 44 20 20 False 0 0 False 2.2 2.2 2.1667341419992585 2.1667341419992585 0.9848791554542083 0.9848791554542083 1.0 1.0 1.0 1.0 1.0 1.0 2.25 2.25 10.0 10.0 0 0.0 0 0.0 7.43572457800852 0.0 6.016643582596529 12 4 3.0 0.0 0.0 3.0 3.0 3.0 3.0 3.0 11.0 6.377042156569663 0.5797311051426967 5.0 8.0 9.5 12.5 20.0 4 5.0 0.0 0.0 5.0 5.0 5.0 5.0 5.0 11.0 11.0 6.377042156569663 6.377042156569663 0.5797311051426967 0.0 5.0 0.0 8.0 0.0 9.5 0.0 12.5 0.0 20.0 0.0
71 23 1 7.815399200000229 1.763738600000579 0.0 9.579137800000808 4.476973399999679 14.825593700000582 0.9642392812500162 734.4453125 728.6875 85 85 1.0 0 44 44 False 0 0 False 1.9318181818181819 1.9318181818181819 1.860204130743136 1.860204130743136 0.9629291970905646 0.9629291970905646 1.0 1.0 1.0 1.0 1.0 1.0 2.0 2.0 12.0 12.0 0 0.0 0 0.0 4.56832315475613 5.886175228748241 7.98700691196425 0 0 0.0 0.0 0.0 0.0 0.0 0.0 0.0 0.0 0.0 0.0 0.0 0.0 0.0 0.0 0.0 0.0 16 2.75 1.4832396974191326 0.5393598899705937 1.0 2.0 2.0 3.5 5.0 5.3125 5.3125 3.78978891232744 3.78978891232744 0.7133720305557534 0.0 1.0 0.0 2.0 0.0 4.0 0.0 8.0 0.0 13.0 0.0
72 24 3 1.1294005999998262 0.8567668000001731 0.0 1.9861673999999994 1.9861673999999994 1.9861673999999994 1.9861673999999994 727.95703125 720.1328125 20 20 1.0 20 1 0 False 0 0 False 1.0 1.0 0.0 0.0 0.0 0.0 0.0 0.0 0.0 0.0 0.0 0.0 0.0 0.0 0.0 0.0 0 0.0 0 0.0 0.0 0.0 0.0 3 1 3.0 0.0 0.0 3.0 3.0 3.0 3.0 3.0 20.0 0.0 0.0 20.0 20.0 20.0 20.0 20.0 1 1.0 0.0 0.0 0.0 0.0 0.0 0.0 0.0 1.0 1.0 0.0 0.0 0.0 0.0 0.0 0.0 0.0 0.0 0.0 0.0 0.0 0.0 0.0 0.0
73 24 2 2.787342899999885 0.5900254999999106 0.0 3.3773683999997957 3.6292140000000472 5.363535799999795 1.362397724999994 745.8671875 738.046875 44 44 1.0 44 20 20 False 0 0 False 2.2 2.2 2.117595458607661 2.117595458607661 0.9625433902762094 0.9625433902762094 1.0 1.0 1.0 1.0 1.0 1.0 3.0 3.0 10.0 10.0 0 0.0 0 0.0 5.137119815616527 0.0 4.09878030638384 12 4 3.0 0.0 0.0 3.0 3.0 3.0 3.0 3.0 11.0 6.324555320336759 0.574959574576069 5.0 6.5 10.0 14.5 19.0 4 5.0 0.0 0.0 5.0 5.0 5.0 5.0 5.0 11.0 11.0 6.324555320336759 6.324555320336759 0.574959574576069 0.0 5.0 0.0 6.5 0.0 10.0 0.0 14.5 0.0 19.0 0.0
74 24 1 8.425185000000397 2.1145326999993586 0.0 10.539717699999755 4.353905200000213 15.90325349999955 1.031633287499993 753.97265625 746.14453125 91 91 1.0 0 44 44 False 0 0 False 2.0681818181818183 2.0681818181818183 2.2762446354888937 2.2762446354888937 1.1006018017748496 1.1006018017748496 1.0 1.0 1.0 1.0 1.0 1.0 2.0 2.0 15.0 15.0 0 0.0 0 0.0 7.129103863798486 3.633989866928797 6.639205081758437 0 0 0.0 0.0 0.0 0.0 0.0 0.0 0.0 0.0 0.0 0.0 0.0 0.0 0.0 0.0 0.0 0.0 16 2.75 1.4832396974191326 0.5393598899705937 1.0 1.75 2.5 4.0 5.0 5.6875 5.6875 4.43799879825731 4.43799879825731 0.7803074810122743 0.0 1.0 0.0 2.0 0.0 5.0 0.0 8.25 0.0 17.0 0.0
75 25 3 1.131574399999863 0.6558964000000742 0.0 1.7874707999999373 1.7874707999999373 1.7874707999999373 1.7874707999999373 744.71484375 736.953125 20 20 1.0 20 1 0 False 0 0 False 1.0 1.0 0.0 0.0 0.0 0.0 0.0 0.0 0.0 0.0 0.0 0.0 0.0 0.0 0.0 0.0 0 0.0 0 0.0 0.0 0.0 0.0 3 1 3.0 0.0 0.0 3.0 3.0 3.0 3.0 3.0 20.0 0.0 0.0 20.0 20.0 20.0 20.0 20.0 1 1.0 0.0 0.0 0.0 0.0 0.0 0.0 0.0 1.0 1.0 0.0 0.0 0.0 0.0 0.0 0.0 0.0 0.0 0.0 0.0 0.0 0.0 0.0 0.0
76 25 2 2.6452928999999585 0.5922370999995792 0.0 3.2375299999995377 3.580761199999756 5.025000799999475 1.2774036999998941 759.78515625 753.56640625 42 42 1.0 42 20 20 False 0 0 False 2.1 2.1 2.074912807299318 2.074912807299318 0.9880537177615799 0.9880537177615799 1.0 1.0 1.0 1.0 1.0 1.0 2.25 2.25 10.0 10.0 0 0.0 0 0.0 5.862166834882814 0.0 4.868264577855234 12 4 3.0 0.0 0.0 3.0 3.0 3.0 3.0 3.0 10.5 6.658328118479393 0.634126487474228 5.0 6.5 8.5 12.5 20.0 4 5.0 0.0 0.0 5.0 5.0 5.0 5.0 5.0 10.5 10.5 6.658328118479393 6.658328118479393 0.634126487474228 0.0 5.0 0.0 6.5 0.0 8.5 0.0 12.5 0.0 20.0 0.0
77 25 1 7.935345000000325 2.03838450000012 0.0 9.973729500000445 4.413078799999994 14.99873029999992 0.9751763125000039 770.0 762.1484375 85 85 1.0 0 42 42 False 0 0 False 2.0238095238095237 2.0238095238095237 2.4343887422102015 2.4343887422102015 1.2028744373273936 1.2028744373273936 1.0 1.0 1.0 1.0 1.0 1.0 2.0 2.0 16.0 16.0 0 0.0 0 0.0 7.516465925893441 4.564086146529355 7.027650222304667 0 0 0.0 0.0 0.0 0.0 0.0 0.0 0.0 0.0 0.0 0.0 0.0 0.0 0.0 0.0 0.0 0.0 16 2.625 1.5438048235879214 0.5881161232715891 1.0 1.75 2.0 3.5 5.0 5.3125 5.3125 4.3927022814360335 4.3927022814360335 0.826861605917371 0.0 1.0 0.0 2.0 0.0 4.0 0.0 8.0 0.0 17.0 0.0
78 26 3 1.1298205000001644 0.6690882999998848 0.0 1.7989088000000493 1.7989088000000493 1.7989088000000493 1.7989088000000493 760.63671875 752.703125 20 20 1.0 20 1 0 False 0 0 False 1.0 1.0 0.0 0.0 0.0 0.0 0.0 0.0 0.0 0.0 0.0 0.0 0.0 0.0 0.0 0.0 0 0.0 0 0.0 0.0 0.0 0.0 3 1 3.0 0.0 0.0 3.0 3.0 3.0 3.0 3.0 20.0 0.0 0.0 20.0 20.0 20.0 20.0 20.0 1 1.0 0.0 0.0 0.0 0.0 0.0 0.0 0.0 1.0 1.0 0.0 0.0 0.0 0.0 0.0 0.0 0.0 0.0 0.0 0.0 0.0 0.0 0.0 0.0
79 26 2 2.6595944000001737 0.6445787999998629 0.0 3.3041732000000366 3.6554136000003155 5.103082000000086 1.2970064749999892 775.73046875 769.6015625 42 42 1.0 42 20 20 False 0 0 False 2.1 2.1 2.1496633763403397 2.1496633763403397 1.0236492268287332 1.0236492268287332 1.0 1.0 1.0 1.0 1.0 1.0 2.25 2.25 10.0 10.0 0 0.0 0 0.0 6.058465152165191 0.0 4.868264577855234 12 4 3.0 0.0 0.0 3.0 3.0 3.0 3.0 3.0 10.5 6.658328118479393 0.634126487474228 5.0 6.5 8.5 12.5 20.0 4 5.0 0.0 0.0 5.0 5.0 5.0 5.0 5.0 10.5 10.5 6.658328118479393 6.658328118479393 0.634126487474228 0.0 5.0 0.0 6.5 0.0 8.5 0.0 12.5 0.0 20.0 0.0
80 26 1 8.10758429999953 1.4103420000001279 0.0 9.517926299999658 4.487397900000246 14.621008299999744 0.9512997187499721 785.234375 778.4453125 87 87 1.0 0 42 42 False 0 0 False 2.0714285714285716 2.0714285714285716 2.2674026952833937 2.2674026952833937 1.0946081977230175 1.0946081977230175 1.0 1.0 1.0 1.0 2.0 2.0 2.0 2.0 15.0 15.0 0 0.0 0 0.0 7.030727021366968 4.564086146529355 7.4299424033869235 0 0 0.0 0.0 0.0 0.0 0.0 0.0 0.0 0.0 0.0 0.0 0.0 0.0 0.0 0.0 0.0 0.0 16 2.625 1.5438048235879214 0.5881161232715891 1.0 1.75 2.0 3.5 5.0 5.4375 5.4375 4.350766216043637 4.350766216043637 0.8001409132953816 0.0 1.0 0.0 2.0 0.0 4.0 0.0 8.0 0.0 16.0 0.0
81 27 3 1.1288009999997257 0.7333303000002616 0.0 1.8621312999999873 1.8621312999999873 1.8621312999999873 1.8621312999999873 777.02734375 769.25390625 20 20 1.0 20 1 0 False 0 0 False 1.0 1.0 0.0 0.0 0.0 0.0 0.0 0.0 0.0 0.0 0.0 0.0 0.0 0.0 0.0 0.0 0 0.0 0 0.0 0.0 0.0 0.0 3 1 3.0 0.0 0.0 3.0 3.0 3.0 3.0 3.0 20.0 0.0 0.0 20.0 20.0 20.0 20.0 20.0 1 1.0 0.0 0.0 0.0 0.0 0.0 0.0 0.0 1.0 1.0 0.0 0.0 0.0 0.0 0.0 0.0 0.0 0.0 0.0 0.0 0.0 0.0 0.0 0.0
82 27 2 2.7888373999998066 0.6497372999998561 0.0 3.4385746999996627 3.6956274000001486 5.30070599999965 1.3466944499999443 792.37890625 785.5390625 44 44 1.0 44 20 20 False 0 0 False 2.2 2.2 2.117595458607661 2.117595458607661 0.9625433902762094 0.9625433902762094 1.0 1.0 1.0 1.0 1.0 1.0 3.0 3.0 10.0 10.0 0 0.0 0 0.0 5.542562584220406 0.0 4.427188724235731 12 4 3.0 0.0 0.0 3.0 3.0 3.0 3.0 3.0 11.0 6.2182527020592095 0.5652957001872009 6.0 7.5 9.0 12.5 20.0 4 5.0 0.0 0.0 5.0 5.0 5.0 5.0 5.0 11.0 11.0 6.2182527020592095 6.2182527020592095 0.5652957001872009 0.0 6.0 0.0 7.5 0.0 9.0 0.0 12.5 0.0 20.0 0.0
83 27 1 8.39411589999986 1.8355663000002096 0.0 10.22968220000007 4.524933700000133 15.53038819999972 1.0083784687499815 806.7578125 801.265625 89 89 1.0 0 44 44 False 0 0 False 2.022727272727273 2.022727272727273 2.7910874463535515 2.7910874463535515 1.3798634566242276 1.3798634566242276 1.0 1.0 1.0 1.0 1.0 1.0 2.0 2.0 19.0 19.0 0 0.0 0 0.0 7.916255245217784 4.162154419500159 9.264396586807317 0 0 0.0 0.0 0.0 0.0 0.0 0.0 0.0 0.0 0.0 0.0 0.0 0.0 0.0 0.0 0.0 0.0 16 2.75 1.4375905768565218 0.5227602097660079 1.0 2.0 2.0 3.5 5.0 5.5625 5.5625 5.202163011671203 5.202163011671203 0.9352203167049354 0.0 1.0 0.0 2.0 0.0 3.5 0.0 8.0 0.0 21.0 0.0
84 28 3 1.1345353000003797 0.7752274000001762 0.0 1.909762700000556 1.909762700000556 1.909762700000556 1.909762700000556 793.58203125 785.76953125 20 20 1.0 20 1 0 False 0 0 False 1.0 1.0 0.0 0.0 0.0 0.0 0.0 0.0 0.0 0.0 0.0 0.0 0.0 0.0 0.0 0.0 0 0.0 0 0.0 0.0 0.0 0.0 3 1 3.0 0.0 0.0 3.0 3.0 3.0 3.0 3.0 20.0 0.0 0.0 20.0 20.0 20.0 20.0 20.0 1 1.0 0.0 0.0 0.0 0.0 0.0 0.0 0.0 1.0 1.0 0.0 0.0 0.0 0.0 0.0 0.0 0.0 0.0 0.0 0.0 0.0 0.0 0.0 0.0
85 28 2 2.660439399999973 0.6196937999999363 0.0 3.2801331999999093 3.7412080000004835 5.189895900000465 1.318964825000137 808.34765625 802.1640625 42 42 1.0 42 20 20 False 0 0 False 2.1 2.1 2.0235456115702615 2.0235456115702615 0.9635931483667911 0.9635931483667911 1.0 1.0 1.0 1.0 1.5 1.5 2.25 2.25 10.0 10.0 0 0.0 0 0.0 5.710078808562978 0.0 4.868264577855234 12 4 3.0 0.0 0.0 3.0 3.0 3.0 3.0 3.0 10.5 6.658328118479393 0.634126487474228 5.0 6.5 8.5 12.5 20.0 4 5.0 0.0 0.0 5.0 5.0 5.0 5.0 5.0 10.5 10.5 6.658328118479393 6.658328118479393 0.634126487474228 0.0 5.0 0.0 6.5 0.0 8.5 0.0 12.5 0.0 20.0 0.0
86 28 1 6.438361099999838 1.0370057000003499 0.0 7.475366800000188 4.568218600000591 12.665262700000653 0.8290682375000458 807.23828125 802.03125 71 71 1.0 0 42 42 False 0 0 False 1.6904761904761905 1.6904761904761905 1.0238162763464755 1.0238162763464755 0.6056377972753799 0.6056377972753799 1.0 1.0 1.0 1.0 1.0 1.0 2.0 2.0 6.0 6.0 0 0.0 0 0.0 1.490553525048841 4.564086146529355 8.072169873744496 0 0 0.0 0.0 0.0 0.0 0.0 0.0 0.0 0.0 0.0 0.0 0.0 0.0 0.0 0.0 0.0 0.0 16 2.625 1.5438048235879214 0.5881161232715891 1.0 1.75 2.0 3.5 5.0 4.4375 4.4375 3.1191612120354835 3.1191612120354835 0.7029095689094047 0.0 1.0 0.0 2.0 0.0 3.0 0.0 7.25 0.0 10.0 0.0
87 29 3 1.1295874999998432 0.6307522000000745 0.0 1.7603396999999177 1.7603396999999177 1.7603396999999177 1.7603396999999177 807.8984375 800.04296875 20 20 1.0 20 1 0 False 0 0 False 1.0 1.0 0.0 0.0 0.0 0.0 0.0 0.0 0.0 0.0 0.0 0.0 0.0 0.0 0.0 0.0 0 0.0 0 0.0 0.0 0.0 0.0 3 1 3.0 0.0 0.0 3.0 3.0 3.0 3.0 3.0 20.0 0.0 0.0 20.0 20.0 20.0 20.0 20.0 1 1.0 0.0 0.0 0.0 0.0 0.0 0.0 0.0 1.0 1.0 0.0 0.0 0.0 0.0 0.0 0.0 0.0 0.0 0.0 0.0 0.0 0.0 0.0 0.0
88 29 2 2.671215800000141 0.6990911000001461 0.0 3.370306900000287 3.6679543000000194 5.130646600000205 1.30415270000006 822.03515625 815.21484375 42 42 1.0 42 20 20 False 0 0 False 2.1 2.1 2.125038699338017 2.125038699338017 1.0119231901609604 1.0119231901609604 1.0 1.0 1.0 1.0 1.0 1.0 2.0 2.0 10.0 10.0 0 0.0 0 0.0 7.887014644337867 0.0 6.640783086353597 12 4 3.0 0.0 0.0 3.0 3.0 3.0 3.0 3.0 10.5 6.855654600401044 0.6529194857524804 5.0 5.75 8.5 13.25 20.0 4 5.0 0.0 0.0 5.0 5.0 5.0 5.0 5.0 10.5 10.5 6.855654600401044 6.855654600401044 0.6529194857524804 0.0 5.0 0.0 5.75 0.0 8.5 0.0 13.25 0.0 20.0 0.0
89 29 1 9.290222100000392 6.9333469000004015 0.0 16.223569000000793 4.496926300000041 21.354215600000998 1.3722894375000578 851.4609375 852.46875 96 96 1.0 0 42 42 True 0 0 False 2.2857142857142856 2.2857142857142856 3.040665157379736 3.040665157379736 1.3732036194618162 1.3732036194618162 1.0 1.0 1.0 1.0 1.0 1.0 2.0 2.0 20.0 20.0 0 0.0 0 0.0 10.329437492504832 6.55351275361273 9.554795531410331 0 0 0.0 0.0 0.0 0.0 0.0 0.0 0.0 0.0 0.0 0.0 0.0 0.0 0.0 0.0 0.0 0.0 16 2.625 1.5864005379054391 0.604343062059215 1.0 1.0 2.0 3.5 5.0 6.0 6.0 6.397916327472041 6.397916327472041 1.0663193879120068 0.0 1.0 0.0 1.75 0.0 4.5 0.0 8.0 0.0 26.0 0.0
90 30 3 1.1433399999998528 0.7902589999999918 0.0 1.9335989999998446 1.9335989999998446 1.9335989999998446 1.9335989999998446 826.93359375 820.3125 20 20 1.0 20 1 0 False 0 0 False 1.0 1.0 0.0 0.0 0.0 0.0 0.0 0.0 0.0 0.0 0.0 0.0 0.0 0.0 0.0 0.0 0 0.0 0 0.0 0.0 0.0 0.0 3 1 3.0 0.0 0.0 3.0 3.0 3.0 3.0 3.0 20.0 0.0 0.0 20.0 20.0 20.0 20.0 20.0 1 1.0 0.0 0.0 0.0 0.0 0.0 0.0 0.0 1.0 1.0 0.0 0.0 0.0 0.0 0.0 0.0 0.0 0.0 0.0 0.0 0.0 0.0 0.0 0.0
91 30 2 2.7932103000003963 0.5904183999996349 0.0 3.383628700000031 3.5971636999998964 5.317227699999876 1.350624274999916 843.703125 836.328125 44 44 1.0 44 20 20 False 0 0 False 2.2 2.2 1.98944583661936 1.98944583661936 0.904293562099709 0.904293562099709 1.0 1.0 1.0 1.0 2.0 2.0 2.25 2.25 10.0 10.0 0 0.0 0 0.0 5.06951674225463 0.0 4.09878030638384 12 4 3.0 0.0 0.0 3.0 3.0 3.0 3.0 3.0 11.0 6.324555320336759 0.574959574576069 5.0 6.5 10.0 14.5 19.0 4 5.0 0.0 0.0 5.0 5.0 5.0 5.0 5.0 11.0 11.0 6.324555320336759 6.324555320336759 0.574959574576069 0.0 5.0 0.0 6.5 0.0 10.0 0.0 14.5 0.0 19.0 0.0
92 30 1 8.267624799999794 1.4036989000001086 0.0 9.671323699999903 4.3224323999999115 14.988551399999778 0.9743625687499673 852.35546875 846.23828125 90 90 1.0 0 44 44 False 0 0 False 2.0454545454545454 2.0454545454545454 2.1561652593882528 2.1561652593882528 1.0541252379231458 1.0541252379231458 1.0 1.0 1.0 1.0 1.0 1.0 2.0 2.0 14.0 14.0 0 0.0 0 0.0 6.827191017547599 3.633989866928797 6.292502541540537 0 0 0.0 0.0 0.0 0.0 0.0 0.0 0.0 0.0 0.0 0.0 0.0 0.0 0.0 0.0 0.0 0.0 16 2.75 1.4832396974191326 0.5393598899705937 1.0 1.75 2.5 4.0 5.0 5.625 5.625 4.112987559751022 4.112987559751022 0.7311977884001817 0.0 1.0 0.0 2.5 0.0 5.5 0.0 8.25 0.0 15.0 0.0
93 31 3 1.1422514999998157 0.8382251999998971 0.0 1.9804766999997128 1.9804766999997128 1.9804766999997128 1.9804766999997128 844.8671875 837.265625 20 20 1.0 20 1 0 False 0 0 False 1.0 1.0 0.0 0.0 0.0 0.0 0.0 0.0 0.0 0.0 0.0 0.0 0.0 0.0 0.0 0.0 0 0.0 0 0.0 0.0 0.0 0.0 3 1 3.0 0.0 0.0 3.0 3.0 3.0 3.0 3.0 20.0 0.0 0.0 20.0 20.0 20.0 20.0 20.0 1 1.0 0.0 0.0 0.0 0.0 0.0 0.0 0.0 1.0 1.0 0.0 0.0 0.0 0.0 0.0 0.0 0.0 0.0 0.0 0.0 0.0 0.0 0.0 0.0
94 31 2 2.792816100000209 0.6263107999998283 0.0 3.4191269000000375 3.7896567999997615 5.39960359999975 1.3712561999998627 858.8359375 851.70703125 44 44 1.0 44 20 20 False 0 0 False 2.2 2.2 2.0416711421361615 2.0416711421361615 0.9280323373346188 0.9280323373346188 1.0 1.0 1.0 1.0 2.0 2.0 2.25 2.25 10.0 10.0 0 0.0 0 0.0 5.5353410012392175 0.0 4.427188724235731 12 4 3.0 0.0 0.0 3.0 3.0 3.0 3.0 3.0 11.0 6.2182527020592095 0.5652957001872009 6.0 7.5 9.0 12.5 20.0 4 5.0 0.0 0.0 5.0 5.0 5.0 5.0 5.0 11.0 11.0 6.2182527020592095 6.2182527020592095 0.5652957001872009 0.0 6.0 0.0 7.5 0.0 9.0 0.0 12.5 0.0 20.0 0.0
95 31 1 9.607457100000829 11.112228399999594 0.0 20.719685500000423 4.6227818999997226 26.119289100000174 1.7096369124999953 902.671875 901.78125 98 98 1.0 0 44 44 False 0 0 False 2.227272727272727 2.227272727272727 3.529698823462872 3.529698823462872 1.584762737064963 1.584762737064963 1.0 1.0 1.0 1.0 1.0 1.0 2.0 2.0 24.0 24.0 0 0.0 0 0.0 12.578144169304212 4.162154419500159 12.551365053486506 0 0 0.0 0.0 0.0 0.0 0.0 0.0 0.0 0.0 0.0 0.0 0.0 0.0 0.0 0.0 0.0 0.0 16 2.75 1.4375905768565218 0.5227602097660079 1.0 2.0 2.0 3.5 5.0 6.125 6.125 7.116881339463234 7.116881339463234 1.1619398105246095 0.0 1.0 0.0 2.0 0.0 3.5 0.0 8.0 0.0 30.0 0.0
96 32 3 1.1414659000002985 0.7859545000000026 0.0 1.927420400000301 1.927420400000301 1.927420400000301 1.927420400000301 874.6484375 868.3125 20 20 1.0 20 1 0 False 0 0 False 1.0 1.0 0.0 0.0 0.0 0.0 0.0 0.0 0.0 0.0 0.0 0.0 0.0 0.0 0.0 0.0 0 0.0 0 0.0 0.0 0.0 0.0 3 1 3.0 0.0 0.0 3.0 3.0 3.0 3.0 3.0 20.0 0.0 0.0 20.0 20.0 20.0 20.0 20.0 1 1.0 0.0 0.0 0.0 0.0 0.0 0.0 0.0 1.0 1.0 0.0 0.0 0.0 0.0 0.0 0.0 0.0 0.0 0.0 0.0 0.0 0.0 0.0 0.0
97 32 2 2.785333400000127 0.6778814999996712 0.0 3.463214899999798 3.7763262000001987 5.390635300000099 1.3691182750000053 887.8046875 881.09765625 44 44 1.0 44 20 20 False 0 0 False 2.2 2.2 2.117595458607661 2.117595458607661 0.9625433902762094 0.9625433902762094 1.0 1.0 1.0 1.0 1.5 1.5 2.25 2.25 10.0 10.0 0 0.0 0 0.0 5.849786320883864 0.0 4.427188724235731 12 4 3.0 0.0 0.0 3.0 3.0 3.0 3.0 3.0 11.0 6.2182527020592095 0.5652957001872009 6.0 7.5 9.0 12.5 20.0 4 5.0 0.0 0.0 5.0 5.0 5.0 5.0 5.0 11.0 11.0 6.2182527020592095 6.2182527020592095 0.5652957001872009 0.0 6.0 0.0 7.5 0.0 9.0 0.0 12.5 0.0 20.0 0.0
98 32 1 7.928926100000126 1.5376048000007358 0.0 9.466530900000862 4.6008482000002004 14.857166200000961 0.9662148875000369 902.6875 899.078125 85 85 1.0 0 44 44 False 0 0 False 1.9318181818181819 1.9318181818181819 2.3664095781911376 2.3664095781911376 1.2249649581224713 1.2249649581224713 1.0 1.0 1.0 1.0 1.0 1.0 2.0 2.0 16.0 16.0 0 0.0 0 0.0 7.382813832316553 4.162154419500159 8.3862413581799 0 0 0.0 0.0 0.0 0.0 0.0 0.0 0.0 0.0 0.0 0.0 0.0 0.0 0.0 0.0 0.0 0.0 16 2.75 1.4375905768565218 0.5227602097660079 1.0 2.0 2.0 3.5 5.0 5.3125 5.3125 4.65787863016345 4.65787863016345 0.8767771539131199 0.0 1.0 0.0 2.0 0.0 3.5 0.0 8.0 0.0 19.0 0.0
99 33 3 1.1317444999997406 0.8473296000000801 0.0 1.9790740999998206 1.9790740999998206 1.9790740999998206 1.9790740999998206 891.09375 884.0625 20 20 1.0 20 1 0 False 0 0 False 1.0 1.0 0.0 0.0 0.0 0.0 0.0 0.0 0.0 0.0 0.0 0.0 0.0 0.0 0.0 0.0 0 0.0 0 0.0 0.0 0.0 0.0 3 1 3.0 0.0 0.0 3.0 3.0 3.0 3.0 3.0 20.0 0.0 0.0 20.0 20.0 20.0 20.0 20.0 1 1.0 0.0 0.0 0.0 0.0 0.0 0.0 0.0 1.0 1.0 0.0 0.0 0.0 0.0 0.0 0.0 0.0 0.0 0.0 0.0 0.0 0.0 0.0 0.0
100 33 2 2.777993600000059 0.6174379999998791 0.0 3.395431599999938 3.769978099999662 5.374505699999759 1.3651300999999307 903.3359375 896.51171875 44 44 1.0 44 20 20 False 0 0 False 2.2 2.2 2.117595458607661 2.117595458607661 0.9625433902762094 0.9625433902762094 1.0 1.0 1.0 1.0 1.5 1.5 2.25 2.25 10.0 10.0 0 0.0 0 0.0 5.855766388782939 0.0 4.427188724235731 12 4 3.0 0.0 0.0 3.0 3.0 3.0 3.0 3.0 11.0 6.2182527020592095 0.5652957001872009 6.0 7.5 9.0 12.5 20.0 4 5.0 0.0 0.0 5.0 5.0 5.0 5.0 5.0 11.0 11.0 6.2182527020592095 6.2182527020592095 0.5652957001872009 0.0 6.0 0.0 7.5 0.0 9.0 0.0 12.5 0.0 20.0 0.0
101 33 1 7.927079999999592 1.4357584999999062 0.0 9.362838499999498 4.596493699999428 14.737344199999256 0.9587628999999538 917.31640625 913.65234375 85 85 1.0 0 44 44 False 0 0 False 1.9318181818181819 1.9318181818181819 2.509495708376368 2.509495708376368 1.2990330725712964 1.2990330725712964 1.0 1.0 1.0 1.0 1.0 1.0 2.0 2.0 17.0 17.0 0 0.0 0 0.0 7.289876797244812 4.162154419500159 8.379224132270453 0 0 0.0 0.0 0.0 0.0 0.0 0.0 0.0 0.0 0.0 0.0 0.0 0.0 0.0 0.0 0.0 0.0 16 2.75 1.4375905768565218 0.5227602097660079 1.0 2.0 2.0 3.5 5.0 5.3125 5.3125 4.65787863016345 4.65787863016345 0.8767771539131199 0.0 1.0 0.0 2.0 0.0 3.5 0.0 8.0 0.0 19.0 0.0
102 34 3 1.134546200000159 0.711104899999782 0.0 1.845651099999941 1.845651099999941 1.845651099999941 1.845651099999941 905.73046875 898.62890625 20 20 1.0 20 1 0 False 0 0 False 1.0 1.0 0.0 0.0 0.0 0.0 0.0 0.0 0.0 0.0 0.0 0.0 0.0 0.0 0.0 0.0 0 0.0 0 0.0 0.0 0.0 0.0 3 1 3.0 0.0 0.0 3.0 3.0 3.0 3.0 3.0 20.0 0.0 0.0 20.0 20.0 20.0 20.0 20.0 1 1.0 0.0 0.0 0.0 0.0 0.0 0.0 0.0 1.0 1.0 0.0 0.0 0.0 0.0 0.0 0.0 0.0 0.0 0.0 0.0 0.0 0.0 0.0 0.0
103 34 2 2.792247500000258 0.6420933000000559 0.0 3.4343408000003137 3.6726187000001573 5.279991900000255 1.3414090500000668 920.01953125 913.01171875 44 44 1.0 44 20 20 False 0 0 False 2.2 2.2 2.117595458607661 2.117595458607661 0.9625433902762094 0.9625433902762094 1.0 1.0 1.0 1.0 1.0 1.0 3.0 3.0 10.0 10.0 0 0.0 0 0.0 5.338539126015654 0.0 4.266145801540309 12 4 3.0 0.0 0.0 3.0 3.0 3.0 3.0 3.0 11.0 6.377042156569663 0.5797311051426967 5.0 8.0 9.5 12.5 20.0 4 5.0 0.0 0.0 5.0 5.0 5.0 5.0 5.0 11.0 11.0 6.377042156569663 6.377042156569663 0.5797311051426967 0.0 5.0 0.0 8.0 0.0 9.5 0.0 12.5 0.0 20.0 0.0
104 34 1 6.764851699999895 1.7690081000001783 0.0 8.533859800000073 4.497353299999986 13.813851700000328 0.9009408937500467 922.6796875 915.7421875 75 75 1.0 0 44 44 False 0 0 False 1.7045454545454546 1.7045454545454546 1.2497357014454018 1.2497357014454018 0.7331782781813023 0.7331782781813023 1.0 1.0 1.0 1.0 1.0 1.0 2.0 2.0 7.0 7.0 0 0.0 0 0.0 2.5081993640033446 3.963064767694464 7.179295189067288 0 0 0.0 0.0 0.0 0.0 0.0 0.0 0.0 0.0 0.0 0.0 0.0 0.0 0.0 0.0 0.0 0.0 16 2.75 1.4832396974191326 0.5393598899705937 1.0 2.0 2.0 3.5 5.0 4.6875 4.6875 3.1773941104832013 3.1773941104832013 0.6778440769030829 0.0 1.0 0.0 2.0 0.0 3.5 0.0 8.0 0.0 10.0 0.0
105 35 3 1.1414286000002676 0.7671645999998873 0.0 1.9085932000001549 1.9085932000001549 1.9085932000001549 1.9085932000001549 922.48046875 915.6484375 20 20 1.0 20 1 0 False 0 0 False 1.0 1.0 0.0 0.0 0.0 0.0 0.0 0.0 0.0 0.0 0.0 0.0 0.0 0.0 0.0 0.0 0 0.0 0 0.0 0.0 0.0 0.0 3 1 3.0 0.0 0.0 3.0 3.0 3.0 3.0 3.0 20.0 0.0 0.0 20.0 20.0 20.0 20.0 20.0 1 1.0 0.0 0.0 0.0 0.0 0.0 0.0 0.0 1.0 1.0 0.0 0.0 0.0 0.0 0.0 0.0 0.0 0.0 0.0 0.0 0.0 0.0 0.0 0.0
106 35 2 2.8086184999997386 1.3521096000000625 0.0 4.160728099999801 3.709227399999918 6.069321299999956 1.5388554499999714 935.7265625 929.52734375 44 44 1.0 44 20 20 False 0 0 False 2.2 2.2 2.0925934551223877 2.0925934551223877 0.9511788432374488 0.9511788432374488 1.0 1.0 1.0 1.0 1.5 1.5 2.25 2.25 10.0 10.0 0 0.0 0 0.0 6.028266749240612 0.0 4.9396356140913875 12 4 3.0 0.0 0.0 3.0 3.0 3.0 3.0 3.0 11.0 6.6332495807108 0.6030226891555273 6.0 6.0 9.0 14.0 20.0 4 5.0 0.0 0.0 5.0 5.0 5.0 5.0 5.0 11.0 11.0 6.6332495807108 6.6332495807108 0.6030226891555273 0.0 6.0 0.0 6.0 0.0 9.0 0.0 14.0 0.0 20.0 0.0
107 35 1 9.523336500000141 4.923386599999503 0.0 14.446723099999645 4.548065500000007 20.5160443999996 1.319886668749966 961.796875 964.0390625 99 99 1.0 0 44 44 False 0 0 False 2.25 2.25 3.6860831925399595 3.6860831925399595 1.6382591966844264 1.6382591966844264 1.0 1.0 1.0 1.0 1.0 1.0 2.0 2.0 25.0 25.0 0 0.0 0 0.0 12.185707910200675 4.681000395843003 9.16785865690245 0 0 0.0 0.0 0.0 0.0 0.0 0.0 0.0 0.0 0.0 0.0 0.0 0.0 0.0 0.0 0.0 0.0 16 2.75 1.5275252316519468 0.5554637206007079 1.0 1.75 2.5 3.5 5.0 6.1875 6.1875 6.326860727617344 6.326860727617344 1.0225229458775507 0.0 1.0 0.0 1.75 0.0 4.5 0.0 8.0 0.0 26.0 0.0
108 36 3 1.130342400000245 0.7736691999997447 0.0 1.9040115999999898 1.9040115999999898 1.9040115999999898 1.9040115999999898 923.765625 919.61328125 20 20 1.0 20 1 0 False 0 0 False 1.0 1.0 0.0 0.0 0.0 0.0 0.0 0.0 0.0 0.0 0.0 0.0 0.0 0.0 0.0 0.0 0 0.0 0 0.0 0.0 0.0 0.0 3 1 3.0 0.0 0.0 3.0 3.0 3.0 3.0 3.0 20.0 0.0 0.0 20.0 20.0 20.0 20.0 20.0 1 1.0 0.0 0.0 0.0 0.0 0.0 0.0 0.0 1.0 1.0 0.0 0.0 0.0 0.0 0.0 0.0 0.0 0.0 0.0 0.0 0.0 0.0 0.0 0.0
109 36 2 2.7663032999998904 0.5526799999996683 0.0 3.3189832999995588 3.41002069999945 5.222994899999549 1.3270219749998375 953.58203125 947.6875 44 44 1.0 44 20 20 False 0 0 False 2.2 2.2 2.015727634065883 2.015727634065883 0.9162398336663103 0.9162398336663103 1.0 1.0 1.0 1.0 2.0 2.0 2.0 2.0 10.0 10.0 0 0.0 0 0.0 4.907137658554118 0.0 3.714835124201342 12 4 3.0 0.0 0.0 3.0 3.0 3.0 3.0 3.0 11.0 5.597618541248888 0.508874412840808 6.0 6.75 10.0 14.25 18.0 4 5.0 0.0 0.0 5.0 5.0 5.0 5.0 5.0 11.0 11.0 5.597618541248888 5.597618541248888 0.508874412840808 0.0 6.0 0.0 6.75 0.0 10.0 0.0 14.25 0.0 18.0 0.0
110 36 1 9.583927600000266 7.653002999999899 0.0 17.236930600000164 4.136885299999335 22.459925499999713 1.4414498812499374 981.890625 983.765625 100 100 1.0 0 44 44 False 0 0 False 2.272727272727273 2.272727272727273 3.706459705945424 3.706459705945424 1.6308422706159864 1.6308422706159864 1.0 1.0 1.0 1.0 1.0 1.0 2.0 2.0 25.0 25.0 0 0.0 0 0.0 11.82447384952844 3.1946646698740033 9.372989980602274 0 0 0.0 0.0 0.0 0.0 0.0 0.0 0.0 0.0 0.0 0.0 0.0 0.0 0.0 0.0 0.0 0.0 16 2.75 1.3416407864998738 0.487869376909045 1.0 2.0 2.5 4.0 5.0 6.25 6.25 6.04979338490167 6.04979338490167 0.9679669415842672 0.0 1.0 0.0 2.0 0.0 5.5 0.0 8.25 0.0 26.0 0.0
111 37 3 1.138251200000127 0.9452655999999706 0.0 2.0835168000000976 2.0835168000000976 2.0835168000000976 2.0835168000000976 957.00390625 950.77734375 20 20 1.0 20 1 0 False 0 0 False 1.0 1.0 0.0 0.0 0.0 0.0 0.0 0.0 0.0 0.0 0.0 0.0 0.0 0.0 0.0 0.0 0 0.0 0 0.0 0.0 0.0 0.0 3 1 3.0 0.0 0.0 3.0 3.0 3.0 3.0 3.0 20.0 0.0 0.0 20.0 20.0 20.0 20.0 20.0 1 1.0 0.0 0.0 0.0 0.0 0.0 0.0 0.0 1.0 1.0 0.0 0.0 0.0 0.0 0.0 0.0 0.0 0.0 0.0 0.0 0.0 0.0 0.0 0.0
112 37 2 2.8027679000001626 1.4003382999999303 0.0 4.203106200000093 3.909253300000273 6.286623000000191 1.5931027250000795 970.515625 963.87109375 44 44 1.0 44 20 20 False 0 0 False 2.2 2.2 2.117595458607661 2.117595458607661 0.9625433902762094 0.9625433902762094 1.0 1.0 1.0 1.0 1.5 1.5 2.25 2.25 10.0 10.0 0 0.0 0 0.0 5.849786320883864 0.0 4.427188724235731 12 4 3.0 0.0 0.0 3.0 3.0 3.0 3.0 3.0 11.0 6.2182527020592095 0.5652957001872009 6.0 7.5 9.0 12.5 20.0 4 5.0 0.0 0.0 5.0 5.0 5.0 5.0 5.0 11.0 11.0 6.2182527020592095 6.2182527020592095 0.5652957001872009 0.0 6.0 0.0 7.5 0.0 9.0 0.0 12.5 0.0 20.0 0.0
113 37 1 8.117832000000476 1.569979300000341 0.0 9.687811300000817 4.740141800000288 15.974434300001008 1.036015825000078 985.890625 982.82421875 87 87 1.0 0 44 44 False 0 0 False 1.9772727272727273 1.9772727272727273 2.528798192023849 2.528798192023849 1.2789324189545903 1.2789324189545903 1.0 1.0 1.0 1.0 1.0 1.0 2.0 2.0 17.0 17.0 0 0.0 0 0.0 6.889531974412071 4.162154419500159 8.740015311603225 0 0 0.0 0.0 0.0 0.0 0.0 0.0 0.0 0.0 0.0 0.0 0.0 0.0 0.0 0.0 0.0 0.0 16 2.75 1.4375905768565218 0.5227602097660079 1.0 2.0 2.0 3.5 5.0 5.4375 5.4375 4.816205283553987 4.816205283553987 0.8857389027225723 0.0 1.0 0.0 2.0 0.0 3.5 0.0 8.0 0.0 19.0 0.0
114 38 3 1.1393417999997837 0.6918216000000257 0.0 1.8311633999998094 1.8311633999998094 1.8311633999998094 1.8311633999998094 972.7265625 965.8828125 20 20 1.0 20 1 0 False 0 0 False 1.0 1.0 0.0 0.0 0.0 0.0 0.0 0.0 0.0 0.0 0.0 0.0 0.0 0.0 0.0 0.0 0 0.0 0 0.0 0.0 0.0 0.0 3 1 3.0 0.0 0.0 3.0 3.0 3.0 3.0 3.0 20.0 0.0 0.0 20.0 20.0 20.0 20.0 20.0 1 1.0 0.0 0.0 0.0 0.0 0.0 0.0 0.0 1.0 1.0 0.0 0.0 0.0 0.0 0.0 0.0 0.0 0.0 0.0 0.0 0.0 0.0 0.0 0.0
115 38 2 2.8179494999999406 0.6304085999998961 0.0 3.4483580999998367 3.6327350999996497 5.279521499999646 1.341507824999951 990.37109375 984.0546875 44 44 1.0 44 20 20 False 0 0 False 2.2 2.2 2.142305693455191 2.142305693455191 0.9737753152069049 0.9737753152069049 1.0 1.0 1.0 1.0 1.5 1.5 2.0 2.0 10.0 10.0 0 0.0 0 0.0 6.12617335699864 0.0 4.9396356140913875 12 4 3.0 0.0 0.0 3.0 3.0 3.0 3.0 3.0 11.0 6.6332495807108 0.6030226891555273 6.0 6.0 9.0 14.0 20.0 4 5.0 0.0 0.0 5.0 5.0 5.0 5.0 5.0 11.0 11.0 6.6332495807108 6.6332495807108 0.6030226891555273 0.0 6.0 0.0 6.0 0.0 9.0 0.0 14.0 0.0 20.0 0.0
116 38 1 8.228745200000048 1.5142925999998624 0.0 9.743037799999911 4.460943299999599 15.022559299999557 0.9766196249999908 1000.546875 994.54296875 89 89 1.0 0 44 44 False 0 0 False 2.022727272727273 2.022727272727273 2.2771732411921786 2.2771732411921786 1.125793512499504 1.125793512499504 1.0 1.0 1.0 1.0 1.0 1.0 2.0 2.0 15.0 15.0 0 0.0 0 0.0 6.819299150872541 4.681000395843003 6.8054638515897 0 0 0.0 0.0 0.0 0.0 0.0 0.0 0.0 0.0 0.0 0.0 0.0 0.0 0.0 0.0 0.0 0.0 16 2.75 1.5275252316519468 0.5554637206007079 1.0 1.75 2.5 3.5 5.0 5.5625 5.5625 4.44175265707881 4.44175265707881 0.7985173316096738 0.0 1.0 0.0 2.0 0.0 4.5 0.0 8.0 0.0 16.0 0.0
117 39 3 1.1408110000002125 0.8854439000000411 0.0 2.0262549000002537 2.0262549000002537 2.0262549000002537 2.0262549000002537 992.29296875 985.35546875 20 20 1.0 20 1 0 False 0 0 False 1.0 1.0 0.0 0.0 0.0 0.0 0.0 0.0 0.0 0.0 0.0 0.0 0.0 0.0 0.0 0.0 0 0.0 0 0.0 0.0 0.0 0.0 3 1 3.0 0.0 0.0 3.0 3.0 3.0 3.0 3.0 20.0 0.0 0.0 20.0 20.0 20.0 20.0 20.0 1 1.0 0.0 0.0 0.0 0.0 0.0 0.0 0.0 1.0 1.0 0.0 0.0 0.0 0.0 0.0 0.0 0.0 0.0 0.0 0.0 0.0 0.0 0.0 0.0
118 39 2 2.659465900000214 0.6103443999999172 0.0 3.269810300000131 3.857040400000187 5.296065200000385 1.3454206000000966 1005.8125 999.4296875 42 42 1.0 42 20 20 False 0 0 False 2.1 2.1 2.04939015319192 2.04939015319192 0.9759000729485332 0.9759000729485332 1.0 1.0 1.0 1.0 1.5 1.5 2.0 2.0 10.0 10.0 0 0.0 0 0.0 6.336797298320342 0.0 5.412947441089743 12 4 3.0 0.0 0.0 3.0 3.0 3.0 3.0 3.0 10.5 6.454972243679028 0.6147592613027646 6.0 6.75 8.0 11.75 20.0 4 5.0 0.0 0.0 5.0 5.0 5.0 5.0 5.0 10.5 10.5 6.454972243679028 6.454972243679028 0.6147592613027646 0.0 6.0 0.0 6.75 0.0 8.0 0.0 11.75 0.0 20.0 0.0
119 39 1 9.418037599999934 6.149398500000302 0.0 15.567436100000236 5.478751500000271 20.86350130000062 1.3415900000000605 1033.11328125 1035.83984375 97 97 1.0 0 42 42 False 0 0 False 2.3095238095238093 2.3095238095238093 3.4321869245111247 3.4321869245111247 1.4861015549429613 1.4861015549429613 1.0 1.0 1.0 1.0 2.0 2.0 2.0 2.0 23.0 23.0 0 0.0 0 0.0 11.626879841343895 5.2166306457442095 8.978221198118977 0 0 0.0 0.0 0.0 0.0 0.0 0.0 0.0 0.0 0.0 0.0 0.0 0.0 0.0 0.0 0.0 0.0 16 2.625 1.5 0.5714285714285714 1.0 2.0 2.0 3.5 5.0 6.0625 6.0625 6.223276200416198 6.223276200416198 1.0265197856356614 0.0 1.0 0.0 2.75 0.0 4.0 0.0 8.0 0.0 26.0 0.0
120 40 3 1.142932299999984 0.7516512000003104 0.0 1.8945835000002944 1.8945835000002944 1.8945835000002944 1.8945835000002944 1009.90234375 1003.34375 20 20 1.0 20 1 0 False 0 0 False 1.0 1.0 0.0 0.0 0.0 0.0 0.0 0.0 0.0 0.0 0.0 0.0 0.0 0.0 0.0 0.0 0 0.0 0 0.0 0.0 0.0 0.0 3 1 3.0 0.0 0.0 3.0 3.0 3.0 3.0 3.0 20.0 0.0 0.0 20.0 20.0 20.0 20.0 20.0 1 1.0 0.0 0.0 0.0 0.0 0.0 0.0 0.0 1.0 1.0 0.0 0.0 0.0 0.0 0.0 0.0 0.0 0.0 0.0 0.0 0.0 0.0 0.0 0.0
121 40 2 2.6580491000000848 0.6507137000004377 0.0 3.3087628000005225 3.7578635000008944 5.203346300000817 1.3221840500002031 1023.82421875 1018.64453125 42 42 1.0 42 20 20 False 0 0 False 2.1 2.1 2.125038699338017 2.125038699338017 1.0119231901609604 1.0119231901609604 1.0 1.0 1.0 1.0 1.0 1.0 2.0 2.0 10.0 10.0 0 0.0 0 0.0 6.026192827980198 0.0 4.868264577855234 12 4 3.0 0.0 0.0 3.0 3.0 3.0 3.0 3.0 10.5 6.658328118479393 0.634126487474228 5.0 6.5 8.5 12.5 20.0 4 5.0 0.0 0.0 5.0 5.0 5.0 5.0 5.0 10.5 10.5 6.658328118479393 6.658328118479393 0.634126487474228 0.0 5.0 0.0 6.5 0.0 8.5 0.0 12.5 0.0 20.0 0.0
122 40 1 7.757218200000352 1.2676294000000325 0.0 9.024847600000385 4.5817783000010195 14.228193900001202 0.9268644812500852 1032.25390625 1026.75390625 84 84 1.0 0 42 42 False 0 0 False 2.0 2.0 1.887054744769239 1.887054744769239 0.9435273723846195 0.9435273723846195 1.0 1.0 1.0 1.0 1.5 1.5 2.0 2.0 12.0 12.0 0 0.0 0 0.0 7.089563086813231 4.564086146529355 6.751906048969998 0 0 0.0 0.0 0.0 0.0 0.0 0.0 0.0 0.0 0.0 0.0 0.0 0.0 0.0 0.0 0.0 0.0 16 2.625 1.5438048235879214 0.5881161232715891 1.0 1.75 2.0 3.5 5.0 5.25 5.25 4.00832467081531 4.00832467081531 0.7634904134886304 0.0 1.0 0.0 2.0 0.0 4.0 0.0 8.0 0.0 15.0 0.0
123 41 3 1.1382880000003297 0.6238864000000603 0.0 1.76217440000039 1.76217440000039 1.76217440000039 1.76217440000039 1024.83984375 1017.78125 20 20 1.0 20 1 0 False 0 0 False 1.0 1.0 0.0 0.0 0.0 0.0 0.0 0.0 0.0 0.0 0.0 0.0 0.0 0.0 0.0 0.0 0 0.0 0 0.0 0.0 0.0 0.0 3 1 3.0 0.0 0.0 3.0 3.0 3.0 3.0 3.0 20.0 0.0 0.0 20.0 20.0 20.0 20.0 20.0 1 1.0 0.0 0.0 0.0 0.0 0.0 0.0 0.0 1.0 1.0 0.0 0.0 0.0 0.0 0.0 0.0 0.0 0.0 0.0 0.0 0.0 0.0 0.0 0.0
124 41 2 2.775358700000311 0.572530399999664 0.0 3.347889099999975 3.297794799999906 5.110063500000365 1.2989694750000353 1042.37890625 1035.453125 44 44 1.0 44 20 20 False 0 0 False 2.2 2.2 2.015727634065883 2.015727634065883 0.9162398336663103 0.9162398336663103 1.0 1.0 1.0 1.0 2.0 2.0 3.0 3.0 10.0 10.0 0 0.0 0 0.0 5.037856687123999 0.0 3.714835124201342 12 4 3.0 0.0 0.0 3.0 3.0 3.0 3.0 3.0 11.0 5.597618541248888 0.508874412840808 6.0 6.75 10.0 14.25 18.0 4 5.0 0.0 0.0 5.0 5.0 5.0 5.0 5.0 11.0 11.0 5.597618541248888 5.597618541248888 0.508874412840808 0.0 6.0 0.0 6.75 0.0 10.0 0.0 14.25 0.0 18.0 0.0
125 41 1 6.7403438000005735 1.0938876999998683 0.0 7.834231500000442 4.021377599999823 12.944295000000807 0.8467845187500345 1043.35546875 1038.2890625 75 75 1.0 0 44 44 False 0 0 False 1.7045454545454546 1.7045454545454546 1.0692215263005322 1.0692215263005322 0.6272766287629788 0.6272766287629788 1.0 1.0 1.0 1.0 1.0 1.0 2.0 2.0 6.0 6.0 0 0.0 0 0.0 1.596661677499868 3.1946646698740033 6.134970875811786 0 0 0.0 0.0 0.0 0.0 0.0 0.0 0.0 0.0 0.0 0.0 0.0 0.0 0.0 0.0 0.0 0.0 16 2.75 1.3416407864998738 0.487869376909045 1.0 2.0 2.5 4.0 5.0 4.6875 4.6875 3.004857179079676 3.004857179079676 0.6410361982036642 0.0 1.0 0.0 2.75 0.0 3.5 0.0 7.0 0.0 10.0 0.0
126 42 3 1.1435156999996252 0.8399517000000287 0.0 1.983467399999654 1.983467399999654 1.983467399999654 1.983467399999654 1039.4375 1032.5859375 20 20 1.0 20 1 0 False 0 0 False 1.0 1.0 0.0 0.0 0.0 0.0 0.0 0.0 0.0 0.0 0.0 0.0 0.0 0.0 0.0 0.0 0 0.0 0 0.0 0.0 0.0 0.0 3 1 3.0 0.0 0.0 3.0 3.0 3.0 3.0 3.0 20.0 0.0 0.0 20.0 20.0 20.0 20.0 20.0 1 1.0 0.0 0.0 0.0 0.0 0.0 0.0 0.0 1.0 1.0 0.0 0.0 0.0 0.0 0.0 0.0 0.0 0.0 0.0 0.0 0.0 0.0 0.0 0.0
127 42 2 2.863184600000068 0.612410500000351 0.0 3.475595100000419 3.654955599999994 5.459062500000073 1.38707447500002 1058.05859375 1051.13671875 44 44 1.0 44 20 20 False 0 0 False 2.2 2.2 2.0416711421361615 2.0416711421361615 0.9280323373346188 0.9280323373346188 1.0 1.0 1.0 1.0 1.5 1.5 3.0 3.0 10.0 10.0 0 0.0 0 0.0 5.168171823769019 0.0 4.09878030638384 12 4 3.0 0.0 0.0 3.0 3.0 3.0 3.0 3.0 11.0 6.324555320336759 0.574959574576069 5.0 6.5 10.0 14.5 19.0 4 5.0 0.0 0.0 5.0 5.0 5.0 5.0 5.0 11.0 11.0 6.324555320336759 6.324555320336759 0.574959574576069 0.0 5.0 0.0 6.5 0.0 10.0 0.0 14.5 0.0 19.0 0.0
128 42 1 6.822392000000264 2.0036644000001615 0.0 8.826056400000425 4.378941000000168 14.285118900000498 0.9312751375000516 1060.3515625 1055.44140625 75 75 1.0 0 44 44 False 0 0 False 1.7045454545454546 1.7045454545454546 1.0907549221577761 1.0907549221577761 0.639909554332562 0.639909554332562 1.0 1.0 1.0 1.0 1.0 1.0 2.0 2.0 6.0 6.0 0 0.0 0 0.0 1.629325140425673 3.633989866928797 6.687207937547628 0 0 0.0 0.0 0.0 0.0 0.0 0.0 0.0 0.0 0.0 0.0 0.0 0.0 0.0 0.0 0.0 0.0 16 2.75 1.4832396974191326 0.5393598899705937 1.0 1.75 2.5 4.0 5.0 4.6875 4.6875 3.1138133106102126 3.1138133106102126 0.6642801729301787 0.0 1.0 0.0 2.0 0.0 3.5 0.0 7.25 0.0 10.0 0.0
129 43 3 1.246664699999883 0.7459966000001259 0.0 1.9926613000000089 1.9926613000000089 1.9926613000000089 1.9926613000000089 1056.16015625 1049.234375 20 20 1.0 20 1 0 False 0 0 False 1.0 1.0 0.0 0.0 0.0 0.0 0.0 0.0 0.0 0.0 0.0 0.0 0.0 0.0 0.0 0.0 0 0.0 0 0.0 0.0 0.0 0.0 3 1 3.0 0.0 0.0 3.0 3.0 3.0 3.0 3.0 20.0 0.0 0.0 20.0 20.0 20.0 20.0 20.0 1 1.0 0.0 0.0 0.0 0.0 0.0 0.0 0.0 1.0 1.0 0.0 0.0 0.0 0.0 0.0 0.0 0.0 0.0 0.0 0.0 0.0 0.0 0.0 0.0
130 43 2 3.0008545000007416 0.58367539999972 0.0 3.5845299000004616 3.6613010999997186 5.57719120000047 1.4170383000001152 1071.0625 1064.33984375 44 44 1.0 44 20 20 False 0 0 False 2.2 2.2 2.0416711421361615 2.0416711421361615 0.9280323373346188 0.9280323373346188 1.0 1.0 1.0 1.0 2.0 2.0 2.25 2.25 10.0 10.0 0 0.0 0 0.0 5.033885179461287 0.0 3.714835124201342 12 4 3.0 0.0 0.0 3.0 3.0 3.0 3.0 3.0 11.0 5.597618541248888 0.508874412840808 6.0 6.75 10.0 14.25 18.0 4 5.0 0.0 0.0 5.0 5.0 5.0 5.0 5.0 11.0 11.0 5.597618541248888 5.597618541248888 0.508874412840808 0.0 6.0 0.0 6.75 0.0 10.0 0.0 14.25 0.0 18.0 0.0
131 43 1 10.138517200000024 5.866536700000779 0.0 16.005053900000803 4.405274899999995 21.582245100001273 1.388132856250067 1101.203125 1104.18359375 101 101 1.0 0 44 44 False 0 0 False 2.2954545454545454 2.2954545454545454 3.663646331149651 3.663646331149651 1.5960439462434124 1.5960439462434124 1.0 1.0 1.0 1.0 1.0 1.0 2.0 2.0 25.0 25.0 0 0.0 0 0.0 12.411494522457467 3.1946646698740033 9.783220178388277 0 0 0.0 0.0 0.0 0.0 0.0 0.0 0.0 0.0 0.0 0.0 0.0 0.0 0.0 0.0 0.0 0.0 16 2.75 1.3416407864998738 0.487869376909045 1.0 2.0 2.5 4.0 5.0 6.3125 6.3125 6.096105314050931 6.096105314050931 0.9657196537110385 0.0 1.0 0.0 2.75 0.0 5.5 0.0 8.25 0.0 26.0 0.0
132 44 3 1.1764921000003596 0.7866037000001143 0.0 1.963095800000474 1.963095800000474 1.963095800000474 1.963095800000474 1073.73046875 1066.86328125 20 20 1.0 20 1 0 False 0 0 False 1.0 1.0 0.0 0.0 0.0 0.0 0.0 0.0 0.0 0.0 0.0 0.0 0.0 0.0 0.0 0.0 0 0.0 0 0.0 0.0 0.0 0.0 3 1 3.0 0.0 0.0 3.0 3.0 3.0 3.0 3.0 20.0 0.0 0.0 20.0 20.0 20.0 20.0 20.0 1 1.0 0.0 0.0 0.0 0.0 0.0 0.0 0.0 1.0 1.0 0.0 0.0 0.0 0.0 0.0 0.0 0.0 0.0 0.0 0.0 0.0 0.0 0.0 0.0
133 44 2 2.876284799999894 1.5950384999991911 0.0 4.471323299999085 3.8304203000000143 6.434419099999559 1.6315643499998487 1088.609375 1083.4140625 44 44 1.0 44 20 20 False 0 0 False 2.2 2.2 2.0416711421361615 2.0416711421361615 0.9280323373346188 0.9280323373346188 1.0 1.0 1.0 1.0 2.0 2.0 2.25 2.25 10.0 10.0 0 0.0 0 0.0 7.116178749862876 0.0 6.016643582596529 12 4 3.0 0.0 0.0 3.0 3.0 3.0 3.0 3.0 11.0 6.377042156569663 0.5797311051426967 5.0 8.0 9.5 12.5 20.0 4 5.0 0.0 0.0 5.0 5.0 5.0 5.0 5.0 11.0 11.0 6.377042156569663 6.377042156569663 0.5797311051426967 0.0 5.0 0.0 8.0 0.0 9.5 0.0 12.5 0.0 20.0 0.0
134 44 1 8.514647999999397 1.4956629999999222 0.0 10.01031099999932 4.677117499999895 16.44473009999888 1.0678138562499129 1101.05859375 1094.16796875 87 87 1.0 0 44 44 True 0 0 False 1.9772727272727273 1.9772727272727273 1.82940510669383 1.82940510669383 0.9359747057503316 0.9359747057503316 1.0 1.0 1.0 1.0 1.0 1.0 2.0 2.0 11.0 11.0 0 0.0 0 0.0 7.041329437537623 5.886175228748241 6.673449368249393 0 0 0.0 0.0 0.0 0.0 0.0 0.0 0.0 0.0 0.0 0.0 0.0 0.0 0.0 0.0 0.0 0.0 16 2.75 1.4832396974191326 0.5393598899705937 1.0 2.0 2.0 3.5 5.0 5.4375 5.4375 4.2734646365683195 4.2734646365683195 0.7859245308631392 0.0 1.0 0.0 2.0 0.0 4.0 0.0 8.0 0.0 17.0 0.0
135 45 3 1.153749600000765 0.7301534999999149 0.0 1.8839031000006798 1.8839031000006798 1.8839031000006798 1.8839031000006798 1091.9453125 1084.9765625 20 20 1.0 20 1 0 False 0 0 False 1.0 1.0 0.0 0.0 0.0 0.0 0.0 0.0 0.0 0.0 0.0 0.0 0.0 0.0 0.0 0.0 0 0.0 0 0.0 0.0 0.0 0.0 3 1 3.0 0.0 0.0 3.0 3.0 3.0 3.0 3.0 20.0 0.0 0.0 20.0 20.0 20.0 20.0 20.0 1 1.0 0.0 0.0 0.0 0.0 0.0 0.0 0.0 1.0 1.0 0.0 0.0 0.0 0.0 0.0 0.0 0.0 0.0 0.0 0.0 0.0 0.0 0.0 0.0
136 45 2 2.807290299999522 0.6052721000003203 0.0 3.4125623999998425 3.5714867000008326 5.296465500000522 1.3455890750001345 1109.33984375 1102.796875 44 44 1.0 44 20 20 False 0 0 False 2.2 2.2 2.0925934551223877 2.0925934551223877 0.9511788432374488 0.9511788432374488 1.0 1.0 1.0 1.0 2.0 2.0 2.0 2.0 10.0 10.0 0 0.0 0 0.0 5.191338940966963 0.0 4.09878030638384 12 4 3.0 0.0 0.0 3.0 3.0 3.0 3.0 3.0 11.0 6.324555320336759 0.574959574576069 5.0 6.5 10.0 14.5 19.0 4 5.0 0.0 0.0 5.0 5.0 5.0 5.0 5.0 11.0 11.0 6.324555320336759 6.324555320336759 0.574959574576069 0.0 5.0 0.0 6.5 0.0 10.0 0.0 14.5 0.0 19.0 0.0
137 45 1 8.17404909999891 1.4284475999991173 0.0 9.602496699998028 4.292923600000904 14.89896219999855 0.9688039937499298 1117.8203125 1111.94140625 89 89 1.0 0 44 44 False 0 0 False 2.022727272727273 2.022727272727273 2.297507611786225 2.297507611786225 1.135846459759482 1.135846459759482 1.0 1.0 1.0 1.0 1.0 1.0 2.0 2.0 15.0 15.0 0 0.0 0 0.0 7.541534441712591 3.633989866928797 6.30636349953246 0 0 0.0 0.0 0.0 0.0 0.0 0.0 0.0 0.0 0.0 0.0 0.0 0.0 0.0 0.0 0.0 0.0 16 2.75 1.4832396974191326 0.5393598899705937 1.0 1.75 2.5 4.0 5.0 5.5625 5.5625 4.146785903966268 4.146785903966268 0.7454896007130368 0.0 1.0 0.0 2.0 0.0 5.5 0.0 8.0 0.0 16.0 0.0
138 46 3 1.129304499999762 0.8531942000001891 0.0 1.982498699999951 1.982498699999951 1.982498699999951 1.982498699999951 1109.4453125 1102.7578125 20 20 1.0 20 1 0 False 0 0 False 1.0 1.0 0.0 0.0 0.0 0.0 0.0 0.0 0.0 0.0 0.0 0.0 0.0 0.0 0.0 0.0 0 0.0 0 0.0 0.0 0.0 0.0 3 1 3.0 0.0 0.0 3.0 3.0 3.0 3.0 3.0 20.0 0.0 0.0 20.0 20.0 20.0 20.0 20.0 1 1.0 0.0 0.0 0.0 0.0 0.0 0.0 0.0 1.0 1.0 0.0 0.0 0.0 0.0 0.0 0.0 0.0 0.0 0.0 0.0 0.0 0.0 0.0 0.0
139 46 2 2.7740635000006932 0.6340927999995074 0.0 3.4081563000002006 3.7809277000001202 5.390655000000152 1.3690615500000263 1122.94140625 1116.83203125 44 44 1.0 44 20 20 False 0 0 False 2.2 2.2 2.015727634065883 2.015727634065883 0.9162398336663103 0.9162398336663103 1.0 1.0 1.0 1.0 2.0 2.0 3.0 3.0 10.0 10.0 0 0.0 0 0.0 7.234638899074368 0.0 6.016643582596529 12 4 3.0 0.0 0.0 3.0 3.0 3.0 3.0 3.0 11.0 6.377042156569663 0.5797311051426967 5.0 8.0 9.5 12.5 20.0 4 5.0 0.0 0.0 5.0 5.0 5.0 5.0 5.0 11.0 11.0 6.377042156569663 6.377042156569663 0.5797311051426967 0.0 5.0 0.0 8.0 0.0 9.5 0.0 12.5 0.0 20.0 0.0
140 46 1 6.55249269999922 1.9922329999997146 0.0 8.544725699998935 4.611035400000219 13.935380699999087 0.9085732937499671 1124.0859375 1120.01953125 73 73 1.0 0 44 44 False 0 0 False 1.6590909090909092 1.6590909090909092 1.0330172969168459 1.0330172969168459 0.6226405625252222 0.6226405625252222 1.0 1.0 1.0 1.0 1.0 1.0 2.0 2.0 6.0 6.0 0 0.0 0 0.0 1.7691543247533226 5.886175228748241 10.376993075747794 0 0 0.0 0.0 0.0 0.0 0.0 0.0 0.0 0.0 0.0 0.0 0.0 0.0 0.0 0.0 0.0 0.0 16 2.75 1.4832396974191326 0.5393598899705937 1.0 2.0 2.0 3.5 5.0 4.5625 4.5625 2.988171124060111 2.988171124060111 0.6549416162323531 0.0 1.0 0.0 2.0 0.0 3.5 0.0 7.25 0.0 10.0 0.0
141 47 3 1.1365172999994684 0.6942184000001816 0.0 1.83073569999965 1.83073569999965 1.83073569999965 1.83073569999965 1123.6484375 1116.98046875 20 20 1.0 20 1 0 False 0 0 False 1.0 1.0 0.0 0.0 0.0 0.0 0.0 0.0 0.0 0.0 0.0 0.0 0.0 0.0 0.0 0.0 0 0.0 0 0.0 0.0 0.0 0.0 3 1 3.0 0.0 0.0 3.0 3.0 3.0 3.0 3.0 20.0 0.0 0.0 20.0 20.0 20.0 20.0 20.0 1 1.0 0.0 0.0 0.0 0.0 0.0 0.0 0.0 1.0 1.0 0.0 0.0 0.0 0.0 0.0 0.0 0.0 0.0 0.0 0.0 0.0 0.0 0.0 0.0
142 47 2 2.773415800000066 0.5731685000012021 0.0 3.3465843000012683 3.3736667000005127 5.177320000000918 1.3158919000002811 1141.015625 1134.41796875 44 44 1.0 44 20 20 False 0 0 False 2.2 2.2 2.0925934551223877 2.0925934551223877 0.9511788432374488 0.9511788432374488 1.0 1.0 1.0 1.0 1.5 1.5 2.25 2.25 10.0 10.0 0 0.0 0 0.0 4.904079934095691 0.0 3.714835124201342 12 4 3.0 0.0 0.0 3.0 3.0 3.0 3.0 3.0 11.0 5.597618541248888 0.508874412840808 6.0 6.75 10.0 14.25 18.0 4 5.0 0.0 0.0 5.0 5.0 5.0 5.0 5.0 11.0 11.0 5.597618541248888 5.597618541248888 0.508874412840808 0.0 6.0 0.0 6.75 0.0 10.0 0.0 14.25 0.0 18.0 0.0
143 47 1 8.390540399999963 1.399530999999115 0.0 9.790071399999078 4.09693230000039 14.967391399999997 0.9731646437500245 1149.515625 1143.56640625 91 91 1.0 0 44 44 False 0 0 False 2.0681818181818183 2.0681818181818183 2.326767667844568 2.326767667844568 1.1250305207160547 1.1250305207160547 1.0 1.0 1.0 1.0 1.0 1.0 2.0 2.0 15.0 15.0 0 0.0 0 0.0 6.8950777448436416 3.1946646698740033 6.024917622087556 0 0 0.0 0.0 0.0 0.0 0.0 0.0 0.0 0.0 0.0 0.0 0.0 0.0 0.0 0.0 0.0 0.0 16 2.75 1.3416407864998738 0.487869376909045 1.0 2.0 2.5 4.0 5.0 5.6875 5.6875 4.142764777295472 4.142764777295472 0.7283982026014016 0.0 1.0 0.0 2.75 0.0 5.5 0.0 8.25 0.0 16.0 0.0
144 48 3 1.1266319000001204 0.728489199999558 0.0 1.8551210999996783 1.8551210999996783 1.8551210999996783 1.8551210999996783 1141.2265625 1134.62890625 20 20 1.0 20 1 0 False 0 0 False 1.0 1.0 0.0 0.0 0.0 0.0 0.0 0.0 0.0 0.0 0.0 0.0 0.0 0.0 0.0 0.0 0 0.0 0 0.0 0.0 0.0 0.0 3 1 3.0 0.0 0.0 3.0 3.0 3.0 3.0 3.0 20.0 0.0 0.0 20.0 20.0 20.0 20.0 20.0 1 1.0 0.0 0.0 0.0 0.0 0.0 0.0 0.0 1.0 1.0 0.0 0.0 0.0 0.0 0.0 0.0 0.0 0.0 0.0 0.0 0.0 0.0 0.0 0.0
145 48 2 2.794971000000942 0.6499115999999958 0.0 3.4448826000009376 3.690339300000005 5.300003700000616 1.346419350000076 1155.046875 1148.515625 44 44 1.0 44 20 20 False 0 0 False 2.2 2.2 2.117595458607661 2.117595458607661 0.9625433902762094 0.9625433902762094 1.0 1.0 1.0 1.0 1.5 1.5 2.25 2.25 10.0 10.0 0 0.0 0 0.0 7.282856582413249 0.0 5.830951894845301 12 4 3.0 0.0 0.0 3.0 3.0 3.0 3.0 3.0 11.0 6.2182527020592095 0.5652957001872009 6.0 7.5 9.0 12.5 20.0 4 5.0 0.0 0.0 5.0 5.0 5.0 5.0 5.0 11.0 11.0 6.2182527020592095 6.2182527020592095 0.5652957001872009 0.0 6.0 0.0 7.5 0.0 9.0 0.0 12.5 0.0 20.0 0.0
146 48 1 7.935340199999246 1.2921953999994003 0.0 9.227535599998646 4.515511199999992 14.527539299999262 0.9456018312498884 1164.1328125 1158.87890625 86 86 1.0 0 44 44 False 0 0 False 1.9545454545454546 1.9545454545454546 2.1453524181089305 2.1453524181089305 1.097622167404569 1.097622167404569 1.0 1.0 1.0 1.0 1.0 1.0 2.0 2.0 14.0 14.0 0 0.0 0 0.0 6.628186119872423 5.772653584943817 6.72079739666796 0 0 0.0 0.0 0.0 0.0 0.0 0.0 0.0 0.0 0.0 0.0 0.0 0.0 0.0 0.0 0.0 0.0 16 2.75 1.4375905768565218 0.5227602097660079 1.0 2.0 2.0 3.5 5.0 5.375 5.375 3.8794329482541645 3.8794329482541645 0.7217549671170539 0.0 1.0 0.0 2.75 0.0 4.0 0.0 8.0 0.0 15.0 0.0
147 49 3 1.1314631000002464 0.883601900000258 0.0 2.0150650000005044 2.0150650000005044 2.0150650000005044 2.0150650000005044 1156.671875 1149.91015625 20 20 1.0 20 1 0 False 0 0 False 1.0 1.0 0.0 0.0 0.0 0.0 0.0 0.0 0.0 0.0 0.0 0.0 0.0 0.0 0.0 0.0 0 0.0 0 0.0 0.0 0.0 0.0 3 1 3.0 0.0 0.0 3.0 3.0 3.0 3.0 3.0 20.0 0.0 0.0 20.0 20.0 20.0 20.0 20.0 1 1.0 0.0 0.0 0.0 0.0 0.0 0.0 0.0 1.0 1.0 0.0 0.0 0.0 0.0 0.0 0.0 0.0 0.0 0.0 0.0 0.0 0.0 0.0 0.0
148 49 2 2.764057600000342 0.6105641999999989 0.0 3.374621800000341 3.785037900000816 5.389686800000845 1.3690482000001793 1169.87890625 1164.38671875 44 44 1.0 44 20 20 False 0 0 False 2.2 2.2 2.015727634065883 2.015727634065883 0.9162398336663103 0.9162398336663103 1.0 1.0 1.0 1.0 2.0 2.0 2.0 2.0 10.0 10.0 0 0.0 0 0.0 6.974955196988722 0.0 5.830951894845301 12 4 3.0 0.0 0.0 3.0 3.0 3.0 3.0 3.0 11.0 6.2182527020592095 0.5652957001872009 6.0 7.5 9.0 12.5 20.0 4 5.0 0.0 0.0 5.0 5.0 5.0 5.0 5.0 11.0 11.0 6.2182527020592095 6.2182527020592095 0.5652957001872009 0.0 6.0 0.0 7.5 0.0 9.0 0.0 12.5 0.0 20.0 0.0
149 49 1 9.479220800000348 7.742348500000844 0.0 17.221569300001192 5.613590700000941 22.611256100002038 1.4510425437501198 1203.25 1206.05078125 98 98 1.0 0 44 44 True 0 0 False 2.227272727272727 2.227272727272727 3.5344125228397956 3.5344125228397956 1.6032386701541341 1.6032386701541341 1.0 1.0 1.0 1.0 1.0 1.0 2.0 2.0 24.0 24.0 0 0.0 0 0.0 11.310923192696265 5.772653584943817 8.444019812165015 0 0 0.0 0.0 0.0 0.0 0.0 0.0 0.0 0.0 0.0 0.0 0.0 0.0 0.0 0.0 0.0 0.0 16 2.75 1.4375905768565218 0.5227602097660079 1.0 2.0 2.0 3.5 5.0 6.125 6.125 6.206179715949794 6.206179715949794 1.0132538311754766 0.0 1.0 0.0 2.0 0.0 4.0 0.0 8.0 0.0 26.0 0.0
