 RU AL GT ST OT TT LT CT WT RSS VMS LE AC CF PSG SIZE SGLITS_T HAS_TRAILING TOT_CHOICES PRE_CHOICES FGOALS_ORDER CP_EF_L CP_EF_A SP_ED_L SP_ED_A SP_EB_L SP_EB_A SP_MIN_L SP_MIN_A SP_LOWER_L SP_LOWER_A SP_MED_L SP_MED_A SP_UPPER_L SP_UPPER_A SP_MAX_L SP_MAX_A T_INTER_SP P_INTER_SP T_INTER_Q P_INTER_Q M_CHILD_SPREAD DIV_INDEX_SPREAD DIV_STEP_SPREAD DIVS_T DS_T DS_TD_MEAN DS_TD_STD DS_TD_CD DS_TD_MIN DS_TD_LOWER DS_TD_MED DS_TD_UPPER DS_TD_MAX DS_TS_MEAN DS_TS_STD DS_TS_CD DS_TS_MIN DS_TS_LOWER DS_TS_MED DS_TS_UPPER DS_TS_MAX PR_T PR_TS_MEAN PR_TS_STD PR_TS_CD PR_TS_MIN PR_TS_LOWER PR_TS_MED PR_TS_UPPER PR_TS_MAX PP_LE_MEAN PP_AC_MEAN PP_LE_STD PP_AC_STD PP_LE_CD PP_AC_CD PP_LE_MIN PP_AC_MIN PP_LE_LOWER PP_AC_LOWER PP_LE_MED PP_AC_MED PP_LE_UPPER PP_AC_UPPER PP_LE_MAX PP_AC_MAX
0 0 3 0.9950142000000071 0.38920029999999883 0.0 1.384214500000006 1.384214500000006 1.384214500000006 1.384214500000006 253.3046875 244.4375 18 18 1.0 18 1 0 False 0 0 False 1.0 1.0 0.0 0.0 0.0 0.0 0.0 0.0 0.0 0.0 0.0 0.0 0.0 0.0 0.0 0.0 0 0.0 0 0.0 0.0 0.0 0.0 1 1 1.0 0.0 0.0 1.0 1.0 1.0 1.0 1.0 18.0 0.0 0.0 18.0 18.0 18.0 18.0 18.0 1 1.0 0.0 0.0 0.0 0.0 0.0 0.0 0.0 1.0 1.0 0.0 0.0 0.0 0.0 0.0 0.0 0.0 0.0 0.0 0.0 0.0 0.0 0.0 0.0
1 0 2 2.134961500000003 0.7738053000000065 0.0 2.9087668000000093 3.825815800000008 4.292981300000015 2.1605268500000037 285.26953125 277.08203125 34 34 1.0 34 18 18 False 0 0 False 1.8888888888888888 1.8888888888888888 2.27231131071657 2.27231131071657 1.2029883409675959 1.2029883409675959 1.0 1.0 1.0 1.0 1.0 1.0 1.0 1.0 10.0 10.0 0 0.0 0 0.0 7.654714247165685 0.0 4.618802153517006 2 2 1.0 0.0 0.0 1.0 1.0 1.0 1.0 1.0 17.0 11.313708498984761 0.6655122646461624 9.0 13.0 17.0 21.0 25.0 2 9.0 0.0 0.0 9.0 9.0 9.0 9.0 9.0 17.0 17.0 11.313708498984761 11.313708498984761 0.6655122646461624 0.0 9.0 0.0 13.0 0.0 17.0 0.0 21.0 0.0 25.0 0.0
2 0 1 5.241638099999996 1.7753264999999843 0.0 7.01696459999998 6.453783099999995 11.309945899999995 2.8601364749999973 310.49609375 304.5859375 59 59 1.0 0 34 34 False 0 0 False 1.7352941176470589 1.7352941176470589 1.6201164105090453 1.6201164105090453 0.93362640605606 0.93362640605606 1.0 1.0 1.0 1.0 1.0 1.0 2.0 2.0 9.0 9.0 0 0.0 0 0.0 4.462890043822791 4.207136793592526 9.152868402856015 0 0 0.0 0.0 0.0 0.0 0.0 0.0 0.0 0.0 0.0 0.0 0.0 0.0 0.0 0.0 0.0 0.0 4 8.5 4.654746681256314 0.5476172566183899 4.0 4.75 8.5 12.25 13.0 14.75 14.75 10.21028892833107 10.21028892833107 0.6922229781919369 0.0 5.0 0.0 6.5 0.0 14.5 0.0 22.75 0.0 25.0 0.0
3 1 3 1.0004606999999908 0.4254733000000215 0.0 1.4259340000000122 1.4259340000000122 1.4259340000000122 1.4259340000000122 264.5234375 256.75 18 18 1.0 18 1 0 False 0 0 False 1.0 1.0 0.0 0.0 0.0 0.0 0.0 0.0 0.0 0.0 0.0 0.0 0.0 0.0 0.0 0.0 0 0.0 0 0.0 0.0 0.0 0.0 1 1 1.0 0.0 0.0 1.0 1.0 1.0 1.0 1.0 18.0 0.0 0.0 18.0 18.0 18.0 18.0 18.0 1 1.0 0.0 0.0 0.0 0.0 0.0 0.0 0.0 1.0 1.0 0.0 0.0 0.0 0.0 0.0 0.0 0.0 0.0 0.0 0.0 0.0 0.0 0.0 0.0
4 1 2 2.109296900000011 0.6067176000000032 0.0 2.716014500000014 3.6744395000000196 4.1419485000000265 2.0852404000000178 283.015625 274.94921875 34 34 1.0 34 18 18 False 0 0 False 1.8888888888888888 1.8888888888888888 2.27231131071657 2.27231131071657 1.2029883409675959 1.2029883409675959 1.0 1.0 1.0 1.0 1.0 1.0 1.0 1.0 10.0 10.0 0 0.0 0 0.0 7.654714247165685 0.0 4.618802153517006 2 2 1.0 0.0 0.0 1.0 1.0 1.0 1.0 1.0 17.0 11.313708498984761 0.6655122646461624 9.0 13.0 17.0 21.0 25.0 2 9.0 0.0 0.0 9.0 9.0 9.0 9.0 9.0 17.0 17.0 11.313708498984761 11.313708498984761 0.6655122646461624 0.0 9.0 0.0 13.0 0.0 17.0 0.0 21.0 0.0 25.0 0.0
5 1 1 6.9387599999999665 7.026078500000004 0.0 13.96483849999997 6.764917200000035 18.106786999999997 4.559418975000002 319.2890625 315.328125 73 73 1.0 0 34 34 False 0 0 False 2.1470588235294117 2.1470588235294117 3.153952334733084 3.153952334733084 1.4689641011085597 1.4689641011085597 1.0 1.0 1.0 1.0 1.0 1.0 2.0 2.0 19.0 19.0 0 0.0 0 0.0 6.025644447149218 4.207136793592526 4.916807907575809 0 0 0.0 0.0 0.0 0.0 0.0 0.0 0.0 0.0 0.0 0.0 0.0 0.0 0.0 0.0 0.0 0.0 4 8.5 4.654746681256314 0.5476172566183899 4.0 4.75 8.5 12.25 13.0 18.25 18.25 9.215023964519391 9.215023964519391 0.5049328199736652 0.0 5.0 0.0 15.5 0.0 21.5 0.0 24.25 0.0 25.0 0.0
6 2 3 0.991765199999989 0.3843676999999701 0.0 1.3761328999999591 1.3761328999999591 1.3761328999999591 1.3761328999999591 268.109375 261.85546875 18 18 1.0 18 1 0 False 0 0 False 1.0 1.0 0.0 0.0 0.0 0.0 0.0 0.0 0.0 0.0 0.0 0.0 0.0 0.0 0.0 0.0 0 0.0 0 0.0 0.0 0.0 0.0 1 1 1.0 0.0 0.0 1.0 1.0 1.0 1.0 1.0 18.0 0.0 0.0 18.0 18.0 18.0 18.0 18.0 1 1.0 0.0 0.0 0.0 0.0 0.0 0.0 0.0 1.0 1.0 0.0 0.0 0.0 0.0 0.0 0.0 0.0 0.0 0.0 0.0 0.0 0.0 0.0 0.0
7 2 2 2.1185217999999963 0.646648399999961 0.0 2.7651701999999574 3.670870099999931 4.1413030999999165 2.0850350499999593 304.4609375 296.203125 34 34 1.0 34 18 18 False 0 0 False 1.8888888888888888 1.8888888888888888 2.138963159732493 2.138963159732493 1.1323922610348491 1.1323922610348491 1.0 1.0 1.0 1.0 1.0 1.0 2.0 2.0 10.0 10.0 0 0.0 0 0.0 7.200108595431616 0.0 4.618802153517006 2 2 1.0 0.0 0.0 1.0 1.0 1.0 1.0 1.0 17.0 11.313708498984761 0.6655122646461624 9.0 13.0 17.0 21.0 25.0 2 9.0 0.0 0.0 9.0 9.0 9.0 9.0 9.0 17.0 17.0 11.313708498984761 11.313708498984761 0.6655122646461624 0.0 9.0 0.0 13.0 0.0 17.0 0.0 21.0 0.0 25.0 0.0
8 2 1 5.395773700000063 1.7244126999999878 0.0 7.120186400000051 5.910184599999965 11.261489499999968 2.8478579249999854 335.8515625 328.83203125 61 61 1.0 0 34 34 False 0 0 False 1.7941176470588236 1.7941176470588236 1.451841292033982 1.451841292033982 0.8092230152320555 0.8092230152320555 1.0 1.0 1.0 1.0 1.0 1.0 2.0 2.0 6.0 6.0 0 0.0 0 0.0 1.9107463350987814 4.207136793592526 7.083431371870557 0 0 0.0 0.0 0.0 0.0 0.0 0.0 0.0 0.0 0.0 0.0 0.0 0.0 0.0 0.0 0.0 0.0 4 8.5 4.654746681256314 0.5476172566183899 4.0 4.75 8.5 12.25 13.0 15.25 15.25 8.958236433584458 8.958236433584458 0.5874253399071776 0.0 5.0 0.0 9.5 0.0 15.5 0.0 21.25 0.0 25.0 0.0
9 3 3 0.9952054999999973 0.35324859999997216 0.0 1.3484540999999695 1.3484540999999695 1.3484540999999695 1.3484540999999695 299.8125 290.14453125 18 18 1.0 18 1 0 False 0 0 False 1.0 1.0 0.0 0.0 0.0 0.0 0.0 0.0 0.0 0.0 0.0 0.0 0.0 0.0 0.0 0.0 0 0.0 0 0.0 0.0 0.0 0.0 1 1 1.0 0.0 0.0 1.0 1.0 1.0 1.0 1.0 18.0 0.0 0.0 18.0 18.0 18.0 18.0 18.0 1 1.0 0.0 0.0 0.0 0.0 0.0 0.0 0.0 1.0 1.0 0.0 0.0 0.0 0.0 0.0 0.0 0.0 0.0 0.0 0.0 0.0 0.0 0.0 0.0
10 3 2 2.1178179999999713 0.7323179000000124 0.0 2.8501358999999837 3.7299193999999574 4.198589999999953 2.113328399999979 317.69921875 308.75390625 34 34 1.0 34 18 18 False 0 0 False 1.8888888888888888 1.8888888888888888 2.27231131071657 2.27231131071657 1.2029883409675959 1.2029883409675959 1.0 1.0 1.0 1.0 1.0 1.0 1.0 1.0 10.0 10.0 0 0.0 0 0.0 7.654714247165685 0.0 4.618802153517006 2 2 1.0 0.0 0.0 1.0 1.0 1.0 1.0 1.0 17.0 11.313708498984761 0.6655122646461624 9.0 13.0 17.0 21.0 25.0 2 9.0 0.0 0.0 9.0 9.0 9.0 9.0 9.0 17.0 17.0 11.313708498984761 11.313708498984761 0.6655122646461624 0.0 9.0 0.0 13.0 0.0 17.0 0.0 21.0 0.0 25.0 0.0
11 3 1 5.116948000000008 1.6084773999999697 0.0 6.725425399999978 6.779515299999957 10.92401539999993 2.7840518249999846 339.453125 332.51953125 59 59 1.0 0 34 34 False 0 0 False 1.7352941176470589 1.7352941176470589 1.2384942844808053 1.2384942844808053 0.7137085707177522 0.7137085707177522 1.0 1.0 1.0 1.0 1.0 1.0 2.0 2.0 6.0 6.0 0 0.0 0 0.0 1.8169949334643984 4.207136793592526 7.508328708840604 0 0 0.0 0.0 0.0 0.0 0.0 0.0 0.0 0.0 0.0 0.0 0.0 0.0 0.0 0.0 0.0 0.0 4 8.5 4.654746681256314 0.5476172566183899 4.0 4.75 8.5 12.25 13.0 14.75 14.75 8.421203397773187 8.421203397773187 0.5709290439168262 0.0 5.0 0.0 9.5 0.0 15.0 0.0 20.25 0.0 24.0 0.0
12 4 3 0.9943720999999925 0.3711847000000148 0.0 1.3655568000000073 1.3655568000000073 1.3655568000000073 1.3655568000000073 312.7734375 303.68359375 18 18 1.0 18 1 0 False 0 0 False 1.0 1.0 0.0 0.0 0.0 0.0 0.0 0.0 0.0 0.0 0.0 0.0 0.0 0.0 0.0 0.0 0 0.0 0 0.0 0.0 0.0 0.0 1 1 1.0 0.0 0.0 1.0 1.0 1.0 1.0 1.0 18.0 0.0 0.0 18.0 18.0 18.0 18.0 18.0 1 1.0 0.0 0.0 0.0 0.0 0.0 0.0 0.0 1.0 1.0 0.0 0.0 0.0 0.0 0.0 0.0 0.0 0.0 0.0 0.0 0.0 0.0 0.0 0.0
13 4 2 2.116921699999992 0.7434773000000376 0.0 2.8603990000000294 3.7591219000000393 4.225955800000037 2.1269211500000154 331.7421875 323.15625 34 34 1.0 34 18 18 False 0 0 False 1.8888888888888888 1.8888888888888888 2.27231131071657 2.27231131071657 1.2029883409675959 1.2029883409675959 1.0 1.0 1.0 1.0 1.0 1.0 1.0 1.0 10.0 10.0 0 0.0 0 0.0 7.654714247165685 0.0 4.618802153517006 2 2 1.0 0.0 0.0 1.0 1.0 1.0 1.0 1.0 17.0 11.313708498984761 0.6655122646461624 9.0 13.0 17.0 21.0 25.0 2 9.0 0.0 0.0 9.0 9.0 9.0 9.0 9.0 17.0 17.0 11.313708498984761 11.313708498984761 0.6655122646461624 0.0 9.0 0.0 13.0 0.0 17.0 0.0 21.0 0.0 25.0 0.0
14 4 1 7.122879100000034 7.525929699999963 0.0 14.648808799999998 6.097751500000086 18.874764600000034 4.751165500000006 357.03125 351.15234375 75 75 1.0 0 34 34 False 0 0 False 2.2058823529411766 2.2058823529411766 2.625970663418327 2.625970663418327 1.1904400340829748 1.1904400340829748 1.0 1.0 1.0 1.0 1.0 1.0 2.0 2.0 15.0 15.0 0 0.0 0 0.0 5.967653581882616 4.207136793592526 4.401704215414752 0 0 0.0 0.0 0.0 0.0 0.0 0.0 0.0 0.0 0.0 0.0 0.0 0.0 0.0 0.0 0.0 0.0 4 8.5 4.654746681256314 0.5476172566183899 4.0 4.75 8.5 12.25 13.0 18.75 18.75 9.464847243000456 9.464847243000456 0.5047918529600243 0.0 5.0 0.0 16.25 0.0 22.5 0.0 25.0 0.0 25.0 0.0
15 5 3 0.9929097999999215 0.31963249999992627 0.0 1.3125422999998477 1.3125422999998477 1.3125422999998477 1.3125422999998477 329.04296875 319.6015625 18 18 1.0 18 1 0 False 0 0 False 1.0 1.0 0.0 0.0 0.0 0.0 0.0 0.0 0.0 0.0 0.0 0.0 0.0 0.0 0.0 0.0 0 0.0 0 0.0 0.0 0.0 0.0 1 1 1.0 0.0 0.0 1.0 1.0 1.0 1.0 1.0 18.0 0.0 0.0 18.0 18.0 18.0 18.0 18.0 1 1.0 0.0 0.0 0.0 0.0 0.0 0.0 0.0 1.0 1.0 0.0 0.0 0.0 0.0 0.0 0.0 0.0 0.0 0.0 0.0 0.0 0.0 0.0 0.0
16 5 2 2.1131678999998655 0.6037274999999909 0.0 2.7168953999998564 3.561853599999722 4.029437699999704 2.0289273999998585 347.83984375 339.04296875 34 34 1.0 34 18 18 False 0 0 False 1.8888888888888888 1.8888888888888888 2.193275522213265 2.193275522213265 1.1611458647011403 1.1611458647011403 1.0 1.0 1.0 1.0 1.0 1.0 1.75 1.75 10.0 10.0 0 0.0 0 0.0 7.1316255022629145 0.0 4.618802153517006 2 2 1.0 0.0 0.0 1.0 1.0 1.0 1.0 1.0 17.0 11.313708498984761 0.6655122646461624 9.0 13.0 17.0 21.0 25.0 2 9.0 0.0 0.0 9.0 9.0 9.0 9.0 9.0 17.0 17.0 11.313708498984761 11.313708498984761 0.6655122646461624 0.0 9.0 0.0 13.0 0.0 17.0 0.0 21.0 0.0 25.0 0.0
17 5 1 6.86991210000005 3.138327299999901 0.0 10.008239399999951 6.205339199999685 14.037677099999655 3.5422889999999256 378.03515625 371.53515625 73 73 1.0 0 34 34 False 0 0 False 2.1470588235294117 2.1470588235294117 2.438732320236945 2.438732320236945 1.1358479299733717 1.1358479299733717 1.0 1.0 1.0 1.0 1.0 1.0 2.0 2.0 12.0 12.0 0 0.0 0 0.0 3.7757764617722476 4.207136793592526 5.135659646043535 0 0 0.0 0.0 0.0 0.0 0.0 0.0 0.0 0.0 0.0 0.0 0.0 0.0 0.0 0.0 0.0 0.0 4 8.5 4.654746681256314 0.5476172566183899 4.0 4.75 8.5 12.25 13.0 18.25 18.25 8.99536917900909 8.99536917900909 0.4928969413155666 0.0 5.0 0.0 17.0 0.0 21.5 0.0 22.75 0.0 25.0 0.0
18 6 3 0.9954227000000344 0.31178879999993114 0.0 1.3072114999999656 1.3072114999999656 1.3072114999999656 1.3072114999999656 343.2265625 333.9609375 18 18 1.0 18 1 0 False 0 0 False 1.0 1.0 0.0 0.0 0.0 0.0 0.0 0.0 0.0 0.0 0.0 0.0 0.0 0.0 0.0 0.0 0 0.0 0 0.0 0.0 0.0 0.0 1 1 1.0 0.0 0.0 1.0 1.0 1.0 1.0 1.0 18.0 0.0 0.0 18.0 18.0 18.0 18.0 18.0 1 1.0 0.0 0.0 0.0 0.0 0.0 0.0 0.0 1.0 1.0 0.0 0.0 0.0 0.0 0.0 0.0 0.0 0.0 0.0 0.0 0.0 0.0 0.0 0.0
19 6 2 2.12322159999988 0.7486126000000013 0.0 2.8718341999998813 3.7144510999999056 4.179045699999847 2.103484349999917 363.34765625 354.3828125 34 34 1.0 34 18 18 False 0 0 False 1.8888888888888888 1.8888888888888888 2.2462750575089703 2.2462750575089703 1.1892044422106314 1.1892044422106314 1.0 1.0 1.0 1.0 1.0 1.0 1.75 1.75 10.0 10.0 0 0.0 0 0.0 7.574051435264545 0.0 4.618802153517006 2 2 1.0 0.0 0.0 1.0 1.0 1.0 1.0 1.0 17.0 11.313708498984761 0.6655122646461624 9.0 13.0 17.0 21.0 25.0 2 9.0 0.0 0.0 9.0 9.0 9.0 9.0 9.0 17.0 17.0 11.313708498984761 11.313708498984761 0.6655122646461624 0.0 9.0 0.0 13.0 0.0 17.0 0.0 21.0 0.0 25.0 0.0
20 6 1 6.594230000000067 6.656959900000004 0.0 13.251189900000071 6.457193199999921 17.430235599999918 4.38980842499997 381.4765625 376.69921875 71 71 1.0 0 34 34 False 0 0 False 2.088235294117647 2.088235294117647 3.3154152997212383 3.3154152997212383 1.5876636646552407 1.5876636646552407 1.0 1.0 1.0 1.0 1.0 1.0 2.0 2.0 20.0 20.0 0 0.0 0 0.0 6.4228519897052685 4.207136793592526 4.491658936295141 0 0 0.0 0.0 0.0 0.0 0.0 0.0 0.0 0.0 0.0 0.0 0.0 0.0 0.0 0.0 0.0 0.0 4 8.5 4.654746681256314 0.5476172566183899 4.0 4.75 8.5 12.25 13.0 17.75 17.75 8.845903006477066 8.845903006477066 0.49836073275927134 0.0 5.0 0.0 15.5 0.0 20.5 0.0 22.75 0.0 25.0 0.0
21 7 3 0.9935176999999555 0.3564528999999368 0.0 1.3499705999998923 1.3499705999998923 1.3499705999998923 1.3499705999998923 358.3671875 349.08203125 18 18 1.0 18 1 0 False 0 0 False 1.0 1.0 0.0 0.0 0.0 0.0 0.0 0.0 0.0 0.0 0.0 0.0 0.0 0.0 0.0 0.0 0 0.0 0 0.0 0.0 0.0 0.0 1 1 1.0 0.0 0.0 1.0 1.0 1.0 1.0 1.0 18.0 0.0 0.0 18.0 18.0 18.0 18.0 18.0 1 1.0 0.0 0.0 0.0 0.0 0.0 0.0 0.0 1.0 1.0 0.0 0.0 0.0 0.0 0.0 0.0 0.0 0.0 0.0 0.0 0.0 0.0 0.0 0.0
22 7 2 2.1052749999999776 0.678661199999965 0.0 2.7839361999999426 3.665684499999827 4.133906799999835 2.081160649999916 376.0703125 367.1640625 34 34 1.0 34 18 18 False 0 0 False 1.8888888888888888 1.8888888888888888 2.166289559942608 2.166289559942608 1.1468591787931455 1.1468591787931455 1.0 1.0 1.0 1.0 1.0 1.0 2.0 2.0 10.0 10.0 0 0.0 0 0.0 7.063352355790955 0.0 4.618802153517006 2 2 1.0 0.0 0.0 1.0 1.0 1.0 1.0 1.0 17.0 11.313708498984761 0.6655122646461624 9.0 13.0 17.0 21.0 25.0 2 9.0 0.0 0.0 9.0 9.0 9.0 9.0 9.0 17.0 17.0 11.313708498984761 11.313708498984761 0.6655122646461624 0.0 9.0 0.0 13.0 0.0 17.0 0.0 21.0 0.0 25.0 0.0
23 7 1 6.86300030000001 7.861971000000153 0.0 14.724971300000163 6.766255199999847 18.8588781 4.747099025000011 396.8828125 392.53125 73 73 1.0 0 34 34 True 0 0 False 2.1470588235294117 2.1470588235294117 2.5437350953458417 2.5437350953458417 1.2012082394688697 1.2012082394688697 1.0 1.0 1.0 1.0 1.0 1.0 2.0 2.0 15.0 15.0 0 0.0 0 0.0 5.9886354309858865 4.207136793592526 4.937104414532874 0 0 0.0 0.0 0.0 0.0 0.0 0.0 0.0 0.0 0.0 0.0 0.0 0.0 0.0 0.0 0.0 0.0 4 8.5 4.654746681256314 0.5476172566183899 4.0 4.75 8.5 12.25 13.0 18.25 18.25 9.215023964519391 9.215023964519391 0.5049328199736652 0.0 5.0 0.0 15.5 0.0 21.5 0.0 24.25 0.0 25.0 0.0
24 8 3 0.9982711000000108 0.334422600000039 0.0 1.3326937000000498 1.3326937000000498 1.3326937000000498 1.3326937000000498 371.42578125 361.984375 18 18 1.0 18 1 0 False 0 0 False 1.0 1.0 0.0 0.0 0.0 0.0 0.0 0.0 0.0 0.0 0.0 0.0 0.0 0.0 0.0 0.0 0 0.0 0 0.0 0.0 0.0 0.0 1 1 1.0 0.0 0.0 1.0 1.0 1.0 1.0 1.0 18.0 0.0 0.0 18.0 18.0 18.0 18.0 18.0 1 1.0 0.0 0.0 0.0 0.0 0.0 0.0 0.0 1.0 1.0 0.0 0.0 0.0 0.0 0.0 0.0 0.0 0.0 0.0 0.0 0.0 0.0 0.0 0.0
25 8 2 2.106416999999965 0.6128780000000233 0.0 2.7192949999999882 3.503632400000072 4.051988700000038 2.0400484500000147 389.75 381.34765625 34 34 1.0 34 18 18 False 0 0 False 1.8888888888888888 1.8888888888888888 2.2462750575089703 2.2462750575089703 1.1892044422106314 1.1892044422106314 1.0 1.0 1.0 1.0 1.0 1.0 1.75 1.75 10.0 10.0 0 0.0 0 0.0 7.31028927048082 0.0 4.041451884327381 2 2 1.0 0.0 0.0 1.0 1.0 1.0 1.0 1.0 17.0 9.899494936611665 0.5823232315653921 10.0 13.5 17.0 20.5 24.0 2 9.0 0.0 0.0 9.0 9.0 9.0 9.0 9.0 17.0 17.0 9.899494936611665 9.899494936611665 0.5823232315653921 0.0 10.0 0.0 13.5 0.0 17.0 0.0 20.5 0.0 24.0 0.0
26 8 1 6.296758399999959 3.139226700000023 0.0 9.435985099999982 6.428526900000122 13.48797380000002 3.4048626749999897 411.70703125 403.64453125 69 69 1.0 0 34 34 True 0 0 False 2.0294117647058822 2.0294117647058822 1.5327674690187016 1.5327674690187016 0.8142827179161852 0.8142827179161852 1.0 1.0 1.0 1.0 1.0 1.0 2.0 2.0 7.0 7.0 0 0.0 0 0.0 4.770013383803119 3.8340579025361627 5.308012810836085 0 0 0.0 0.0 0.0 0.0 0.0 0.0 0.0 0.0 0.0 0.0 0.0 0.0 0.0 0.0 0.0 0.0 4 8.5 4.041451884327381 0.47546492756792713 5.0 5.0 8.5 12.0 12.0 17.25 17.25 7.88986691902975 7.88986691902975 0.457383589508971 0.0 6.0 0.0 15.0 0.0 19.5 0.0 21.75 0.0 24.0 0.0
27 9 3 0.9942586999999605 0.29909680000000094 0.0 1.2933554999999615 1.2933554999999615 1.2933554999999615 1.2933554999999615 384.671875 375.29296875 18 18 1.0 18 1 0 False 0 0 False 1.0 1.0 0.0 0.0 0.0 0.0 0.0 0.0 0.0 0.0 0.0 0.0 0.0 0.0 0.0 0.0 0 0.0 0 0.0 0.0 0.0 0.0 1 1 1.0 0.0 0.0 1.0 1.0 1.0 1.0 1.0 18.0 0.0 0.0 18.0 18.0 18.0 18.0 18.0 1 1.0 0.0 0.0 0.0 0.0 0.0 0.0 0.0 1.0 1.0 0.0 0.0 0.0 0.0 0.0 0.0 0.0 0.0 0.0 0.0 0.0 0.0 0.0 0.0
28 9 2 2.0997169000000895 0.8048404999999832 0.0 2.9045574000000727 3.7269840000000443 4.197912900000034 2.1131937500000078 404.33984375 395.671875 34 34 1.0 34 18 18 False 0 0 False 1.8888888888888888 1.8888888888888888 2.2462750575089703 2.2462750575089703 1.1892044422106314 1.1892044422106314 1.0 1.0 1.0 1.0 1.0 1.0 1.75 1.75 10.0 10.0 0 0.0 0 0.0 7.574051435264545 0.0 4.618802153517006 2 2 1.0 0.0 0.0 1.0 1.0 1.0 1.0 1.0 17.0 11.313708498984761 0.6655122646461624 9.0 13.0 17.0 21.0 25.0 2 9.0 0.0 0.0 9.0 9.0 9.0 9.0 9.0 17.0 17.0 11.313708498984761 11.313708498984761 0.6655122646461624 0.0 9.0 0.0 13.0 0.0 17.0 0.0 21.0 0.0 25.0 0.0
29 9 1 5.401698199999885 1.7754774000000566 0.0 7.177175599999941 5.975378200000023 11.375088499999976 2.876410624999984 429.99609375 423.29296875 61 61 1.0 0 34 34 False 0 0 False 1.7941176470588236 1.7941176470588236 1.5526987603154725 1.5526987603154725 0.8654386532905912 0.8654386532905912 1.0 1.0 1.0 1.0 1.0 1.0 2.0 2.0 7.0 7.0 0 0.0 0 0.0 2.1505813167606562 4.207136793592526 7.083431371870557 0 0 0.0 0.0 0.0 0.0 0.0 0.0 0.0 0.0 0.0 0.0 0.0 0.0 0.0 0.0 0.0 0.0 4 8.5 4.654746681256314 0.5476172566183899 4.0 4.75 8.5 12.25 13.0 15.25 15.25 8.958236433584458 8.958236433584458 0.5874253399071776 0.0 5.0 0.0 9.5 0.0 15.5 0.0 21.25 0.0 25.0 0.0
30 10 3 0.9938479999999288 0.39076449999996044 0.0 1.3846124999998892 1.3846124999998892 1.3846124999998892 1.3846124999998892 396.640625 387.40234375 18 18 1.0 18 1 0 False 0 0 False 1.0 1.0 0.0 0.0 0.0 0.0 0.0 0.0 0.0 0.0 0.0 0.0 0.0 0.0 0.0 0.0 0 0.0 0 0.0 0.0 0.0 0.0 1 1 1.0 0.0 0.0 1.0 1.0 1.0 1.0 1.0 18.0 0.0 0.0 18.0 18.0 18.0 18.0 18.0 1 1.0 0.0 0.0 0.0 0.0 0.0 0.0 0.0 1.0 1.0 0.0 0.0 0.0 0.0 0.0 0.0 0.0 0.0 0.0 0.0 0.0 0.0 0.0 0.0
31 10 2 2.1172159000001045 0.8221646000000362 0.0 2.9393805000001407 3.672621000000021 4.32399300000003 2.176487700000024 415.61328125 406.9375 34 34 1.0 34 18 18 False 0 0 False 1.8888888888888888 1.8888888888888888 2.193275522213265 2.193275522213265 1.1611458647011403 1.1611458647011403 1.0 1.0 1.0 1.0 1.0 1.0 1.75 1.75 10.0 10.0 0 0.0 0 0.0 7.345248457140123 0.0 4.618802153517006 2 2 1.0 0.0 0.0 1.0 1.0 1.0 1.0 1.0 17.0 11.313708498984761 0.6655122646461624 9.0 13.0 17.0 21.0 25.0 2 9.0 0.0 0.0 9.0 9.0 9.0 9.0 9.0 17.0 17.0 11.313708498984761 11.313708498984761 0.6655122646461624 0.0 9.0 0.0 13.0 0.0 17.0 0.0 21.0 0.0 25.0 0.0
32 10 1 5.4184600999999475 1.6782961999999486 0.0 7.096756299999896 5.919986300000005 11.420749299999926 2.887866024999994 441.31640625 435.10546875 61 61 1.0 0 34 34 False 0 0 False 1.7941176470588236 1.7941176470588236 1.7885055851643272 1.7885055851643272 0.9968719655014282 0.9968719655014282 1.0 1.0 1.0 1.0 1.0 1.0 2.0 2.0 9.0 9.0 0 0.0 0 0.0 2.449224861490942 4.207136793592526 7.083431371870557 0 0 0.0 0.0 0.0 0.0 0.0 0.0 0.0 0.0 0.0 0.0 0.0 0.0 0.0 0.0 0.0 0.0 4 8.5 4.654746681256314 0.5476172566183899 4.0 4.75 8.5 12.25 13.0 15.25 15.25 8.958236433584458 8.958236433584458 0.5874253399071776 0.0 5.0 0.0 9.5 0.0 15.5 0.0 21.25 0.0 25.0 0.0
33 11 3 0.992693700000018 0.43816640000000007 0.0 1.430860100000018 1.430860100000018 1.430860100000018 1.430860100000018 407.56640625 398.3671875 18 18 1.0 18 1 0 False 0 0 False 1.0 1.0 0.0 0.0 0.0 0.0 0.0 0.0 0.0 0.0 0.0 0.0 0.0 0.0 0.0 0.0 0 0.0 0 0.0 0.0 0.0 0.0 1 1 1.0 0.0 0.0 1.0 1.0 1.0 1.0 1.0 18.0 0.0 0.0 18.0 18.0 18.0 18.0 18.0 1 1.0 0.0 0.0 0.0 0.0 0.0 0.0 0.0 1.0 1.0 0.0 0.0 0.0 0.0 0.0 0.0 0.0 0.0 0.0 0.0 0.0 0.0 0.0 0.0
34 11 2 2.11756390000005 0.6721141000001012 0.0 2.7896780000001513 3.749595000000113 4.220538100000169 2.1245122500000804 426.56640625 418.1015625 34 34 1.0 34 18 18 False 0 0 False 1.8888888888888888 1.8888888888888888 2.193275522213265 2.193275522213265 1.1611458647011403 1.1611458647011403 1.0 1.0 1.0 1.0 1.0 1.0 1.75 1.75 10.0 10.0 0 0.0 0 0.0 7.345248457140123 0.0 4.618802153517006 2 2 1.0 0.0 0.0 1.0 1.0 1.0 1.0 1.0 17.0 11.313708498984761 0.6655122646461624 9.0 13.0 17.0 21.0 25.0 2 9.0 0.0 0.0 9.0 9.0 9.0 9.0 9.0 17.0 17.0 11.313708498984761 11.313708498984761 0.6655122646461624 0.0 9.0 0.0 13.0 0.0 17.0 0.0 21.0 0.0 25.0 0.0
35 11 1 6.3207960000002 3.404370299999954 0.0 9.725166300000154 6.759731400000163 13.945704400000324 3.5191858250000863 446.30859375 439.39453125 69 69 1.0 0 34 34 False 0 0 False 2.0294117647058822 2.0294117647058822 2.6683929350106914 2.6683929350106914 1.3148602868168624 1.3148602868168624 1.0 1.0 1.0 1.0 1.0 1.0 2.0 2.0 16.0 16.0 0 0.0 0 0.0 4.22900881660635 4.207136793592526 5.135659646043535 0 0 0.0 0.0 0.0 0.0 0.0 0.0 0.0 0.0 0.0 0.0 0.0 0.0 0.0 0.0 0.0 0.0 4 8.5 4.654746681256314 0.5476172566183899 4.0 4.75 8.5 12.25 13.0 17.25 17.25 8.421203397773187 8.421203397773187 0.4881857042187355 0.0 5.0 0.0 15.5 0.0 20.0 0.0 21.75 0.0 24.0 0.0
36 12 3 0.9963523999999495 0.3308994000000496 0.0 1.327251799999999 1.327251799999999 1.327251799999999 1.327251799999999 417.4609375 409.4921875 18 18 1.0 18 1 0 False 0 0 False 1.0 1.0 0.0 0.0 0.0 0.0 0.0 0.0 0.0 0.0 0.0 0.0 0.0 0.0 0.0 0.0 0 0.0 0 0.0 0.0 0.0 0.0 1 1 1.0 0.0 0.0 1.0 1.0 1.0 1.0 1.0 18.0 0.0 0.0 18.0 18.0 18.0 18.0 18.0 1 1.0 0.0 0.0 0.0 0.0 0.0 0.0 0.0 1.0 1.0 0.0 0.0 0.0 0.0 0.0 0.0 0.0 0.0 0.0 0.0 0.0 0.0 0.0 0.0
37 12 2 2.1036794000001464 0.6426560000001587 0.0 2.746335400000305 3.6033587000002854 4.073587200000304 2.0511702500001263 437.203125 429.22265625 34 34 1.0 34 18 18 False 0 0 False 1.8888888888888888 1.8888888888888888 2.27231131071657 2.27231131071657 1.2029883409675959 1.2029883409675959 1.0 1.0 1.0 1.0 1.0 1.0 1.0 1.0 10.0 10.0 0 0.0 0 0.0 7.654714247165685 0.0 4.618802153517006 2 2 1.0 0.0 0.0 1.0 1.0 1.0 1.0 1.0 17.0 11.313708498984761 0.6655122646461624 9.0 13.0 17.0 21.0 25.0 2 9.0 0.0 0.0 9.0 9.0 9.0 9.0 9.0 17.0 17.0 11.313708498984761 11.313708498984761 0.6655122646461624 0.0 9.0 0.0 13.0 0.0 17.0 0.0 21.0 0.0 25.0 0.0
38 12 1 7.183780099999979 8.18401069999993 0.0 15.36779079999991 6.059188300000187 19.441378000000213 4.89297617500003 463.54296875 457.3828125 75 75 1.0 0 34 34 True 0 0 False 2.2058823529411766 2.2058823529411766 2.9620294627711625 2.9620294627711625 1.3987361351974934 1.3987361351974934 1.0 1.0 1.0 1.0 1.0 1.0 2.0 2.0 17.0 17.0 0 0.0 0 0.0 5.754079341279886 4.207136793592526 4.601630145937415 0 0 0.0 0.0 0.0 0.0 0.0 0.0 0.0 0.0 0.0 0.0 0.0 0.0 0.0 0.0 0.0 0.0 4 8.5 4.654746681256314 0.5476172566183899 4.0 4.75 8.5 12.25 13.0 18.75 18.75 9.464847243000456 9.464847243000456 0.5047918529600243 0.0 5.0 0.0 16.25 0.0 22.5 0.0 25.0 0.0 25.0 0.0
39 13 3 0.9937115999997559 0.33792740000006916 0.0 1.331638999999825 1.331638999999825 1.331638999999825 1.331638999999825 434.1328125 425.26171875 18 18 1.0 18 1 0 False 0 0 False 1.0 1.0 0.0 0.0 0.0 0.0 0.0 0.0 0.0 0.0 0.0 0.0 0.0 0.0 0.0 0.0 0 0.0 0 0.0 0.0 0.0 0.0 1 1 1.0 0.0 0.0 1.0 1.0 1.0 1.0 1.0 18.0 0.0 0.0 18.0 18.0 18.0 18.0 18.0 1 1.0 0.0 0.0 0.0 0.0 0.0 0.0 0.0 1.0 1.0 0.0 0.0 0.0 0.0 0.0 0.0 0.0 0.0 0.0 0.0 0.0 0.0 0.0 0.0
40 13 2 2.100177300000098 0.6037602000000675 0.0 2.7039375000001655 3.566724299999919 4.035576499999991 2.031805100000014 453.51171875 445.00390625 34 34 1.0 34 18 18 False 0 0 False 1.8888888888888888 1.8888888888888888 2.166289559942608 2.166289559942608 1.1468591787931455 1.1468591787931455 1.0 1.0 1.0 1.0 1.0 1.0 1.75 1.75 10.0 10.0 0 0.0 0 0.0 7.366228130626149 0.0 4.618802153517006 2 2 1.0 0.0 0.0 1.0 1.0 1.0 1.0 1.0 17.0 11.313708498984761 0.6655122646461624 9.0 13.0 17.0 21.0 25.0 2 9.0 0.0 0.0 9.0 9.0 9.0 9.0 9.0 17.0 17.0 11.313708498984761 11.313708498984761 0.6655122646461624 0.0 9.0 0.0 13.0 0.0 17.0 0.0 21.0 0.0 25.0 0.0
41 13 1 5.167035700000156 1.6232407000000535 0.0 6.790276400000209 6.652991900000018 10.8258529000002 2.739047650000046 474.9921875 467.56640625 59 59 1.0 0 34 34 False 0 0 False 1.7352941176470589 1.7352941176470589 1.2384942844808053 1.2384942844808053 0.7137085707177522 0.7137085707177522 1.0 1.0 1.0 1.0 1.0 1.0 2.0 2.0 6.0 6.0 0 0.0 0 0.0 1.8984832773362157 4.207136793592526 7.508328708840604 0 0 0.0 0.0 0.0 0.0 0.0 0.0 0.0 0.0 0.0 0.0 0.0 0.0 0.0 0.0 0.0 0.0 4 8.5 4.654746681256314 0.5476172566183899 4.0 4.75 8.5 12.25 13.0 14.75 14.75 8.421203397773187 8.421203397773187 0.5709290439168262 0.0 5.0 0.0 9.5 0.0 15.0 0.0 20.25 0.0 24.0 0.0
42 14 3 0.9974210000001449 0.35655869999988 0.0 1.3539797000000249 1.3539797000000249 1.3539797000000249 1.3539797000000249 449.04296875 441.05859375 18 18 1.0 18 1 0 False 0 0 False 1.0 1.0 0.0 0.0 0.0 0.0 0.0 0.0 0.0 0.0 0.0 0.0 0.0 0.0 0.0 0.0 0 0.0 0 0.0 0.0 0.0 0.0 1 1 1.0 0.0 0.0 1.0 1.0 1.0 1.0 1.0 18.0 0.0 0.0 18.0 18.0 18.0 18.0 18.0 1 1.0 0.0 0.0 0.0 0.0 0.0 0.0 0.0 1.0 1.0 0.0 0.0 0.0 0.0 0.0 0.0 0.0 0.0 0.0 0.0 0.0 0.0 0.0 0.0
43 14 2 2.1116884999998433 0.6833897999998726 0.0 2.795078299999716 3.680363699999816 4.149057999999741 2.08894789999988 467.67578125 460.28125 34 34 1.0 34 18 18 False 0 0 False 1.8888888888888888 1.8888888888888888 2.138963159732493 2.138963159732493 1.1323922610348491 1.1323922610348491 1.0 1.0 1.0 1.0 1.0 1.0 2.0 2.0 10.0 10.0 0 0.0 0 0.0 7.271342928478831 0.0 4.618802153517006 2 2 1.0 0.0 0.0 1.0 1.0 1.0 1.0 1.0 17.0 11.313708498984761 0.6655122646461624 9.0 13.0 17.0 21.0 25.0 2 9.0 0.0 0.0 9.0 9.0 9.0 9.0 9.0 17.0 17.0 11.313708498984761 11.313708498984761 0.6655122646461624 0.0 9.0 0.0 13.0 0.0 17.0 0.0 21.0 0.0 25.0 0.0
44 14 1 5.002330599999993 1.6038363999999206 0.0 6.606166999999914 5.949353899999835 10.755224999999655 2.7216477749999086 491.5859375 485.58984375 57 57 1.0 0 34 34 False 0 0 False 1.6764705882352942 1.6764705882352942 1.342105723047185 1.342105723047185 0.8005542909404261 0.8005542909404261 1.0 1.0 1.0 1.0 1.0 1.0 2.0 2.0 6.0 6.0 0 0.0 0 0.0 3.7433331741370752 4.207136793592526 8.46020094324006 0 0 0.0 0.0 0.0 0.0 0.0 0.0 0.0 0.0 0.0 0.0 0.0 0.0 0.0 0.0 0.0 0.0 4 8.5 4.654746681256314 0.5476172566183899 4.0 4.75 8.5 12.25 13.0 14.25 14.25 9.776672917374976 9.776672917374976 0.6860823099912263 0.0 5.0 0.0 6.5 0.0 13.5 0.0 21.25 0.0 25.0 0.0
45 15 3 0.9999828999999067 0.36049600000006876 0.0 1.3604788999999755 1.3604788999999755 1.3604788999999755 1.3604788999999755 456.859375 447.875 18 18 1.0 18 1 0 False 0 0 False 1.0 1.0 0.0 0.0 0.0 0.0 0.0 0.0 0.0 0.0 0.0 0.0 0.0 0.0 0.0 0.0 0 0.0 0 0.0 0.0 0.0 0.0 1 1 1.0 0.0 0.0 1.0 1.0 1.0 1.0 1.0 18.0 0.0 0.0 18.0 18.0 18.0 18.0 18.0 1 1.0 0.0 0.0 0.0 0.0 0.0 0.0 0.0 1.0 1.0 0.0 0.0 0.0 0.0 0.0 0.0 0.0 0.0 0.0 0.0 0.0 0.0 0.0 0.0
46 15 2 2.105496100000039 0.6833543000000191 0.0 2.788850400000058 3.681822100000147 4.1493293000000335 2.0887070500000107 475.8125 467.59765625 34 34 1.0 34 18 18 False 0 0 False 1.8888888888888888 1.8888888888888888 2.2462750575089703 2.2462750575089703 1.1892044422106314 1.1892044422106314 1.0 1.0 1.0 1.0 1.0 1.0 1.75 1.75 10.0 10.0 0 0.0 0 0.0 7.499108314620032 0.0 4.618802153517006 2 2 1.0 0.0 0.0 1.0 1.0 1.0 1.0 1.0 17.0 11.313708498984761 0.6655122646461624 9.0 13.0 17.0 21.0 25.0 2 9.0 0.0 0.0 9.0 9.0 9.0 9.0 9.0 17.0 17.0 11.313708498984761 11.313708498984761 0.6655122646461624 0.0 9.0 0.0 13.0 0.0 17.0 0.0 21.0 0.0 25.0 0.0
47 15 1 7.157487099999969 8.002710399999785 0.0 15.160197499999754 6.162780800000007 19.309526799999787 4.860049824999919 502.02734375 495.8828125 75 75 1.0 0 34 34 False 0 0 False 2.2058823529411766 2.2058823529411766 3.0923112055225546 3.0923112055225546 1.401847746503558 1.401847746503558 1.0 1.0 1.0 1.0 1.0 1.0 2.0 2.0 16.0 16.0 0 0.0 0 0.0 6.637193355638997 4.207136793592526 4.401704215414752 0 0 0.0 0.0 0.0 0.0 0.0 0.0 0.0 0.0 0.0 0.0 0.0 0.0 0.0 0.0 0.0 0.0 4 8.5 4.654746681256314 0.5476172566183899 4.0 4.75 8.5 12.25 13.0 18.75 18.75 9.464847243000456 9.464847243000456 0.5047918529600243 0.0 5.0 0.0 16.25 0.0 22.5 0.0 25.0 0.0 25.0 0.0
48 16 3 0.997956400000021 0.3302252000001431 0.0 1.328181600000164 1.328181600000164 1.328181600000164 1.328181600000164 470.10546875 460.9765625 18 18 1.0 18 1 0 False 0 0 False 1.0 1.0 0.0 0.0 0.0 0.0 0.0 0.0 0.0 0.0 0.0 0.0 0.0 0.0 0.0 0.0 0 0.0 0 0.0 0.0 0.0 0.0 1 1 1.0 0.0 0.0 1.0 1.0 1.0 1.0 1.0 18.0 0.0 0.0 18.0 18.0 18.0 18.0 18.0 1 1.0 0.0 0.0 0.0 0.0 0.0 0.0 0.0 1.0 1.0 0.0 0.0 0.0 0.0 0.0 0.0 0.0 0.0 0.0 0.0 0.0 0.0 0.0 0.0
49 16 2 2.0985405000000696 0.6004265000000828 0.0 2.6989670000001524 3.55976330000027 4.0271486000003165 2.0276280000001634 488.90234375 480.453125 34 34 1.0 34 18 18 False 0 0 False 1.8888888888888888 1.8888888888888888 2.193275522213265 2.193275522213265 1.1611458647011403 1.1611458647011403 1.0 1.0 1.0 1.0 1.0 1.0 1.75 1.75 10.0 10.0 0 0.0 0 0.0 7.1316255022629145 0.0 4.618802153517006 2 2 1.0 0.0 0.0 1.0 1.0 1.0 1.0 1.0 17.0 11.313708498984761 0.6655122646461624 9.0 13.0 17.0 21.0 25.0 2 9.0 0.0 0.0 9.0 9.0 9.0 9.0 9.0 17.0 17.0 11.313708498984761 11.313708498984761 0.6655122646461624 0.0 9.0 0.0 13.0 0.0 17.0 0.0 21.0 0.0 25.0 0.0
50 16 1 7.393183599999702 8.329914899999778 0.0 15.72309849999948 6.422005300000194 19.750247099999797 4.970366924999965 513.9375 509.0703125 77 77 1.0 0 34 34 False 0 0 False 2.264705882352941 2.264705882352941 3.41395375099074 3.41395375099074 1.5074600978400672 1.5074600978400672 1.0 1.0 1.0 1.0 1.0 1.0 2.0 2.0 20.0 20.0 0 0.0 0 0.0 5.436524243278131 4.207136793592526 4.75131560728184 0 0 0.0 0.0 0.0 0.0 0.0 0.0 0.0 0.0 0.0 0.0 0.0 0.0 0.0 0.0 0.0 0.0 4 8.5 4.654746681256314 0.5476172566183899 4.0 4.75 8.5 12.25 13.0 19.25 19.25 9.604686356149273 9.604686356149273 0.4989447457739882 0.0 5.0 0.0 17.75 0.0 23.5 0.0 25.0 0.0 25.0 0.0
51 17 3 1.0014750000000276 0.3021311999999057 0.0 1.3036061999999333 1.3036061999999333 1.3036061999999333 1.3036061999999333 483.69921875 475.9921875 18 18 1.0 18 1 0 False 0 0 False 1.0 1.0 0.0 0.0 0.0 0.0 0.0 0.0 0.0 0.0 0.0 0.0 0.0 0.0 0.0 0.0 0 0.0 0 0.0 0.0 0.0 0.0 1 1 1.0 0.0 0.0 1.0 1.0 1.0 1.0 1.0 18.0 0.0 0.0 18.0 18.0 18.0 18.0 18.0 1 1.0 0.0 0.0 0.0 0.0 0.0 0.0 0.0 1.0 1.0 0.0 0.0 0.0 0.0 0.0 0.0 0.0 0.0 0.0 0.0 0.0 0.0 0.0 0.0
52 17 2 2.086878600000034 0.6344992000000502 0.0 2.7213778000000843 3.4770374999999376 4.024984000000018 2.0266956499999935 501.76171875 495.234375 34 34 1.0 34 18 18 False 0 0 False 1.8888888888888888 1.8888888888888888 2.2462750575089703 2.2462750575089703 1.1892044422106314 1.1892044422106314 1.0 1.0 1.0 1.0 1.0 1.0 1.75 1.75 10.0 10.0 0 0.0 0 0.0 7.31028927048082 0.0 4.041451884327381 2 2 1.0 0.0 0.0 1.0 1.0 1.0 1.0 1.0 17.0 9.899494936611665 0.5823232315653921 10.0 13.5 17.0 20.5 24.0 2 9.0 0.0 0.0 9.0 9.0 9.0 9.0 9.0 17.0 17.0 9.899494936611665 9.899494936611665 0.5823232315653921 0.0 10.0 0.0 13.5 0.0 17.0 0.0 20.5 0.0 24.0 0.0
53 17 1 6.8597340000002305 7.313139400000068 0.0 14.172873400000299 6.7152028000001 18.197857400000316 4.582069600000096 520.39453125 516.875 73 73 1.0 0 34 34 False 0 0 False 2.1470588235294117 2.1470588235294117 3.134677528639293 3.134677528639293 1.4599867941607667 1.4599867941607667 1.0 1.0 1.0 1.0 1.0 1.0 2.0 2.0 19.0 19.0 0 0.0 0 0.0 6.117965206659497 3.8340579025361627 4.666369038128039 0 0 0.0 0.0 0.0 0.0 0.0 0.0 0.0 0.0 0.0 0.0 0.0 0.0 0.0 0.0 0.0 0.0 4 8.5 4.041451884327381 0.47546492756792713 5.0 5.0 8.5 12.0 12.0 18.25 18.25 8.73212459828649 8.73212459828649 0.47847258072802684 0.0 6.0 0.0 15.0 0.0 21.0 0.0 24.25 0.0 25.0 0.0
54 18 3 0.9939230000001658 0.32358400000009624 0.0 1.317507000000262 1.317507000000262 1.317507000000262 1.317507000000262 497.97265625 490.00390625 18 18 1.0 18 1 0 False 0 0 False 1.0 1.0 0.0 0.0 0.0 0.0 0.0 0.0 0.0 0.0 0.0 0.0 0.0 0.0 0.0 0.0 0 0.0 0 0.0 0.0 0.0 0.0 1 1 1.0 0.0 0.0 1.0 1.0 1.0 1.0 1.0 18.0 0.0 0.0 18.0 18.0 18.0 18.0 18.0 1 1.0 0.0 0.0 0.0 0.0 0.0 0.0 0.0 1.0 1.0 0.0 0.0 0.0 0.0 0.0 0.0 0.0 0.0 0.0 0.0 0.0 0.0 0.0 0.0
55 18 2 2.090400500000044 0.6266284000000155 0.0 2.7170289000000594 3.567172400000345 4.034535900000321 2.0314655000001665 517.7890625 510.640625 34 34 1.0 34 18 18 False 0 0 False 1.8888888888888888 1.8888888888888888 2.2199334618774946 2.2199334618774946 1.175258891582203 1.175258891582203 1.0 1.0 1.0 1.0 1.0 1.0 1.0 1.0 10.0 10.0 0 0.0 0 0.0 7.504045548134512 0.0 4.618802153517006 2 2 1.0 0.0 0.0 1.0 1.0 1.0 1.0 1.0 17.0 11.313708498984761 0.6655122646461624 9.0 13.0 17.0 21.0 25.0 2 9.0 0.0 0.0 9.0 9.0 9.0 9.0 9.0 17.0 17.0 11.313708498984761 11.313708498984761 0.6655122646461624 0.0 9.0 0.0 13.0 0.0 17.0 0.0 21.0 0.0 25.0 0.0
56 18 1 7.187660500000277 6.990769099999966 0.0 14.178429600000243 5.846389900000361 18.212965500000564 4.585650100000137 548.12890625 543.43359375 75 75 1.0 0 34 34 True 0 0 False 2.2058823529411766 2.2058823529411766 2.7276886195075654 2.7276886195075654 1.288075181434128 1.288075181434128 1.0 1.0 1.0 1.0 1.0 1.0 2.0 2.0 15.0 15.0 0 0.0 0 0.0 5.7834703605849604 4.207136793592526 4.601630145937415 0 0 0.0 0.0 0.0 0.0 0.0 0.0 0.0 0.0 0.0 0.0 0.0 0.0 0.0 0.0 0.0 0.0 4 8.5 4.654746681256314 0.5476172566183899 4.0 4.75 8.5 12.25 13.0 18.75 18.75 9.464847243000456 9.464847243000456 0.5047918529600243 0.0 5.0 0.0 16.25 0.0 22.5 0.0 25.0 0.0 25.0 0.0
57 19 3 0.9967858000001684 0.36925999999999704 0.0 1.3660458000001654 1.3660458000001654 1.3660458000001654 1.3660458000001654 511.0078125 503.265625 18 18 1.0 18 1 0 False 0 0 False 1.0 1.0 0.0 0.0 0.0 0.0 0.0 0.0 0.0 0.0 0.0 0.0 0.0 0.0 0.0 0.0 0 0.0 0 0.0 0.0 0.0 0.0 1 1 1.0 0.0 0.0 1.0 1.0 1.0 1.0 1.0 18.0 0.0 0.0 18.0 18.0 18.0 18.0 18.0 1 1.0 0.0 0.0 0.0 0.0 0.0 0.0 0.0 1.0 1.0 0.0 0.0 0.0 0.0 0.0 0.0 0.0 0.0 0.0 0.0 0.0 0.0 0.0 0.0
58 19 2 2.1085082999999827 0.9832380999999373 0.0 3.09174639999992 3.6743725000001177 4.457792200000085 2.2430533000000707 530.09765625 522.765625 34 34 1.0 34 18 18 False 0 0 False 1.8888888888888888 1.8888888888888888 2.2199334618774946 2.2199334618774946 1.175258891582203 1.175258891582203 1.0 1.0 1.0 1.0 1.0 1.0 1.0 1.0 10.0 10.0 0 0.0 0 0.0 7.504045548134512 0.0 4.618802153517006 2 2 1.0 0.0 0.0 1.0 1.0 1.0 1.0 1.0 17.0 11.313708498984761 0.6655122646461624 9.0 13.0 17.0 21.0 25.0 2 9.0 0.0 0.0 9.0 9.0 9.0 9.0 9.0 17.0 17.0 11.313708498984761 11.313708498984761 0.6655122646461624 0.0 9.0 0.0 13.0 0.0 17.0 0.0 21.0 0.0 25.0 0.0
59 19 1 5.163856699999997 1.644258700000023 0.0 6.80811540000002 6.801825600000313 11.265907600000105 2.8492464500000096 543.5859375 539.6796875 59 59 1.0 0 34 34 False 0 0 False 1.7352941176470589 1.7352941176470589 1.2384942844808053 1.2384942844808053 0.7137085707177522 0.7137085707177522 1.0 1.0 1.0 1.0 1.0 1.0 2.0 2.0 6.0 6.0 0 0.0 0 0.0 1.862138704187531 4.207136793592526 7.508328708840604 0 0 0.0 0.0 0.0 0.0 0.0 0.0 0.0 0.0 0.0 0.0 0.0 0.0 0.0 0.0 0.0 0.0 4 8.5 4.654746681256314 0.5476172566183899 4.0 4.75 8.5 12.25 13.0 14.75 14.75 8.421203397773187 8.421203397773187 0.5709290439168262 0.0 5.0 0.0 9.5 0.0 15.0 0.0 20.25 0.0 24.0 0.0
60 20 3 0.9970849000001181 0.4040425000000596 0.0 1.4011274000001777 1.4011274000001777 1.4011274000001777 1.4011274000001777 519.52734375 512.46875 18 18 1.0 18 1 0 False 0 0 False 1.0 1.0 0.0 0.0 0.0 0.0 0.0 0.0 0.0 0.0 0.0 0.0 0.0 0.0 0.0 0.0 0 0.0 0 0.0 0.0 0.0 0.0 1 1 1.0 0.0 0.0 1.0 1.0 1.0 1.0 1.0 18.0 0.0 0.0 18.0 18.0 18.0 18.0 18.0 1 1.0 0.0 0.0 0.0 0.0 0.0 0.0 0.0 1.0 1.0 0.0 0.0 0.0 0.0 0.0 0.0 0.0 0.0 0.0 0.0 0.0 0.0 0.0 0.0
61 20 2 2.1053150000000187 0.6455814000000828 0.0 2.7508964000001015 3.6856991000002495 4.152023800000279 2.0900350000001424 538.984375 532.375 34 34 1.0 34 18 18 False 0 0 False 1.8888888888888888 1.8888888888888888 2.27231131071657 2.27231131071657 1.2029883409675959 1.2029883409675959 1.0 1.0 1.0 1.0 1.0 1.0 1.0 1.0 10.0 10.0 0 0.0 0 0.0 7.654714247165685 0.0 4.618802153517006 2 2 1.0 0.0 0.0 1.0 1.0 1.0 1.0 1.0 17.0 11.313708498984761 0.6655122646461624 9.0 13.0 17.0 21.0 25.0 2 9.0 0.0 0.0 9.0 9.0 9.0 9.0 9.0 17.0 17.0 11.313708498984761 11.313708498984761 0.6655122646461624 0.0 9.0 0.0 13.0 0.0 17.0 0.0 21.0 0.0 25.0 0.0
62 20 1 6.871504300000254 7.063874500000111 0.0 13.935378800000365 6.682837000000461 18.087402600000644 4.553996375000153 561.38671875 557.87890625 73 73 1.0 0 34 34 False 0 0 False 2.1470588235294117 2.1470588235294117 2.8191160546824374 2.8191160546824374 1.313012956975382 1.313012956975382 1.0 1.0 1.0 1.0 1.0 1.0 2.0 2.0 17.0 17.0 0 0.0 0 0.0 5.90719021140945 4.207136793592526 4.916807907575809 0 0 0.0 0.0 0.0 0.0 0.0 0.0 0.0 0.0 0.0 0.0 0.0 0.0 0.0 0.0 0.0 0.0 4 8.5 4.654746681256314 0.5476172566183899 4.0 4.75 8.5 12.25 13.0 18.25 18.25 9.215023964519391 9.215023964519391 0.5049328199736652 0.0 5.0 0.0 15.5 0.0 21.5 0.0 24.25 0.0 25.0 0.0
63 21 3 0.9948463000000061 0.6799266999998963 0.0 1.6747729999999024 1.6747729999999024 1.6747729999999024 1.6747729999999024 536.08203125 528.3203125 18 18 1.0 18 1 0 False 0 0 False 1.0 1.0 0.0 0.0 0.0 0.0 0.0 0.0 0.0 0.0 0.0 0.0 0.0 0.0 0.0 0.0 0 0.0 0 0.0 0.0 0.0 0.0 1 1 1.0 0.0 0.0 1.0 1.0 1.0 1.0 1.0 18.0 0.0 0.0 18.0 18.0 18.0 18.0 18.0 1 1.0 0.0 0.0 0.0 0.0 0.0 0.0 0.0 1.0 1.0 0.0 0.0 0.0 0.0 0.0 0.0 0.0 0.0 0.0 0.0 0.0 0.0 0.0 0.0
64 21 2 2.1148961999999756 0.6912435000000414 0.0 2.806139700000017 4.012984499999902 4.480912699999919 2.2547964499999864 554.71875 547.5390625 34 34 1.0 34 18 18 False 0 0 False 1.8888888888888888 1.8888888888888888 2.166289559942608 2.166289559942608 1.1468591787931455 1.1468591787931455 1.0 1.0 1.0 1.0 1.0 1.0 1.75 1.75 10.0 10.0 0 0.0 0 0.0 7.431719361957711 0.0 4.618802153517006 2 2 1.0 0.0 0.0 1.0 1.0 1.0 1.0 1.0 17.0 11.313708498984761 0.6655122646461624 9.0 13.0 17.0 21.0 25.0 2 9.0 0.0 0.0 9.0 9.0 9.0 9.0 9.0 17.0 17.0 11.313708498984761 11.313708498984761 0.6655122646461624 0.0 9.0 0.0 13.0 0.0 17.0 0.0 21.0 0.0 25.0 0.0
65 21 1 5.667401799999993 1.7169747000003213 0.0 7.3843765000003145 6.668499600000189 11.865289200000234 2.998899950000066 585.1328125 581.12109375 63 63 1.0 0 34 34 False 0 0 False 1.8529411764705883 1.8529411764705883 1.559571676652521 1.559571676652521 0.8416736032727891 0.8416736032727891 1.0 1.0 1.0 1.0 1.0 1.0 2.0 2.0 7.0 7.0 0 0.0 0 0.0 2.5949945163318517 4.207136793592526 7.770135133960027 0 0 0.0 0.0 0.0 0.0 0.0 0.0 0.0 0.0 0.0 0.0 0.0 0.0 0.0 0.0 0.0 0.0 4 8.5 4.654746681256314 0.5476172566183899 4.0 4.75 8.5 12.25 13.0 15.75 15.75 9.358596760910972 9.358596760910972 0.5941966197403792 0.0 5.0 0.0 9.5 0.0 16.5 0.0 22.75 0.0 25.0 0.0
66 22 3 0.9948082000000227 0.3026945000001433 0.0 1.297502700000166 1.297502700000166 1.297502700000166 1.297502700000166 548.40234375 540.73046875 18 18 1.0 18 1 0 False 0 0 False 1.0 1.0 0.0 0.0 0.0 0.0 0.0 0.0 0.0 0.0 0.0 0.0 0.0 0.0 0.0 0.0 0 0.0 0 0.0 0.0 0.0 0.0 1 1 1.0 0.0 0.0 1.0 1.0 1.0 1.0 1.0 18.0 0.0 0.0 18.0 18.0 18.0 18.0 18.0 1 1.0 0.0 0.0 0.0 0.0 0.0 0.0 0.0 1.0 1.0 0.0 0.0 0.0 0.0 0.0 0.0 0.0 0.0 0.0 0.0 0.0 0.0 0.0 0.0
67 22 2 2.108799399999782 0.6926908000000367 0.0 2.8014901999998187 3.632923099999971 4.098992899999985 2.063757399999986 566.828125 559.9765625 34 34 1.0 34 18 18 False 0 0 False 1.8888888888888888 1.8888888888888888 2.2462750575089703 2.2462750575089703 1.1892044422106314 1.1892044422106314 1.0 1.0 1.0 1.0 1.0 1.0 1.75 1.75 10.0 10.0 0 0.0 0 0.0 7.367066074865918 0.0 4.618802153517006 2 2 1.0 0.0 0.0 1.0 1.0 1.0 1.0 1.0 17.0 11.313708498984761 0.6655122646461624 9.0 13.0 17.0 21.0 25.0 2 9.0 0.0 0.0 9.0 9.0 9.0 9.0 9.0 17.0 17.0 11.313708498984761 11.313708498984761 0.6655122646461624 0.0 9.0 0.0 13.0 0.0 17.0 0.0 21.0 0.0 25.0 0.0
68 22 1 6.855410800000129 2.974545000000262 0.0 9.829955800000391 6.319102300000054 13.928948700000376 3.5145956500001034 596.9296875 592.5859375 73 73 1.0 0 34 34 False 0 0 False 2.1470588235294117 2.1470588235294117 2.2580811502874343 2.2580811502874343 1.051709028900997 1.051709028900997 1.0 1.0 1.0 1.0 1.0 1.0 2.0 2.0 11.0 11.0 0 0.0 0 0.0 4.268507433441173 4.207136793592526 5.135659646043535 0 0 0.0 0.0 0.0 0.0 0.0 0.0 0.0 0.0 0.0 0.0 0.0 0.0 0.0 0.0 0.0 0.0 4 8.5 4.654746681256314 0.5476172566183899 4.0 4.75 8.5 12.25 13.0 18.25 18.25 8.99536917900909 8.99536917900909 0.4928969413155666 0.0 5.0 0.0 17.0 0.0 21.5 0.0 22.75 0.0 25.0 0.0
69 23 3 0.9937231999999199 0.41275200000012546 0.0 1.4064752000000453 1.4064752000000453 1.4064752000000453 1.4064752000000453 561.59375 554.84375 18 18 1.0 18 1 0 False 0 0 False 1.0 1.0 0.0 0.0 0.0 0.0 0.0 0.0 0.0 0.0 0.0 0.0 0.0 0.0 0.0 0.0 0 0.0 0 0.0 0.0 0.0 0.0 1 1 1.0 0.0 0.0 1.0 1.0 1.0 1.0 1.0 18.0 0.0 0.0 18.0 18.0 18.0 18.0 18.0 1 1.0 0.0 0.0 0.0 0.0 0.0 0.0 0.0 1.0 1.0 0.0 0.0 0.0 0.0 0.0 0.0 0.0 0.0 0.0 0.0 0.0 0.0 0.0 0.0
70 23 2 2.0830892999999833 0.5458247000000256 0.0 2.628914000000009 3.489530100000138 4.035389200000054 2.0318073000000254 580.34375 574.15234375 34 34 1.0 34 18 18 False 0 0 False 1.8888888888888888 1.8888888888888888 2.138963159732493 2.138963159732493 1.1323922610348491 1.1323922610348491 1.0 1.0 1.0 1.0 1.0 1.0 2.0 2.0 10.0 10.0 0 0.0 0 0.0 7.0764490874479415 0.0 4.041451884327381 2 2 1.0 0.0 0.0 1.0 1.0 1.0 1.0 1.0 17.0 9.899494936611665 0.5823232315653921 10.0 13.5 17.0 20.5 24.0 2 9.0 0.0 0.0 9.0 9.0 9.0 9.0 9.0 17.0 17.0 9.899494936611665 9.899494936611665 0.5823232315653921 0.0 10.0 0.0 13.5 0.0 17.0 0.0 20.5 0.0 24.0 0.0
71 23 1 6.8153977999998006 3.243064699999991 0.0 10.058462499999791 6.088027600000032 14.093851699999846 3.5559437499999547 602.578125 596.5078125 73 73 1.0 0 34 34 False 0 0 False 2.1470588235294117 2.1470588235294117 2.6643818197254356 2.6643818197254356 1.2409449571323947 1.2409449571323947 1.0 1.0 1.0 1.0 1.0 1.0 2.0 2.0 15.0 15.0 0 0.0 0 0.0 4.830384297004473 3.8340579025361627 4.7302219821061255 0 0 0.0 0.0 0.0 0.0 0.0 0.0 0.0 0.0 0.0 0.0 0.0 0.0 0.0 0.0 0.0 0.0 4 8.5 4.041451884327381 0.47546492756792713 5.0 5.0 8.5 12.0 12.0 18.25 18.25 8.261355820929152 8.261355820929152 0.45267703128378917 0.0 6.0 0.0 17.25 0.0 21.5 0.0 22.5 0.0 24.0 0.0
72 24 3 0.9941360999999915 0.3359600000001137 0.0 1.3300961000001053 1.3300961000001053 1.3300961000001053 1.3300961000001053 575.31640625 568.46484375 18 18 1.0 18 1 0 False 0 0 False 1.0 1.0 0.0 0.0 0.0 0.0 0.0 0.0 0.0 0.0 0.0 0.0 0.0 0.0 0.0 0.0 0 0.0 0 0.0 0.0 0.0 0.0 1 1 1.0 0.0 0.0 1.0 1.0 1.0 1.0 1.0 18.0 0.0 0.0 18.0 18.0 18.0 18.0 18.0 1 1.0 0.0 0.0 0.0 0.0 0.0 0.0 0.0 1.0 1.0 0.0 0.0 0.0 0.0 0.0 0.0 0.0 0.0 0.0 0.0 0.0 0.0 0.0 0.0
73 24 2 2.106904400000076 0.6384867000001009 0.0 2.7453911000001767 3.605953100000363 4.075487200000282 2.051900850000152 593.59375 586.91796875 34 34 1.0 34 18 18 False 0 0 False 1.8888888888888888 1.8888888888888888 2.2199334618774946 2.2199334618774946 1.175258891582203 1.175258891582203 1.0 1.0 1.0 1.0 1.0 1.0 1.0 1.0 10.0 10.0 0 0.0 0 0.0 7.365390091055303 0.0 4.618802153517006 2 2 1.0 0.0 0.0 1.0 1.0 1.0 1.0 1.0 17.0 11.313708498984761 0.6655122646461624 9.0 13.0 17.0 21.0 25.0 2 9.0 0.0 0.0 9.0 9.0 9.0 9.0 9.0 17.0 17.0 11.313708498984761 11.313708498984761 0.6655122646461624 0.0 9.0 0.0 13.0 0.0 17.0 0.0 21.0 0.0 25.0 0.0
74 24 1 5.231071899999961 1.6708077999999773 0.0 6.901879699999938 6.251209300000255 10.97736690000022 2.777134300000071 621.9609375 618.40625 59 59 1.0 0 34 34 False 0 0 False 1.7352941176470589 1.7352941176470589 1.6201164105090453 1.6201164105090453 0.93362640605606 0.93362640605606 1.0 1.0 1.0 1.0 1.0 1.0 2.0 2.0 9.0 9.0 0 0.0 0 0.0 4.082041435818238 4.207136793592526 9.152868402856015 0 0 0.0 0.0 0.0 0.0 0.0 0.0 0.0 0.0 0.0 0.0 0.0 0.0 0.0 0.0 0.0 0.0 4 8.5 4.654746681256314 0.5476172566183899 4.0 4.75 8.5 12.25 13.0 14.75 14.75 10.21028892833107 10.21028892833107 0.6922229781919369 0.0 5.0 0.0 6.5 0.0 14.5 0.0 22.75 0.0 25.0 0.0
75 25 3 0.9936587999999915 0.38757179999987557 0.0 1.381230599999867 1.381230599999867 1.381230599999867 1.381230599999867 588.84375 581.62890625 18 18 1.0 18 1 0 False 0 0 False 1.0 1.0 0.0 0.0 0.0 0.0 0.0 0.0 0.0 0.0 0.0 0.0 0.0 0.0 0.0 0.0 0 0.0 0 0.0 0.0 0.0 0.0 1 1 1.0 0.0 0.0 1.0 1.0 1.0 1.0 1.0 18.0 0.0 0.0 18.0 18.0 18.0 18.0 18.0 1 1.0 0.0 0.0 0.0 0.0 0.0 0.0 0.0 1.0 1.0 0.0 0.0 0.0 0.0 0.0 0.0 0.0 0.0 0.0 0.0 0.0 0.0 0.0 0.0
76 25 2 2.102005599999984 0.5977881999998544 0.0 2.6997937999998385 3.5297927999997682 4.081024399999706 2.0545776499998283 607.30078125 600.9765625 34 34 1.0 34 18 18 False 0 0 False 1.8888888888888888 1.8888888888888888 2.193275522213265 2.193275522213265 1.1611458647011403 1.1611458647011403 1.0 1.0 1.0 1.0 1.0 1.0 1.75 1.75 10.0 10.0 0 0.0 0 0.0 6.954141377950751 0.0 4.041451884327381 2 2 1.0 0.0 0.0 1.0 1.0 1.0 1.0 1.0 17.0 9.899494936611665 0.5823232315653921 10.0 13.5 17.0 20.5 24.0 2 9.0 0.0 0.0 9.0 9.0 9.0 9.0 9.0 17.0 17.0 9.899494936611665 9.899494936611665 0.5823232315653921 0.0 10.0 0.0 13.5 0.0 17.0 0.0 20.5 0.0 24.0 0.0
77 25 1 5.396170400000187 1.5887003999997091 0.0 6.9848707999998965 5.8007035999997925 11.065895199999602 2.798841174999879 626.8828125 620.95703125 61 61 1.0 0 34 34 False 0 0 False 1.7941176470588236 1.7941176470588236 1.6473930142244468 1.6473930142244468 0.918219057108708 0.918219057108708 1.0 1.0 1.0 1.0 1.0 1.0 2.0 2.0 8.0 8.0 0 0.0 0 0.0 2.2569577159282113 3.8340579025361627 6.676451153120197 0 0 0.0 0.0 0.0 0.0 0.0 0.0 0.0 0.0 0.0 0.0 0.0 0.0 0.0 0.0 0.0 0.0 4 8.5 4.041451884327381 0.47546492756792713 5.0 5.0 8.5 12.0 12.0 15.25 15.25 8.220908303425682 8.220908303425682 0.5390759543229956 0.0 6.0 0.0 9.75 0.0 15.5 0.0 21.0 0.0 24.0 0.0
78 26 3 0.9938011999996661 0.37351699999999255 0.0 1.3673181999996586 1.3673181999996586 1.3673181999996586 1.3673181999996586 598.546875 591.11328125 18 18 1.0 18 1 0 False 0 0 False 1.0 1.0 0.0 0.0 0.0 0.0 0.0 0.0 0.0 0.0 0.0 0.0 0.0 0.0 0.0 0.0 0 0.0 0 0.0 0.0 0.0 0.0 1 1 1.0 0.0 0.0 1.0 1.0 1.0 1.0 1.0 18.0 0.0 0.0 18.0 18.0 18.0 18.0 18.0 1 1.0 0.0 0.0 0.0 0.0 0.0 0.0 0.0 1.0 1.0 0.0 0.0 0.0 0.0 0.0 0.0 0.0 0.0 0.0 0.0 0.0 0.0 0.0 0.0
79 26 2 2.108174699999836 0.6134637000001248 0.0 2.7216383999999607 3.621656399999438 4.088956599999619 2.0587206499998274 617.3203125 610.6171875 34 34 1.0 34 18 18 False 0 0 False 1.8888888888888888 1.8888888888888888 2.193275522213265 2.193275522213265 1.1611458647011403 1.1611458647011403 1.0 1.0 1.0 1.0 1.0 1.0 1.75 1.75 10.0 10.0 0 0.0 0 0.0 7.27473784404555 0.0 4.618802153517006 2 2 1.0 0.0 0.0 1.0 1.0 1.0 1.0 1.0 17.0 11.313708498984761 0.6655122646461624 9.0 13.0 17.0 21.0 25.0 2 9.0 0.0 0.0 9.0 9.0 9.0 9.0 9.0 17.0 17.0 11.313708498984761 11.313708498984761 0.6655122646461624 0.0 9.0 0.0 13.0 0.0 17.0 0.0 21.0 0.0 25.0 0.0
80 26 1 6.61483150000015 6.776272199999994 0.0 13.391103700000144 6.232969399999661 17.480060299999764 4.402551700000004 636.48046875 633.84765625 71 71 1.0 0 34 34 True 0 0 False 2.088235294117647 2.088235294117647 2.497770842178211 2.497770842178211 1.2132029804865598 1.2132029804865598 1.0 1.0 1.0 1.0 1.0 1.0 2.0 2.0 15.0 15.0 0 0.0 0 0.0 6.3707878410965 4.207136793592526 4.513867521316947 0 0 0.0 0.0 0.0 0.0 0.0 0.0 0.0 0.0 0.0 0.0 0.0 0.0 0.0 0.0 0.0 0.0 4 8.5 4.654746681256314 0.5476172566183899 4.0 4.75 8.5 12.25 13.0 17.75 17.75 8.845903006477066 8.845903006477066 0.49836073275927134 0.0 5.0 0.0 15.5 0.0 20.5 0.0 22.75 0.0 25.0 0.0
81 27 3 0.9998747000001913 0.82234579999988 0.0 1.8222205000000713 1.8222205000000713 1.8222205000000713 1.8222205000000713 612.796875 605.37109375 18 18 1.0 18 1 0 False 0 0 False 1.0 1.0 0.0 0.0 0.0 0.0 0.0 0.0 0.0 0.0 0.0 0.0 0.0 0.0 0.0 0.0 0 0.0 0 0.0 0.0 0.0 0.0 1 1 1.0 0.0 0.0 1.0 1.0 1.0 1.0 1.0 18.0 0.0 0.0 18.0 18.0 18.0 18.0 18.0 1 1.0 0.0 0.0 0.0 0.0 0.0 0.0 0.0 1.0 1.0 0.0 0.0 0.0 0.0 0.0 0.0 0.0 0.0 0.0 0.0 0.0 0.0 0.0 0.0
82 27 2 2.1239791000003834 0.744769300000371 0.0 2.8687484000007544 4.2236668000007285 4.690968900000826 2.3595396500004426 631.5703125 624.66015625 34 34 1.0 34 18 18 False 0 0 False 1.8888888888888888 1.8888888888888888 2.27231131071657 2.27231131071657 1.2029883409675959 1.2029883409675959 1.0 1.0 1.0 1.0 1.0 1.0 1.0 1.0 10.0 10.0 0 0.0 0 0.0 7.654714247165685 0.0 4.618802153517006 2 2 1.0 0.0 0.0 1.0 1.0 1.0 1.0 1.0 17.0 11.313708498984761 0.6655122646461624 9.0 13.0 17.0 21.0 25.0 2 9.0 0.0 0.0 9.0 9.0 9.0 9.0 9.0 17.0 17.0 11.313708498984761 11.313708498984761 0.6655122646461624 0.0 9.0 0.0 13.0 0.0 17.0 0.0 21.0 0.0 25.0 0.0
83 27 1 5.176238000000126 1.5998042000002215 0.0 6.776042200000347 7.282808300000738 11.467011100001173 2.8995976750002797 652.9765625 647.41015625 59 59 1.0 0 34 34 False 0 0 False 1.7352941176470589 1.7352941176470589 1.2627248921668104 1.2627248921668104 0.7276719717571449 0.7276719717571449 1.0 1.0 1.0 1.0 1.0 1.0 2.0 2.0 6.0 6.0 0 0.0 0 0.0 1.9757395356682943 4.207136793592526 7.508328708840604 0 0 0.0 0.0 0.0 0.0 0.0 0.0 0.0 0.0 0.0 0.0 0.0 0.0 0.0 0.0 0.0 0.0 4 8.5 4.654746681256314 0.5476172566183899 4.0 4.75 8.5 12.25 13.0 14.75 14.75 8.421203397773187 8.421203397773187 0.5709290439168262 0.0 5.0 0.0 9.5 0.0 15.0 0.0 20.25 0.0 24.0 0.0
84 28 3 0.9947466999999506 0.33293860000003406 0.0 1.3276852999999846 1.3276852999999846 1.3276852999999846 1.3276852999999846 615.82421875 609.4765625 18 18 1.0 18 1 0 False 0 0 False 1.0 1.0 0.0 0.0 0.0 0.0 0.0 0.0 0.0 0.0 0.0 0.0 0.0 0.0 0.0 0.0 0 0.0 0 0.0 0.0 0.0 0.0 1 1 1.0 0.0 0.0 1.0 1.0 1.0 1.0 1.0 18.0 0.0 0.0 18.0 18.0 18.0 18.0 18.0 1 1.0 0.0 0.0 0.0 0.0 0.0 0.0 0.0 1.0 1.0 0.0 0.0 0.0 0.0 0.0 0.0 0.0 0.0 0.0 0.0 0.0 0.0 0.0 0.0
85 28 2 2.090898700000025 0.6484851000002436 0.0 2.739383800000269 3.5986488000002055 4.0670691000002535 2.0478473000001145 635.1484375 629.40234375 34 34 1.0 34 18 18 False 0 0 False 1.8888888888888888 1.8888888888888888 2.138963159732493 2.138963159732493 1.1323922610348491 1.1323922610348491 1.0 1.0 1.0 1.0 1.0 1.0 2.0 2.0 10.0 10.0 0 0.0 0 0.0 7.132491008304119 0.0 4.618802153517006 2 2 1.0 0.0 0.0 1.0 1.0 1.0 1.0 1.0 17.0 11.313708498984761 0.6655122646461624 9.0 13.0 17.0 21.0 25.0 2 9.0 0.0 0.0 9.0 9.0 9.0 9.0 9.0 17.0 17.0 11.313708498984761 11.313708498984761 0.6655122646461624 0.0 9.0 0.0 13.0 0.0 17.0 0.0 21.0 0.0 25.0 0.0
86 28 1 6.095407100000216 3.5365448999998534 0.0 9.63195200000007 6.213867100000357 13.699021100000323 3.457482725000091 652.5625 652.20703125 67 67 1.0 0 34 34 False 0 0 False 1.9705882352941178 1.9705882352941178 2.504363393585309 2.504363393585309 1.2708709758492611 1.2708709758492611 1.0 1.0 1.0 1.0 1.0 1.0 2.0 2.0 15.0 15.0 0 0.0 0 0.0 4.667722116598789 4.207136793592526 4.513867521316947 0 0 0.0 0.0 0.0 0.0 0.0 0.0 0.0 0.0 0.0 0.0 0.0 0.0 0.0 0.0 0.0 0.0 4 8.5 4.654746681256314 0.5476172566183899 4.0 4.75 8.5 12.25 13.0 16.75 16.75 7.932002689527196 7.932002689527196 0.47355239937475796 0.0 5.0 0.0 15.5 0.0 20.0 0.0 21.25 0.0 22.0 0.0
87 29 3 0.994133799999986 0.3599486999994497 0.0 1.3540824999994356 1.3540824999994356 1.3540824999994356 1.3540824999994356 629.43359375 622.484375 18 18 1.0 18 1 0 False 0 0 False 1.0 1.0 0.0 0.0 0.0 0.0 0.0 0.0 0.0 0.0 0.0 0.0 0.0 0.0 0.0 0.0 0 0.0 0 0.0 0.0 0.0 0.0 1 1 1.0 0.0 0.0 1.0 1.0 1.0 1.0 1.0 18.0 0.0 0.0 18.0 18.0 18.0 18.0 18.0 1 1.0 0.0 0.0 0.0 0.0 0.0 0.0 0.0 1.0 1.0 0.0 0.0 0.0 0.0 0.0 0.0 0.0 0.0 0.0 0.0 0.0 0.0 0.0 0.0
88 29 2 2.0953649000001633 0.6021133999997801 0.0 2.6974782999999434 3.5816151999993053 4.051560799999379 2.0398635999997055 646.9140625 640.42578125 34 34 1.0 34 18 18 False 0 0 False 1.8888888888888888 1.8888888888888888 2.166289559942608 2.166289559942608 1.1468591787931455 1.1468591787931455 1.0 1.0 1.0 1.0 1.0 1.0 1.75 1.75 10.0 10.0 0 0.0 0 0.0 7.366228130626149 0.0 4.618802153517006 2 2 1.0 0.0 0.0 1.0 1.0 1.0 1.0 1.0 17.0 11.313708498984761 0.6655122646461624 9.0 13.0 17.0 21.0 25.0 2 9.0 0.0 0.0 9.0 9.0 9.0 9.0 9.0 17.0 17.0 11.313708498984761 11.313708498984761 0.6655122646461624 0.0 9.0 0.0 13.0 0.0 17.0 0.0 21.0 0.0 25.0 0.0
89 29 1 5.201212000000282 1.6710779999998522 0.0 6.872290000000135 6.761862999999494 10.923850799999514 2.7634579749998522 669.109375 665.09375 59 59 1.0 0 34 34 False 0 0 False 1.7352941176470589 1.7352941176470589 1.2384942844808053 1.2384942844808053 0.7137085707177522 0.7137085707177522 1.0 1.0 1.0 1.0 1.0 1.0 2.0 2.0 6.0 6.0 0 0.0 0 0.0 1.8269654534681516 4.207136793592526 7.508328708840604 0 0 0.0 0.0 0.0 0.0 0.0 0.0 0.0 0.0 0.0 0.0 0.0 0.0 0.0 0.0 0.0 0.0 4 8.5 4.654746681256314 0.5476172566183899 4.0 4.75 8.5 12.25 13.0 14.75 14.75 8.421203397773187 8.421203397773187 0.5709290439168262 0.0 5.0 0.0 9.5 0.0 15.0 0.0 20.25 0.0 24.0 0.0
90 30 3 0.9966056000002936 0.385027700000137 0.0 1.3816333000004306 1.3816333000004306 1.3816333000004306 1.3816333000004306 642.83984375 635.921875 18 18 1.0 18 1 0 False 0 0 False 1.0 1.0 0.0 0.0 0.0 0.0 0.0 0.0 0.0 0.0 0.0 0.0 0.0 0.0 0.0 0.0 0 0.0 0 0.0 0.0 0.0 0.0 1 1 1.0 0.0 0.0 1.0 1.0 1.0 1.0 1.0 18.0 0.0 0.0 18.0 18.0 18.0 18.0 18.0 1 1.0 0.0 0.0 0.0 0.0 0.0 0.0 0.0 1.0 1.0 0.0 0.0 0.0 0.0 0.0 0.0 0.0 0.0 0.0 0.0 0.0 0.0 0.0 0.0
91 30 2 2.1062122000000727 0.7492627000000311 0.0 2.855474900000104 3.7660969000004343 4.2371082000005345 2.1326267000002304 661.36328125 655.328125 34 34 1.0 34 18 18 False 0 0 False 1.8888888888888888 1.8888888888888888 2.27231131071657 2.27231131071657 1.2029883409675959 1.2029883409675959 1.0 1.0 1.0 1.0 1.0 1.0 1.0 1.0 10.0 10.0 0 0.0 0 0.0 7.654714247165685 0.0 4.618802153517006 2 2 1.0 0.0 0.0 1.0 1.0 1.0 1.0 1.0 17.0 11.313708498984761 0.6655122646461624 9.0 13.0 17.0 21.0 25.0 2 9.0 0.0 0.0 9.0 9.0 9.0 9.0 9.0 17.0 17.0 11.313708498984761 11.313708498984761 0.6655122646461624 0.0 9.0 0.0 13.0 0.0 17.0 0.0 21.0 0.0 25.0 0.0
92 30 1 7.152713800000242 7.860084300000267 0.0 15.01279810000051 6.0358034000003045 19.249906300001044 4.844946250000277 685.58203125 680.94921875 75 75 1.0 0 34 34 False 0 0 False 2.2058823529411766 2.2058823529411766 3.4092513331238012 3.4092513331238012 1.5455272710161232 1.5455272710161232 1.0 1.0 1.0 1.0 1.0 1.0 2.0 2.0 20.0 20.0 0 0.0 0 0.0 5.822378079890583 4.207136793592526 4.401704215414752 0 0 0.0 0.0 0.0 0.0 0.0 0.0 0.0 0.0 0.0 0.0 0.0 0.0 0.0 0.0 0.0 0.0 4 8.5 4.654746681256314 0.5476172566183899 4.0 4.75 8.5 12.25 13.0 18.75 18.75 9.464847243000456 9.464847243000456 0.5047918529600243 0.0 5.0 0.0 16.25 0.0 22.5 0.0 25.0 0.0 25.0 0.0
93 31 3 0.9965243000002602 0.3489646000000448 0.0 1.345488900000305 1.345488900000305 1.345488900000305 1.345488900000305 659.1875 651.95703125 18 18 1.0 18 1 0 False 0 0 False 1.0 1.0 0.0 0.0 0.0 0.0 0.0 0.0 0.0 0.0 0.0 0.0 0.0 0.0 0.0 0.0 0 0.0 0 0.0 0.0 0.0 0.0 1 1 1.0 0.0 0.0 1.0 1.0 1.0 1.0 1.0 18.0 0.0 0.0 18.0 18.0 18.0 18.0 18.0 1 1.0 0.0 0.0 0.0 0.0 0.0 0.0 0.0 1.0 1.0 0.0 0.0 0.0 0.0 0.0 0.0 0.0 0.0 0.0 0.0 0.0 0.0 0.0 0.0
94 31 2 2.1052255999996987 0.6237378000004128 0.0 2.7289634000001115 3.603133000000298 4.0744523000004165 2.0512642000002757 678.05078125 671.6796875 34 34 1.0 34 18 18 False 0 0 False 1.8888888888888888 1.8888888888888888 2.27231131071657 2.27231131071657 1.2029883409675959 1.2029883409675959 1.0 1.0 1.0 1.0 1.0 1.0 1.0 1.0 10.0 10.0 0 0.0 0 0.0 7.654714247165685 0.0 4.618802153517006 2 2 1.0 0.0 0.0 1.0 1.0 1.0 1.0 1.0 17.0 11.313708498984761 0.6655122646461624 9.0 13.0 17.0 21.0 25.0 2 9.0 0.0 0.0 9.0 9.0 9.0 9.0 9.0 17.0 17.0 11.313708498984761 11.313708498984761 0.6655122646461624 0.0 9.0 0.0 13.0 0.0 17.0 0.0 21.0 0.0 25.0 0.0
95 31 1 5.662153300000227 1.6787475999999515 0.0 7.340900900000179 6.184694100000343 11.415353200000595 2.8867085000001396 704.14453125 699.890625 63 63 1.0 0 34 34 False 0 0 False 1.8529411764705883 1.8529411764705883 1.559571676652521 1.559571676652521 0.8416736032727891 0.8416736032727891 1.0 1.0 1.0 1.0 1.0 1.0 2.0 2.0 6.0 6.0 0 0.0 0 0.0 2.9719711399586974 4.207136793592526 7.770135133960027 0 0 0.0 0.0 0.0 0.0 0.0 0.0 0.0 0.0 0.0 0.0 0.0 0.0 0.0 0.0 0.0 0.0 4 8.5 4.654746681256314 0.5476172566183899 4.0 4.75 8.5 12.25 13.0 15.75 15.75 9.358596760910972 9.358596760910972 0.5941966197403792 0.0 5.0 0.0 9.5 0.0 16.5 0.0 22.75 0.0 25.0 0.0
96 32 3 0.9945334999997613 0.34423539999954755 0.0 1.3387688999993088 1.3387688999993088 1.3387688999993088 1.3387688999993088 660.53125 654.9765625 18 18 1.0 18 1 0 False 0 0 False 1.0 1.0 0.0 0.0 0.0 0.0 0.0 0.0 0.0 0.0 0.0 0.0 0.0 0.0 0.0 0.0 0 0.0 0 0.0 0.0 0.0 0.0 1 1 1.0 0.0 0.0 1.0 1.0 1.0 1.0 1.0 18.0 0.0 0.0 18.0 18.0 18.0 18.0 18.0 1 1.0 0.0 0.0 0.0 0.0 0.0 0.0 0.0 1.0 1.0 0.0 0.0 0.0 0.0 0.0 0.0 0.0 0.0 0.0 0.0 0.0 0.0 0.0 0.0
97 32 2 2.1074518000000353 0.6357486999997946 0.0 2.74320049999983 3.6134327999991456 4.081969399999139 2.055137949999562 681.71484375 675.69140625 34 34 1.0 34 18 18 False 0 0 False 1.8888888888888888 1.8888888888888888 2.27231131071657 2.27231131071657 1.2029883409675959 1.2029883409675959 1.0 1.0 1.0 1.0 1.0 1.0 1.0 1.0 10.0 10.0 0 0.0 0 0.0 7.654714247165685 0.0 4.618802153517006 2 2 1.0 0.0 0.0 1.0 1.0 1.0 1.0 1.0 17.0 11.313708498984761 0.6655122646461624 9.0 13.0 17.0 21.0 25.0 2 9.0 0.0 0.0 9.0 9.0 9.0 9.0 9.0 17.0 17.0 11.313708498984761 11.313708498984761 0.6655122646461624 0.0 9.0 0.0 13.0 0.0 17.0 0.0 21.0 0.0 25.0 0.0
98 32 1 6.338681599999745 2.986629900000139 0.0 9.325311499999884 6.567439699998772 13.407280899999023 3.3846685249997392 703.60546875 699.125 69 69 1.0 0 34 34 False 0 0 False 2.0294117647058822 2.0294117647058822 1.9615283793225375 1.9615283793225375 0.966550215898062 0.966550215898062 1.0 1.0 1.0 1.0 1.0 1.0 2.0 2.0 11.0 11.0 0 0.0 0 0.0 4.359742302152325 4.207136793592526 5.135659646043535 0 0 0.0 0.0 0.0 0.0 0.0 0.0 0.0 0.0 0.0 0.0 0.0 0.0 0.0 0.0 0.0 0.0 4 8.5 4.654746681256314 0.5476172566183899 4.0 4.75 8.5 12.25 13.0 17.25 17.25 8.421203397773187 8.421203397773187 0.4881857042187355 0.0 5.0 0.0 15.5 0.0 20.0 0.0 21.75 0.0 24.0 0.0
99 33 3 0.9962094000002253 0.37350009999966005 0.0 1.3697094999998853 1.3697094999998853 1.3697094999998853 1.3697094999998853 679.359375 672.39453125 18 18 1.0 18 1 0 False 0 0 False 1.0 1.0 0.0 0.0 0.0 0.0 0.0 0.0 0.0 0.0 0.0 0.0 0.0 0.0 0.0 0.0 0 0.0 0 0.0 0.0 0.0 0.0 1 1 1.0 0.0 0.0 1.0 1.0 1.0 1.0 1.0 18.0 0.0 0.0 18.0 18.0 18.0 18.0 18.0 1 1.0 0.0 0.0 0.0 0.0 0.0 0.0 0.0 1.0 1.0 0.0 0.0 0.0 0.0 0.0 0.0 0.0 0.0 0.0 0.0 0.0 0.0 0.0 0.0
100 33 2 2.0669244000001754 0.5416324999996505 0.0 2.608556899999826 3.4311647999995785 3.978266399999711 2.0035853499998666 697.19140625 691.60546875 34 34 1.0 34 18 18 False 0 0 False 1.8888888888888888 1.8888888888888888 2.138963159732493 2.138963159732493 1.1323922610348491 1.1323922610348491 1.0 1.0 1.0 1.0 1.0 1.0 2.0 2.0 10.0 10.0 0 0.0 0 0.0 7.007638395691781 0.0 4.041451884327381 2 2 1.0 0.0 0.0 1.0 1.0 1.0 1.0 1.0 17.0 9.899494936611665 0.5823232315653921 10.0 13.5 17.0 20.5 24.0 2 9.0 0.0 0.0 9.0 9.0 9.0 9.0 9.0 17.0 17.0 9.899494936611665 9.899494936611665 0.5823232315653921 0.0 10.0 0.0 13.5 0.0 17.0 0.0 20.5 0.0 24.0 0.0
101 33 1 6.351174900000274 3.1304667999999083 0.0 9.481641700000182 6.381495699999505 13.459908099999893 3.3978174500000193 718.0625 712.390625 69 69 1.0 0 34 34 True 0 0 False 2.0294117647058822 2.0294117647058822 2.335496832484569 2.335496832484569 1.1677484162422844 1.1677484162422844 1.0 1.0 1.0 1.0 1.0 1.0 2.0 2.0 14.0 14.0 0 0.0 0 0.0 5.484525257580462 3.8340579025361627 4.834769901453429 0 0 0.0 0.0 0.0 0.0 0.0 0.0 0.0 0.0 0.0 0.0 0.0 0.0 0.0 0.0 0.0 0.0 4 8.5 4.041451884327381 0.47546492756792713 5.0 5.0 8.5 12.0 12.0 17.25 17.25 7.88986691902975 7.88986691902975 0.457383589508971 0.0 6.0 0.0 15.0 0.0 19.5 0.0 21.75 0.0 24.0 0.0
102 34 3 0.9969625000003361 0.41949449999981425 0.0 1.4164570000001504 1.4164570000001504 1.4164570000001504 1.4164570000001504 693.20703125 686.4609375 18 18 1.0 18 1 0 False 0 0 False 1.0 1.0 0.0 0.0 0.0 0.0 0.0 0.0 0.0 0.0 0.0 0.0 0.0 0.0 0.0 0.0 0 0.0 0 0.0 0.0 0.0 0.0 1 1 1.0 0.0 0.0 1.0 1.0 1.0 1.0 1.0 18.0 0.0 0.0 18.0 18.0 18.0 18.0 18.0 1 1.0 0.0 0.0 0.0 0.0 0.0 0.0 0.0 1.0 1.0 0.0 0.0 0.0 0.0 0.0 0.0 0.0 0.0 0.0 0.0 0.0 0.0 0.0 0.0
103 34 2 2.0840135999999347 0.5590749000000415 0.0 2.643088499999976 3.5078591000000188 4.059545500000127 2.0438246000001072 711.68359375 705.74609375 34 34 1.0 34 18 18 False 0 0 False 1.8888888888888888 1.8888888888888888 2.2462750575089703 2.2462750575089703 1.1892044422106314 1.1892044422106314 1.0 1.0 1.0 1.0 1.0 1.0 1.75 1.75 10.0 10.0 0 0.0 0 0.0 7.31028927048082 0.0 4.041451884327381 2 2 1.0 0.0 0.0 1.0 1.0 1.0 1.0 1.0 17.0 9.899494936611665 0.5823232315653921 10.0 13.5 17.0 20.5 24.0 2 9.0 0.0 0.0 9.0 9.0 9.0 9.0 9.0 17.0 17.0 9.899494936611665 9.899494936611665 0.5823232315653921 0.0 10.0 0.0 13.5 0.0 17.0 0.0 20.5 0.0 24.0 0.0
104 34 1 5.356896600000027 1.5479030999998713 0.0 6.904799699999899 5.740517799999907 10.964345200000025 2.773836775000035 731.828125 726.49609375 61 61 1.0 0 34 34 False 0 0 False 1.7941176470588236 1.7941176470588236 1.4930020959352412 1.4930020959352412 0.8321651026524295 0.8321651026524295 1.0 1.0 1.0 1.0 1.0 1.0 2.0 2.0 6.0 6.0 0 0.0 0 0.0 2.1501790381718844 3.8340579025361627 6.676451153120197 0 0 0.0 0.0 0.0 0.0 0.0 0.0 0.0 0.0 0.0 0.0 0.0 0.0 0.0 0.0 0.0 0.0 4 8.5 4.041451884327381 0.47546492756792713 5.0 5.0 8.5 12.0 12.0 15.25 15.25 8.220908303425682 8.220908303425682 0.5390759543229956 0.0 6.0 0.0 9.75 0.0 15.5 0.0 21.0 0.0 24.0 0.0
105 35 3 0.9979497000000492 0.3895075000001498 0.0 1.387457200000199 1.387457200000199 1.387457200000199 1.387457200000199 705.1796875 698.15234375 18 18 1.0 18 1 0 False 0 0 False 1.0 1.0 0.0 0.0 0.0 0.0 0.0 0.0 0.0 0.0 0.0 0.0 0.0 0.0 0.0 0.0 0 0.0 0 0.0 0.0 0.0 0.0 1 1 1.0 0.0 0.0 1.0 1.0 1.0 1.0 1.0 18.0 0.0 0.0 18.0 18.0 18.0 18.0 18.0 1 1.0 0.0 0.0 0.0 0.0 0.0 0.0 0.0 1.0 1.0 0.0 0.0 0.0 0.0 0.0 0.0 0.0 0.0 0.0 0.0 0.0 0.0 0.0 0.0
106 35 2 2.1030085999996118 0.6070764000000963 0.0 2.710084999999708 3.627786799999967 4.097542199999907 2.062986799999976 723.86328125 717.625 34 34 1.0 34 18 18 False 0 0 False 1.8888888888888888 1.8888888888888888 2.193275522213265 2.193275522213265 1.1611458647011403 1.1611458647011403 1.0 1.0 1.0 1.0 1.0 1.0 1.75 1.75 10.0 10.0 0 0.0 0 0.0 7.27473784404555 0.0 4.618802153517006 2 2 1.0 0.0 0.0 1.0 1.0 1.0 1.0 1.0 17.0 11.313708498984761 0.6655122646461624 9.0 13.0 17.0 21.0 25.0 2 9.0 0.0 0.0 9.0 9.0 9.0 9.0 9.0 17.0 17.0 11.313708498984761 11.313708498984761 0.6655122646461624 0.0 9.0 0.0 13.0 0.0 17.0 0.0 21.0 0.0 25.0 0.0
107 35 1 4.899554800000033 1.4232960000000503 0.0 6.322850800000083 6.228875199999948 10.42039299999999 2.6378074249999486 738.390625 737.55078125 57 57 1.0 0 34 34 False 0 0 False 1.6764705882352942 1.6764705882352942 1.2485285456935955 1.2485285456935955 0.7447363255014429 0.7447363255014429 1.0 1.0 1.0 1.0 1.0 1.0 2.0 2.0 6.0 6.0 0 0.0 0 0.0 1.636124418920166 4.207136793592526 6.73609679265374 0 0 0.0 0.0 0.0 0.0 0.0 0.0 0.0 0.0 0.0 0.0 0.0 0.0 0.0 0.0 0.0 0.0 4 8.5 4.654746681256314 0.5476172566183899 4.0 4.75 8.5 12.25 13.0 14.25 14.25 7.7190241179396075 7.7190241179396075 0.5416859030133058 0.0 5.0 0.0 9.5 0.0 15.0 0.0 19.75 0.0 22.0 0.0
108 36 3 0.9947014999996782 0.3548159999999143 0.0 1.3495174999995925 1.3495174999995925 1.3495174999995925 1.3495174999995925 714.73046875 707.9375 18 18 1.0 18 1 0 False 0 0 False 1.0 1.0 0.0 0.0 0.0 0.0 0.0 0.0 0.0 0.0 0.0 0.0 0.0 0.0 0.0 0.0 0 0.0 0 0.0 0.0 0.0 0.0 1 1 1.0 0.0 0.0 1.0 1.0 1.0 1.0 1.0 18.0 0.0 0.0 18.0 18.0 18.0 18.0 18.0 1 1.0 0.0 0.0 0.0 0.0 0.0 0.0 0.0 1.0 1.0 0.0 0.0 0.0 0.0 0.0 0.0 0.0 0.0 0.0 0.0 0.0 0.0 0.0 0.0
109 36 2 2.103182299999844 0.6279027999999016 0.0 2.7310850999997456 3.610650999999507 4.080602599999338 2.0543543999996814 733.8359375 727.40234375 34 34 1.0 34 18 18 False 0 0 False 1.8888888888888888 1.8888888888888888 2.193275522213265 2.193275522213265 1.1611458647011403 1.1611458647011403 1.0 1.0 1.0 1.0 1.0 1.0 1.75 1.75 10.0 10.0 0 0.0 0 0.0 7.299303760698448 0.0 4.618802153517006 2 2 1.0 0.0 0.0 1.0 1.0 1.0 1.0 1.0 17.0 11.313708498984761 0.6655122646461624 9.0 13.0 17.0 21.0 25.0 2 9.0 0.0 0.0 9.0 9.0 9.0 9.0 9.0 17.0 17.0 11.313708498984761 11.313708498984761 0.6655122646461624 0.0 9.0 0.0 13.0 0.0 17.0 0.0 21.0 0.0 25.0 0.0
110 36 1 4.878594799999746 1.4273511000001236 0.0 6.30594589999987 6.216118999999367 10.386548499999208 2.6290507999997885 749.38671875 749.1796875 57 57 1.0 0 34 34 False 0 0 False 1.6764705882352942 1.6764705882352942 1.2240169397543907 1.2240169397543907 0.7301153675727945 0.7301153675727945 1.0 1.0 1.0 1.0 1.0 1.0 2.0 2.0 6.0 6.0 0 0.0 0 0.0 1.5289874977141211 4.207136793592526 6.73609679265374 0 0 0.0 0.0 0.0 0.0 0.0 0.0 0.0 0.0 0.0 0.0 0.0 0.0 0.0 0.0 0.0 0.0 4 8.5 4.654746681256314 0.5476172566183899 4.0 4.75 8.5 12.25 13.0 14.25 14.25 7.7190241179396075 7.7190241179396075 0.5416859030133058 0.0 5.0 0.0 9.5 0.0 15.0 0.0 19.75 0.0 22.0 0.0
111 37 3 0.9983146999999235 0.31819259999986116 0.0 1.3165072999997847 1.3165072999997847 1.3165072999997847 1.3165072999997847 727.50390625 721.1171875 18 18 1.0 18 1 0 False 0 0 False 1.0 1.0 0.0 0.0 0.0 0.0 0.0 0.0 0.0 0.0 0.0 0.0 0.0 0.0 0.0 0.0 0 0.0 0 0.0 0.0 0.0 0.0 1 1 1.0 0.0 0.0 1.0 1.0 1.0 1.0 1.0 18.0 0.0 0.0 18.0 18.0 18.0 18.0 18.0 1 1.0 0.0 0.0 0.0 0.0 0.0 0.0 0.0 1.0 1.0 0.0 0.0 0.0 0.0 0.0 0.0 0.0 0.0 0.0 0.0 0.0 0.0 0.0 0.0
112 37 2 2.144102999999859 0.7286707999998043 0.0 2.8727737999996634 3.7188693999994484 4.189281099999448 2.1091839499997604 744.87890625 738.8203125 34 34 1.0 34 18 18 False 0 0 False 1.8888888888888888 1.8888888888888888 2.27231131071657 2.27231131071657 1.2029883409675959 1.2029883409675959 1.0 1.0 1.0 1.0 1.0 1.0 1.0 1.0 10.0 10.0 0 0.0 0 0.0 7.654714247165685 0.0 4.618802153517006 2 2 1.0 0.0 0.0 1.0 1.0 1.0 1.0 1.0 17.0 11.313708498984761 0.6655122646461624 9.0 13.0 17.0 21.0 25.0 2 9.0 0.0 0.0 9.0 9.0 9.0 9.0 9.0 17.0 17.0 11.313708498984761 11.313708498984761 0.6655122646461624 0.0 9.0 0.0 13.0 0.0 17.0 0.0 21.0 0.0 25.0 0.0
113 37 1 7.159387499999298 6.841099099999951 0.0 14.000486599999249 5.971236299999077 18.189767699998697 4.580395499999668 773.0625 768.8984375 75 75 1.0 0 34 34 False 0 0 False 2.2058823529411766 2.2058823529411766 2.579398705650107 2.579398705650107 1.1693274132280485 1.1693274132280485 1.0 1.0 1.0 1.0 1.0 1.0 2.0 2.0 14.0 14.0 0 0.0 0 0.0 5.754830977950188 4.207136793592526 4.401704215414752 0 0 0.0 0.0 0.0 0.0 0.0 0.0 0.0 0.0 0.0 0.0 0.0 0.0 0.0 0.0 0.0 0.0 4 8.5 4.654746681256314 0.5476172566183899 4.0 4.75 8.5 12.25 13.0 18.75 18.75 9.464847243000456 9.464847243000456 0.5047918529600243 0.0 5.0 0.0 16.25 0.0 22.5 0.0 25.0 0.0 25.0 0.0
114 38 3 0.99381249999999 0.3496387999999797 0.0 1.3434512999999697 1.3434512999999697 1.3434512999999697 1.3434512999999697 741.32421875 734.23828125 18 18 1.0 18 1 0 False 0 0 False 1.0 1.0 0.0 0.0 0.0 0.0 0.0 0.0 0.0 0.0 0.0 0.0 0.0 0.0 0.0 0.0 0 0.0 0 0.0 0.0 0.0 0.0 1 1 1.0 0.0 0.0 1.0 1.0 1.0 1.0 1.0 18.0 0.0 0.0 18.0 18.0 18.0 18.0 18.0 1 1.0 0.0 0.0 0.0 0.0 0.0 0.0 0.0 1.0 1.0 0.0 0.0 0.0 0.0 0.0 0.0 0.0 0.0 0.0 0.0 0.0 0.0 0.0 0.0
115 38 2 2.1314027000004216 0.767520499999705 0.0 2.8989232000001266 3.771939399999951 4.242374500000096 2.1355069500000354 760.3359375 753.77734375 34 34 1.0 34 18 18 False 0 0 False 1.8888888888888888 1.8888888888888888 2.27231131071657 2.27231131071657 1.2029883409675959 1.2029883409675959 1.0 1.0 1.0 1.0 1.0 1.0 1.0 1.0 10.0 10.0 0 0.0 0 0.0 7.654714247165685 0.0 4.618802153517006 2 2 1.0 0.0 0.0 1.0 1.0 1.0 1.0 1.0 17.0 11.313708498984761 0.6655122646461624 9.0 13.0 17.0 21.0 25.0 2 9.0 0.0 0.0 9.0 9.0 9.0 9.0 9.0 17.0 17.0 11.313708498984761 11.313708498984761 0.6655122646461624 0.0 9.0 0.0 13.0 0.0 17.0 0.0 21.0 0.0 25.0 0.0
116 38 1 4.8937431000000515 1.4714135000001534 0.0 6.365156600000205 6.425017399999774 10.607531100000301 2.68468667500008 775.9921875 775.4765625 57 57 1.0 0 34 34 False 0 0 False 1.6764705882352942 1.6764705882352942 1.2240169397543907 1.2240169397543907 0.7301153675727945 0.7301153675727945 1.0 1.0 1.0 1.0 1.0 1.0 2.0 2.0 6.0 6.0 0 0.0 0 0.0 1.5289874977141211 4.207136793592526 6.73609679265374 0 0 0.0 0.0 0.0 0.0 0.0 0.0 0.0 0.0 0.0 0.0 0.0 0.0 0.0 0.0 0.0 0.0 4 8.5 4.654746681256314 0.5476172566183899 4.0 4.75 8.5 12.25 13.0 14.25 14.25 7.7190241179396075 7.7190241179396075 0.5416859030133058 0.0 5.0 0.0 9.5 0.0 15.0 0.0 19.75 0.0 22.0 0.0
117 39 3 0.997984100000167 0.4146025999998528 0.0 1.4125867000000198 1.4125867000000198 1.4125867000000198 1.4125867000000198 751.81640625 745.16015625 18 18 1.0 18 1 0 False 0 0 False 1.0 1.0 0.0 0.0 0.0 0.0 0.0 0.0 0.0 0.0 0.0 0.0 0.0 0.0 0.0 0.0 0 0.0 0 0.0 0.0 0.0 0.0 1 1 1.0 0.0 0.0 1.0 1.0 1.0 1.0 1.0 18.0 0.0 0.0 18.0 18.0 18.0 18.0 18.0 1 1.0 0.0 0.0 0.0 0.0 0.0 0.0 0.0 1.0 1.0 0.0 0.0 0.0 0.0 0.0 0.0 0.0 0.0 0.0 0.0 0.0 0.0 0.0 0.0
118 39 2 2.1163846999999123 0.6592138999998269 0.0 2.7755985999997392 3.718568699999878 4.188185299999759 2.108304349999912 770.8828125 764.921875 34 34 1.0 34 18 18 False 0 0 False 1.8888888888888888 1.8888888888888888 2.166289559942608 2.166289559942608 1.1468591787931455 1.1468591787931455 1.0 1.0 1.0 1.0 1.0 1.0 2.0 2.0 10.0 10.0 0 0.0 0 0.0 7.135951982713203 0.0 4.618802153517006 2 2 1.0 0.0 0.0 1.0 1.0 1.0 1.0 1.0 17.0 11.313708498984761 0.6655122646461624 9.0 13.0 17.0 21.0 25.0 2 9.0 0.0 0.0 9.0 9.0 9.0 9.0 9.0 17.0 17.0 11.313708498984761 11.313708498984761 0.6655122646461624 0.0 9.0 0.0 13.0 0.0 17.0 0.0 21.0 0.0 25.0 0.0
119 39 1 5.138512299999434 1.5847086999999647 0.0 6.723220999999398 6.778616799999554 10.911406299999157 2.760440599999754 790.32421875 786.17578125 59 59 1.0 0 34 34 False 0 0 False 1.7352941176470589 1.7352941176470589 1.2627248921668104 1.2627248921668104 0.7276719717571449 0.7276719717571449 1.0 1.0 1.0 1.0 1.0 1.0 2.0 2.0 6.0 6.0 0 0.0 0 0.0 2.1473609779331864 4.207136793592526 7.508328708840604 0 0 0.0 0.0 0.0 0.0 0.0 0.0 0.0 0.0 0.0 0.0 0.0 0.0 0.0 0.0 0.0 0.0 4 8.5 4.654746681256314 0.5476172566183899 4.0 4.75 8.5 12.25 13.0 14.75 14.75 8.421203397773187 8.421203397773187 0.5709290439168262 0.0 5.0 0.0 9.5 0.0 15.0 0.0 20.25 0.0 24.0 0.0
120 40 3 0.9972386999996843 0.2905408999999963 0.0 1.2877795999996806 1.2877795999996806 1.2877795999996806 1.2877795999996806 761.03125 754.4375 18 18 1.0 18 1 0 False 0 0 False 1.0 1.0 0.0 0.0 0.0 0.0 0.0 0.0 0.0 0.0 0.0 0.0 0.0 0.0 0.0 0.0 0 0.0 0 0.0 0.0 0.0 0.0 1 1 1.0 0.0 0.0 1.0 1.0 1.0 1.0 1.0 18.0 0.0 0.0 18.0 18.0 18.0 18.0 18.0 1 1.0 0.0 0.0 0.0 0.0 0.0 0.0 0.0 1.0 1.0 0.0 0.0 0.0 0.0 0.0 0.0 0.0 0.0 0.0 0.0 0.0 0.0 0.0 0.0
121 40 2 2.115467400000284 0.7368722999999591 0.0 2.8523397000002433 3.6704911999999013 4.140119299999924 2.0842442499999265 779.6796875 773.91015625 34 34 1.0 34 18 18 False 0 0 False 1.8888888888888888 1.8888888888888888 2.166289559942608 2.166289559942608 1.1468591787931455 1.1468591787931455 1.0 1.0 1.0 1.0 1.0 1.0 2.0 2.0 10.0 10.0 0 0.0 0 0.0 7.063352355790955 0.0 4.618802153517006 2 2 1.0 0.0 0.0 1.0 1.0 1.0 1.0 1.0 17.0 11.313708498984761 0.6655122646461624 9.0 13.0 17.0 21.0 25.0 2 9.0 0.0 0.0 9.0 9.0 9.0 9.0 9.0 17.0 17.0 11.313708498984761 11.313708498984761 0.6655122646461624 0.0 9.0 0.0 13.0 0.0 17.0 0.0 21.0 0.0 25.0 0.0
122 40 1 6.878846300000305 7.243146299999694 0.0 14.121992599999999 6.655945699999847 18.262111899999923 4.598287449999987 800.96484375 798.8203125 73 73 1.0 0 34 34 False 0 0 False 2.1470588235294117 2.1470588235294117 2.9962840920165266 2.9962840920165266 1.3955295771035878 1.3955295771035878 1.0 1.0 1.0 1.0 1.0 1.0 2.0 2.0 18.0 18.0 0 0.0 0 0.0 5.976199912814486 4.207136793592526 4.916807907575809 0 0 0.0 0.0 0.0 0.0 0.0 0.0 0.0 0.0 0.0 0.0 0.0 0.0 0.0 0.0 0.0 0.0 4 8.5 4.654746681256314 0.5476172566183899 4.0 4.75 8.5 12.25 13.0 18.25 18.25 9.215023964519391 9.215023964519391 0.5049328199736652 0.0 5.0 0.0 15.5 0.0 21.5 0.0 24.25 0.0 25.0 0.0
123 41 3 0.9948011999996424 0.4157151000001704 0.0 1.4105162999998129 1.4105162999998129 1.4105162999998129 1.4105162999998129 773.890625 766.87890625 18 18 1.0 18 1 0 False 0 0 False 1.0 1.0 0.0 0.0 0.0 0.0 0.0 0.0 0.0 0.0 0.0 0.0 0.0 0.0 0.0 0.0 0 0.0 0 0.0 0.0 0.0 0.0 1 1 1.0 0.0 0.0 1.0 1.0 1.0 1.0 1.0 18.0 0.0 0.0 18.0 18.0 18.0 18.0 18.0 1 1.0 0.0 0.0 0.0 0.0 0.0 0.0 0.0 1.0 1.0 0.0 0.0 0.0 0.0 0.0 0.0 0.0 0.0 0.0 0.0 0.0 0.0 0.0 0.0
124 41 2 2.0883653000000777 0.6578040999994528 0.0 2.7461693999995305 3.687172399999554 4.156685699999343 2.092685499999675 791.20703125 785.0390625 34 34 1.0 34 18 18 False 0 0 False 1.8888888888888888 1.8888888888888888 2.27231131071657 2.27231131071657 1.2029883409675959 1.2029883409675959 1.0 1.0 1.0 1.0 1.0 1.0 1.0 1.0 10.0 10.0 0 0.0 0 0.0 7.654714247165685 0.0 4.618802153517006 2 2 1.0 0.0 0.0 1.0 1.0 1.0 1.0 1.0 17.0 11.313708498984761 0.6655122646461624 9.0 13.0 17.0 21.0 25.0 2 9.0 0.0 0.0 9.0 9.0 9.0 9.0 9.0 17.0 17.0 11.313708498984761 11.313708498984761 0.6655122646461624 0.0 9.0 0.0 13.0 0.0 17.0 0.0 21.0 0.0 25.0 0.0
125 41 1 4.973556499999745 1.5050127000000657 0.0 6.478569199999811 5.925658299999668 10.635254899999154 2.6914629499997886 823.6328125 820.19921875 57 57 1.0 0 34 34 False 0 0 False 1.6764705882352942 1.6764705882352942 1.6277999325226842 1.6277999325226842 0.9709683808030046 0.9709683808030046 1.0 1.0 1.0 1.0 1.0 1.0 2.0 2.0 9.0 9.0 0 0.0 0 0.0 3.718058893793408 4.207136793592526 8.46020094324006 0 0 0.0 0.0 0.0 0.0 0.0 0.0 0.0 0.0 0.0 0.0 0.0 0.0 0.0 0.0 0.0 0.0 4 8.5 4.654746681256314 0.5476172566183899 4.0 4.75 8.5 12.25 13.0 14.25 14.25 9.776672917374976 9.776672917374976 0.6860823099912263 0.0 5.0 0.0 6.5 0.0 13.5 0.0 21.25 0.0 25.0 0.0
126 42 3 0.9982356999996682 0.31075019999968845 0.0 1.3089858999993567 1.3089858999993567 1.3089858999993567 1.3089858999993567 786.45703125 779.828125 18 18 1.0 18 1 0 False 0 0 False 1.0 1.0 0.0 0.0 0.0 0.0 0.0 0.0 0.0 0.0 0.0 0.0 0.0 0.0 0.0 0.0 0 0.0 0 0.0 0.0 0.0 0.0 1 1 1.0 0.0 0.0 1.0 1.0 1.0 1.0 1.0 18.0 0.0 0.0 18.0 18.0 18.0 18.0 18.0 1 1.0 0.0 0.0 0.0 0.0 0.0 0.0 0.0 1.0 1.0 0.0 0.0 0.0 0.0 0.0 0.0 0.0 0.0 0.0 0.0 0.0 0.0 0.0 0.0
127 42 2 2.084490400000277 0.5999477000001434 0.0 2.6844381000004205 3.5239624999996977 3.993423999999777 2.0108490499998766 804.8046875 799.08984375 34 34 1.0 34 18 18 False 0 0 False 1.8888888888888888 1.8888888888888888 2.2199334618774946 2.2199334618774946 1.175258891582203 1.175258891582203 1.0 1.0 1.0 1.0 1.0 1.0 1.0 1.0 10.0 10.0 0 0.0 0 0.0 7.504045548134512 0.0 4.618802153517006 2 2 1.0 0.0 0.0 1.0 1.0 1.0 1.0 1.0 17.0 11.313708498984761 0.6655122646461624 9.0 13.0 17.0 21.0 25.0 2 9.0 0.0 0.0 9.0 9.0 9.0 9.0 9.0 17.0 17.0 11.313708498984761 11.313708498984761 0.6655122646461624 0.0 9.0 0.0 13.0 0.0 17.0 0.0 21.0 0.0 25.0 0.0
128 42 1 5.422573599999851 1.613234300000272 0.0 7.035807900000123 5.782957599999804 11.0292318999999 2.789972150000011 833.015625 829.6328125 61 61 1.0 0 34 34 False 0 0 False 1.7941176470588236 1.7941176470588236 1.4725655156430095 1.4725655156430095 0.8207742218338085 0.8207742218338085 1.0 1.0 1.0 1.0 1.0 1.0 2.0 2.0 6.0 6.0 0 0.0 0 0.0 2.1513856482770484 4.207136793592526 7.083431371870557 0 0 0.0 0.0 0.0 0.0 0.0 0.0 0.0 0.0 0.0 0.0 0.0 0.0 0.0 0.0 0.0 0.0 4 8.5 4.654746681256314 0.5476172566183899 4.0 4.75 8.5 12.25 13.0 15.25 15.25 8.958236433584458 8.958236433584458 0.5874253399071776 0.0 5.0 0.0 9.5 0.0 15.5 0.0 21.25 0.0 25.0 0.0
129 43 3 0.9961523999998008 0.39125639999997475 0.0 1.3874087999997755 1.3874087999997755 1.3874087999997755 1.3874087999997755 797.703125 790.96484375 18 18 1.0 18 1 0 False 0 0 False 1.0 1.0 0.0 0.0 0.0 0.0 0.0 0.0 0.0 0.0 0.0 0.0 0.0 0.0 0.0 0.0 0 0.0 0 0.0 0.0 0.0 0.0 1 1 1.0 0.0 0.0 1.0 1.0 1.0 1.0 1.0 18.0 0.0 0.0 18.0 18.0 18.0 18.0 18.0 1 1.0 0.0 0.0 0.0 0.0 0.0 0.0 0.0 1.0 1.0 0.0 0.0 0.0 0.0 0.0 0.0 0.0 0.0 0.0 0.0 0.0 0.0 0.0 0.0
130 43 2 2.087024100000008 0.615577999999914 0.0 2.702602099999922 3.623849599999744 4.090010899999697 2.0593927499999154 815.90234375 810.0703125 34 34 1.0 34 18 18 False 0 0 False 1.8888888888888888 1.8888888888888888 2.138963159732493 2.138963159732493 1.1323922610348491 1.1323922610348491 1.0 1.0 1.0 1.0 1.0 1.0 2.0 2.0 10.0 10.0 0 0.0 0 0.0 7.0668471907992325 0.0 4.618802153517006 2 2 1.0 0.0 0.0 1.0 1.0 1.0 1.0 1.0 17.0 11.313708498984761 0.6655122646461624 9.0 13.0 17.0 21.0 25.0 2 9.0 0.0 0.0 9.0 9.0 9.0 9.0 9.0 17.0 17.0 11.313708498984761 11.313708498984761 0.6655122646461624 0.0 9.0 0.0 13.0 0.0 17.0 0.0 21.0 0.0 25.0 0.0
131 43 1 4.7560000000000855 1.521492700000067 0.0 6.277492700000153 6.680414699999687 10.36750359999985 2.6247082750000743 839.3515625 834.48046875 55 55 1.0 0 34 34 False 0 0 False 1.6176470588235294 1.6176470588235294 0.985184366143778 0.985184366143778 0.6090230627070627 0.6090230627070627 1.0 1.0 1.0 1.0 1.0 1.0 2.0 2.0 6.0 6.0 0 0.0 0 0.0 3.0791884294539433 4.207136793592526 8.841662739553009 0 0 0.0 0.0 0.0 0.0 0.0 0.0 0.0 0.0 0.0 0.0 0.0 0.0 0.0 0.0 0.0 0.0 4 8.5 4.654746681256314 0.5476172566183899 4.0 4.75 8.5 12.25 13.0 13.75 13.75 9.215023964519391 9.215023964519391 0.6701835610559557 0.0 5.0 0.0 6.5 0.0 13.0 0.0 20.25 0.0 24.0 0.0
132 44 3 0.9977166000001034 0.3692409000002499 0.0 1.3669575000003533 1.3669575000003533 1.3669575000003533 1.3669575000003533 811.01953125 805.61328125 18 18 1.0 18 1 0 False 0 0 False 1.0 1.0 0.0 0.0 0.0 0.0 0.0 0.0 0.0 0.0 0.0 0.0 0.0 0.0 0.0 0.0 0 0.0 0 0.0 0.0 0.0 0.0 1 1 1.0 0.0 0.0 1.0 1.0 1.0 1.0 1.0 18.0 0.0 0.0 18.0 18.0 18.0 18.0 18.0 1 1.0 0.0 0.0 0.0 0.0 0.0 0.0 0.0 1.0 1.0 0.0 0.0 0.0 0.0 0.0 0.0 0.0 0.0 0.0 0.0 0.0 0.0 0.0 0.0
133 44 2 2.0877355999999736 0.5801529999996546 0.0 2.6678885999996282 3.5667918000000327 4.034846099999982 2.0314884499999835 829.24609375 823.94921875 34 34 1.0 34 18 18 False 0 0 False 1.8888888888888888 1.8888888888888888 2.27231131071657 2.27231131071657 1.2029883409675959 1.2029883409675959 1.0 1.0 1.0 1.0 1.0 1.0 1.0 1.0 10.0 10.0 0 0.0 0 0.0 7.654714247165685 0.0 4.618802153517006 2 2 1.0 0.0 0.0 1.0 1.0 1.0 1.0 1.0 17.0 11.313708498984761 0.6655122646461624 9.0 13.0 17.0 21.0 25.0 2 9.0 0.0 0.0 9.0 9.0 9.0 9.0 9.0 17.0 17.0 11.313708498984761 11.313708498984761 0.6655122646461624 0.0 9.0 0.0 13.0 0.0 17.0 0.0 21.0 0.0 25.0 0.0
134 44 1 5.6666519000000335 1.9113888000002817 0.0 7.578040700000315 6.181292500000154 11.612886800000297 2.9360095750000426 855.3984375 851.65625 63 63 1.0 0 34 34 False 0 0 False 1.8529411764705883 1.8529411764705883 1.4382723841402199 1.4382723841402199 0.7762104930280551 0.7762104930280551 1.0 1.0 1.0 1.0 1.0 1.0 2.0 2.0 6.0 6.0 0 0.0 0 0.0 2.355237849712788 4.207136793592526 7.770135133960027 0 0 0.0 0.0 0.0 0.0 0.0 0.0 0.0 0.0 0.0 0.0 0.0 0.0 0.0 0.0 0.0 0.0 4 8.5 4.654746681256314 0.5476172566183899 4.0 4.75 8.5 12.25 13.0 15.75 15.75 9.358596760910972 9.358596760910972 0.5941966197403792 0.0 5.0 0.0 9.5 0.0 16.5 0.0 22.75 0.0 25.0 0.0
135 45 3 0.9953905999997232 0.3308800000000929 0.0 1.3262705999998161 1.3262705999998161 1.3262705999998161 1.3262705999998161 819.55859375 812.75 18 18 1.0 18 1 0 False 0 0 False 1.0 1.0 0.0 0.0 0.0 0.0 0.0 0.0 0.0 0.0 0.0 0.0 0.0 0.0 0.0 0.0 0 0.0 0 0.0 0.0 0.0 0.0 1 1 1.0 0.0 0.0 1.0 1.0 1.0 1.0 1.0 18.0 0.0 0.0 18.0 18.0 18.0 18.0 18.0 1 1.0 0.0 0.0 0.0 0.0 0.0 0.0 0.0 1.0 1.0 0.0 0.0 0.0 0.0 0.0 0.0 0.0 0.0 0.0 0.0 0.0 0.0 0.0 0.0
136 45 2 2.081032300000061 0.5594814000004362 0.0 2.640513700000497 3.4165322000002334 3.966784300000313 1.9978400500002067 837.73828125 832.046875 34 34 1.0 34 18 18 False 0 0 False 1.8888888888888888 1.8888888888888888 2.2462750575089703 2.2462750575089703 1.1892044422106314 1.1892044422106314 1.0 1.0 1.0 1.0 1.0 1.0 1.75 1.75 10.0 10.0 0 0.0 0 0.0 7.31028927048082 0.0 4.041451884327381 2 2 1.0 0.0 0.0 1.0 1.0 1.0 1.0 1.0 17.0 9.899494936611665 0.5823232315653921 10.0 13.5 17.0 20.5 24.0 2 9.0 0.0 0.0 9.0 9.0 9.0 9.0 9.0 17.0 17.0 9.899494936611665 9.899494936611665 0.5823232315653921 0.0 10.0 0.0 13.5 0.0 17.0 0.0 20.5 0.0 24.0 0.0
137 45 1 6.385826599999973 3.192336799999566 0.0 9.57816339999954 6.513605999999868 13.544947699999852 3.4189621249999504 859.51171875 854.65234375 69 69 1.0 0 34 34 False 0 0 False 2.0294117647058822 2.0294117647058822 1.7317935022406257 1.7317935022406257 0.8533475228432069 0.8533475228432069 1.0 1.0 1.0 1.0 1.0 1.0 2.0 2.0 7.0 7.0 0 0.0 0 0.0 4.700226380471651 3.8340579025361627 4.814041960764364 0 0 0.0 0.0 0.0 0.0 0.0 0.0 0.0 0.0 0.0 0.0 0.0 0.0 0.0 0.0 0.0 0.0 4 8.5 4.041451884327381 0.47546492756792713 5.0 5.0 8.5 12.0 12.0 17.25 17.25 7.88986691902975 7.88986691902975 0.457383589508971 0.0 6.0 0.0 15.0 0.0 19.5 0.0 21.75 0.0 24.0 0.0
138 46 3 0.9946682000000919 0.3105851000000257 0.0 1.3052533000001176 1.3052533000001176 1.3052533000001176 1.3052533000001176 830.73828125 824.60546875 18 18 1.0 18 1 0 False 0 0 False 1.0 1.0 0.0 0.0 0.0 0.0 0.0 0.0 0.0 0.0 0.0 0.0 0.0 0.0 0.0 0.0 0 0.0 0 0.0 0.0 0.0 0.0 1 1 1.0 0.0 0.0 1.0 1.0 1.0 1.0 1.0 18.0 0.0 0.0 18.0 18.0 18.0 18.0 18.0 1 1.0 0.0 0.0 0.0 0.0 0.0 0.0 0.0 1.0 1.0 0.0 0.0 0.0 0.0 0.0 0.0 0.0 0.0 0.0 0.0 0.0 0.0 0.0 0.0
139 46 2 2.108117099999731 0.7317859000002045 0.0 2.8399029999999357 3.675052600000072 4.145156300000053 2.086713349999968 849.640625 843.65234375 34 34 1.0 34 18 18 False 0 0 False 1.8888888888888888 1.8888888888888888 2.27231131071657 2.27231131071657 1.2029883409675959 1.2029883409675959 1.0 1.0 1.0 1.0 1.0 1.0 1.0 1.0 10.0 10.0 0 0.0 0 0.0 7.654714247165685 0.0 4.618802153517006 2 2 1.0 0.0 0.0 1.0 1.0 1.0 1.0 1.0 17.0 11.313708498984761 0.6655122646461624 9.0 13.0 17.0 21.0 25.0 2 9.0 0.0 0.0 9.0 9.0 9.0 9.0 9.0 17.0 17.0 11.313708498984761 11.313708498984761 0.6655122646461624 0.0 9.0 0.0 13.0 0.0 17.0 0.0 21.0 0.0 25.0 0.0
140 46 1 6.842110999999818 3.588843400000542 0.0 10.43095440000036 6.291944199999762 14.576110700000413 3.676508250000097 878.27734375 874.56640625 73 73 1.0 0 34 34 False 0 0 False 2.1470588235294117 2.1470588235294117 2.63004036080537 2.63004036080537 1.2249503050326382 1.2249503050326382 1.0 1.0 1.0 1.0 1.0 1.0 2.0 2.0 13.0 13.0 0 0.0 0 0.0 3.840741800467023 4.207136793592526 5.135659646043535 0 0 0.0 0.0 0.0 0.0 0.0 0.0 0.0 0.0 0.0 0.0 0.0 0.0 0.0 0.0 0.0 0.0 4 8.5 4.654746681256314 0.5476172566183899 4.0 4.75 8.5 12.25 13.0 18.25 18.25 8.99536917900909 8.99536917900909 0.4928969413155666 0.0 5.0 0.0 17.0 0.0 21.5 0.0 22.75 0.0 25.0 0.0
141 47 3 0.9939158000004227 0.36015880000013567 0.0 1.3540746000005583 1.3540746000005583 1.3540746000005583 1.3540746000005583 843.375 836.92578125 18 18 1.0 18 1 0 False 0 0 False 1.0 1.0 0.0 0.0 0.0 0.0 0.0 0.0 0.0 0.0 0.0 0.0 0.0 0.0 0.0 0.0 0 0.0 0 0.0 0.0 0.0 0.0 1 1 1.0 0.0 0.0 1.0 1.0 1.0 1.0 1.0 18.0 0.0 0.0 18.0 18.0 18.0 18.0 18.0 1 1.0 0.0 0.0 0.0 0.0 0.0 0.0 0.0 1.0 1.0 0.0 0.0 0.0 0.0 0.0 0.0 0.0 0.0 0.0 0.0 0.0 0.0 0.0 0.0
142 47 2 2.1180946999998014 0.683892200000173 0.0 2.8019868999999744 3.686978800000361 4.156061500000533 2.0923836000002325 862.43359375 856.3984375 34 34 1.0 34 18 18 False 0 0 False 1.8888888888888888 1.8888888888888888 2.2199334618774946 2.2199334618774946 1.175258891582203 1.175258891582203 1.0 1.0 1.0 1.0 1.0 1.0 1.0 1.0 10.0 10.0 0 0.0 0 0.0 7.504045548134512 0.0 4.618802153517006 2 2 1.0 0.0 0.0 1.0 1.0 1.0 1.0 1.0 17.0 11.313708498984761 0.6655122646461624 9.0 13.0 17.0 21.0 25.0 2 9.0 0.0 0.0 9.0 9.0 9.0 9.0 9.0 17.0 17.0 11.313708498984761 11.313708498984761 0.6655122646461624 0.0 9.0 0.0 13.0 0.0 17.0 0.0 21.0 0.0 25.0 0.0
143 47 1 6.356556899999987 3.514457599999446 0.0 9.871014499999433 6.763860100000102 14.027075999999965 3.5393964749999896 882.3359375 877.390625 69 69 1.0 0 34 34 False 0 0 False 2.0294117647058822 2.0294117647058822 2.6570123814180677 2.6570123814180677 1.3092524778002073 1.3092524778002073 1.0 1.0 1.0 1.0 1.0 1.0 2.0 2.0 16.0 16.0 0 0.0 0 0.0 4.23084938342058 4.207136793592526 5.135659646043535 0 0 0.0 0.0 0.0 0.0 0.0 0.0 0.0 0.0 0.0 0.0 0.0 0.0 0.0 0.0 0.0 0.0 4 8.5 4.654746681256314 0.5476172566183899 4.0 4.75 8.5 12.25 13.0 17.25 17.25 8.421203397773187 8.421203397773187 0.4881857042187355 0.0 5.0 0.0 15.5 0.0 20.0 0.0 21.75 0.0 24.0 0.0
144 48 3 1.0017186999998557 0.3264403000002858 0.0 1.3281590000001415 1.3281590000001415 1.3281590000001415 1.3281590000001415 855.78125 849.328125 18 18 1.0 18 1 0 False 0 0 False 1.0 1.0 0.0 0.0 0.0 0.0 0.0 0.0 0.0 0.0 0.0 0.0 0.0 0.0 0.0 0.0 0 0.0 0 0.0 0.0 0.0 0.0 1 1 1.0 0.0 0.0 1.0 1.0 1.0 1.0 1.0 18.0 0.0 0.0 18.0 18.0 18.0 18.0 18.0 1 1.0 0.0 0.0 0.0 0.0 0.0 0.0 0.0 1.0 1.0 0.0 0.0 0.0 0.0 0.0 0.0 0.0 0.0 0.0 0.0 0.0 0.0 0.0 0.0
145 48 2 2.0781672999995635 0.5821977000000516 0.0 2.660364999999615 3.438134599999671 3.9885239999997566 2.0082682999998838 874.30078125 868.63671875 34 34 1.0 34 18 18 False 0 0 False 1.8888888888888888 1.8888888888888888 2.193275522213265 2.193275522213265 1.1611458647011403 1.1611458647011403 1.0 1.0 1.0 1.0 1.0 1.0 1.75 1.75 10.0 10.0 0 0.0 0 0.0 7.10083169069571 0.0 4.041451884327381 2 2 1.0 0.0 0.0 1.0 1.0 1.0 1.0 1.0 17.0 9.899494936611665 0.5823232315653921 10.0 13.5 17.0 20.5 24.0 2 9.0 0.0 0.0 9.0 9.0 9.0 9.0 9.0 17.0 17.0 9.899494936611665 9.899494936611665 0.5823232315653921 0.0 10.0 0.0 13.5 0.0 17.0 0.0 20.5 0.0 24.0 0.0
146 48 1 4.736385400000017 1.4562849000002416 0.0 6.192670300000259 6.459286999999904 10.181194300000016 2.5777829250000366 895.26953125 890.39453125 55 55 1.0 0 34 34 False 0 0 False 1.6176470588235294 1.6176470588235294 0.985184366143778 0.985184366143778 0.6090230627070627 0.6090230627070627 1.0 1.0 1.0 1.0 1.0 1.0 2.0 2.0 6.0 6.0 0 0.0 0 0.0 3.3229437276759644 3.8340579025361627 8.495587089777846 0 0 0.0 0.0 0.0 0.0 0.0 0.0 0.0 0.0 0.0 0.0 0.0 0.0 0.0 0.0 0.0 0.0 4 8.5 4.041451884327381 0.47546492756792713 5.0 5.0 8.5 12.0 12.0 13.75 13.75 8.73212459828649 8.73212459828649 0.6350636071481083 0.0 6.0 0.0 6.75 0.0 12.5 0.0 19.5 0.0 24.0 0.0
147 49 3 0.9950746000000663 0.36146039999994173 0.0 1.356535000000008 1.356535000000008 1.356535000000008 1.356535000000008 865.078125 858.57421875 18 18 1.0 18 1 0 False 0 0 False 1.0 1.0 0.0 0.0 0.0 0.0 0.0 0.0 0.0 0.0 0.0 0.0 0.0 0.0 0.0 0.0 0 0.0 0 0.0 0.0 0.0 0.0 1 1 1.0 0.0 0.0 1.0 1.0 1.0 1.0 1.0 18.0 0.0 0.0 18.0 18.0 18.0 18.0 18.0 1 1.0 0.0 0.0 0.0 0.0 0.0 0.0 0.0 1.0 1.0 0.0 0.0 0.0 0.0 0.0 0.0 0.0 0.0 0.0 0.0 0.0 0.0 0.0 0.0
148 49 2 2.121409299999982 1.4442090000001144 0.0 3.5656183000000965 4.4544126000001825 4.9221533000001045 2.475123300000064 872.1015625 867.8359375 34 34 1.0 34 18 18 False 0 0 False 1.8888888888888888 1.8888888888888888 2.27231131071657 2.27231131071657 1.2029883409675959 1.2029883409675959 1.0 1.0 1.0 1.0 1.0 1.0 1.0 1.0 10.0 10.0 0 0.0 0 0.0 7.654714247165685 0.0 4.618802153517006 2 2 1.0 0.0 0.0 1.0 1.0 1.0 1.0 1.0 17.0 11.313708498984761 0.6655122646461624 9.0 13.0 17.0 21.0 25.0 2 9.0 0.0 0.0 9.0 9.0 9.0 9.0 9.0 17.0 17.0 11.313708498984761 11.313708498984761 0.6655122646461624 0.0 9.0 0.0 13.0 0.0 17.0 0.0 21.0 0.0 25.0 0.0
149 49 1 6.32021610000038 2.985948399999984 0.0 9.306164500000364 7.431191100000433 14.228317800000468 3.589704575000127 896.80078125 894.19921875 69 69 1.0 0 34 34 True 0 0 False 2.0294117647058822 2.0294117647058822 2.04494943258218 2.04494943258218 1.02247471629109 1.02247471629109 1.0 1.0 1.0 1.0 1.0 1.0 2.0 2.0 12.0 12.0 0 0.0 0 0.0 4.291145224254258 4.207136793592526 5.155094567512801 0 0 0.0 0.0 0.0 0.0 0.0 0.0 0.0 0.0 0.0 0.0 0.0 0.0 0.0 0.0 0.0 0.0 4 8.5 4.654746681256314 0.5476172566183899 4.0 4.75 8.5 12.25 13.0 17.25 17.25 8.421203397773187 8.421203397773187 0.4881857042187355 0.0 5.0 0.0 15.5 0.0 20.0 0.0 21.75 0.0 24.0 0.0
