 RU AL GT ST OT TT LT CT WT RSS VMS LE AC CF PSG SIZE SGLITS_T HAS_TRAILING TOT_CHOICES PRE_CHOICES FGOALS_ORDER CP_EF_L CP_EF_A SP_ED_L SP_ED_A SP_EB_L SP_EB_A SP_MIN_L SP_MIN_A SP_LOWER_L SP_LOWER_A SP_MED_L SP_MED_A SP_UPPER_L SP_UPPER_A SP_MAX_L SP_MAX_A T_INTER_SP P_INTER_SP T_INTER_Q P_INTER_Q M_CHILD_SPREAD DIV_INDEX_SPREAD DIV_STEP_SPREAD DIVS_T DS_T DS_TD_MEAN DS_TD_STD DS_TD_CD DS_TD_MIN DS_TD_LOWER DS_TD_MED DS_TD_UPPER DS_TD_MAX DS_TS_MEAN DS_TS_STD DS_TS_CD DS_TS_MIN DS_TS_LOWER DS_TS_MED DS_TS_UPPER DS_TS_MAX PR_T PR_TS_MEAN PR_TS_STD PR_TS_CD PR_TS_MIN PR_TS_LOWER PR_TS_MED PR_TS_UPPER PR_TS_MAX PP_LE_MEAN PP_AC_MEAN PP_LE_STD PP_AC_STD PP_LE_CD PP_AC_CD PP_LE_MIN PP_AC_MIN PP_LE_LOWER PP_AC_LOWER PP_LE_MED PP_AC_MED PP_LE_UPPER PP_AC_UPPER PP_LE_MAX PP_AC_MAX
0 0 3 0.9980241999999926 0.40383229999999415 0.0 1.4018564999999867 1.4018564999999867 1.4018564999999867 1.4018564999999867 258.1015625 249.83203125 18 18 1.0 18 1 0 False 0 0 False 1.0 1.0 0.0 0.0 0.0 0.0 0.0 0.0 0.0 0.0 0.0 0.0 0.0 0.0 0.0 0.0 0 0.0 0 0.0 0.0 0.0 0.0 0 0 0.0 0.0 0.0 0.0 0.0 0.0 0.0 0.0 0.0 0.0 0.0 0.0 0.0 0.0 0.0 0.0 1 1.0 0.0 0.0 0.0 0.0 0.0 0.0 0.0 1.0 1.0 0.0 0.0 0.0 0.0 0.0 0.0 0.0 0.0 0.0 0.0 0.0 0.0 0.0 0.0
1 0 2 3.2904422999999987 0.9912382000000051 0.0 4.281680500000004 5.6835369999999905 5.6835369999999905 5.6835369999999905 323.1328125 317.8515625 34 34 1.0 34 18 18 False 0 0 False 1.8888888888888888 1.8888888888888888 2.27231131071657 2.27231131071657 1.2029883409675959 1.2029883409675959 1.0 1.0 1.0 1.0 1.0 1.0 1.0 1.0 10.0 10.0 0 0.0 0 0.0 7.654714247165685 0.0 0.0 0 0 0.0 0.0 0.0 0.0 0.0 0.0 0.0 0.0 0.0 0.0 0.0 0.0 0.0 0.0 0.0 0.0 1 18.0 0.0 0.0 18.0 18.0 18.0 18.0 18.0 34.0 34.0 0.0 0.0 0.0 0.0 34.0 0.0 34.0 0.0 34.0 0.0 34.0 0.0 34.0 0.0
2 0 1 8.030023000000028 7.303592600000016 0.0 15.333615600000044 21.017152600000035 21.017152600000035 21.017152600000035 423.94921875 419.5546875 53 53 1.0 0 34 34 False 0 0 False 1.5588235294117647 1.5588235294117647 1.1597067672891526 1.1597067672891526 0.7439628318458714 0.7439628318458714 1.0 1.0 1.0 1.0 1.0 1.0 2.0 2.0 6.0 6.0 0 0.0 0 0.0 3.5167050676552294 0.0 0.0 0 0 0.0 0.0 0.0 0.0 0.0 0.0 0.0 0.0 0.0 0.0 0.0 0.0 0.0 0.0 0.0 0.0 1 34.0 0.0 0.0 34.0 34.0 34.0 34.0 34.0 53.0 53.0 0.0 0.0 0.0 0.0 53.0 0.0 53.0 0.0 53.0 0.0 53.0 0.0 53.0 0.0
3 1 3 1.003800499999997 0.38636219999999355 0.0 1.3901626999999905 1.3901626999999905 1.3901626999999905 1.3901626999999905 268.34375 260.2109375 18 18 1.0 18 1 0 False 0 0 False 1.0 1.0 0.0 0.0 0.0 0.0 0.0 0.0 0.0 0.0 0.0 0.0 0.0 0.0 0.0 0.0 0 0.0 0 0.0 0.0 0.0 0.0 0 0 0.0 0.0 0.0 0.0 0.0 0.0 0.0 0.0 0.0 0.0 0.0 0.0 0.0 0.0 0.0 0.0 1 1.0 0.0 0.0 0.0 0.0 0.0 0.0 0.0 1.0 1.0 0.0 0.0 0.0 0.0 0.0 0.0 0.0 0.0 0.0 0.0 0.0 0.0 0.0 0.0
4 1 2 3.3012306999999907 1.073291200000007 0.0 4.374521899999998 5.764684599999988 5.764684599999988 5.764684599999988 328.75390625 319.59375 34 34 1.0 34 18 18 False 0 0 False 1.8888888888888888 1.8888888888888888 2.27231131071657 2.27231131071657 1.2029883409675959 1.2029883409675959 1.0 1.0 1.0 1.0 1.0 1.0 1.0 1.0 10.0 10.0 0 0.0 0 0.0 7.654714247165685 0.0 0.0 0 0 0.0 0.0 0.0 0.0 0.0 0.0 0.0 0.0 0.0 0.0 0.0 0.0 0.0 0.0 0.0 0.0 1 18.0 0.0 0.0 18.0 18.0 18.0 18.0 18.0 34.0 34.0 0.0 0.0 0.0 0.0 34.0 0.0 34.0 0.0 34.0 0.0 34.0 0.0 34.0 0.0
5 1 1 8.48852969999998 9.386166499999987 0.0 17.874696199999967 23.639380799999955 23.639380799999955 23.639380799999955 436.0546875 429.609375 55 55 1.0 0 34 34 False 0 0 False 1.6176470588235294 1.6176470588235294 1.0735019408982454 1.0735019408982454 0.6636193816461881 0.6636193816461881 1.0 1.0 1.0 1.0 1.0 1.0 2.0 2.0 6.0 6.0 0 0.0 0 0.0 3.9234125566865123 0.0 0.0 0 0 0.0 0.0 0.0 0.0 0.0 0.0 0.0 0.0 0.0 0.0 0.0 0.0 0.0 0.0 0.0 0.0 1 34.0 0.0 0.0 34.0 34.0 34.0 34.0 34.0 55.0 55.0 0.0 0.0 0.0 0.0 55.0 0.0 55.0 0.0 55.0 0.0 55.0 0.0 55.0 0.0
6 2 3 1.0029502000000008 0.3105368000000226 0.0 1.3134870000000234 1.3134870000000234 1.3134870000000234 1.3134870000000234 288.0703125 287.05078125 18 18 1.0 18 1 0 False 0 0 False 1.0 1.0 0.0 0.0 0.0 0.0 0.0 0.0 0.0 0.0 0.0 0.0 0.0 0.0 0.0 0.0 0 0.0 0 0.0 0.0 0.0 0.0 0 0 0.0 0.0 0.0 0.0 0.0 0.0 0.0 0.0 0.0 0.0 0.0 0.0 0.0 0.0 0.0 0.0 1 1.0 0.0 0.0 0.0 0.0 0.0 0.0 0.0 1.0 1.0 0.0 0.0 0.0 0.0 0.0 0.0 0.0 0.0 0.0 0.0 0.0 0.0 0.0 0.0
7 2 2 3.269622200000029 1.28406659999996 0.0 4.553688799999989 5.8671758000000125 5.8671758000000125 5.8671758000000125 348.0546875 344.02734375 34 34 1.0 34 18 18 False 0 0 False 1.8888888888888888 1.8888888888888888 2.2462750575089703 2.2462750575089703 1.1892044422106314 1.1892044422106314 1.0 1.0 1.0 1.0 1.0 1.0 1.75 1.75 10.0 10.0 0 0.0 0 0.0 7.430057961878388 0.0 0.0 0 0 0.0 0.0 0.0 0.0 0.0 0.0 0.0 0.0 0.0 0.0 0.0 0.0 0.0 0.0 0.0 0.0 1 18.0 0.0 0.0 18.0 18.0 18.0 18.0 18.0 34.0 34.0 0.0 0.0 0.0 0.0 34.0 0.0 34.0 0.0 34.0 0.0 34.0 0.0 34.0 0.0
8 2 1 8.069823099999994 9.734374700000018 0.0 17.80419780000001 23.671373600000024 23.671373600000024 23.671373600000024 447.1640625 442.796875 53 53 1.0 0 34 34 False 0 0 False 1.5588235294117647 1.5588235294117647 0.9905975078001625 0.9905975078001625 0.6354776465133118 0.6354776465133118 1.0 1.0 1.0 1.0 1.0 1.0 2.0 2.0 6.0 6.0 0 0.0 0 0.0 2.787841247906597 0.0 0.0 0 0 0.0 0.0 0.0 0.0 0.0 0.0 0.0 0.0 0.0 0.0 0.0 0.0 0.0 0.0 0.0 0.0 1 34.0 0.0 0.0 34.0 34.0 34.0 34.0 34.0 53.0 53.0 0.0 0.0 0.0 0.0 53.0 0.0 53.0 0.0 53.0 0.0 53.0 0.0 53.0 0.0
9 3 3 1.0026772000000506 0.4277901999999898 0.0 1.4304674000000404 1.4304674000000404 1.4304674000000404 1.4304674000000404 302.46875 297.60546875 18 18 1.0 18 1 0 False 0 0 False 1.0 1.0 0.0 0.0 0.0 0.0 0.0 0.0 0.0 0.0 0.0 0.0 0.0 0.0 0.0 0.0 0 0.0 0 0.0 0.0 0.0 0.0 0 0 0.0 0.0 0.0 0.0 0.0 0.0 0.0 0.0 0.0 0.0 0.0 0.0 0.0 0.0 0.0 0.0 1 1.0 0.0 0.0 0.0 0.0 0.0 0.0 0.0 1.0 1.0 0.0 0.0 0.0 0.0 0.0 0.0 0.0 0.0 0.0 0.0 0.0 0.0 0.0 0.0
10 3 2 3.250105999999974 0.9399664000000172 0.0 4.190072399999991 5.6205398000000315 5.6205398000000315 5.6205398000000315 362.41796875 356.79296875 34 34 1.0 34 18 18 False 0 0 False 1.8888888888888888 1.8888888888888888 2.2199334618774946 2.2199334618774946 1.175258891582203 1.175258891582203 1.0 1.0 1.0 1.0 1.0 1.0 1.0 1.0 10.0 10.0 0 0.0 0 0.0 7.504045548134512 0.0 0.0 0 0 0.0 0.0 0.0 0.0 0.0 0.0 0.0 0.0 0.0 0.0 0.0 0.0 0.0 0.0 0.0 0.0 1 18.0 0.0 0.0 18.0 18.0 18.0 18.0 18.0 34.0 34.0 0.0 0.0 0.0 0.0 34.0 0.0 34.0 0.0 34.0 0.0 34.0 0.0 34.0 0.0
11 3 1 8.52243610000005 10.570945499999922 0.0 19.093381599999972 24.713921400000004 24.713921400000004 24.713921400000004 473.94921875 467.80078125 55 55 1.0 0 34 34 False 0 0 False 1.6176470588235294 1.6176470588235294 1.2312768903657143 1.2312768903657143 0.7611529867715324 0.7611529867715324 1.0 1.0 1.0 1.0 1.0 1.0 2.0 2.0 6.0 6.0 0 0.0 0 0.0 4.110971479491229 0.0 0.0 0 0 0.0 0.0 0.0 0.0 0.0 0.0 0.0 0.0 0.0 0.0 0.0 0.0 0.0 0.0 0.0 0.0 1 34.0 0.0 0.0 34.0 34.0 34.0 34.0 34.0 55.0 55.0 0.0 0.0 0.0 0.0 55.0 0.0 55.0 0.0 55.0 0.0 55.0 0.0 55.0 0.0
12 4 3 1.001175900000078 0.33299310000001014 0.0 1.334169000000088 1.334169000000088 1.334169000000088 1.334169000000088 401.359375 391.7734375 18 18 1.0 18 1 0 False 0 0 False 1.0 1.0 0.0 0.0 0.0 0.0 0.0 0.0 0.0 0.0 0.0 0.0 0.0 0.0 0.0 0.0 0 0.0 0 0.0 0.0 0.0 0.0 0 0 0.0 0.0 0.0 0.0 0.0 0.0 0.0 0.0 0.0 0.0 0.0 0.0 0.0 0.0 0.0 0.0 1 1.0 0.0 0.0 0.0 0.0 0.0 0.0 0.0 1.0 1.0 0.0 0.0 0.0 0.0 0.0 0.0 0.0 0.0 0.0 0.0 0.0 0.0 0.0 0.0
13 4 2 3.26499560000002 0.9012853000000689 0.0 4.166280900000089 5.500449900000177 5.500449900000177 5.500449900000177 424.41796875 414.328125 34 34 1.0 34 18 18 False 0 0 False 1.8888888888888888 1.8888888888888888 2.27231131071657 2.27231131071657 1.2029883409675959 1.2029883409675959 1.0 1.0 1.0 1.0 1.0 1.0 1.0 1.0 10.0 10.0 0 0.0 0 0.0 7.654714247165685 0.0 0.0 0 0 0.0 0.0 0.0 0.0 0.0 0.0 0.0 0.0 0.0 0.0 0.0 0.0 0.0 0.0 0.0 0.0 1 18.0 0.0 0.0 18.0 18.0 18.0 18.0 18.0 34.0 34.0 0.0 0.0 0.0 0.0 34.0 0.0 34.0 0.0 34.0 0.0 34.0 0.0 34.0 0.0
14 4 1 8.043909700000142 11.772890200000035 0.0 19.816799900000177 25.317249800000354 25.317249800000354 25.317249800000354 486.4921875 481.79296875 53 53 1.0 0 34 34 False 0 0 False 1.5588235294117647 1.5588235294117647 1.0207298776199087 1.0207298776199087 0.6548078460203188 0.6548078460203188 1.0 1.0 1.0 1.0 1.0 1.0 2.0 2.0 6.0 6.0 0 0.0 0 0.0 2.834918818217261 0.0 0.0 0 0 0.0 0.0 0.0 0.0 0.0 0.0 0.0 0.0 0.0 0.0 0.0 0.0 0.0 0.0 0.0 0.0 1 34.0 0.0 0.0 34.0 34.0 34.0 34.0 34.0 53.0 53.0 0.0 0.0 0.0 0.0 53.0 0.0 53.0 0.0 53.0 0.0 53.0 0.0 53.0 0.0
15 5 3 1.0028961999999808 0.49461239999996565 0.0 1.4975085999999465 1.4975085999999465 1.4975085999999465 1.4975085999999465 416.90625 407.01171875 18 18 1.0 18 1 0 False 0 0 False 1.0 1.0 0.0 0.0 0.0 0.0 0.0 0.0 0.0 0.0 0.0 0.0 0.0 0.0 0.0 0.0 0 0.0 0 0.0 0.0 0.0 0.0 0 0 0.0 0.0 0.0 0.0 0.0 0.0 0.0 0.0 0.0 0.0 0.0 0.0 0.0 0.0 0.0 0.0 1 1.0 0.0 0.0 0.0 0.0 0.0 0.0 0.0 1.0 1.0 0.0 0.0 0.0 0.0 0.0 0.0 0.0 0.0 0.0 0.0 0.0 0.0 0.0 0.0
16 5 2 3.2833644000000675 1.1653967999999963 0.0 4.448761200000064 5.94626980000001 5.94626980000001 5.94626980000001 433.86328125 423.87109375 34 34 1.0 34 18 18 False 0 0 False 1.8888888888888888 1.8888888888888888 2.27231131071657 2.27231131071657 1.2029883409675959 1.2029883409675959 1.0 1.0 1.0 1.0 1.0 1.0 1.0 1.0 10.0 10.0 0 0.0 0 0.0 7.654714247165685 0.0 0.0 0 0 0.0 0.0 0.0 0.0 0.0 0.0 0.0 0.0 0.0 0.0 0.0 0.0 0.0 0.0 0.0 0.0 1 18.0 0.0 0.0 18.0 18.0 18.0 18.0 18.0 34.0 34.0 0.0 0.0 0.0 0.0 34.0 0.0 34.0 0.0 34.0 0.0 34.0 0.0 34.0 0.0
17 5 1 8.500419700000037 11.284806299999957 0.0 19.785225999999994 25.731495800000005 25.731495800000005 25.731495800000005 500.1640625 493.64453125 55 55 1.0 0 34 34 False 0 0 False 1.6176470588235294 1.6176470588235294 1.0448925095464312 1.0448925095464312 0.6459335513559756 0.6459335513559756 1.0 1.0 1.0 1.0 1.0 1.0 2.0 2.0 6.0 6.0 0 0.0 0 0.0 3.7315289036100885 0.0 0.0 0 0 0.0 0.0 0.0 0.0 0.0 0.0 0.0 0.0 0.0 0.0 0.0 0.0 0.0 0.0 0.0 0.0 1 34.0 0.0 0.0 34.0 34.0 34.0 34.0 34.0 55.0 55.0 0.0 0.0 0.0 0.0 55.0 0.0 55.0 0.0 55.0 0.0 55.0 0.0 55.0 0.0
18 6 3 1.004296999999923 0.3712237999999388 0.0 1.3755207999998618 1.3755207999998618 1.3755207999998618 1.3755207999998618 363.5390625 364.96875 18 18 1.0 18 1 0 False 0 0 False 1.0 1.0 0.0 0.0 0.0 0.0 0.0 0.0 0.0 0.0 0.0 0.0 0.0 0.0 0.0 0.0 0 0.0 0 0.0 0.0 0.0 0.0 0 0 0.0 0.0 0.0 0.0 0.0 0.0 0.0 0.0 0.0 0.0 0.0 0.0 0.0 0.0 0.0 0.0 1 1.0 0.0 0.0 0.0 0.0 0.0 0.0 0.0 1.0 1.0 0.0 0.0 0.0 0.0 0.0 0.0 0.0 0.0 0.0 0.0 0.0 0.0 0.0 0.0
19 6 2 3.2793733999999404 0.9458593000000519 0.0 4.225232699999992 5.600753499999854 5.600753499999854 5.600753499999854 422.078125 415.6640625 34 34 1.0 34 18 18 False 0 0 False 1.8888888888888888 1.8888888888888888 2.193275522213265 2.193275522213265 1.1611458647011403 1.1611458647011403 1.0 1.0 1.0 1.0 1.0 1.0 1.75 1.75 10.0 10.0 0 0.0 0 0.0 7.210389166623144 0.0 0.0 0 0 0.0 0.0 0.0 0.0 0.0 0.0 0.0 0.0 0.0 0.0 0.0 0.0 0.0 0.0 0.0 0.0 1 18.0 0.0 0.0 18.0 18.0 18.0 18.0 18.0 34.0 34.0 0.0 0.0 0.0 0.0 34.0 0.0 34.0 0.0 34.0 0.0 34.0 0.0 34.0 0.0
20 6 1 8.045984900000064 8.97285279999997 0.0 17.018837700000034 22.61959119999989 22.61959119999989 22.61959119999989 505.0234375 500.4375 53 53 1.0 0 34 34 False 0 0 False 1.5588235294117647 1.5588235294117647 1.0784718838607128 1.0784718838607128 0.6918498877597026 0.6918498877597026 1.0 1.0 1.0 1.0 1.0 1.0 2.0 2.0 6.0 6.0 0 0.0 0 0.0 3.1699961250017252 0.0 0.0 0 0 0.0 0.0 0.0 0.0 0.0 0.0 0.0 0.0 0.0 0.0 0.0 0.0 0.0 0.0 0.0 0.0 1 34.0 0.0 0.0 34.0 34.0 34.0 34.0 34.0 53.0 53.0 0.0 0.0 0.0 0.0 53.0 0.0 53.0 0.0 53.0 0.0 53.0 0.0 53.0 0.0
21 7 3 1.0030556000000388 0.30091189999996004 0.0 1.3039674999999988 1.3039674999999988 1.3039674999999988 1.3039674999999988 432.33984375 422.94140625 18 18 1.0 18 1 0 False 0 0 False 1.0 1.0 0.0 0.0 0.0 0.0 0.0 0.0 0.0 0.0 0.0 0.0 0.0 0.0 0.0 0.0 0 0.0 0 0.0 0.0 0.0 0.0 0 0 0.0 0.0 0.0 0.0 0.0 0.0 0.0 0.0 0.0 0.0 0.0 0.0 0.0 0.0 0.0 0.0 1 1.0 0.0 0.0 0.0 0.0 0.0 0.0 0.0 1.0 1.0 0.0 0.0 0.0 0.0 0.0 0.0 0.0 0.0 0.0 0.0 0.0 0.0 0.0 0.0
22 7 2 3.2808508000000245 0.9884208000000854 0.0 4.26927160000011 5.573239100000109 5.573239100000109 5.573239100000109 456.921875 447.453125 34 34 1.0 34 18 18 False 0 0 False 1.8888888888888888 1.8888888888888888 2.193275522213265 2.193275522213265 1.1611458647011403 1.1611458647011403 1.0 1.0 1.0 1.0 1.0 1.0 1.75 1.75 10.0 10.0 0 0.0 0 0.0 7.27473784404555 0.0 0.0 0 0 0.0 0.0 0.0 0.0 0.0 0.0 0.0 0.0 0.0 0.0 0.0 0.0 0.0 0.0 0.0 0.0 1 18.0 0.0 0.0 18.0 18.0 18.0 18.0 18.0 34.0 34.0 0.0 0.0 0.0 0.0 34.0 0.0 34.0 0.0 34.0 0.0 34.0 0.0 34.0 0.0
23 7 1 8.50737649999985 11.551477100000028 0.0 20.05885359999988 25.632092699999987 25.632092699999987 25.632092699999987 520.20703125 513.8359375 55 55 1.0 0 34 34 False 0 0 False 1.6176470588235294 1.6176470588235294 0.985184366143778 0.985184366143778 0.6090230627070627 0.6090230627070627 1.0 1.0 1.0 1.0 1.0 1.0 2.0 2.0 6.0 6.0 0 0.0 0 0.0 3.1387328014050375 0.0 0.0 0 0 0.0 0.0 0.0 0.0 0.0 0.0 0.0 0.0 0.0 0.0 0.0 0.0 0.0 0.0 0.0 0.0 1 34.0 0.0 0.0 34.0 34.0 34.0 34.0 34.0 55.0 55.0 0.0 0.0 0.0 0.0 55.0 0.0 55.0 0.0 55.0 0.0 55.0 0.0 55.0 0.0
24 8 3 1.0033512000000542 0.43554469999992307 0.0 1.4388958999999772 1.4388958999999772 1.4388958999999772 1.4388958999999772 391.58203125 389.5234375 18 18 1.0 18 1 0 False 0 0 False 1.0 1.0 0.0 0.0 0.0 0.0 0.0 0.0 0.0 0.0 0.0 0.0 0.0 0.0 0.0 0.0 0 0.0 0 0.0 0.0 0.0 0.0 0 0 0.0 0.0 0.0 0.0 0.0 0.0 0.0 0.0 0.0 0.0 0.0 0.0 0.0 0.0 0.0 0.0 1 1.0 0.0 0.0 0.0 0.0 0.0 0.0 0.0 1.0 1.0 0.0 0.0 0.0 0.0 0.0 0.0 0.0 0.0 0.0 0.0 0.0 0.0 0.0 0.0
25 8 2 3.2540674000000536 1.056419999999946 0.0 4.3104873999999995 5.749383299999977 5.749383299999977 5.749383299999977 448.98046875 443.98046875 34 34 1.0 34 18 18 False 0 0 False 1.8888888888888888 1.8888888888888888 2.193275522213265 2.193275522213265 1.1611458647011403 1.1611458647011403 1.0 1.0 1.0 1.0 1.0 1.0 1.75 1.75 10.0 10.0 0 0.0 0 0.0 6.954141377950751 0.0 0.0 0 0 0.0 0.0 0.0 0.0 0.0 0.0 0.0 0.0 0.0 0.0 0.0 0.0 0.0 0.0 0.0 0.0 1 18.0 0.0 0.0 18.0 18.0 18.0 18.0 18.0 34.0 34.0 0.0 0.0 0.0 0.0 34.0 0.0 34.0 0.0 34.0 0.0 34.0 0.0 34.0 0.0
26 8 1 8.509986800000206 12.389519599999858 0.0 20.899506400000064 26.64888970000004 26.64888970000004 26.64888970000004 538.45703125 533.26171875 55 55 1.0 0 34 34 False 0 0 False 1.6176470588235294 1.6176470588235294 1.1810294913915325 1.1810294913915325 0.7300909583147656 0.7300909583147656 1.0 1.0 1.0 1.0 1.0 1.0 2.0 2.0 6.0 6.0 0 0.0 0 0.0 4.070156811547712 0.0 0.0 0 0 0.0 0.0 0.0 0.0 0.0 0.0 0.0 0.0 0.0 0.0 0.0 0.0 0.0 0.0 0.0 0.0 1 34.0 0.0 0.0 34.0 34.0 34.0 34.0 34.0 55.0 55.0 0.0 0.0 0.0 0.0 55.0 0.0 55.0 0.0 55.0 0.0 55.0 0.0 55.0 0.0
27 9 3 1.0007739999998648 0.32309989999998834 0.0 1.3238738999998532 1.3238738999998532 1.3238738999998532 1.3238738999998532 460.37890625 452.14453125 18 18 1.0 18 1 0 False 0 0 False 1.0 1.0 0.0 0.0 0.0 0.0 0.0 0.0 0.0 0.0 0.0 0.0 0.0 0.0 0.0 0.0 0 0.0 0 0.0 0.0 0.0 0.0 0 0 0.0 0.0 0.0 0.0 0.0 0.0 0.0 0.0 0.0 0.0 0.0 0.0 0.0 0.0 0.0 0.0 1 1.0 0.0 0.0 0.0 0.0 0.0 0.0 0.0 1.0 1.0 0.0 0.0 0.0 0.0 0.0 0.0 0.0 0.0 0.0 0.0 0.0 0.0 0.0 0.0
28 9 2 3.273225600000103 1.0737035000001356 0.0 4.346929100000239 5.670803000000092 5.670803000000092 5.670803000000092 482.10546875 473.66796875 34 34 1.0 34 18 18 False 0 0 False 1.8888888888888888 1.8888888888888888 2.27231131071657 2.27231131071657 1.2029883409675959 1.2029883409675959 1.0 1.0 1.0 1.0 1.0 1.0 1.0 1.0 10.0 10.0 0 0.0 0 0.0 7.654714247165685 0.0 0.0 0 0 0.0 0.0 0.0 0.0 0.0 0.0 0.0 0.0 0.0 0.0 0.0 0.0 0.0 0.0 0.0 0.0 1 18.0 0.0 0.0 18.0 18.0 18.0 18.0 18.0 34.0 34.0 0.0 0.0 0.0 0.0 34.0 0.0 34.0 0.0 34.0 0.0 34.0 0.0 34.0 0.0
29 9 1 8.53818589999986 14.740836300000012 0.0 23.279022199999872 28.949825199999964 28.949825199999964 28.949825199999964 546.765625 541.6015625 55 55 1.0 0 34 34 False 0 0 False 1.6176470588235294 1.6176470588235294 1.01547737340631 1.01547737340631 0.6277496490148099 0.6277496490148099 1.0 1.0 1.0 1.0 1.0 1.0 2.0 2.0 6.0 6.0 0 0.0 0 0.0 3.377169941920157 0.0 0.0 0 0 0.0 0.0 0.0 0.0 0.0 0.0 0.0 0.0 0.0 0.0 0.0 0.0 0.0 0.0 0.0 0.0 1 34.0 0.0 0.0 34.0 34.0 34.0 34.0 34.0 55.0 55.0 0.0 0.0 0.0 0.0 55.0 0.0 55.0 0.0 55.0 0.0 55.0 0.0 55.0 0.0
30 10 3 1.0016161000000352 0.36075249999993275 0.0 1.362368599999968 1.362368599999968 1.362368599999968 1.362368599999968 476.73046875 468.48828125 18 18 1.0 18 1 0 False 0 0 False 1.0 1.0 0.0 0.0 0.0 0.0 0.0 0.0 0.0 0.0 0.0 0.0 0.0 0.0 0.0 0.0 0 0.0 0 0.0 0.0 0.0 0.0 0 0 0.0 0.0 0.0 0.0 0.0 0.0 0.0 0.0 0.0 0.0 0.0 0.0 0.0 0.0 0.0 0.0 1 1.0 0.0 0.0 0.0 0.0 0.0 0.0 0.0 1.0 1.0 0.0 0.0 0.0 0.0 0.0 0.0 0.0 0.0 0.0 0.0 0.0 0.0 0.0 0.0
31 10 2 3.25035459999998 0.8735389000000282 0.0 4.123893500000008 5.486262099999976 5.486262099999976 5.486262099999976 495.7734375 487.30859375 34 34 1.0 34 18 18 False 0 0 False 1.8888888888888888 1.8888888888888888 2.166289559942608 2.166289559942608 1.1468591787931455 1.1468591787931455 1.0 1.0 1.0 1.0 1.0 1.0 2.0 2.0 10.0 10.0 0 0.0 0 0.0 7.063352355790955 0.0 0.0 0 0 0.0 0.0 0.0 0.0 0.0 0.0 0.0 0.0 0.0 0.0 0.0 0.0 0.0 0.0 0.0 0.0 1 18.0 0.0 0.0 18.0 18.0 18.0 18.0 18.0 34.0 34.0 0.0 0.0 0.0 0.0 34.0 0.0 34.0 0.0 34.0 0.0 34.0 0.0 34.0 0.0
32 10 1 8.500371100000109 10.151752400000078 0.0 18.652123500000187 24.138385600000163 24.138385600000163 24.138385600000163 559.1171875 553.7578125 55 55 1.0 0 34 34 False 0 0 False 1.6176470588235294 1.6176470588235294 1.0735019408982454 1.0735019408982454 0.6636193816461881 0.6636193816461881 1.0 1.0 1.0 1.0 1.0 1.0 2.0 2.0 6.0 6.0 0 0.0 0 0.0 3.8434436152400373 0.0 0.0 0 0 0.0 0.0 0.0 0.0 0.0 0.0 0.0 0.0 0.0 0.0 0.0 0.0 0.0 0.0 0.0 0.0 1 34.0 0.0 0.0 34.0 34.0 34.0 34.0 34.0 55.0 55.0 0.0 0.0 0.0 0.0 55.0 0.0 55.0 0.0 55.0 0.0 55.0 0.0 55.0 0.0
33 11 3 1.0084066000000007 0.47801279999993085 0.0 1.4864193999999316 1.4864193999999316 1.4864193999999316 1.4864193999999316 483.046875 474.765625 18 18 1.0 18 1 0 False 0 0 False 1.0 1.0 0.0 0.0 0.0 0.0 0.0 0.0 0.0 0.0 0.0 0.0 0.0 0.0 0.0 0.0 0 0.0 0 0.0 0.0 0.0 0.0 0 0 0.0 0.0 0.0 0.0 0.0 0.0 0.0 0.0 0.0 0.0 0.0 0.0 0.0 0.0 0.0 0.0 1 1.0 0.0 0.0 0.0 0.0 0.0 0.0 0.0 1.0 1.0 0.0 0.0 0.0 0.0 0.0 0.0 0.0 0.0 0.0 0.0 0.0 0.0 0.0 0.0
34 11 2 3.2495861999998397 0.8606220000000349 0.0 4.1102081999998745 5.596627599999806 5.596627599999806 5.596627599999806 504.7734375 496.3828125 34 34 1.0 34 18 18 False 0 0 False 1.8888888888888888 1.8888888888888888 2.27231131071657 2.27231131071657 1.2029883409675959 1.2029883409675959 1.0 1.0 1.0 1.0 1.0 1.0 1.0 1.0 10.0 10.0 0 0.0 0 0.0 7.654714247165685 0.0 0.0 0 0 0.0 0.0 0.0 0.0 0.0 0.0 0.0 0.0 0.0 0.0 0.0 0.0 0.0 0.0 0.0 0.0 1 18.0 0.0 0.0 18.0 18.0 18.0 18.0 18.0 34.0 34.0 0.0 0.0 0.0 0.0 34.0 0.0 34.0 0.0 34.0 0.0 34.0 0.0 34.0 0.0
35 11 1 8.502961000000141 11.659992700000146 0.0 20.162953700000287 25.759581300000093 25.759581300000093 25.759581300000093 567.328125 562.1875 55 55 1.0 0 34 34 False 0 0 False 1.6176470588235294 1.6176470588235294 0.985184366143778 0.985184366143778 0.6090230627070627 0.6090230627070627 1.0 1.0 1.0 1.0 1.0 1.0 2.0 2.0 6.0 6.0 0 0.0 0 0.0 3.2686118658249654 0.0 0.0 0 0 0.0 0.0 0.0 0.0 0.0 0.0 0.0 0.0 0.0 0.0 0.0 0.0 0.0 0.0 0.0 0.0 1 34.0 0.0 0.0 34.0 34.0 34.0 34.0 34.0 55.0 55.0 0.0 0.0 0.0 0.0 55.0 0.0 55.0 0.0 55.0 0.0 55.0 0.0 55.0 0.0
36 12 3 1.0039072000001283 0.33564739999985704 0.0 1.3395545999999854 1.3395545999999854 1.3395545999999854 1.3395545999999854 432.3359375 425.953125 18 18 1.0 18 1 0 False 0 0 False 1.0 1.0 0.0 0.0 0.0 0.0 0.0 0.0 0.0 0.0 0.0 0.0 0.0 0.0 0.0 0.0 0 0.0 0 0.0 0.0 0.0 0.0 0 0 0.0 0.0 0.0 0.0 0.0 0.0 0.0 0.0 0.0 0.0 0.0 0.0 0.0 0.0 0.0 0.0 1 1.0 0.0 0.0 0.0 0.0 0.0 0.0 0.0 1.0 1.0 0.0 0.0 0.0 0.0 0.0 0.0 0.0 0.0 0.0 0.0 0.0 0.0 0.0 0.0
37 12 2 3.271288899999945 1.0036568999997826 0.0 4.274945799999728 5.614500399999713 5.614500399999713 5.614500399999713 487.68359375 481.078125 34 34 1.0 34 18 18 False 0 0 False 1.8888888888888888 1.8888888888888888 2.193275522213265 2.193275522213265 1.1611458647011403 1.1611458647011403 1.0 1.0 1.0 1.0 1.0 1.0 1.75 1.75 10.0 10.0 0 0.0 0 0.0 7.152368740551836 0.0 0.0 0 0 0.0 0.0 0.0 0.0 0.0 0.0 0.0 0.0 0.0 0.0 0.0 0.0 0.0 0.0 0.0 0.0 1 18.0 0.0 0.0 18.0 18.0 18.0 18.0 18.0 34.0 34.0 0.0 0.0 0.0 0.0 34.0 0.0 34.0 0.0 34.0 0.0 34.0 0.0 34.0 0.0
38 12 1 8.030933500000401 8.307066099999872 0.0 16.337999600000273 21.952499999999986 21.952499999999986 21.952499999999986 569.88671875 566.52734375 53 53 1.0 0 34 34 False 0 0 False 1.5588235294117647 1.5588235294117647 1.0784718838607128 1.0784718838607128 0.6918498877597026 0.6918498877597026 1.0 1.0 1.0 1.0 1.0 1.0 2.0 2.0 6.0 6.0 0 0.0 0 0.0 3.0965574143020835 0.0 0.0 0 0 0.0 0.0 0.0 0.0 0.0 0.0 0.0 0.0 0.0 0.0 0.0 0.0 0.0 0.0 0.0 0.0 1 34.0 0.0 0.0 34.0 34.0 34.0 34.0 34.0 53.0 53.0 0.0 0.0 0.0 0.0 53.0 0.0 53.0 0.0 53.0 0.0 53.0 0.0 53.0 0.0
39 13 3 1.0078137999998944 0.4089839000000097 0.0 1.4167976999999041 1.4167976999999041 1.4167976999999041 1.4167976999999041 501.60546875 493.37109375 18 18 1.0 18 1 0 False 0 0 False 1.0 1.0 0.0 0.0 0.0 0.0 0.0 0.0 0.0 0.0 0.0 0.0 0.0 0.0 0.0 0.0 0 0.0 0 0.0 0.0 0.0 0.0 0 0 0.0 0.0 0.0 0.0 0.0 0.0 0.0 0.0 0.0 0.0 0.0 0.0 0.0 0.0 0.0 0.0 1 1.0 0.0 0.0 0.0 0.0 0.0 0.0 0.0 1.0 1.0 0.0 0.0 0.0 0.0 0.0 0.0 0.0 0.0 0.0 0.0 0.0 0.0 0.0 0.0
40 13 2 3.2721672999999782 0.9020179000001463 0.0 4.1741852000001245 5.590982900000029 5.590982900000029 5.590982900000029 522.1875 513.8515625 34 34 1.0 34 18 18 False 0 0 False 1.8888888888888888 1.8888888888888888 2.2199334618774946 2.2199334618774946 1.175258891582203 1.175258891582203 1.0 1.0 1.0 1.0 1.0 1.0 1.0 1.0 10.0 10.0 0 0.0 0 0.0 7.504045548134512 0.0 0.0 0 0 0.0 0.0 0.0 0.0 0.0 0.0 0.0 0.0 0.0 0.0 0.0 0.0 0.0 0.0 0.0 0.0 1 18.0 0.0 0.0 18.0 18.0 18.0 18.0 18.0 34.0 34.0 0.0 0.0 0.0 0.0 34.0 0.0 34.0 0.0 34.0 0.0 34.0 0.0 34.0 0.0
41 13 1 8.071126099999958 9.537309900000082 0.0 17.60843600000004 23.19941890000007 23.19941890000007 23.19941890000007 580.546875 576.83203125 53 53 1.0 0 34 34 False 0 0 False 1.5588235294117647 1.5588235294117647 0.9595193389681276 0.9595193389681276 0.6155407080172894 0.6155407080172894 1.0 1.0 1.0 1.0 1.0 1.0 2.0 2.0 6.0 6.0 0 0.0 0 0.0 2.7307837576043705 0.0 0.0 0 0 0.0 0.0 0.0 0.0 0.0 0.0 0.0 0.0 0.0 0.0 0.0 0.0 0.0 0.0 0.0 0.0 1 34.0 0.0 0.0 34.0 34.0 34.0 34.0 34.0 53.0 53.0 0.0 0.0 0.0 0.0 53.0 0.0 53.0 0.0 53.0 0.0 53.0 0.0 53.0 0.0
42 14 3 1.0025133000000892 0.37219770000012886 0.0 1.374711000000218 1.374711000000218 1.374711000000218 1.374711000000218 512.57421875 504.28125 18 18 1.0 18 1 0 False 0 0 False 1.0 1.0 0.0 0.0 0.0 0.0 0.0 0.0 0.0 0.0 0.0 0.0 0.0 0.0 0.0 0.0 0 0.0 0 0.0 0.0 0.0 0.0 0 0 0.0 0.0 0.0 0.0 0.0 0.0 0.0 0.0 0.0 0.0 0.0 0.0 0.0 0.0 0.0 0.0 1 1.0 0.0 0.0 0.0 0.0 0.0 0.0 0.0 1.0 1.0 0.0 0.0 0.0 0.0 0.0 0.0 0.0 0.0 0.0 0.0 0.0 0.0 0.0 0.0
43 14 2 3.2872038000001567 1.0320697999998742 0.0 4.319273600000031 5.693984600000249 5.693984600000249 5.693984600000249 531.28515625 522.921875 34 34 1.0 34 18 18 False 0 0 False 1.8888888888888888 1.8888888888888888 2.166289559942608 2.166289559942608 1.1468591787931455 1.1468591787931455 1.0 1.0 1.0 1.0 1.0 1.0 2.0 2.0 10.0 10.0 0 0.0 0 0.0 7.214668414363762 0.0 0.0 0 0 0.0 0.0 0.0 0.0 0.0 0.0 0.0 0.0 0.0 0.0 0.0 0.0 0.0 0.0 0.0 0.0 1 18.0 0.0 0.0 18.0 18.0 18.0 18.0 18.0 34.0 34.0 0.0 0.0 0.0 0.0 34.0 0.0 34.0 0.0 34.0 0.0 34.0 0.0 34.0 0.0
44 14 1 8.069511999999861 10.57935410000033 0.0 18.64886610000019 24.34285070000044 24.34285070000044 24.34285070000044 589.421875 586.10546875 53 53 1.0 0 34 34 False 0 0 False 1.5588235294117647 1.5588235294117647 1.1597067672891526 1.1597067672891526 0.7439628318458714 0.7439628318458714 1.0 1.0 1.0 1.0 1.0 1.0 2.0 2.0 6.0 6.0 0 0.0 0 0.0 3.4674088128503864 0.0 0.0 0 0 0.0 0.0 0.0 0.0 0.0 0.0 0.0 0.0 0.0 0.0 0.0 0.0 0.0 0.0 0.0 0.0 1 34.0 0.0 0.0 34.0 34.0 34.0 34.0 34.0 53.0 53.0 0.0 0.0 0.0 0.0 53.0 0.0 53.0 0.0 53.0 0.0 53.0 0.0 53.0 0.0
45 15 3 1.0032494000000156 0.3309180000001106 0.0 1.3341674000001262 1.3341674000001262 1.3341674000001262 1.3341674000001262 524.96484375 516.9609375 18 18 1.0 18 1 0 False 0 0 False 1.0 1.0 0.0 0.0 0.0 0.0 0.0 0.0 0.0 0.0 0.0 0.0 0.0 0.0 0.0 0.0 0 0.0 0 0.0 0.0 0.0 0.0 0 0 0.0 0.0 0.0 0.0 0.0 0.0 0.0 0.0 0.0 0.0 0.0 0.0 0.0 0.0 0.0 0.0 1 1.0 0.0 0.0 0.0 0.0 0.0 0.0 0.0 1.0 1.0 0.0 0.0 0.0 0.0 0.0 0.0 0.0 0.0 0.0 0.0 0.0 0.0 0.0 0.0
46 15 2 3.2727838999998653 0.9997154999999225 0.0 4.272499399999788 5.606666799999914 5.606666799999914 5.606666799999914 544.96875 536.65625 34 34 1.0 34 18 18 False 0 0 False 1.8888888888888888 1.8888888888888888 2.2462750575089703 2.2462750575089703 1.1892044422106314 1.1892044422106314 1.0 1.0 1.0 1.0 1.0 1.0 1.75 1.75 10.0 10.0 0 0.0 0 0.0 7.574051435264545 0.0 0.0 0 0 0.0 0.0 0.0 0.0 0.0 0.0 0.0 0.0 0.0 0.0 0.0 0.0 0.0 0.0 0.0 0.0 1 18.0 0.0 0.0 18.0 18.0 18.0 18.0 18.0 34.0 34.0 0.0 0.0 0.0 0.0 34.0 0.0 34.0 0.0 34.0 0.0 34.0 0.0 34.0 0.0
47 15 1 8.045731000000103 8.648694100000057 0.0 16.69442510000016 22.301091900000074 22.301091900000074 22.301091900000074 603.09375 599.73046875 53 53 1.0 0 34 34 False 0 0 False 1.5588235294117647 1.5588235294117647 0.9905975078001625 0.9905975078001625 0.6354776465133118 0.6354776465133118 1.0 1.0 1.0 1.0 1.0 1.0 2.0 2.0 6.0 6.0 0 0.0 0 0.0 2.7650969685844187 0.0 0.0 0 0 0.0 0.0 0.0 0.0 0.0 0.0 0.0 0.0 0.0 0.0 0.0 0.0 0.0 0.0 0.0 0.0 1 34.0 0.0 0.0 34.0 34.0 34.0 34.0 34.0 53.0 53.0 0.0 0.0 0.0 0.0 53.0 0.0 53.0 0.0 53.0 0.0 53.0 0.0 53.0 0.0
48 16 3 1.0019364000001474 0.3846313999999893 0.0 1.3865678000001367 1.3865678000001367 1.3865678000001367 1.3865678000001367 534.484375 526.09765625 18 18 1.0 18 1 0 False 0 0 False 1.0 1.0 0.0 0.0 0.0 0.0 0.0 0.0 0.0 0.0 0.0 0.0 0.0 0.0 0.0 0.0 0 0.0 0 0.0 0.0 0.0 0.0 0 0 0.0 0.0 0.0 0.0 0.0 0.0 0.0 0.0 0.0 0.0 0.0 0.0 0.0 0.0 0.0 0.0 1 1.0 0.0 0.0 0.0 0.0 0.0 0.0 0.0 1.0 1.0 0.0 0.0 0.0 0.0 0.0 0.0 0.0 0.0 0.0 0.0 0.0 0.0 0.0 0.0
49 16 2 3.3066964999998163 1.0148951999996711 0.0 4.3215916999994874 5.708159499999624 5.708159499999624 5.708159499999624 554.06640625 545.6484375 34 34 1.0 34 18 18 False 0 0 False 1.8888888888888888 1.8888888888888888 2.27231131071657 2.27231131071657 1.2029883409675959 1.2029883409675959 1.0 1.0 1.0 1.0 1.0 1.0 1.0 1.0 10.0 10.0 0 0.0 0 0.0 7.654714247165685 0.0 0.0 0 0 0.0 0.0 0.0 0.0 0.0 0.0 0.0 0.0 0.0 0.0 0.0 0.0 0.0 0.0 0.0 0.0 1 18.0 0.0 0.0 18.0 18.0 18.0 18.0 18.0 34.0 34.0 0.0 0.0 0.0 0.0 34.0 0.0 34.0 0.0 34.0 0.0 34.0 0.0 34.0 0.0
50 16 1 8.054137299999809 8.622951299999897 0.0 16.677088599999706 22.38524809999933 22.38524809999933 22.38524809999933 613.11328125 609.43359375 53 53 1.0 0 34 34 False 0 0 False 1.5588235294117647 1.5588235294117647 1.1332756617391004 1.1332756617391004 0.7270070282854606 0.7270070282854606 1.0 1.0 1.0 1.0 1.0 1.0 2.0 2.0 6.0 6.0 0 0.0 0 0.0 3.4335637261585368 0.0 0.0 0 0 0.0 0.0 0.0 0.0 0.0 0.0 0.0 0.0 0.0 0.0 0.0 0.0 0.0 0.0 0.0 0.0 1 34.0 0.0 0.0 34.0 34.0 34.0 34.0 34.0 53.0 53.0 0.0 0.0 0.0 0.0 53.0 0.0 53.0 0.0 53.0 0.0 53.0 0.0 53.0 0.0
51 17 3 1.0001729999998474 0.5223734000001059 0.0 1.5225463999999533 1.5225463999999533 1.5225463999999533 1.5225463999999533 548.17578125 539.8359375 18 18 1.0 18 1 0 False 0 0 False 1.0 1.0 0.0 0.0 0.0 0.0 0.0 0.0 0.0 0.0 0.0 0.0 0.0 0.0 0.0 0.0 0 0.0 0 0.0 0.0 0.0 0.0 0 0 0.0 0.0 0.0 0.0 0.0 0.0 0.0 0.0 0.0 0.0 0.0 0.0 0.0 0.0 0.0 0.0 1 1.0 0.0 0.0 0.0 0.0 0.0 0.0 0.0 1.0 1.0 0.0 0.0 0.0 0.0 0.0 0.0 0.0 0.0 0.0 0.0 0.0 0.0 0.0 0.0
52 17 2 3.2743853999995736 1.2066801000000282 0.0 4.481065499999602 6.003611899999555 6.003611899999555 6.003611899999555 566.203125 557.796875 34 34 1.0 34 18 18 False 0 0 False 1.8888888888888888 1.8888888888888888 2.27231131071657 2.27231131071657 1.2029883409675959 1.2029883409675959 1.0 1.0 1.0 1.0 1.0 1.0 1.0 1.0 10.0 10.0 0 0.0 0 0.0 7.654714247165685 0.0 0.0 0 0 0.0 0.0 0.0 0.0 0.0 0.0 0.0 0.0 0.0 0.0 0.0 0.0 0.0 0.0 0.0 0.0 1 18.0 0.0 0.0 18.0 18.0 18.0 18.0 18.0 34.0 34.0 0.0 0.0 0.0 0.0 34.0 0.0 34.0 0.0 34.0 0.0 34.0 0.0 34.0 0.0
53 17 1 8.055693300000257 11.203636500000016 0.0 19.259329800000273 25.26294169999983 25.26294169999983 25.26294169999983 623.76171875 620.3515625 53 53 1.0 0 34 34 False 0 0 False 1.5588235294117647 1.5588235294117647 0.9905975078001625 0.9905975078001625 0.6354776465133118 0.6354776465133118 1.0 1.0 1.0 1.0 1.0 1.0 2.0 2.0 6.0 6.0 0 0.0 0 0.0 2.8546841249579957 0.0 0.0 0 0 0.0 0.0 0.0 0.0 0.0 0.0 0.0 0.0 0.0 0.0 0.0 0.0 0.0 0.0 0.0 0.0 1 34.0 0.0 0.0 34.0 34.0 34.0 34.0 34.0 53.0 53.0 0.0 0.0 0.0 0.0 53.0 0.0 53.0 0.0 53.0 0.0 53.0 0.0 53.0 0.0
54 18 3 0.999297799999681 0.4176472999999987 0.0 1.4169450999996798 1.4169450999996798 1.4169450999996798 1.4169450999996798 558.390625 550.078125 18 18 1.0 18 1 0 False 0 0 False 1.0 1.0 0.0 0.0 0.0 0.0 0.0 0.0 0.0 0.0 0.0 0.0 0.0 0.0 0.0 0.0 0 0.0 0 0.0 0.0 0.0 0.0 0 0 0.0 0.0 0.0 0.0 0.0 0.0 0.0 0.0 0.0 0.0 0.0 0.0 0.0 0.0 0.0 0.0 1 1.0 0.0 0.0 0.0 0.0 0.0 0.0 0.0 1.0 1.0 0.0 0.0 0.0 0.0 0.0 0.0 0.0 0.0 0.0 0.0 0.0 0.0 0.0 0.0
55 18 2 3.2804879999998775 0.9518192999997837 0.0 4.232307299999661 5.649252399999341 5.649252399999341 5.649252399999341 579.42578125 571.015625 34 34 1.0 34 18 18 False 0 0 False 1.8888888888888888 1.8888888888888888 2.27231131071657 2.27231131071657 1.2029883409675959 1.2029883409675959 1.0 1.0 1.0 1.0 1.0 1.0 1.0 1.0 10.0 10.0 0 0.0 0 0.0 7.654714247165685 0.0 0.0 0 0 0.0 0.0 0.0 0.0 0.0 0.0 0.0 0.0 0.0 0.0 0.0 0.0 0.0 0.0 0.0 0.0 1 18.0 0.0 0.0 18.0 18.0 18.0 18.0 18.0 34.0 34.0 0.0 0.0 0.0 0.0 34.0 0.0 34.0 0.0 34.0 0.0 34.0 0.0 34.0 0.0
56 18 1 8.503745999999637 8.414115699999911 0.0 16.91786169999955 22.56711409999889 22.56711409999889 22.56711409999889 639.28125 633.98828125 55 55 1.0 0 34 34 False 0 0 False 1.6176470588235294 1.6176470588235294 1.0448925095464312 1.0448925095464312 0.6459335513559756 0.6459335513559756 1.0 1.0 1.0 1.0 1.0 1.0 2.0 2.0 6.0 6.0 0 0.0 0 0.0 3.585401484663659 0.0 0.0 0 0 0.0 0.0 0.0 0.0 0.0 0.0 0.0 0.0 0.0 0.0 0.0 0.0 0.0 0.0 0.0 0.0 1 34.0 0.0 0.0 34.0 34.0 34.0 34.0 34.0 55.0 55.0 0.0 0.0 0.0 0.0 55.0 0.0 55.0 0.0 55.0 0.0 55.0 0.0 55.0 0.0
57 19 3 1.0013808000004474 0.38252710000017487 0.0 1.3839079000006222 1.3839079000006222 1.3839079000006222 1.3839079000006222 571.80078125 563.453125 18 18 1.0 18 1 0 False 0 0 False 1.0 1.0 0.0 0.0 0.0 0.0 0.0 0.0 0.0 0.0 0.0 0.0 0.0 0.0 0.0 0.0 0 0.0 0 0.0 0.0 0.0 0.0 0 0 0.0 0.0 0.0 0.0 0.0 0.0 0.0 0.0 0.0 0.0 0.0 0.0 0.0 0.0 0.0 0.0 1 1.0 0.0 0.0 0.0 0.0 0.0 0.0 0.0 1.0 1.0 0.0 0.0 0.0 0.0 0.0 0.0 0.0 0.0 0.0 0.0 0.0 0.0 0.0 0.0
58 19 2 3.2709119000005558 1.0455915000000005 0.0 4.316503400000556 5.7004113000011785 5.7004113000011785 5.7004113000011785 590.5546875 582.1328125 34 34 1.0 34 18 18 False 0 0 False 1.8888888888888888 1.8888888888888888 2.2199334618774946 2.2199334618774946 1.175258891582203 1.175258891582203 1.0 1.0 1.0 1.0 1.0 1.0 1.0 1.0 10.0 10.0 0 0.0 0 0.0 7.504045548134512 0.0 0.0 0 0 0.0 0.0 0.0 0.0 0.0 0.0 0.0 0.0 0.0 0.0 0.0 0.0 0.0 0.0 0.0 0.0 1 18.0 0.0 0.0 18.0 18.0 18.0 18.0 18.0 34.0 34.0 0.0 0.0 0.0 0.0 34.0 0.0 34.0 0.0 34.0 0.0 34.0 0.0 34.0 0.0
59 19 1 8.083373000000279 8.159774100000163 0.0 16.243147100000442 21.94355840000162 21.94355840000162 21.94355840000162 646.22265625 643.60546875 53 53 1.0 0 34 34 False 0 0 False 1.5588235294117647 1.5588235294117647 0.9905975078001625 0.9905975078001625 0.6354776465133118 0.6354776465133118 1.0 1.0 1.0 1.0 1.0 1.0 2.0 2.0 6.0 6.0 0 0.0 0 0.0 2.7301501283232374 0.0 0.0 0 0 0.0 0.0 0.0 0.0 0.0 0.0 0.0 0.0 0.0 0.0 0.0 0.0 0.0 0.0 0.0 0.0 1 34.0 0.0 0.0 34.0 34.0 34.0 34.0 34.0 53.0 53.0 0.0 0.0 0.0 0.0 53.0 0.0 53.0 0.0 53.0 0.0 53.0 0.0 53.0 0.0
60 20 3 1.0005639999999403 0.3638709000001654 0.0 1.3644349000001057 1.3644349000001057 1.3644349000001057 1.3644349000001057 581.046875 573.60546875 18 18 1.0 18 1 0 False 0 0 False 1.0 1.0 0.0 0.0 0.0 0.0 0.0 0.0 0.0 0.0 0.0 0.0 0.0 0.0 0.0 0.0 0 0.0 0 0.0 0.0 0.0 0.0 0 0 0.0 0.0 0.0 0.0 0.0 0.0 0.0 0.0 0.0 0.0 0.0 0.0 0.0 0.0 0.0 0.0 1 1.0 0.0 0.0 0.0 0.0 0.0 0.0 0.0 1.0 1.0 0.0 0.0 0.0 0.0 0.0 0.0 0.0 0.0 0.0 0.0 0.0 0.0 0.0 0.0
61 20 2 3.260543399999733 1.0280169999997497 0.0 4.288560399999483 5.6529952999995885 5.6529952999995885 5.6529952999995885 602.51953125 594.8046875 34 34 1.0 34 18 18 False 0 0 False 1.8888888888888888 1.8888888888888888 2.2199334618774946 2.2199334618774946 1.175258891582203 1.175258891582203 1.0 1.0 1.0 1.0 1.0 1.0 1.0 1.0 10.0 10.0 0 0.0 0 0.0 7.365390091055303 0.0 0.0 0 0 0.0 0.0 0.0 0.0 0.0 0.0 0.0 0.0 0.0 0.0 0.0 0.0 0.0 0.0 0.0 0.0 1 18.0 0.0 0.0 18.0 18.0 18.0 18.0 18.0 34.0 34.0 0.0 0.0 0.0 0.0 34.0 0.0 34.0 0.0 34.0 0.0 34.0 0.0 34.0 0.0
62 20 1 8.043716300000028 9.216332099999818 0.0 17.260048399999846 22.913043699999434 22.913043699999434 22.913043699999434 658.81640625 655.65625 53 53 1.0 0 34 34 False 0 0 False 1.5588235294117647 1.5588235294117647 1.0784718838607128 1.0784718838607128 0.6918498877597026 0.6918498877597026 1.0 1.0 1.0 1.0 1.0 1.0 2.0 2.0 6.0 6.0 0 0.0 0 0.0 2.8370540059233895 0.0 0.0 0 0 0.0 0.0 0.0 0.0 0.0 0.0 0.0 0.0 0.0 0.0 0.0 0.0 0.0 0.0 0.0 0.0 1 34.0 0.0 0.0 34.0 34.0 34.0 34.0 34.0 53.0 53.0 0.0 0.0 0.0 0.0 53.0 0.0 53.0 0.0 53.0 0.0 53.0 0.0 53.0 0.0
63 21 3 1.0038586000003988 0.33490020000010645 0.0 1.3387588000005053 1.3387588000005053 1.3387588000005053 1.3387588000005053 594.56640625 586.6484375 18 18 1.0 18 1 0 False 0 0 False 1.0 1.0 0.0 0.0 0.0 0.0 0.0 0.0 0.0 0.0 0.0 0.0 0.0 0.0 0.0 0.0 0 0.0 0 0.0 0.0 0.0 0.0 0 0 0.0 0.0 0.0 0.0 0.0 0.0 0.0 0.0 0.0 0.0 0.0 0.0 0.0 0.0 0.0 0.0 1 1.0 0.0 0.0 0.0 0.0 0.0 0.0 0.0 1.0 1.0 0.0 0.0 0.0 0.0 0.0 0.0 0.0 0.0 0.0 0.0 0.0 0.0 0.0 0.0
64 21 2 3.2576152999996566 0.8366958999999952 0.0 4.094311199999652 5.433070000000157 5.433070000000157 5.433070000000157 613.12890625 605.203125 34 34 1.0 34 18 18 False 0 0 False 1.8888888888888888 1.8888888888888888 2.27231131071657 2.27231131071657 1.2029883409675959 1.2029883409675959 1.0 1.0 1.0 1.0 1.0 1.0 1.0 1.0 10.0 10.0 0 0.0 0 0.0 7.654714247165685 0.0 0.0 0 0 0.0 0.0 0.0 0.0 0.0 0.0 0.0 0.0 0.0 0.0 0.0 0.0 0.0 0.0 0.0 0.0 1 18.0 0.0 0.0 18.0 18.0 18.0 18.0 18.0 34.0 34.0 0.0 0.0 0.0 0.0 34.0 0.0 34.0 0.0 34.0 0.0 34.0 0.0 34.0 0.0
65 21 1 8.055370400000697 6.61270710000008 0.0 14.668077500000777 20.101147500000934 20.101147500000934 20.101147500000934 670.953125 667.53515625 53 53 1.0 0 34 34 False 0 0 False 1.5588235294117647 1.5588235294117647 1.0207298776199087 1.0207298776199087 0.6548078460203188 0.6548078460203188 1.0 1.0 1.0 1.0 1.0 1.0 2.0 2.0 6.0 6.0 0 0.0 0 0.0 3.020475111003859 0.0 0.0 0 0 0.0 0.0 0.0 0.0 0.0 0.0 0.0 0.0 0.0 0.0 0.0 0.0 0.0 0.0 0.0 0.0 1 34.0 0.0 0.0 34.0 34.0 34.0 34.0 34.0 53.0 53.0 0.0 0.0 0.0 0.0 53.0 0.0 53.0 0.0 53.0 0.0 53.0 0.0 53.0 0.0
66 22 3 1.0029716999997618 0.3136378000000377 0.0 1.3166094999997995 1.3166094999997995 1.3166094999997995 1.3166094999997995 605.31640625 597.19921875 18 18 1.0 18 1 0 False 0 0 False 1.0 1.0 0.0 0.0 0.0 0.0 0.0 0.0 0.0 0.0 0.0 0.0 0.0 0.0 0.0 0.0 0 0.0 0 0.0 0.0 0.0 0.0 0 0 0.0 0.0 0.0 0.0 0.0 0.0 0.0 0.0 0.0 0.0 0.0 0.0 0.0 0.0 0.0 0.0 1 1.0 0.0 0.0 0.0 0.0 0.0 0.0 0.0 1.0 1.0 0.0 0.0 0.0 0.0 0.0 0.0 0.0 0.0 0.0 0.0 0.0 0.0 0.0 0.0
67 22 2 3.2772899000004827 0.8779193000000305 0.0 4.155209200000513 5.471818700000313 5.471818700000313 5.471818700000313 626.78515625 618.58984375 34 34 1.0 34 18 18 False 0 0 False 1.8888888888888888 1.8888888888888888 2.2462750575089703 2.2462750575089703 1.1892044422106314 1.1892044422106314 1.0 1.0 1.0 1.0 1.0 1.0 1.75 1.75 10.0 10.0 0 0.0 0 0.0 7.574051435264545 0.0 0.0 0 0 0.0 0.0 0.0 0.0 0.0 0.0 0.0 0.0 0.0 0.0 0.0 0.0 0.0 0.0 0.0 0.0 1 18.0 0.0 0.0 18.0 18.0 18.0 18.0 18.0 34.0 34.0 0.0 0.0 0.0 0.0 34.0 0.0 34.0 0.0 34.0 0.0 34.0 0.0 34.0 0.0
68 22 1 8.49604399999987 12.131855099999825 0.0 20.627899099999695 26.099717800000008 26.099717800000008 26.099717800000008 688.68359375 683.83203125 55 55 1.0 0 34 34 False 0 0 False 1.6176470588235294 1.6176470588235294 1.0448925095464312 1.0448925095464312 0.6459335513559756 0.6459335513559756 1.0 1.0 1.0 1.0 1.0 1.0 2.0 2.0 6.0 6.0 0 0.0 0 0.0 3.6475924657022403 0.0 0.0 0 0 0.0 0.0 0.0 0.0 0.0 0.0 0.0 0.0 0.0 0.0 0.0 0.0 0.0 0.0 0.0 0.0 1 34.0 0.0 0.0 34.0 34.0 34.0 34.0 34.0 55.0 55.0 0.0 0.0 0.0 0.0 55.0 0.0 55.0 0.0 55.0 0.0 55.0 0.0 55.0 0.0
69 23 3 1.000638399999957 0.35917799999992894 0.0 1.359816399999886 1.359816399999886 1.359816399999886 1.359816399999886 617.671875 609.734375 18 18 1.0 18 1 0 False 0 0 False 1.0 1.0 0.0 0.0 0.0 0.0 0.0 0.0 0.0 0.0 0.0 0.0 0.0 0.0 0.0 0.0 0 0.0 0 0.0 0.0 0.0 0.0 0 0 0.0 0.0 0.0 0.0 0.0 0.0 0.0 0.0 0.0 0.0 0.0 0.0 0.0 0.0 0.0 0.0 1 1.0 0.0 0.0 0.0 0.0 0.0 0.0 0.0 1.0 1.0 0.0 0.0 0.0 0.0 0.0 0.0 0.0 0.0 0.0 0.0 0.0 0.0 0.0 0.0
70 23 2 3.2956588000002967 0.9465779000004204 0.0 4.242236700000717 5.602053100000603 5.602053100000603 5.602053100000603 638.3359375 630.234375 34 34 1.0 34 18 18 False 0 0 False 1.8888888888888888 1.8888888888888888 2.193275522213265 2.193275522213265 1.1611458647011403 1.1611458647011403 1.0 1.0 1.0 1.0 1.0 1.0 1.75 1.75 10.0 10.0 0 0.0 0 0.0 7.1316255022629145 0.0 0.0 0 0 0.0 0.0 0.0 0.0 0.0 0.0 0.0 0.0 0.0 0.0 0.0 0.0 0.0 0.0 0.0 0.0 1 18.0 0.0 0.0 18.0 18.0 18.0 18.0 18.0 34.0 34.0 0.0 0.0 0.0 0.0 34.0 0.0 34.0 0.0 34.0 0.0 34.0 0.0 34.0 0.0
71 23 1 8.059940299999766 9.395957300000532 0.0 17.4558976000003 23.0579507000009 23.0579507000009 23.0579507000009 697.93359375 695.62890625 53 53 1.0 0 34 34 False 0 0 False 1.5588235294117647 1.5588235294117647 1.0499978779369101 1.0499978779369101 0.6735835443368857 0.6735835443368857 1.0 1.0 1.0 1.0 1.0 1.0 2.0 2.0 6.0 6.0 0 0.0 0 0.0 3.2071638021746316 0.0 0.0 0 0 0.0 0.0 0.0 0.0 0.0 0.0 0.0 0.0 0.0 0.0 0.0 0.0 0.0 0.0 0.0 0.0 1 34.0 0.0 0.0 34.0 34.0 34.0 34.0 34.0 53.0 53.0 0.0 0.0 0.0 0.0 53.0 0.0 53.0 0.0 53.0 0.0 53.0 0.0 53.0 0.0
72 24 3 1.0044257000001835 0.7305196999999453 0.0 1.7349454000001288 1.7349454000001288 1.7349454000001288 1.7349454000001288 628.1328125 620.953125 18 18 1.0 18 1 0 False 0 0 False 1.0 1.0 0.0 0.0 0.0 0.0 0.0 0.0 0.0 0.0 0.0 0.0 0.0 0.0 0.0 0.0 0 0.0 0 0.0 0.0 0.0 0.0 0 0 0.0 0.0 0.0 0.0 0.0 0.0 0.0 0.0 0.0 0.0 0.0 0.0 0.0 0.0 0.0 0.0 1 1.0 0.0 0.0 0.0 0.0 0.0 0.0 0.0 1.0 1.0 0.0 0.0 0.0 0.0 0.0 0.0 0.0 0.0 0.0 0.0 0.0 0.0 0.0 0.0
73 24 2 3.2901003999999148 0.9238305000000082 0.0 4.213930899999923 5.948876300000052 5.948876300000052 5.948876300000052 649.72265625 642.296875 34 34 1.0 34 18 18 False 0 0 False 1.8888888888888888 1.8888888888888888 2.138963159732493 2.138963159732493 1.1323922610348491 1.1323922610348491 1.0 1.0 1.0 1.0 1.0 1.0 2.0 2.0 10.0 10.0 0 0.0 0 0.0 7.20439394960256 0.0 0.0 0 0 0.0 0.0 0.0 0.0 0.0 0.0 0.0 0.0 0.0 0.0 0.0 0.0 0.0 0.0 0.0 0.0 1 18.0 0.0 0.0 18.0 18.0 18.0 18.0 18.0 34.0 34.0 0.0 0.0 0.0 0.0 34.0 0.0 34.0 0.0 34.0 0.0 34.0 0.0 34.0 0.0
74 24 1 8.037058000000343 7.783067600000322 0.0 15.820125600000665 21.769001900000717 21.769001900000717 21.769001900000717 705.35546875 702.046875 53 53 1.0 0 34 34 False 0 0 False 1.5588235294117647 1.5588235294117647 1.0499978779369101 1.0499978779369101 0.6735835443368857 0.6735835443368857 1.0 1.0 1.0 1.0 1.0 1.0 2.0 2.0 6.0 6.0 0 0.0 0 0.0 2.9594286599071085 0.0 0.0 0 0 0.0 0.0 0.0 0.0 0.0 0.0 0.0 0.0 0.0 0.0 0.0 0.0 0.0 0.0 0.0 0.0 1 34.0 0.0 0.0 34.0 34.0 34.0 34.0 34.0 53.0 53.0 0.0 0.0 0.0 0.0 53.0 0.0 53.0 0.0 53.0 0.0 53.0 0.0 53.0 0.0
