 RU AL GT ST OT TT LT CT WT RSS VMS LE AC CF PSG SIZE SGLITS_T HAS_TRAILING TOT_CHOICES PRE_CHOICES FGOALS_ORDER CP_EF_L CP_EF_A SP_ED_L SP_ED_A SP_EB_L SP_EB_A SP_MIN_L SP_MIN_A SP_LOWER_L SP_LOWER_A SP_MED_L SP_MED_A SP_UPPER_L SP_UPPER_A SP_MAX_L SP_MAX_A T_INTER_SP P_INTER_SP T_INTER_Q P_INTER_Q M_CHILD_SPREAD DIV_INDEX_SPREAD DIV_STEP_SPREAD DIVS_T DS_T DS_TD_MEAN DS_TD_STD DS_TD_CD DS_TD_MIN DS_TD_LOWER DS_TD_MED DS_TD_UPPER DS_TD_MAX DS_TS_MEAN DS_TS_STD DS_TS_CD DS_TS_MIN DS_TS_LOWER DS_TS_MED DS_TS_UPPER DS_TS_MAX PR_T PR_TS_MEAN PR_TS_STD PR_TS_CD PR_TS_MIN PR_TS_LOWER PR_TS_MED PR_TS_UPPER PR_TS_MAX PP_LE_MEAN PP_AC_MEAN PP_LE_STD PP_AC_STD PP_LE_CD PP_AC_CD PP_LE_MIN PP_AC_MIN PP_LE_LOWER PP_AC_LOWER PP_LE_MED PP_AC_MED PP_LE_UPPER PP_AC_UPPER PP_LE_MAX PP_AC_MAX
0 0 3 1.1274456999999245 0.7120807999999812 0.0 1.8395264999999057 1.8395264999999057 1.8395264999999057 1.8395264999999057 308.91796875 303.77734375 20 20 1.0 20 1 0 False 0 0 False 1.0 1.0 0.0 0.0 0.0 0.0 0.0 0.0 0.0 0.0 0.0 0.0 0.0 0.0 0.0 0.0 0 0.0 0 0.0 0.0 0.0 0.0 0 0 0.0 0.0 0.0 0.0 0.0 0.0 0.0 0.0 0.0 0.0 0.0 0.0 0.0 0.0 0.0 0.0 1 1.0 0.0 0.0 0.0 0.0 0.0 0.0 0.0 1.0 1.0 0.0 0.0 0.0 0.0 0.0 0.0 0.0 0.0 0.0 0.0 0.0 0.0 0.0 0.0
1 0 2 3.3883207000000084 1.8228371000000152 0.0 5.211157800000024 7.050684299999929 7.050684299999929 7.050684299999929 402.1015625 397.83984375 42 42 1.0 42 20 20 False 0 0 False 2.1 2.1 2.074912807299318 2.074912807299318 0.9880537177615799 0.9880537177615799 1.0 1.0 1.0 1.0 1.0 1.0 2.25 2.25 10.0 10.0 0 0.0 0 0.0 7.12355248454028 0.0 0.0 0 0 0.0 0.0 0.0 0.0 0.0 0.0 0.0 0.0 0.0 0.0 0.0 0.0 0.0 0.0 0.0 0.0 1 20.0 0.0 0.0 20.0 20.0 20.0 20.0 20.0 42.0 42.0 0.0 0.0 0.0 0.0 42.0 0.0 42.0 0.0 42.0 0.0 42.0 0.0 42.0 0.0
2 0 1 9.566546500000015 23.196290000000047 0.0 32.76283650000006 39.81352079999999 39.81352079999999 39.81352079999999 575.3671875 594.25390625 71 71 1.0 0 42 42 False 0 0 False 1.6904761904761905 1.6904761904761905 1.0238162763464755 1.0238162763464755 0.6056377972753799 0.6056377972753799 1.0 1.0 1.0 1.0 1.0 1.0 2.0 2.0 6.0 6.0 0 0.0 0 0.0 3.6537470800354708 0.0 0.0 0 0 0.0 0.0 0.0 0.0 0.0 0.0 0.0 0.0 0.0 0.0 0.0 0.0 0.0 0.0 0.0 0.0 1 42.0 0.0 0.0 42.0 42.0 42.0 42.0 42.0 71.0 71.0 0.0 0.0 0.0 0.0 71.0 0.0 71.0 0.0 71.0 0.0 71.0 0.0 71.0 0.0
3 1 3 1.1227111999999835 0.7536936000000054 0.0 1.8764047999999889 1.8764047999999889 1.8764047999999889 1.8764047999999889 332.4921875 337.48046875 20 20 1.0 20 1 0 False 0 0 False 1.0 1.0 0.0 0.0 0.0 0.0 0.0 0.0 0.0 0.0 0.0 0.0 0.0 0.0 0.0 0.0 0 0.0 0 0.0 0.0 0.0 0.0 0 0 0.0 0.0 0.0 0.0 0.0 0.0 0.0 0.0 0.0 0.0 0.0 0.0 0.0 0.0 0.0 0.0 1 1.0 0.0 0.0 0.0 0.0 0.0 0.0 0.0 1.0 1.0 0.0 0.0 0.0 0.0 0.0 0.0 0.0 0.0 0.0 0.0 0.0 0.0 0.0 0.0
4 1 2 3.395708199999987 2.2296347999999284 0.0 5.625342999999916 7.5017477999999045 7.5017477999999045 7.5017477999999045 411.828125 416.9296875 42 42 1.0 42 20 20 False 0 0 False 2.1 2.1 2.074912807299318 2.074912807299318 0.9880537177615799 0.9880537177615799 1.0 1.0 1.0 1.0 1.0 1.0 2.25 2.25 10.0 10.0 0 0.0 0 0.0 5.666127425323223 0.0 0.0 0 0 0.0 0.0 0.0 0.0 0.0 0.0 0.0 0.0 0.0 0.0 0.0 0.0 0.0 0.0 0.0 0.0 1 20.0 0.0 0.0 20.0 20.0 20.0 20.0 20.0 42.0 42.0 0.0 0.0 0.0 0.0 42.0 0.0 42.0 0.0 42.0 0.0 42.0 0.0 42.0 0.0
5 1 1 9.54363280000004 23.86699059999998 0.0 33.41062340000002 40.912371199999924 40.912371199999924 40.912371199999924 581.5234375 601.59765625 71 71 1.0 0 42 42 False 0 0 False 1.6904761904761905 1.6904761904761905 1.0929506993120033 1.0929506993120033 0.6465342164944244 0.6465342164944244 1.0 1.0 1.0 1.0 1.0 1.0 2.0 2.0 6.0 6.0 0 0.0 0 0.0 2.6661528700035695 0.0 0.0 0 0 0.0 0.0 0.0 0.0 0.0 0.0 0.0 0.0 0.0 0.0 0.0 0.0 0.0 0.0 0.0 0.0 1 42.0 0.0 0.0 42.0 42.0 42.0 42.0 42.0 71.0 71.0 0.0 0.0 0.0 0.0 71.0 0.0 71.0 0.0 71.0 0.0 71.0 0.0 71.0 0.0
6 2 3 1.1254111000000933 0.7869791999999336 0.0 1.9123903000000269 1.9123903000000269 1.9123903000000269 1.9123903000000269 351.484375 362.9765625 20 20 1.0 20 1 0 False 0 0 False 1.0 1.0 0.0 0.0 0.0 0.0 0.0 0.0 0.0 0.0 0.0 0.0 0.0 0.0 0.0 0.0 0 0.0 0 0.0 0.0 0.0 0.0 0 0 0.0 0.0 0.0 0.0 0.0 0.0 0.0 0.0 0.0 0.0 0.0 0.0 0.0 0.0 0.0 0.0 1 1.0 0.0 0.0 0.0 0.0 0.0 0.0 0.0 1.0 1.0 0.0 0.0 0.0 0.0 0.0 0.0 0.0 0.0 0.0 0.0 0.0 0.0 0.0 0.0
7 2 2 3.719402699999904 10.077358700000076 0.0 13.79676139999998 15.709151700000007 15.709151700000007 15.709151700000007 452.140625 457.37890625 44 44 1.0 44 20 20 False 0 0 False 2.2 2.2 2.0925934551223877 2.0925934551223877 0.9511788432374488 0.9511788432374488 1.0 1.0 1.0 1.0 2.0 2.0 2.0 2.0 10.0 10.0 0 0.0 0 0.0 5.740209055426464 0.0 0.0 0 0 0.0 0.0 0.0 0.0 0.0 0.0 0.0 0.0 0.0 0.0 0.0 0.0 0.0 0.0 0.0 0.0 1 20.0 0.0 0.0 20.0 20.0 20.0 20.0 20.0 44.0 44.0 0.0 0.0 0.0 0.0 44.0 0.0 44.0 0.0 44.0 0.0 44.0 0.0 44.0 0.0
8 2 1 9.994043100000027 55.58608949999993 0.0 65.58013259999996 81.28928429999996 81.28928429999996 81.28928429999996 651.59765625 674.95703125 73 73 1.0 0 44 44 False 0 0 False 1.6590909090909092 1.6590909090909092 1.0330172969168459 1.0330172969168459 0.6226405625252222 0.6226405625252222 1.0 1.0 1.0 1.0 1.0 1.0 2.0 2.0 6.0 6.0 0 0.0 0 0.0 3.4524141152446473 0.0 0.0 0 0 0.0 0.0 0.0 0.0 0.0 0.0 0.0 0.0 0.0 0.0 0.0 0.0 0.0 0.0 0.0 0.0 1 44.0 0.0 0.0 44.0 44.0 44.0 44.0 44.0 73.0 73.0 0.0 0.0 0.0 0.0 73.0 0.0 73.0 0.0 73.0 0.0 73.0 0.0 73.0 0.0
9 3 3 1.125382400000035 0.7875428999999485 0.0 1.9129252999999835 1.9129252999999835 1.9129252999999835 1.9129252999999835 367.47265625 367.02734375 20 20 1.0 20 1 0 False 0 0 False 1.0 1.0 0.0 0.0 0.0 0.0 0.0 0.0 0.0 0.0 0.0 0.0 0.0 0.0 0.0 0.0 0 0.0 0 0.0 0.0 0.0 0.0 0 0 0.0 0.0 0.0 0.0 0.0 0.0 0.0 0.0 0.0 0.0 0.0 0.0 0.0 0.0 0.0 0.0 1 1.0 0.0 0.0 0.0 0.0 0.0 0.0 0.0 1.0 1.0 0.0 0.0 0.0 0.0 0.0 0.0 0.0 0.0 0.0 0.0 0.0 0.0 0.0 0.0
10 3 2 3.4307933999999705 2.722398100000021 0.0 6.153191499999991 8.066116799999975 8.066116799999975 8.066116799999975 463.703125 468.82421875 42 42 1.0 42 20 20 False 0 0 False 2.1 2.1 2.074912807299318 2.074912807299318 0.9880537177615799 0.9880537177615799 1.0 1.0 1.0 1.0 1.0 1.0 2.25 2.25 10.0 10.0 0 0.0 0 0.0 7.422600622423381 0.0 0.0 0 0 0.0 0.0 0.0 0.0 0.0 0.0 0.0 0.0 0.0 0.0 0.0 0.0 0.0 0.0 0.0 0.0 1 20.0 0.0 0.0 20.0 20.0 20.0 20.0 20.0 42.0 42.0 0.0 0.0 0.0 0.0 42.0 0.0 42.0 0.0 42.0 0.0 42.0 0.0 42.0 0.0
11 3 1 8.993952400000069 24.630977899999948 0.0 33.62493030000002 41.69104709999999 41.69104709999999 41.69104709999999 620.234375 640.6484375 69 69 1.0 0 42 42 False 0 0 False 1.6428571428571428 1.6428571428571428 0.9581849857407257 0.9581849857407257 0.5832430347987027 0.5832430347987027 1.0 1.0 1.0 1.0 1.0 1.0 2.0 2.0 6.0 6.0 0 0.0 0 0.0 2.868874723104994 0.0 0.0 0 0 0.0 0.0 0.0 0.0 0.0 0.0 0.0 0.0 0.0 0.0 0.0 0.0 0.0 0.0 0.0 0.0 1 42.0 0.0 0.0 42.0 42.0 42.0 42.0 42.0 69.0 69.0 0.0 0.0 0.0 0.0 69.0 0.0 69.0 0.0 69.0 0.0 69.0 0.0 69.0 0.0
12 4 3 1.119811499999912 0.7134461999999644 0.0 1.8332576999998764 1.8332576999998764 1.8332576999998764 1.8332576999998764 485.32421875 479.94921875 20 20 1.0 20 1 0 False 0 0 False 1.0 1.0 0.0 0.0 0.0 0.0 0.0 0.0 0.0 0.0 0.0 0.0 0.0 0.0 0.0 0.0 0 0.0 0 0.0 0.0 0.0 0.0 0 0 0.0 0.0 0.0 0.0 0.0 0.0 0.0 0.0 0.0 0.0 0.0 0.0 0.0 0.0 0.0 0.0 1 1.0 0.0 0.0 0.0 0.0 0.0 0.0 0.0 1.0 1.0 0.0 0.0 0.0 0.0 0.0 0.0 0.0 0.0 0.0 0.0 0.0 0.0 0.0 0.0
13 4 2 3.7820288999999434 5.83021240000005 0.0 9.612241299999994 11.44549899999987 11.44549899999987 11.44549899999987 526.11328125 520.55078125 44 44 1.0 44 20 20 False 0 0 False 2.2 2.2 2.117595458607661 2.117595458607661 0.9625433902762094 0.9625433902762094 1.0 1.0 1.0 1.0 1.5 1.5 2.25 2.25 10.0 10.0 0 0.0 0 0.0 7.535914012248281 0.0 0.0 0 0 0.0 0.0 0.0 0.0 0.0 0.0 0.0 0.0 0.0 0.0 0.0 0.0 0.0 0.0 0.0 0.0 1 20.0 0.0 0.0 20.0 20.0 20.0 20.0 20.0 44.0 44.0 0.0 0.0 0.0 0.0 44.0 0.0 44.0 0.0 44.0 0.0 44.0 0.0 44.0 0.0
14 4 1 9.926911700000232 32.36449709999988 0.0 42.29140880000011 53.73690779999998 53.73690779999998 53.73690779999998 656.109375 680.15234375 73 73 1.0 0 44 44 False 0 0 False 1.6590909090909092 1.6590909090909092 1.0330172969168459 1.0330172969168459 0.6226405625252222 0.6226405625252222 1.0 1.0 1.0 1.0 1.0 1.0 2.0 2.0 6.0 6.0 0 0.0 0 0.0 3.1103582611005893 0.0 0.0 0 0 0.0 0.0 0.0 0.0 0.0 0.0 0.0 0.0 0.0 0.0 0.0 0.0 0.0 0.0 0.0 0.0 1 44.0 0.0 0.0 44.0 44.0 44.0 44.0 44.0 73.0 73.0 0.0 0.0 0.0 0.0 73.0 0.0 73.0 0.0 73.0 0.0 73.0 0.0 73.0 0.0
15 5 3 1.1311869999998407 0.721941999999899 0.0 1.8531289999997398 1.8531289999997398 1.8531289999997398 1.8531289999997398 400.26171875 404.703125 20 20 1.0 20 1 0 False 0 0 False 1.0 1.0 0.0 0.0 0.0 0.0 0.0 0.0 0.0 0.0 0.0 0.0 0.0 0.0 0.0 0.0 0 0.0 0 0.0 0.0 0.0 0.0 0 0 0.0 0.0 0.0 0.0 0.0 0.0 0.0 0.0 0.0 0.0 0.0 0.0 0.0 0.0 0.0 0.0 1 1.0 0.0 0.0 0.0 0.0 0.0 0.0 0.0 1.0 1.0 0.0 0.0 0.0 0.0 0.0 0.0 0.0 0.0 0.0 0.0 0.0 0.0 0.0 0.0
16 5 2 3.7286132000000407 8.174584100000118 0.0 11.903197300000159 13.756326299999898 13.756326299999898 13.756326299999898 499.19140625 499.98828125 44 44 1.0 44 20 20 False 0 0 False 2.2 2.2 2.0416711421361615 2.0416711421361615 0.9280323373346188 0.9280323373346188 1.0 1.0 1.0 1.0 2.0 2.0 2.25 2.25 10.0 10.0 0 0.0 0 0.0 6.434283176858164 0.0 0.0 0 0 0.0 0.0 0.0 0.0 0.0 0.0 0.0 0.0 0.0 0.0 0.0 0.0 0.0 0.0 0.0 0.0 1 20.0 0.0 0.0 20.0 20.0 20.0 20.0 20.0 44.0 44.0 0.0 0.0 0.0 0.0 44.0 0.0 44.0 0.0 44.0 0.0 44.0 0.0 44.0 0.0
17 5 1 9.332504000000085 15.90743950000001 0.0 25.239943500000095 38.99626979999999 38.99626979999999 38.99626979999999 665.4921875 691.7734375 71 71 1.0 0 44 44 False 0 0 False 1.6136363636363635 1.6136363636363635 0.969677699773297 0.969677699773297 0.6009270252116207 0.6009270252116207 1.0 1.0 1.0 1.0 1.0 1.0 2.0 2.0 6.0 6.0 0 0.0 0 0.0 2.1166278927491335 0.0 0.0 0 0 0.0 0.0 0.0 0.0 0.0 0.0 0.0 0.0 0.0 0.0 0.0 0.0 0.0 0.0 0.0 0.0 1 44.0 0.0 0.0 44.0 44.0 44.0 44.0 44.0 71.0 71.0 0.0 0.0 0.0 0.0 71.0 0.0 71.0 0.0 71.0 0.0 71.0 0.0 71.0 0.0
18 6 3 1.1219917999999893 0.7738542000000166 0.0 1.895846000000006 1.895846000000006 1.895846000000006 1.895846000000006 509.02734375 505.375 20 20 1.0 20 1 0 False 0 0 False 1.0 1.0 0.0 0.0 0.0 0.0 0.0 0.0 0.0 0.0 0.0 0.0 0.0 0.0 0.0 0.0 0 0.0 0 0.0 0.0 0.0 0.0 0 0 0.0 0.0 0.0 0.0 0.0 0.0 0.0 0.0 0.0 0.0 0.0 0.0 0.0 0.0 0.0 0.0 1 1.0 0.0 0.0 0.0 0.0 0.0 0.0 0.0 1.0 1.0 0.0 0.0 0.0 0.0 0.0 0.0 0.0 0.0 0.0 0.0 0.0 0.0 0.0 0.0
19 6 2 3.6808814999998845 7.110736999999915 0.0 10.7916184999998 12.687464499999805 12.687464499999805 12.687464499999805 554.71484375 550.35546875 44 44 1.0 44 20 20 False 0 0 False 2.2 2.2 2.0925934551223877 2.0925934551223877 0.9511788432374488 0.9511788432374488 1.0 1.0 1.0 1.0 1.5 1.5 2.25 2.25 10.0 10.0 0 0.0 0 0.0 6.788961628997471 0.0 0.0 0 0 0.0 0.0 0.0 0.0 0.0 0.0 0.0 0.0 0.0 0.0 0.0 0.0 0.0 0.0 0.0 0.0 1 20.0 0.0 0.0 20.0 20.0 20.0 20.0 20.0 44.0 44.0 0.0 0.0 0.0 0.0 44.0 0.0 44.0 0.0 44.0 0.0 44.0 0.0 44.0 0.0
20 6 1 9.393266100000176 24.50971580000015 0.0 33.90298190000033 46.59044640000013 46.59044640000013 46.59044640000013 683.21875 709.12890625 71 71 1.0 0 44 44 False 0 0 False 1.6136363636363635 1.6136363636363635 0.9453905084834814 0.9453905084834814 0.5858758080742702 0.5858758080742702 1.0 1.0 1.0 1.0 1.0 1.0 2.0 2.0 6.0 6.0 0 0.0 0 0.0 2.002516495325217 0.0 0.0 0 0 0.0 0.0 0.0 0.0 0.0 0.0 0.0 0.0 0.0 0.0 0.0 0.0 0.0 0.0 0.0 0.0 1 44.0 0.0 0.0 44.0 44.0 44.0 44.0 44.0 71.0 71.0 0.0 0.0 0.0 0.0 71.0 0.0 71.0 0.0 71.0 0.0 71.0 0.0 71.0 0.0
21 7 3 1.1261458999998695 0.6505965000002334 0.0 1.7767424000001029 1.7767424000001029 1.7767424000001029 1.7767424000001029 524.21875 519.94140625 20 20 1.0 20 1 0 False 0 0 False 1.0 1.0 0.0 0.0 0.0 0.0 0.0 0.0 0.0 0.0 0.0 0.0 0.0 0.0 0.0 0.0 0 0.0 0 0.0 0.0 0.0 0.0 0 0 0.0 0.0 0.0 0.0 0.0 0.0 0.0 0.0 0.0 0.0 0.0 0.0 0.0 0.0 0.0 0.0 1 1.0 0.0 0.0 0.0 0.0 0.0 0.0 0.0 1.0 1.0 0.0 0.0 0.0 0.0 0.0 0.0 0.0 0.0 0.0 0.0 0.0 0.0 0.0 0.0
22 7 2 3.7016106000000946 10.739251899999942 0.0 14.440862500000037 16.21760490000014 16.21760490000014 16.21760490000014 570.26953125 565.67578125 44 44 1.0 44 20 20 False 0 0 False 2.2 2.2 2.2384204957490614 2.2384204957490614 1.0174638617041187 1.0174638617041187 1.0 1.0 1.0 1.0 1.0 1.0 2.25 2.25 10.0 10.0 0 0.0 0 0.0 7.416198487095662 0.0 0.0 0 0 0.0 0.0 0.0 0.0 0.0 0.0 0.0 0.0 0.0 0.0 0.0 0.0 0.0 0.0 0.0 0.0 1 20.0 0.0 0.0 20.0 20.0 20.0 20.0 20.0 44.0 44.0 0.0 0.0 0.0 0.0 44.0 0.0 44.0 0.0 44.0 0.0 44.0 0.0 44.0 0.0
23 7 1 9.44098050000008 37.17871930000018 0.0 46.61969980000026 62.8373047000004 62.8373047000004 62.8373047000004 723.20703125 748.79296875 71 71 1.0 0 44 44 False 0 0 False 1.6136363636363635 1.6136363636363635 0.9933712646058416 0.9933712646058416 0.6156103611641836 0.6156103611641836 1.0 1.0 1.0 1.0 1.0 1.0 2.0 2.0 6.0 6.0 0 0.0 0 0.0 2.6779151104624255 0.0 0.0 0 0 0.0 0.0 0.0 0.0 0.0 0.0 0.0 0.0 0.0 0.0 0.0 0.0 0.0 0.0 0.0 0.0 1 44.0 0.0 0.0 44.0 44.0 44.0 44.0 44.0 71.0 71.0 0.0 0.0 0.0 0.0 71.0 0.0 71.0 0.0 71.0 0.0 71.0 0.0 71.0 0.0
24 8 3 1.122256499999935 0.8632584999999153 0.0 1.9855149999998503 1.9855149999998503 1.9855149999998503 1.9855149999998503 561.7109375 557.42578125 20 20 1.0 20 1 0 False 0 0 False 1.0 1.0 0.0 0.0 0.0 0.0 0.0 0.0 0.0 0.0 0.0 0.0 0.0 0.0 0.0 0.0 0 0.0 0 0.0 0.0 0.0 0.0 0 0 0.0 0.0 0.0 0.0 0.0 0.0 0.0 0.0 0.0 0.0 0.0 0.0 0.0 0.0 0.0 0.0 1 1.0 0.0 0.0 0.0 0.0 0.0 0.0 0.0 1.0 1.0 0.0 0.0 0.0 0.0 0.0 0.0 0.0 0.0 0.0 0.0 0.0 0.0 0.0 0.0
25 8 2 3.751757599999678 5.1475099000000455 0.0 8.899267499999723 10.884782499999574 10.884782499999574 10.884782499999574 607.79296875 602.91796875 44 44 1.0 44 20 20 False 0 0 False 2.2 2.2 2.0416711421361615 2.0416711421361615 0.9280323373346188 0.9280323373346188 1.0 1.0 1.0 1.0 2.0 2.0 2.25 2.25 10.0 10.0 0 0.0 0 0.0 7.123201527403249 0.0 0.0 0 0 0.0 0.0 0.0 0.0 0.0 0.0 0.0 0.0 0.0 0.0 0.0 0.0 0.0 0.0 0.0 0.0 1 20.0 0.0 0.0 20.0 20.0 20.0 20.0 20.0 44.0 44.0 0.0 0.0 0.0 0.0 44.0 0.0 44.0 0.0 44.0 0.0 44.0 0.0 44.0 0.0
26 8 1 9.36166650000041 46.60587970000006 0.0 55.96754620000047 66.85232870000004 66.85232870000004 66.85232870000004 747.359375 774.42578125 71 71 1.0 0 44 44 False 0 0 False 1.6136363636363635 1.6136363636363635 1.061282880793589 1.061282880793589 0.657696433167858 0.657696433167858 1.0 1.0 1.0 1.0 1.0 1.0 2.0 2.0 6.0 6.0 0 0.0 0 0.0 2.573054508581627 0.0 0.0 0 0 0.0 0.0 0.0 0.0 0.0 0.0 0.0 0.0 0.0 0.0 0.0 0.0 0.0 0.0 0.0 0.0 1 44.0 0.0 0.0 44.0 44.0 44.0 44.0 44.0 71.0 71.0 0.0 0.0 0.0 0.0 71.0 0.0 71.0 0.0 71.0 0.0 71.0 0.0 71.0 0.0
27 9 3 1.1243747000004305 0.6811276999999336 0.0 1.805502400000364 1.805502400000364 1.805502400000364 1.805502400000364 591.421875 588.3671875 20 20 1.0 20 1 0 False 0 0 False 1.0 1.0 0.0 0.0 0.0 0.0 0.0 0.0 0.0 0.0 0.0 0.0 0.0 0.0 0.0 0.0 0 0.0 0 0.0 0.0 0.0 0.0 0 0 0.0 0.0 0.0 0.0 0.0 0.0 0.0 0.0 0.0 0.0 0.0 0.0 0.0 0.0 0.0 0.0 1 1.0 0.0 0.0 0.0 0.0 0.0 0.0 0.0 1.0 1.0 0.0 0.0 0.0 0.0 0.0 0.0 0.0 0.0 0.0 0.0 0.0 0.0 0.0 0.0
28 9 2 3.721559500000012 4.159089599999675 0.0 7.880649099999687 9.68615150000005 9.68615150000005 9.68615150000005 635.43359375 631.3203125 44 44 1.0 44 20 20 False 0 0 False 2.2 2.2 2.0416711421361615 2.0416711421361615 0.9280323373346188 0.9280323373346188 1.0 1.0 1.0 1.0 1.5 1.5 3.0 3.0 10.0 10.0 0 0.0 0 0.0 6.215303693304132 0.0 0.0 0 0 0.0 0.0 0.0 0.0 0.0 0.0 0.0 0.0 0.0 0.0 0.0 0.0 0.0 0.0 0.0 0.0 1 20.0 0.0 0.0 20.0 20.0 20.0 20.0 20.0 44.0 44.0 0.0 0.0 0.0 0.0 44.0 0.0 44.0 0.0 44.0 0.0 44.0 0.0 44.0 0.0
29 9 1 9.30830340000034 40.7709001999998 0.0 50.07920360000014 59.76535510000019 59.76535510000019 59.76535510000019 747.0390625 770.84765625 71 71 1.0 0 44 44 False 0 0 False 1.6136363636363635 1.6136363636363635 0.9933712646058416 0.9933712646058416 0.6156103611641836 0.6156103611641836 1.0 1.0 1.0 1.0 1.0 1.0 2.0 2.0 6.0 6.0 0 0.0 0 0.0 2.0831749251071168 0.0 0.0 0 0 0.0 0.0 0.0 0.0 0.0 0.0 0.0 0.0 0.0 0.0 0.0 0.0 0.0 0.0 0.0 0.0 1 44.0 0.0 0.0 44.0 44.0 44.0 44.0 44.0 71.0 71.0 0.0 0.0 0.0 0.0 71.0 0.0 71.0 0.0 71.0 0.0 71.0 0.0 71.0 0.0
30 10 3 1.1223095000000285 0.7452234999999519 0.0 1.8675329999999803 1.8675329999999803 1.8675329999999803 1.8675329999999803 591.89453125 587.80859375 20 20 1.0 20 1 0 False 0 0 False 1.0 1.0 0.0 0.0 0.0 0.0 0.0 0.0 0.0 0.0 0.0 0.0 0.0 0.0 0.0 0.0 0 0.0 0 0.0 0.0 0.0 0.0 0 0 0.0 0.0 0.0 0.0 0.0 0.0 0.0 0.0 0.0 0.0 0.0 0.0 0.0 0.0 0.0 0.0 1 1.0 0.0 0.0 0.0 0.0 0.0 0.0 0.0 1.0 1.0 0.0 0.0 0.0 0.0 0.0 0.0 0.0 0.0 0.0 0.0 0.0 0.0 0.0 0.0
31 10 2 3.769532100000106 12.086154300000203 0.0 15.855686400000309 17.72321940000029 17.72321940000029 17.72321940000029 636.09375 631.671875 44 44 1.0 44 20 20 False 0 0 False 2.2 2.2 2.0925934551223877 2.0925934551223877 0.9511788432374488 0.9511788432374488 1.0 1.0 1.0 1.0 1.0 1.0 3.0 3.0 10.0 10.0 0 0.0 0 0.0 6.149796744608717 0.0 0.0 0 0 0.0 0.0 0.0 0.0 0.0 0.0 0.0 0.0 0.0 0.0 0.0 0.0 0.0 0.0 0.0 0.0 1 20.0 0.0 0.0 20.0 20.0 20.0 20.0 20.0 44.0 44.0 0.0 0.0 0.0 0.0 44.0 0.0 44.0 0.0 44.0 0.0 44.0 0.0 44.0 0.0
32 10 1 9.402179400000136 45.78463819999945 0.0 55.186817599999586 72.91003699999987 72.91003699999987 72.91003699999987 755.08203125 778.6171875 71 71 1.0 0 44 44 False 0 0 False 1.6136363636363635 1.6136363636363635 0.9933712646058416 0.9933712646058416 0.6156103611641836 0.6156103611641836 1.0 1.0 1.0 1.0 1.0 1.0 2.0 2.0 6.0 6.0 0 0.0 0 0.0 2.147396559434488 0.0 0.0 0 0 0.0 0.0 0.0 0.0 0.0 0.0 0.0 0.0 0.0 0.0 0.0 0.0 0.0 0.0 0.0 0.0 1 44.0 0.0 0.0 44.0 44.0 44.0 44.0 44.0 71.0 71.0 0.0 0.0 0.0 0.0 71.0 0.0 71.0 0.0 71.0 0.0 71.0 0.0 71.0 0.0
33 11 3 1.133014999999773 0.732837199999949 0.0 1.865852199999722 1.865852199999722 1.865852199999722 1.865852199999722 608.74609375 604.734375 20 20 1.0 20 1 0 False 0 0 False 1.0 1.0 0.0 0.0 0.0 0.0 0.0 0.0 0.0 0.0 0.0 0.0 0.0 0.0 0.0 0.0 0 0.0 0 0.0 0.0 0.0 0.0 0 0 0.0 0.0 0.0 0.0 0.0 0.0 0.0 0.0 0.0 0.0 0.0 0.0 0.0 0.0 0.0 0.0 1 1.0 0.0 0.0 0.0 0.0 0.0 0.0 0.0 1.0 1.0 0.0 0.0 0.0 0.0 0.0 0.0 0.0 0.0 0.0 0.0 0.0 0.0 0.0 0.0
34 11 2 3.4150739000000385 4.684292600000276 0.0 8.099366500000315 9.965218700000037 9.965218700000037 9.965218700000037 651.640625 648.26953125 42 42 1.0 42 20 20 False 0 0 False 2.1 2.1 2.125038699338017 2.125038699338017 1.0119231901609604 1.0119231901609604 1.0 1.0 1.0 1.0 1.0 1.0 2.0 2.0 10.0 10.0 0 0.0 0 0.0 5.018465901049841 0.0 0.0 0 0 0.0 0.0 0.0 0.0 0.0 0.0 0.0 0.0 0.0 0.0 0.0 0.0 0.0 0.0 0.0 0.0 1 20.0 0.0 0.0 20.0 20.0 20.0 20.0 20.0 42.0 42.0 0.0 0.0 0.0 0.0 42.0 0.0 42.0 0.0 42.0 0.0 42.0 0.0 42.0 0.0
35 11 1 9.570460700000353 27.35203439999941 0.0 36.922495099999765 46.8877137999998 46.8877137999998 46.8877137999998 746.56640625 766.5703125 71 71 1.0 0 42 42 False 0 0 False 1.6904761904761905 1.6904761904761905 0.9750070728472726 0.9750070728472726 0.5767647473181049 0.5767647473181049 1.0 1.0 1.0 1.0 1.0 1.0 2.0 2.0 6.0 6.0 0 0.0 0 0.0 2.9411428458350937 0.0 0.0 0 0 0.0 0.0 0.0 0.0 0.0 0.0 0.0 0.0 0.0 0.0 0.0 0.0 0.0 0.0 0.0 0.0 1 42.0 0.0 0.0 42.0 42.0 42.0 42.0 42.0 71.0 71.0 0.0 0.0 0.0 0.0 71.0 0.0 71.0 0.0 71.0 0.0 71.0 0.0 71.0 0.0
36 12 3 1.1192300000001296 1.0311504999998533 0.0 2.150380499999983 2.150380499999983 2.150380499999983 2.150380499999983 614.796875 611.28515625 20 20 1.0 20 1 0 False 0 0 False 1.0 1.0 0.0 0.0 0.0 0.0 0.0 0.0 0.0 0.0 0.0 0.0 0.0 0.0 0.0 0.0 0 0.0 0 0.0 0.0 0.0 0.0 0 0 0.0 0.0 0.0 0.0 0.0 0.0 0.0 0.0 0.0 0.0 0.0 0.0 0.0 0.0 0.0 0.0 1 1.0 0.0 0.0 0.0 0.0 0.0 0.0 0.0 1.0 1.0 0.0 0.0 0.0 0.0 0.0 0.0 0.0 0.0 0.0 0.0 0.0 0.0 0.0 0.0
37 12 2 3.4938492999998516 2.6834694999998874 0.0 6.177318799999739 8.327699299999722 8.327699299999722 8.327699299999722 657.63671875 654.6953125 42 42 1.0 42 20 20 False 0 0 False 2.1 2.1 2.04939015319192 2.04939015319192 0.9759000729485332 0.9759000729485332 1.0 1.0 1.0 1.0 1.0 1.0 3.0 3.0 10.0 10.0 0 0.0 0 0.0 6.542553018508905 0.0 0.0 0 0 0.0 0.0 0.0 0.0 0.0 0.0 0.0 0.0 0.0 0.0 0.0 0.0 0.0 0.0 0.0 0.0 1 20.0 0.0 0.0 20.0 20.0 20.0 20.0 20.0 42.0 42.0 0.0 0.0 0.0 0.0 42.0 0.0 42.0 0.0 42.0 0.0 42.0 0.0 42.0 0.0
38 12 1 9.575606599999901 22.195194100000208 0.0 31.77080070000011 40.09849999999983 40.09849999999983 40.09849999999983 757.96484375 778.0 71 71 1.0 0 42 42 False 0 0 False 1.6904761904761905 1.6904761904761905 1.0473682521046934 1.0473682521046934 0.6195699519492552 0.6195699519492552 1.0 1.0 1.0 1.0 1.0 1.0 2.0 2.0 6.0 6.0 0 0.0 0 0.0 2.977348980870847 0.0 0.0 0 0 0.0 0.0 0.0 0.0 0.0 0.0 0.0 0.0 0.0 0.0 0.0 0.0 0.0 0.0 0.0 0.0 1 42.0 0.0 0.0 42.0 42.0 42.0 42.0 42.0 71.0 71.0 0.0 0.0 0.0 0.0 71.0 0.0 71.0 0.0 71.0 0.0 71.0 0.0 71.0 0.0
39 13 3 1.1252329999999802 0.8198339000000487 0.0 1.945066900000029 1.945066900000029 1.945066900000029 1.945066900000029 628.08203125 624.5703125 20 20 1.0 20 1 0 False 0 0 False 1.0 1.0 0.0 0.0 0.0 0.0 0.0 0.0 0.0 0.0 0.0 0.0 0.0 0.0 0.0 0.0 0 0.0 0 0.0 0.0 0.0 0.0 0 0 0.0 0.0 0.0 0.0 0.0 0.0 0.0 0.0 0.0 0.0 0.0 0.0 0.0 0.0 0.0 0.0 1 1.0 0.0 0.0 0.0 0.0 0.0 0.0 0.0 1.0 1.0 0.0 0.0 0.0 0.0 0.0 0.0 0.0 0.0 0.0 0.0 0.0 0.0 0.0 0.0
40 13 2 3.744165100000032 7.332921400000487 0.0 11.077086500000519 13.022153400000548 13.022153400000548 13.022153400000548 673.90234375 670.31640625 44 44 1.0 44 20 20 False 0 0 False 2.2 2.2 2.117595458607661 2.117595458607661 0.9625433902762094 0.9625433902762094 1.0 1.0 1.0 1.0 1.0 1.0 3.0 3.0 10.0 10.0 0 0.0 0 0.0 5.831809324729332 0.0 0.0 0 0 0.0 0.0 0.0 0.0 0.0 0.0 0.0 0.0 0.0 0.0 0.0 0.0 0.0 0.0 0.0 0.0 1 20.0 0.0 0.0 20.0 20.0 20.0 20.0 20.0 44.0 44.0 0.0 0.0 0.0 0.0 44.0 0.0 44.0 0.0 44.0 0.0 44.0 0.0 44.0 0.0
41 13 1 9.376544700000068 34.39385240000013 0.0 43.770397100000196 56.79255050000074 56.79255050000074 56.79255050000074 786.15625 811.41796875 71 71 1.0 0 44 44 False 0 0 False 1.6136363636363635 1.6136363636363635 0.9933712646058416 0.9933712646058416 0.6156103611641836 0.6156103611641836 1.0 1.0 1.0 1.0 1.0 1.0 2.0 2.0 6.0 6.0 0 0.0 0 0.0 2.4723157244418283 0.0 0.0 0 0 0.0 0.0 0.0 0.0 0.0 0.0 0.0 0.0 0.0 0.0 0.0 0.0 0.0 0.0 0.0 0.0 1 44.0 0.0 0.0 44.0 44.0 44.0 44.0 44.0 71.0 71.0 0.0 0.0 0.0 0.0 71.0 0.0 71.0 0.0 71.0 0.0 71.0 0.0 71.0 0.0
42 14 3 1.123164200000133 0.7908209000003126 0.0 1.9139851000004455 1.9139851000004455 1.9139851000004455 1.9139851000004455 634.63671875 631.50390625 20 20 1.0 20 1 0 False 0 0 False 1.0 1.0 0.0 0.0 0.0 0.0 0.0 0.0 0.0 0.0 0.0 0.0 0.0 0.0 0.0 0.0 0 0.0 0 0.0 0.0 0.0 0.0 0 0 0.0 0.0 0.0 0.0 0.0 0.0 0.0 0.0 0.0 0.0 0.0 0.0 0.0 0.0 0.0 0.0 1 1.0 0.0 0.0 0.0 0.0 0.0 0.0 0.0 1.0 1.0 0.0 0.0 0.0 0.0 0.0 0.0 0.0 0.0 0.0 0.0 0.0 0.0 0.0 0.0
43 14 2 3.7347232000003032 7.723703300000238 0.0 11.458426500000542 13.372411600000987 13.372411600000987 13.372411600000987 677.65625 673.97265625 44 44 1.0 44 20 20 False 0 0 False 2.2 2.2 2.0925934551223877 2.0925934551223877 0.9511788432374488 0.9511788432374488 1.0 1.0 1.0 1.0 2.0 2.0 2.0 2.0 10.0 10.0 0 0.0 0 0.0 6.737210105080587 0.0 0.0 0 0 0.0 0.0 0.0 0.0 0.0 0.0 0.0 0.0 0.0 0.0 0.0 0.0 0.0 0.0 0.0 0.0 1 20.0 0.0 0.0 20.0 20.0 20.0 20.0 20.0 44.0 44.0 0.0 0.0 0.0 0.0 44.0 0.0 44.0 0.0 44.0 0.0 44.0 0.0 44.0 0.0
44 14 1 9.952131399999644 54.80803450000019 0.0 64.76016589999983 78.13257750000082 78.13257750000082 78.13257750000082 823.1953125 848.109375 73 73 1.0 0 44 44 False 0 0 False 1.6590909090909092 1.6590909090909092 1.1194513153135752 1.1194513153135752 0.6747377790931138 0.6747377790931138 1.0 1.0 1.0 1.0 1.0 1.0 2.0 2.0 6.0 6.0 0 0.0 0 0.0 3.75058535376383 0.0 0.0 0 0 0.0 0.0 0.0 0.0 0.0 0.0 0.0 0.0 0.0 0.0 0.0 0.0 0.0 0.0 0.0 0.0 1 44.0 0.0 0.0 44.0 44.0 44.0 44.0 44.0 73.0 73.0 0.0 0.0 0.0 0.0 73.0 0.0 73.0 0.0 73.0 0.0 73.0 0.0 73.0 0.0
45 15 3 1.1311399999999594 0.6690212999998266 0.0 1.800161299999786 1.800161299999786 1.800161299999786 1.800161299999786 564.53515625 565.3125 20 20 1.0 20 1 0 False 0 0 False 1.0 1.0 0.0 0.0 0.0 0.0 0.0 0.0 0.0 0.0 0.0 0.0 0.0 0.0 0.0 0.0 0 0.0 0 0.0 0.0 0.0 0.0 0 0 0.0 0.0 0.0 0.0 0.0 0.0 0.0 0.0 0.0 0.0 0.0 0.0 0.0 0.0 0.0 0.0 1 1.0 0.0 0.0 0.0 0.0 0.0 0.0 0.0 1.0 1.0 0.0 0.0 0.0 0.0 0.0 0.0 0.0 0.0 0.0 0.0 0.0 0.0 0.0 0.0
46 15 2 3.7008857999999236 4.373698100000183 0.0 8.074583900000107 9.874745199999893 9.874745199999893 9.874745199999893 653.78125 656.40625 44 44 1.0 44 20 20 False 0 0 False 2.2 2.2 2.0925934551223877 2.0925934551223877 0.9511788432374488 0.9511788432374488 1.0 1.0 1.0 1.0 1.5 1.5 2.25 2.25 10.0 10.0 0 0.0 0 0.0 7.135825109964507 0.0 0.0 0 0 0.0 0.0 0.0 0.0 0.0 0.0 0.0 0.0 0.0 0.0 0.0 0.0 0.0 0.0 0.0 0.0 1 20.0 0.0 0.0 20.0 20.0 20.0 20.0 20.0 44.0 44.0 0.0 0.0 0.0 0.0 44.0 0.0 44.0 0.0 44.0 0.0 44.0 0.0 44.0 0.0
47 15 1 10.030177200000253 44.66108710000037 0.0 54.691264300000626 64.56600950000052 64.56600950000052 64.56600950000052 841.27734375 867.62890625 73 73 1.0 0 44 44 False 0 0 False 1.6590909090909092 1.6590909090909092 1.0330172969168459 1.0330172969168459 0.6226405625252222 0.6226405625252222 1.0 1.0 1.0 1.0 1.0 1.0 2.0 2.0 6.0 6.0 0 0.0 0 0.0 3.2843464826631505 0.0 0.0 0 0 0.0 0.0 0.0 0.0 0.0 0.0 0.0 0.0 0.0 0.0 0.0 0.0 0.0 0.0 0.0 0.0 1 44.0 0.0 0.0 44.0 44.0 44.0 44.0 44.0 73.0 73.0 0.0 0.0 0.0 0.0 73.0 0.0 73.0 0.0 73.0 0.0 73.0 0.0 73.0 0.0
48 16 3 1.1246324000001096 0.6657603000001018 0.0 1.7903927000002113 1.7903927000002113 1.7903927000002113 1.7903927000002113 683.4765625 682.14453125 20 20 1.0 20 1 0 False 0 0 False 1.0 1.0 0.0 0.0 0.0 0.0 0.0 0.0 0.0 0.0 0.0 0.0 0.0 0.0 0.0 0.0 0 0.0 0 0.0 0.0 0.0 0.0 0 0 0.0 0.0 0.0 0.0 0.0 0.0 0.0 0.0 0.0 0.0 0.0 0.0 0.0 0.0 0.0 0.0 1 1.0 0.0 0.0 0.0 0.0 0.0 0.0 0.0 1.0 1.0 0.0 0.0 0.0 0.0 0.0 0.0 0.0 0.0 0.0 0.0 0.0 0.0 0.0 0.0
49 16 2 3.7318345000001045 3.483689700000241 0.0 7.2155242000003454 9.005916900000557 9.005916900000557 9.005916900000557 730.421875 727.078125 44 44 1.0 44 20 20 False 0 0 False 2.2 2.2 2.0416711421361615 2.0416711421361615 0.9280323373346188 0.9280323373346188 1.0 1.0 1.0 1.0 2.0 2.0 2.25 2.25 10.0 10.0 0 0.0 0 0.0 5.580322571321481 0.0 0.0 0 0 0.0 0.0 0.0 0.0 0.0 0.0 0.0 0.0 0.0 0.0 0.0 0.0 0.0 0.0 0.0 0.0 1 20.0 0.0 0.0 20.0 20.0 20.0 20.0 20.0 44.0 44.0 0.0 0.0 0.0 0.0 44.0 0.0 44.0 0.0 44.0 0.0 44.0 0.0 44.0 0.0
50 16 1 9.91883729999995 31.750001000000566 0.0 41.668838300000516 50.67475520000107 50.67475520000107 50.67475520000107 849.78515625 873.30078125 73 73 1.0 0 44 44 False 0 0 False 1.6590909090909092 1.6590909090909092 1.0102539818394234 1.0102539818394234 0.6089202082319812 0.6089202082319812 1.0 1.0 1.0 1.0 1.0 1.0 2.0 2.0 6.0 6.0 0 0.0 0 0.0 2.8787031486733414 0.0 0.0 0 0 0.0 0.0 0.0 0.0 0.0 0.0 0.0 0.0 0.0 0.0 0.0 0.0 0.0 0.0 0.0 0.0 1 44.0 0.0 0.0 44.0 44.0 44.0 44.0 44.0 73.0 73.0 0.0 0.0 0.0 0.0 73.0 0.0 73.0 0.0 73.0 0.0 73.0 0.0 73.0 0.0
51 17 3 1.1214319000007436 0.7887151999993876 0.0 1.910147100000131 1.910147100000131 1.910147100000131 1.910147100000131 695.0703125 691.87109375 20 20 1.0 20 1 0 False 0 0 False 1.0 1.0 0.0 0.0 0.0 0.0 0.0 0.0 0.0 0.0 0.0 0.0 0.0 0.0 0.0 0.0 0 0.0 0 0.0 0.0 0.0 0.0 0 0 0.0 0.0 0.0 0.0 0.0 0.0 0.0 0.0 0.0 0.0 0.0 0.0 0.0 0.0 0.0 0.0 1 1.0 0.0 0.0 0.0 0.0 0.0 0.0 0.0 1.0 1.0 0.0 0.0 0.0 0.0 0.0 0.0 0.0 0.0 0.0 0.0 0.0 0.0 0.0 0.0
52 17 2 3.753625099998999 3.73667059999957 0.0 7.490295699998569 9.4004427999987 9.4004427999987 9.4004427999987 740.4453125 737.36328125 44 44 1.0 44 20 20 False 0 0 False 2.2 2.2 2.015727634065883 2.015727634065883 0.9162398336663103 0.9162398336663103 1.0 1.0 1.0 1.0 2.0 2.0 2.0 2.0 10.0 10.0 0 0.0 0 0.0 6.093439094632848 0.0 0.0 0 0 0.0 0.0 0.0 0.0 0.0 0.0 0.0 0.0 0.0 0.0 0.0 0.0 0.0 0.0 0.0 0.0 1 20.0 0.0 0.0 20.0 20.0 20.0 20.0 20.0 44.0 44.0 0.0 0.0 0.0 0.0 44.0 0.0 44.0 0.0 44.0 0.0 44.0 0.0 44.0 0.0
53 17 1 9.371488999999656 49.56476160000034 0.0 58.936250599999994 68.3366933999987 68.3366933999987 68.3366933999987 858.80859375 884.4453125 71 71 1.0 0 44 44 False 0 0 False 1.6136363636363635 1.6136363636363635 1.1042393802430217 1.1042393802430217 0.6843173624041262 0.6843173624041262 1.0 1.0 1.0 1.0 1.0 1.0 2.0 2.0 6.0 6.0 0 0.0 0 0.0 2.5514843354505614 0.0 0.0 0 0 0.0 0.0 0.0 0.0 0.0 0.0 0.0 0.0 0.0 0.0 0.0 0.0 0.0 0.0 0.0 0.0 1 44.0 0.0 0.0 44.0 44.0 44.0 44.0 44.0 71.0 71.0 0.0 0.0 0.0 0.0 71.0 0.0 71.0 0.0 71.0 0.0 71.0 0.0 71.0 0.0
54 18 3 1.1220380000004297 0.8632708999991792 0.0 1.985308899999609 1.985308899999609 1.985308899999609 1.985308899999609 612.25 616.75390625 20 20 1.0 20 1 0 False 0 0 False 1.0 1.0 0.0 0.0 0.0 0.0 0.0 0.0 0.0 0.0 0.0 0.0 0.0 0.0 0.0 0.0 0 0.0 0 0.0 0.0 0.0 0.0 0 0 0.0 0.0 0.0 0.0 0.0 0.0 0.0 0.0 0.0 0.0 0.0 0.0 0.0 0.0 0.0 0.0 1 1.0 0.0 0.0 0.0 0.0 0.0 0.0 0.0 1.0 1.0 0.0 0.0 0.0 0.0 0.0 0.0 0.0 0.0 0.0 0.0 0.0 0.0 0.0 0.0
55 18 2 3.40440690000014 2.3171598999992966 0.0 5.721566799999437 7.7068756999990455 7.7068756999990455 7.7068756999990455 692.390625 697.6875 42 42 1.0 42 20 20 False 0 0 False 2.1 2.1 2.04939015319192 2.04939015319192 0.9759000729485332 0.9759000729485332 1.0 1.0 1.0 1.0 1.0 1.0 3.0 3.0 10.0 10.0 0 0.0 0 0.0 6.542553018508905 0.0 0.0 0 0 0.0 0.0 0.0 0.0 0.0 0.0 0.0 0.0 0.0 0.0 0.0 0.0 0.0 0.0 0.0 0.0 1 20.0 0.0 0.0 20.0 20.0 20.0 20.0 20.0 42.0 42.0 0.0 0.0 0.0 0.0 42.0 0.0 42.0 0.0 42.0 0.0 42.0 0.0 42.0 0.0
56 18 1 9.61486670000022 25.70175039999981 0.0 35.31661710000003 43.023492799999076 43.023492799999076 43.023492799999076 848.30078125 871.69921875 71 71 1.0 0 42 42 False 0 0 False 1.6904761904761905 1.6904761904761905 1.0238162763464755 1.0238162763464755 0.6056377972753799 0.6056377972753799 1.0 1.0 1.0 1.0 1.0 1.0 2.0 2.0 6.0 6.0 0 0.0 0 0.0 2.7828808001775744 0.0 0.0 0 0 0.0 0.0 0.0 0.0 0.0 0.0 0.0 0.0 0.0 0.0 0.0 0.0 0.0 0.0 0.0 0.0 1 42.0 0.0 0.0 42.0 42.0 42.0 42.0 42.0 71.0 71.0 0.0 0.0 0.0 0.0 71.0 0.0 71.0 0.0 71.0 0.0 71.0 0.0 71.0 0.0
57 19 3 1.1284651999997095 0.6951743000001898 0.0 1.8236394999998993 1.8236394999998993 1.8236394999998993 1.8236394999998993 718.484375 717.5546875 20 20 1.0 20 1 0 False 0 0 False 1.0 1.0 0.0 0.0 0.0 0.0 0.0 0.0 0.0 0.0 0.0 0.0 0.0 0.0 0.0 0.0 0 0.0 0 0.0 0.0 0.0 0.0 0 0 0.0 0.0 0.0 0.0 0.0 0.0 0.0 0.0 0.0 0.0 0.0 0.0 0.0 0.0 0.0 0.0 1 1.0 0.0 0.0 0.0 0.0 0.0 0.0 0.0 1.0 1.0 0.0 0.0 0.0 0.0 0.0 0.0 0.0 0.0 0.0 0.0 0.0 0.0 0.0 0.0
58 19 2 3.723587300000645 5.922272200000407 0.0 9.645859500001052 11.469499000000951 11.469499000000951 11.469499000000951 765.0859375 763.5390625 44 44 1.0 44 20 20 False 0 0 False 2.2 2.2 2.117595458607661 2.117595458607661 0.9625433902762094 0.9625433902762094 1.0 1.0 1.0 1.0 1.0 1.0 3.0 3.0 10.0 10.0 0 0.0 0 0.0 5.79913786695919 0.0 0.0 0 0 0.0 0.0 0.0 0.0 0.0 0.0 0.0 0.0 0.0 0.0 0.0 0.0 0.0 0.0 0.0 0.0 1 20.0 0.0 0.0 20.0 20.0 20.0 20.0 20.0 44.0 44.0 0.0 0.0 0.0 0.0 44.0 0.0 44.0 0.0 44.0 0.0 44.0 0.0 44.0 0.0
59 19 1 9.943966300000966 41.39569060000031 0.0 51.33965690000127 62.809155900002224 62.809155900002224 62.809155900002224 886.4609375 910.7734375 73 73 1.0 0 44 44 False 0 0 False 1.6590909090909092 1.6590909090909092 1.0102539818394234 1.0102539818394234 0.6089202082319812 0.6089202082319812 1.0 1.0 1.0 1.0 1.0 1.0 2.0 2.0 6.0 6.0 0 0.0 0 0.0 2.8354948407174945 0.0 0.0 0 0 0.0 0.0 0.0 0.0 0.0 0.0 0.0 0.0 0.0 0.0 0.0 0.0 0.0 0.0 0.0 0.0 1 44.0 0.0 0.0 44.0 44.0 44.0 44.0 44.0 73.0 73.0 0.0 0.0 0.0 0.0 73.0 0.0 73.0 0.0 73.0 0.0 73.0 0.0 73.0 0.0
60 20 3 1.12817350000023 0.7265246999995725 0.0 1.8546981999998025 1.8546981999998025 1.8546981999998025 1.8546981999998025 730.5703125 728.06640625 20 20 1.0 20 1 0 False 0 0 False 1.0 1.0 0.0 0.0 0.0 0.0 0.0 0.0 0.0 0.0 0.0 0.0 0.0 0.0 0.0 0.0 0 0.0 0 0.0 0.0 0.0 0.0 0 0 0.0 0.0 0.0 0.0 0.0 0.0 0.0 0.0 0.0 0.0 0.0 0.0 0.0 0.0 0.0 0.0 1 1.0 0.0 0.0 0.0 0.0 0.0 0.0 0.0 1.0 1.0 0.0 0.0 0.0 0.0 0.0 0.0 0.0 0.0 0.0 0.0 0.0 0.0 0.0 0.0
61 20 2 3.7212183000006007 5.599321899999495 0.0 9.320540200000096 11.175238399999898 11.175238399999898 11.175238399999898 776.265625 773.3046875 44 44 1.0 44 20 20 False 0 0 False 2.2 2.2 2.015727634065883 2.015727634065883 0.9162398336663103 0.9162398336663103 1.0 1.0 1.0 1.0 2.0 2.0 2.0 2.0 10.0 10.0 0 0.0 0 0.0 6.293647591023824 0.0 0.0 0 0 0.0 0.0 0.0 0.0 0.0 0.0 0.0 0.0 0.0 0.0 0.0 0.0 0.0 0.0 0.0 0.0 1 20.0 0.0 0.0 20.0 20.0 20.0 20.0 20.0 44.0 44.0 0.0 0.0 0.0 0.0 44.0 0.0 44.0 0.0 44.0 0.0 44.0 0.0 44.0 0.0
62 20 1 9.997730800000227 26.242046900000105 0.0 36.23977770000033 47.41501610000023 47.41501610000023 47.41501610000023 898.16796875 923.578125 73 73 1.0 0 44 44 False 0 0 False 1.6590909090909092 1.6590909090909092 1.0330172969168459 1.0330172969168459 0.6226405625252222 0.6226405625252222 1.0 1.0 1.0 1.0 1.0 1.0 2.0 2.0 6.0 6.0 0 0.0 0 0.0 3.6512125801964896 0.0 0.0 0 0 0.0 0.0 0.0 0.0 0.0 0.0 0.0 0.0 0.0 0.0 0.0 0.0 0.0 0.0 0.0 0.0 1 44.0 0.0 0.0 44.0 44.0 44.0 44.0 44.0 73.0 73.0 0.0 0.0 0.0 0.0 73.0 0.0 73.0 0.0 73.0 0.0 73.0 0.0 73.0 0.0
63 21 3 1.1227129000008063 0.8130591999999979 0.0 1.9357721000008041 1.9357721000008041 1.9357721000008041 1.9357721000008041 745.00390625 742.58984375 20 20 1.0 20 1 0 False 0 0 False 1.0 1.0 0.0 0.0 0.0 0.0 0.0 0.0 0.0 0.0 0.0 0.0 0.0 0.0 0.0 0.0 0 0.0 0 0.0 0.0 0.0 0.0 0 0 0.0 0.0 0.0 0.0 0.0 0.0 0.0 0.0 0.0 0.0 0.0 0.0 0.0 0.0 0.0 0.0 1 1.0 0.0 0.0 0.0 0.0 0.0 0.0 0.0 1.0 1.0 0.0 0.0 0.0 0.0 0.0 0.0 0.0 0.0 0.0 0.0 0.0 0.0 0.0 0.0
64 21 2 3.7317562000000635 3.454058399999667 0.0 7.1858145999997305 9.121586700000535 9.121586700000535 9.121586700000535 790.84375 788.33984375 44 44 1.0 44 20 20 False 0 0 False 2.2 2.2 1.98944583661936 1.98944583661936 0.904293562099709 0.904293562099709 1.0 1.0 1.0 1.0 2.0 2.0 2.25 2.25 10.0 10.0 0 0.0 0 0.0 5.499090833947007 0.0 0.0 0 0 0.0 0.0 0.0 0.0 0.0 0.0 0.0 0.0 0.0 0.0 0.0 0.0 0.0 0.0 0.0 0.0 1 20.0 0.0 0.0 20.0 20.0 20.0 20.0 20.0 44.0 44.0 0.0 0.0 0.0 0.0 44.0 0.0 44.0 0.0 44.0 0.0 44.0 0.0 44.0 0.0
65 21 1 9.928954100000055 34.867074399999865 0.0 44.79602849999992 53.917615200000455 53.917615200000455 53.917615200000455 907.6796875 934.390625 73 73 1.0 0 44 44 False 0 0 False 1.6590909090909092 1.6590909090909092 1.0102539818394234 1.0102539818394234 0.6089202082319812 0.6089202082319812 1.0 1.0 1.0 1.0 1.0 1.0 2.0 2.0 6.0 6.0 0 0.0 0 0.0 2.791247758545767 0.0 0.0 0 0 0.0 0.0 0.0 0.0 0.0 0.0 0.0 0.0 0.0 0.0 0.0 0.0 0.0 0.0 0.0 0.0 1 44.0 0.0 0.0 44.0 44.0 44.0 44.0 44.0 73.0 73.0 0.0 0.0 0.0 0.0 73.0 0.0 73.0 0.0 73.0 0.0 73.0 0.0 73.0 0.0
66 22 3 1.1262649999996484 0.8591055000003962 0.0 1.9853705000000446 1.9853705000000446 1.9853705000000446 1.9853705000000446 759.34375 758.51171875 20 20 1.0 20 1 0 False 0 0 False 1.0 1.0 0.0 0.0 0.0 0.0 0.0 0.0 0.0 0.0 0.0 0.0 0.0 0.0 0.0 0.0 0 0.0 0 0.0 0.0 0.0 0.0 0 0 0.0 0.0 0.0 0.0 0.0 0.0 0.0 0.0 0.0 0.0 0.0 0.0 0.0 0.0 0.0 0.0 1 1.0 0.0 0.0 0.0 0.0 0.0 0.0 0.0 1.0 1.0 0.0 0.0 0.0 0.0 0.0 0.0 0.0 0.0 0.0 0.0 0.0 0.0 0.0 0.0
67 22 2 3.681669699999702 6.553985300000704 0.0 10.235655000000406 12.22102550000045 12.22102550000045 12.22102550000045 804.640625 803.06640625 44 44 1.0 44 20 20 False 0 0 False 2.2 2.2 2.142305693455191 2.142305693455191 0.9737753152069049 0.9737753152069049 1.0 1.0 1.0 1.0 1.0 1.0 3.0 3.0 10.0 10.0 0 0.0 0 0.0 5.648008498577174 0.0 0.0 0 0 0.0 0.0 0.0 0.0 0.0 0.0 0.0 0.0 0.0 0.0 0.0 0.0 0.0 0.0 0.0 0.0 1 20.0 0.0 0.0 20.0 20.0 20.0 20.0 20.0 44.0 44.0 0.0 0.0 0.0 0.0 44.0 0.0 44.0 0.0 44.0 0.0 44.0 0.0 44.0 0.0
68 22 1 9.418863699999974 31.499570700000277 0.0 40.91843440000025 53.1394599000007 53.1394599000007 53.1394599000007 926.9375 953.8125 71 71 1.0 0 44 44 False 0 0 False 1.6136363636363635 1.6136363636363635 1.016512713767804 1.016512713767804 0.6299515409265265 0.6299515409265265 1.0 1.0 1.0 1.0 1.0 1.0 2.0 2.0 6.0 6.0 0 0.0 0 0.0 2.105127054919815 0.0 0.0 0 0 0.0 0.0 0.0 0.0 0.0 0.0 0.0 0.0 0.0 0.0 0.0 0.0 0.0 0.0 0.0 0.0 1 44.0 0.0 0.0 44.0 44.0 44.0 44.0 44.0 71.0 71.0 0.0 0.0 0.0 0.0 71.0 0.0 71.0 0.0 71.0 0.0 71.0 0.0 71.0 0.0
69 23 3 1.1260122999999567 0.7560962000000018 0.0 1.8821084999999584 1.8821084999999584 1.8821084999999584 1.8821084999999584 768.421875 766.20703125 20 20 1.0 20 1 0 False 0 0 False 1.0 1.0 0.0 0.0 0.0 0.0 0.0 0.0 0.0 0.0 0.0 0.0 0.0 0.0 0.0 0.0 0 0.0 0 0.0 0.0 0.0 0.0 0 0 0.0 0.0 0.0 0.0 0.0 0.0 0.0 0.0 0.0 0.0 0.0 0.0 0.0 0.0 0.0 0.0 1 1.0 0.0 0.0 0.0 0.0 0.0 0.0 0.0 1.0 1.0 0.0 0.0 0.0 0.0 0.0 0.0 0.0 0.0 0.0 0.0 0.0 0.0 0.0 0.0
70 23 2 3.774823499999684 10.31957789999933 0.0 14.094401399999015 15.976509899998973 15.976509899998973 15.976509899998973 814.14453125 812.44921875 44 44 1.0 44 20 20 False 0 0 False 2.2 2.2 2.142305693455191 2.142305693455191 0.9737753152069049 0.9737753152069049 1.0 1.0 1.0 1.0 1.5 1.5 2.0 2.0 10.0 10.0 0 0.0 0 0.0 6.841052550594825 0.0 0.0 0 0 0.0 0.0 0.0 0.0 0.0 0.0 0.0 0.0 0.0 0.0 0.0 0.0 0.0 0.0 0.0 0.0 1 20.0 0.0 0.0 20.0 20.0 20.0 20.0 20.0 44.0 44.0 0.0 0.0 0.0 0.0 44.0 0.0 44.0 0.0 44.0 0.0 44.0 0.0 44.0 0.0
71 23 1 9.997564199999488 48.484945599999264 0.0 58.48250979999875 74.45901969999773 74.45901969999773 74.45901969999773 948.21484375 973.6640625 73 73 1.0 0 44 44 False 0 0 False 1.6590909090909092 1.6590909090909092 1.1602562230693905 1.1602562230693905 0.6993325180144271 0.6993325180144271 1.0 1.0 1.0 1.0 1.0 1.0 2.0 2.0 6.0 6.0 0 0.0 0 0.0 4.075697729649619 0.0 0.0 0 0 0.0 0.0 0.0 0.0 0.0 0.0 0.0 0.0 0.0 0.0 0.0 0.0 0.0 0.0 0.0 0.0 1 44.0 0.0 0.0 44.0 44.0 44.0 44.0 44.0 73.0 73.0 0.0 0.0 0.0 0.0 73.0 0.0 73.0 0.0 73.0 0.0 73.0 0.0 73.0 0.0
72 24 3 1.1226630999992722 0.869354999999814 0.0 1.9920180999990862 1.9920180999990862 1.9920180999990862 1.9920180999990862 792.80078125 790.9765625 20 20 1.0 20 1 0 False 0 0 False 1.0 1.0 0.0 0.0 0.0 0.0 0.0 0.0 0.0 0.0 0.0 0.0 0.0 0.0 0.0 0.0 0 0.0 0 0.0 0.0 0.0 0.0 0 0 0.0 0.0 0.0 0.0 0.0 0.0 0.0 0.0 0.0 0.0 0.0 0.0 0.0 0.0 0.0 0.0 1 1.0 0.0 0.0 0.0 0.0 0.0 0.0 0.0 1.0 1.0 0.0 0.0 0.0 0.0 0.0 0.0 0.0 0.0 0.0 0.0 0.0 0.0 0.0 0.0
73 24 2 3.8016109000000142 8.673290199999883 0.0 12.474901099999897 14.466919199998983 14.466919199998983 14.466919199998983 836.50390625 833.7578125 44 44 1.0 44 20 20 False 0 0 False 2.2 2.2 2.1908902300206643 2.1908902300206643 0.9958591954639382 0.9958591954639382 1.0 1.0 1.0 1.0 1.0 1.0 3.0 3.0 10.0 10.0 0 0.0 0 0.0 6.5901441562381615 0.0 0.0 0 0 0.0 0.0 0.0 0.0 0.0 0.0 0.0 0.0 0.0 0.0 0.0 0.0 0.0 0.0 0.0 0.0 1 20.0 0.0 0.0 20.0 20.0 20.0 20.0 20.0 44.0 44.0 0.0 0.0 0.0 0.0 44.0 0.0 44.0 0.0 44.0 0.0 44.0 0.0 44.0 0.0
74 24 1 9.375481300000047 34.23140270000022 0.0 43.606884000000264 58.07380319999925 58.07380319999925 58.07380319999925 952.90625 983.17578125 71 71 1.0 0 44 44 False 0 0 False 1.6136363636363635 1.6136363636363635 0.9933712646058416 0.9933712646058416 0.6156103611641836 0.6156103611641836 1.0 1.0 1.0 1.0 1.0 1.0 2.0 2.0 6.0 6.0 0 0.0 0 0.0 2.137511780451806 0.0 0.0 0 0 0.0 0.0 0.0 0.0 0.0 0.0 0.0 0.0 0.0 0.0 0.0 0.0 0.0 0.0 0.0 0.0 1 44.0 0.0 0.0 44.0 44.0 44.0 44.0 44.0 71.0 71.0 0.0 0.0 0.0 0.0 71.0 0.0 71.0 0.0 71.0 0.0 71.0 0.0 71.0 0.0
