 RU AL GT ST OT TT LT CT WT RSS VMS LE AC CF PSG SIZE SGLITS_T HAS_TRAILING TOT_CHOICES PRE_CHOICES FGOALS_ORDER CP_EF_L CP_EF_A SP_ED_L SP_ED_A SP_EB_L SP_EB_A SP_MIN_L SP_MIN_A SP_LOWER_L SP_LOWER_A SP_MED_L SP_MED_A SP_UPPER_L SP_UPPER_A SP_MAX_L SP_MAX_A T_INTER_SP P_INTER_SP T_INTER_Q P_INTER_Q M_CHILD_SPREAD DIV_INDEX_SPREAD DIV_STEP_SPREAD DIVS_T DS_T DS_TD_MEAN DS_TD_STD DS_TD_CD DS_TD_MIN DS_TD_LOWER DS_TD_MED DS_TD_UPPER DS_TD_MAX DS_TS_MEAN DS_TS_STD DS_TS_CD DS_TS_MIN DS_TS_LOWER DS_TS_MED DS_TS_UPPER DS_TS_MAX PR_T PR_TS_MEAN PR_TS_STD PR_TS_CD PR_TS_MIN PR_TS_LOWER PR_TS_MED PR_TS_UPPER PR_TS_MAX PP_LE_MEAN PP_AC_MEAN PP_LE_STD PP_AC_STD PP_LE_CD PP_AC_CD PP_LE_MIN PP_AC_MIN PP_LE_LOWER PP_AC_LOWER PP_LE_MED PP_AC_MED PP_LE_UPPER PP_AC_UPPER PP_LE_MAX PP_AC_MAX
0 0 3 1.0098561999999731 0.41068559999998655 0.0 1.4205417999999597 1.4205417999999597 1.4205417999999597 1.4205417999999597 261.76171875 260.8359375 18 18 1.0 18 1 0 False 0 0 False 1.0 1.0 0.0 0.0 0.0 0.0 0.0 0.0 0.0 0.0 0.0 0.0 0.0 0.0 0.0 0.0 0 0.0 0 0.0 0.0 0.0 0.0 0 0 0.0 0.0 0.0 0.0 0.0 0.0 0.0 0.0 0.0 0.0 0.0 0.0 0.0 0.0 0.0 0.0 1 1.0 0.0 0.0 0.0 0.0 0.0 0.0 0.0 1.0 1.0 0.0 0.0 0.0 0.0 0.0 0.0 0.0 0.0 0.0 0.0 0.0 0.0 0.0 0.0
1 0 2 2.388232599999988 0.8227478000000019 0.0 3.2109803999999897 4.631522199999949 4.631522199999949 4.631522199999949 323.7265625 323.89453125 34 34 1.0 34 18 18 False 0 0 False 1.8888888888888888 1.8888888888888888 2.138963159732493 2.138963159732493 1.1323922610348491 1.1323922610348491 1.0 1.0 1.0 1.0 1.0 1.0 2.0 2.0 10.0 10.0 0 0.0 0 0.0 7.34860922985899 0.0 0.0 0 0 0.0 0.0 0.0 0.0 0.0 0.0 0.0 0.0 0.0 0.0 0.0 0.0 0.0 0.0 0.0 0.0 1 18.0 0.0 0.0 18.0 18.0 18.0 18.0 18.0 34.0 34.0 0.0 0.0 0.0 0.0 34.0 0.0 34.0 0.0 34.0 0.0 34.0 0.0 34.0 0.0
2 0 1 6.421376099999975 8.023006299999984 0.0 14.44438239999996 19.07590459999991 19.07590459999991 19.07590459999991 472.99609375 490.0625 55 55 1.0 0 34 34 False 0 0 False 1.6176470588235294 1.6176470588235294 1.2064148209229704 1.2064148209229704 0.7457837074796544 0.7457837074796544 1.0 1.0 1.0 1.0 1.0 1.0 2.0 2.0 6.0 6.0 0 0.0 0 0.0 3.7840152782854317 0.0 0.0 0 0 0.0 0.0 0.0 0.0 0.0 0.0 0.0 0.0 0.0 0.0 0.0 0.0 0.0 0.0 0.0 0.0 1 34.0 0.0 0.0 34.0 34.0 34.0 34.0 34.0 55.0 55.0 0.0 0.0 0.0 0.0 55.0 0.0 55.0 0.0 55.0 0.0 55.0 0.0 55.0 0.0
3 1 3 1.011919899999981 0.3776814000000144 0.0 1.3896012999999954 1.3896012999999954 1.3896012999999954 1.3896012999999954 271.39453125 264.93359375 18 18 1.0 18 1 0 False 0 0 False 1.0 1.0 0.0 0.0 0.0 0.0 0.0 0.0 0.0 0.0 0.0 0.0 0.0 0.0 0.0 0.0 0 0.0 0 0.0 0.0 0.0 0.0 0 0 0.0 0.0 0.0 0.0 0.0 0.0 0.0 0.0 0.0 0.0 0.0 0.0 0.0 0.0 0.0 0.0 1 1.0 0.0 0.0 0.0 0.0 0.0 0.0 0.0 1.0 1.0 0.0 0.0 0.0 0.0 0.0 0.0 0.0 0.0 0.0 0.0 0.0 0.0 0.0 0.0
4 1 2 2.4021997999999485 0.9101740999999777 0.0 3.312373899999926 4.7019751999999215 4.7019751999999215 4.7019751999999215 349.609375 350.41015625 34 34 1.0 34 18 18 False 0 0 False 1.8888888888888888 1.8888888888888888 2.2199334618774946 2.2199334618774946 1.175258891582203 1.175258891582203 1.0 1.0 1.0 1.0 1.0 1.0 1.0 1.0 10.0 10.0 0 0.0 0 0.0 7.365390091055303 0.0 0.0 0 0 0.0 0.0 0.0 0.0 0.0 0.0 0.0 0.0 0.0 0.0 0.0 0.0 0.0 0.0 0.0 0.0 1 18.0 0.0 0.0 18.0 18.0 18.0 18.0 18.0 34.0 34.0 0.0 0.0 0.0 0.0 34.0 0.0 34.0 0.0 34.0 0.0 34.0 0.0 34.0 0.0
5 1 1 6.376386599999989 9.382674400000028 0.0 15.759061000000017 20.46103619999994 20.46103619999994 20.46103619999994 492.140625 509.64453125 55 55 1.0 0 34 34 False 0 0 False 1.6176470588235294 1.6176470588235294 1.0735019408982454 1.0735019408982454 0.6636193816461881 0.6636193816461881 1.0 1.0 1.0 1.0 1.0 1.0 2.0 2.0 6.0 6.0 0 0.0 0 0.0 3.5735596706537835 0.0 0.0 0 0 0.0 0.0 0.0 0.0 0.0 0.0 0.0 0.0 0.0 0.0 0.0 0.0 0.0 0.0 0.0 0.0 1 34.0 0.0 0.0 34.0 34.0 34.0 34.0 34.0 55.0 55.0 0.0 0.0 0.0 0.0 55.0 0.0 55.0 0.0 55.0 0.0 55.0 0.0 55.0 0.0
6 2 3 1.0061302000000012 0.35886739999999406 0.0 1.3649975999999953 1.3649975999999953 1.3649975999999953 1.3649975999999953 288.7734375 286.1640625 18 18 1.0 18 1 0 False 0 0 False 1.0 1.0 0.0 0.0 0.0 0.0 0.0 0.0 0.0 0.0 0.0 0.0 0.0 0.0 0.0 0.0 0 0.0 0 0.0 0.0 0.0 0.0 0 0 0.0 0.0 0.0 0.0 0.0 0.0 0.0 0.0 0.0 0.0 0.0 0.0 0.0 0.0 0.0 0.0 1 1.0 0.0 0.0 0.0 0.0 0.0 0.0 0.0 1.0 1.0 0.0 0.0 0.0 0.0 0.0 0.0 0.0 0.0 0.0 0.0 0.0 0.0 0.0 0.0
7 2 2 2.4043859000000225 0.9180166000000298 0.0 3.3224025000000523 4.687400100000048 4.687400100000048 4.687400100000048 361.8046875 366.125 34 34 1.0 34 18 18 False 0 0 False 1.8888888888888888 1.8888888888888888 2.27231131071657 2.27231131071657 1.2029883409675959 1.2029883409675959 1.0 1.0 1.0 1.0 1.0 1.0 1.0 1.0 10.0 10.0 0 0.0 0 0.0 7.654714247165685 0.0 0.0 0 0 0.0 0.0 0.0 0.0 0.0 0.0 0.0 0.0 0.0 0.0 0.0 0.0 0.0 0.0 0.0 0.0 1 18.0 0.0 0.0 18.0 18.0 18.0 18.0 18.0 34.0 34.0 0.0 0.0 0.0 0.0 34.0 0.0 34.0 0.0 34.0 0.0 34.0 0.0 34.0 0.0
8 2 1 6.4217662000000075 7.389084799999992 0.0 13.810851 18.498251100000047 18.498251100000047 18.498251100000047 511.3671875 528.625 55 55 1.0 0 34 34 False 0 0 False 1.6176470588235294 1.6176470588235294 1.01547737340631 1.01547737340631 0.6277496490148099 0.6277496490148099 1.0 1.0 1.0 1.0 1.0 1.0 2.0 2.0 6.0 6.0 0 0.0 0 0.0 3.1691773571555224 0.0 0.0 0 0 0.0 0.0 0.0 0.0 0.0 0.0 0.0 0.0 0.0 0.0 0.0 0.0 0.0 0.0 0.0 0.0 1 34.0 0.0 0.0 34.0 34.0 34.0 34.0 34.0 55.0 55.0 0.0 0.0 0.0 0.0 55.0 0.0 55.0 0.0 55.0 0.0 55.0 0.0 55.0 0.0
9 3 3 1.033297900000008 0.32699759999999856 0.0 1.3602955000000065 1.3602955000000065 1.3602955000000065 1.3602955000000065 315.53515625 317.38671875 18 18 1.0 18 1 0 False 0 0 False 1.0 1.0 0.0 0.0 0.0 0.0 0.0 0.0 0.0 0.0 0.0 0.0 0.0 0.0 0.0 0.0 0 0.0 0 0.0 0.0 0.0 0.0 0 0 0.0 0.0 0.0 0.0 0.0 0.0 0.0 0.0 0.0 0.0 0.0 0.0 0.0 0.0 0.0 0.0 1 1.0 0.0 0.0 0.0 0.0 0.0 0.0 0.0 1.0 1.0 0.0 0.0 0.0 0.0 0.0 0.0 0.0 0.0 0.0 0.0 0.0 0.0 0.0 0.0
10 3 2 2.487042299999956 0.9788848999999828 0.0 3.465927199999939 4.826222699999946 4.826222699999946 4.826222699999946 388.46484375 391.62890625 34 34 1.0 34 18 18 False 0 0 False 1.8888888888888888 1.8888888888888888 2.138963159732493 2.138963159732493 1.1323922610348491 1.1323922610348491 1.0 1.0 1.0 1.0 1.0 1.0 2.0 2.0 10.0 10.0 0 0.0 0 0.0 7.34860922985899 0.0 0.0 0 0 0.0 0.0 0.0 0.0 0.0 0.0 0.0 0.0 0.0 0.0 0.0 0.0 0.0 0.0 0.0 0.0 1 18.0 0.0 0.0 18.0 18.0 18.0 18.0 18.0 34.0 34.0 0.0 0.0 0.0 0.0 34.0 0.0 34.0 0.0 34.0 0.0 34.0 0.0 34.0 0.0
11 3 1 6.437676999999965 9.638034199999979 0.0 16.075711199999944 20.90193389999989 20.90193389999989 20.90193389999989 523.07421875 540.01171875 55 55 1.0 0 34 34 False 0 0 False 1.6176470588235294 1.6176470588235294 1.0735019408982454 1.0735019408982454 0.6636193816461881 0.6636193816461881 1.0 1.0 1.0 1.0 1.0 1.0 2.0 2.0 6.0 6.0 0 0.0 0 0.0 3.381265809945833 0.0 0.0 0 0 0.0 0.0 0.0 0.0 0.0 0.0 0.0 0.0 0.0 0.0 0.0 0.0 0.0 0.0 0.0 0.0 1 34.0 0.0 0.0 34.0 34.0 34.0 34.0 34.0 55.0 55.0 0.0 0.0 0.0 0.0 55.0 0.0 55.0 0.0 55.0 0.0 55.0 0.0 55.0 0.0
12 4 3 1.0010352999999554 0.501868299999984 0.0 1.5029035999999394 1.5029035999999394 1.5029035999999394 1.5029035999999394 333.5546875 332.3359375 18 18 1.0 18 1 0 False 0 0 False 1.0 1.0 0.0 0.0 0.0 0.0 0.0 0.0 0.0 0.0 0.0 0.0 0.0 0.0 0.0 0.0 0 0.0 0 0.0 0.0 0.0 0.0 0 0 0.0 0.0 0.0 0.0 0.0 0.0 0.0 0.0 0.0 0.0 0.0 0.0 0.0 0.0 0.0 0.0 1 1.0 0.0 0.0 0.0 0.0 0.0 0.0 0.0 1.0 1.0 0.0 0.0 0.0 0.0 0.0 0.0 0.0 0.0 0.0 0.0 0.0 0.0 0.0 0.0
13 4 2 2.418767399999922 0.8838835999999901 0.0 3.302650999999912 4.8055545999998515 4.8055545999998515 4.8055545999998515 401.8125 406.75390625 34 34 1.0 34 18 18 False 0 0 False 1.8888888888888888 1.8888888888888888 2.166289559942608 2.166289559942608 1.1468591787931455 1.1468591787931455 1.0 1.0 1.0 1.0 1.0 1.0 1.75 1.75 10.0 10.0 0 0.0 0 0.0 7.431719361957711 0.0 0.0 0 0 0.0 0.0 0.0 0.0 0.0 0.0 0.0 0.0 0.0 0.0 0.0 0.0 0.0 0.0 0.0 0.0 1 18.0 0.0 0.0 18.0 18.0 18.0 18.0 18.0 34.0 34.0 0.0 0.0 0.0 0.0 34.0 0.0 34.0 0.0 34.0 0.0 34.0 0.0 34.0 0.0
14 4 1 6.3599144000000365 6.257843299999905 0.0 12.617757699999942 17.423312299999793 17.423312299999793 17.423312299999793 534.9453125 553.55859375 55 55 1.0 0 34 34 False 0 0 False 1.6176470588235294 1.6176470588235294 1.1810294913915325 1.1810294913915325 0.7300909583147656 0.7300909583147656 1.0 1.0 1.0 1.0 1.0 1.0 2.0 2.0 6.0 6.0 0 0.0 0 0.0 3.859166501974927 0.0 0.0 0 0 0.0 0.0 0.0 0.0 0.0 0.0 0.0 0.0 0.0 0.0 0.0 0.0 0.0 0.0 0.0 0.0 1 34.0 0.0 0.0 34.0 34.0 34.0 34.0 34.0 55.0 55.0 0.0 0.0 0.0 0.0 55.0 0.0 55.0 0.0 55.0 0.0 55.0 0.0 55.0 0.0
15 5 3 1.0027873000000227 0.42397109999993177 0.0 1.4267583999999545 1.4267583999999545 1.4267583999999545 1.4267583999999545 424.1484375 418.97265625 18 18 1.0 18 1 0 False 0 0 False 1.0 1.0 0.0 0.0 0.0 0.0 0.0 0.0 0.0 0.0 0.0 0.0 0.0 0.0 0.0 0.0 0 0.0 0 0.0 0.0 0.0 0.0 0 0 0.0 0.0 0.0 0.0 0.0 0.0 0.0 0.0 0.0 0.0 0.0 0.0 0.0 0.0 0.0 0.0 1 1.0 0.0 0.0 0.0 0.0 0.0 0.0 0.0 1.0 1.0 0.0 0.0 0.0 0.0 0.0 0.0 0.0 0.0 0.0 0.0 0.0 0.0 0.0 0.0
16 5 2 2.401676699999939 0.9116941000000054 0.0 3.3133707999999444 4.740129199999899 4.740129199999899 4.740129199999899 453.25390625 449.390625 34 34 1.0 34 18 18 False 0 0 False 1.8888888888888888 1.8888888888888888 2.2199334618774946 2.2199334618774946 1.175258891582203 1.175258891582203 1.0 1.0 1.0 1.0 1.0 1.0 1.0 1.0 10.0 10.0 0 0.0 0 0.0 7.365390091055303 0.0 0.0 0 0 0.0 0.0 0.0 0.0 0.0 0.0 0.0 0.0 0.0 0.0 0.0 0.0 0.0 0.0 0.0 0.0 1 18.0 0.0 0.0 18.0 18.0 18.0 18.0 18.0 34.0 34.0 0.0 0.0 0.0 0.0 34.0 0.0 34.0 0.0 34.0 0.0 34.0 0.0 34.0 0.0
17 5 1 6.42326170000004 7.98817729999999 0.0 14.41143900000003 19.15156819999993 19.15156819999993 19.15156819999993 553.65625 570.625 55 55 1.0 0 34 34 False 0 0 False 1.6176470588235294 1.6176470588235294 1.1013684568382918 1.1013684568382918 0.6808459551363986 0.6808459551363986 1.0 1.0 1.0 1.0 1.0 1.0 2.0 2.0 6.0 6.0 0 0.0 0 0.0 4.030646011055297 0.0 0.0 0 0 0.0 0.0 0.0 0.0 0.0 0.0 0.0 0.0 0.0 0.0 0.0 0.0 0.0 0.0 0.0 0.0 1 34.0 0.0 0.0 34.0 34.0 34.0 34.0 34.0 55.0 55.0 0.0 0.0 0.0 0.0 55.0 0.0 55.0 0.0 55.0 0.0 55.0 0.0 55.0 0.0
18 6 3 1.0063775999999791 0.48002759999999967 0.0 1.4864051999999788 1.4864051999999788 1.4864051999999788 1.4864051999999788 442.42578125 435.56640625 18 18 1.0 18 1 0 False 0 0 False 1.0 1.0 0.0 0.0 0.0 0.0 0.0 0.0 0.0 0.0 0.0 0.0 0.0 0.0 0.0 0.0 0 0.0 0 0.0 0.0 0.0 0.0 0 0 0.0 0.0 0.0 0.0 0.0 0.0 0.0 0.0 0.0 0.0 0.0 0.0 0.0 0.0 0.0 0.0 1 1.0 0.0 0.0 0.0 0.0 0.0 0.0 0.0 1.0 1.0 0.0 0.0 0.0 0.0 0.0 0.0 0.0 0.0 0.0 0.0 0.0 0.0 0.0 0.0
19 6 2 2.501689599999935 1.1575259999998764 0.0 3.6592155999998113 5.14562079999979 5.14562079999979 5.14562079999979 471.8671875 466.625 34 34 1.0 34 18 18 False 0 0 False 1.8888888888888888 1.8888888888888888 2.2199334618774946 2.2199334618774946 1.175258891582203 1.175258891582203 1.0 1.0 1.0 1.0 1.0 1.0 1.0 1.0 10.0 10.0 0 0.0 0 0.0 7.504045548134512 0.0 0.0 0 0 0.0 0.0 0.0 0.0 0.0 0.0 0.0 0.0 0.0 0.0 0.0 0.0 0.0 0.0 0.0 0.0 1 18.0 0.0 0.0 18.0 18.0 18.0 18.0 18.0 34.0 34.0 0.0 0.0 0.0 0.0 34.0 0.0 34.0 0.0 34.0 0.0 34.0 0.0 34.0 0.0
20 6 1 5.974177500000053 8.888312800000023 0.0 14.862490300000076 20.008111099999866 20.008111099999866 20.008111099999866 552.3046875 574.31640625 53 53 1.0 0 34 34 False 0 0 False 1.5588235294117647 1.5588235294117647 0.9905975078001625 0.9905975078001625 0.6354776465133118 0.6354776465133118 1.0 1.0 1.0 1.0 1.0 1.0 2.0 2.0 6.0 6.0 0 0.0 0 0.0 2.7355312990147405 0.0 0.0 0 0 0.0 0.0 0.0 0.0 0.0 0.0 0.0 0.0 0.0 0.0 0.0 0.0 0.0 0.0 0.0 0.0 1 34.0 0.0 0.0 34.0 34.0 34.0 34.0 34.0 53.0 53.0 0.0 0.0 0.0 0.0 53.0 0.0 53.0 0.0 53.0 0.0 53.0 0.0 53.0 0.0
21 7 3 1.0059955999999204 0.5274197000000527 0.0 1.533415299999973 1.533415299999973 1.533415299999973 1.533415299999973 449.9609375 445.55859375 18 18 1.0 18 1 0 False 0 0 False 1.0 1.0 0.0 0.0 0.0 0.0 0.0 0.0 0.0 0.0 0.0 0.0 0.0 0.0 0.0 0.0 0 0.0 0 0.0 0.0 0.0 0.0 0 0 0.0 0.0 0.0 0.0 0.0 0.0 0.0 0.0 0.0 0.0 0.0 0.0 0.0 0.0 0.0 0.0 1 1.0 0.0 0.0 0.0 0.0 0.0 0.0 0.0 1.0 1.0 0.0 0.0 0.0 0.0 0.0 0.0 0.0 0.0 0.0 0.0 0.0 0.0 0.0 0.0
22 7 2 2.420077099999986 0.8472050999999681 0.0 3.267282199999954 4.800697499999927 4.800697499999927 4.800697499999927 478.3671875 474.65625 34 34 1.0 34 18 18 False 0 0 False 1.8888888888888888 1.8888888888888888 2.138963159732493 2.138963159732493 1.1323922610348491 1.1323922610348491 1.0 1.0 1.0 1.0 1.0 1.0 2.0 2.0 10.0 10.0 0 0.0 0 0.0 7.132491008304119 0.0 0.0 0 0 0.0 0.0 0.0 0.0 0.0 0.0 0.0 0.0 0.0 0.0 0.0 0.0 0.0 0.0 0.0 0.0 1 18.0 0.0 0.0 18.0 18.0 18.0 18.0 18.0 34.0 34.0 0.0 0.0 0.0 0.0 34.0 0.0 34.0 0.0 34.0 0.0 34.0 0.0 34.0 0.0
23 7 1 6.407269800000108 8.595721000000083 0.0 15.002990800000191 19.80368830000012 19.80368830000012 19.80368830000012 574.20703125 592.06640625 55 55 1.0 0 34 34 False 0 0 False 1.6176470588235294 1.6176470588235294 0.985184366143778 0.985184366143778 0.6090230627070627 0.6090230627070627 1.0 1.0 1.0 1.0 1.0 1.0 2.0 2.0 6.0 6.0 0 0.0 0 0.0 3.3781943744897074 0.0 0.0 0 0 0.0 0.0 0.0 0.0 0.0 0.0 0.0 0.0 0.0 0.0 0.0 0.0 0.0 0.0 0.0 0.0 1 34.0 0.0 0.0 34.0 34.0 34.0 34.0 34.0 55.0 55.0 0.0 0.0 0.0 0.0 55.0 0.0 55.0 0.0 55.0 0.0 55.0 0.0 55.0 0.0
24 8 3 1.012997200000001 0.4159865999999397 0.0 1.4289837999999406 1.4289837999999406 1.4289837999999406 1.4289837999999406 469.05078125 462.8671875 18 18 1.0 18 1 0 False 0 0 False 1.0 1.0 0.0 0.0 0.0 0.0 0.0 0.0 0.0 0.0 0.0 0.0 0.0 0.0 0.0 0.0 0 0.0 0 0.0 0.0 0.0 0.0 0 0 0.0 0.0 0.0 0.0 0.0 0.0 0.0 0.0 0.0 0.0 0.0 0.0 0.0 0.0 0.0 0.0 1 1.0 0.0 0.0 0.0 0.0 0.0 0.0 0.0 1.0 1.0 0.0 0.0 0.0 0.0 0.0 0.0 0.0 0.0 0.0 0.0 0.0 0.0 0.0 0.0
25 8 2 2.4487175999999806 0.8897698999999477 0.0 3.3384874999999283 4.767471299999869 4.767471299999869 4.767471299999869 498.19140625 493.4140625 34 34 1.0 34 18 18 False 0 0 False 1.8888888888888888 1.8888888888888888 2.27231131071657 2.27231131071657 1.2029883409675959 1.2029883409675959 1.0 1.0 1.0 1.0 1.0 1.0 1.0 1.0 10.0 10.0 0 0.0 0 0.0 7.654714247165685 0.0 0.0 0 0 0.0 0.0 0.0 0.0 0.0 0.0 0.0 0.0 0.0 0.0 0.0 0.0 0.0 0.0 0.0 0.0 1 18.0 0.0 0.0 18.0 18.0 18.0 18.0 18.0 34.0 34.0 0.0 0.0 0.0 0.0 34.0 0.0 34.0 0.0 34.0 0.0 34.0 0.0 34.0 0.0
26 8 1 6.353395000000063 5.790825900000016 0.0 12.144220900000079 16.911692199999948 16.911692199999948 16.911692199999948 582.484375 600.58984375 55 55 1.0 0 34 34 False 0 0 False 1.6176470588235294 1.6176470588235294 1.3030199394356348 1.3030199394356348 0.8055032352874832 0.8055032352874832 1.0 1.0 1.0 1.0 1.0 1.0 1.75 1.75 6.0 6.0 0 0.0 0 0.0 4.688986211912094 0.0 0.0 0 0 0.0 0.0 0.0 0.0 0.0 0.0 0.0 0.0 0.0 0.0 0.0 0.0 0.0 0.0 0.0 0.0 1 34.0 0.0 0.0 34.0 34.0 34.0 34.0 34.0 55.0 55.0 0.0 0.0 0.0 0.0 55.0 0.0 55.0 0.0 55.0 0.0 55.0 0.0 55.0 0.0
27 9 3 1.0077141999998958 0.42537289999998507 0.0 1.4330870999998808 1.4330870999998808 1.4330870999998808 1.4330870999998808 479.99609375 473.59765625 18 18 1.0 18 1 0 False 0 0 False 1.0 1.0 0.0 0.0 0.0 0.0 0.0 0.0 0.0 0.0 0.0 0.0 0.0 0.0 0.0 0.0 0 0.0 0 0.0 0.0 0.0 0.0 0 0 0.0 0.0 0.0 0.0 0.0 0.0 0.0 0.0 0.0 0.0 0.0 0.0 0.0 0.0 0.0 0.0 1 1.0 0.0 0.0 0.0 0.0 0.0 0.0 0.0 1.0 1.0 0.0 0.0 0.0 0.0 0.0 0.0 0.0 0.0 0.0 0.0 0.0 0.0 0.0 0.0
28 9 2 2.459892099999962 0.9823529000000235 0.0 3.4422449999999856 4.875332099999866 4.875332099999866 4.875332099999866 508.93359375 503.890625 34 34 1.0 34 18 18 False 0 0 False 1.8888888888888888 1.8888888888888888 2.27231131071657 2.27231131071657 1.2029883409675959 1.2029883409675959 1.0 1.0 1.0 1.0 1.0 1.0 1.0 1.0 10.0 10.0 0 0.0 0 0.0 7.654714247165685 0.0 0.0 0 0 0.0 0.0 0.0 0.0 0.0 0.0 0.0 0.0 0.0 0.0 0.0 0.0 0.0 0.0 0.0 0.0 1 18.0 0.0 0.0 18.0 18.0 18.0 18.0 18.0 34.0 34.0 0.0 0.0 0.0 0.0 34.0 0.0 34.0 0.0 34.0 0.0 34.0 0.0 34.0 0.0
29 9 1 5.950260300000082 5.515619799999939 0.0 11.465880100000021 16.341212199999887 16.341212199999887 16.341212199999887 581.91796875 603.45703125 53 53 1.0 0 34 34 False 0 0 False 1.5588235294117647 1.5588235294117647 0.9905975078001625 0.9905975078001625 0.6354776465133118 0.6354776465133118 1.0 1.0 1.0 1.0 1.0 1.0 2.0 2.0 6.0 6.0 0 0.0 0 0.0 2.6438706290426137 0.0 0.0 0 0 0.0 0.0 0.0 0.0 0.0 0.0 0.0 0.0 0.0 0.0 0.0 0.0 0.0 0.0 0.0 0.0 1 34.0 0.0 0.0 34.0 34.0 34.0 34.0 34.0 53.0 53.0 0.0 0.0 0.0 0.0 53.0 0.0 53.0 0.0 53.0 0.0 53.0 0.0 53.0 0.0
30 10 3 1.0083948000000191 0.3779438000000823 0.0 1.3863386000001015 1.3863386000001015 1.3863386000001015 1.3863386000001015 487.57421875 483.03515625 18 18 1.0 18 1 0 False 0 0 False 1.0 1.0 0.0 0.0 0.0 0.0 0.0 0.0 0.0 0.0 0.0 0.0 0.0 0.0 0.0 0.0 0 0.0 0 0.0 0.0 0.0 0.0 0 0 0.0 0.0 0.0 0.0 0.0 0.0 0.0 0.0 0.0 0.0 0.0 0.0 0.0 0.0 0.0 0.0 1 1.0 0.0 0.0 0.0 0.0 0.0 0.0 0.0 1.0 1.0 0.0 0.0 0.0 0.0 0.0 0.0 0.0 0.0 0.0 0.0 0.0 0.0 0.0 0.0
31 10 2 2.440836600000125 0.8573544000000766 0.0 3.2981910000002017 4.684529600000303 4.684529600000303 4.684529600000303 515.16015625 511.75390625 34 34 1.0 34 18 18 False 0 0 False 1.8888888888888888 1.8888888888888888 2.166289559942608 2.166289559942608 1.1468591787931455 1.1468591787931455 1.0 1.0 1.0 1.0 1.0 1.0 2.0 2.0 10.0 10.0 0 0.0 0 0.0 7.135951982713203 0.0 0.0 0 0 0.0 0.0 0.0 0.0 0.0 0.0 0.0 0.0 0.0 0.0 0.0 0.0 0.0 0.0 0.0 0.0 1 18.0 0.0 0.0 18.0 18.0 18.0 18.0 18.0 34.0 34.0 0.0 0.0 0.0 0.0 34.0 0.0 34.0 0.0 34.0 0.0 34.0 0.0 34.0 0.0
32 10 1 6.398850300000049 7.05311910000006 0.0 13.45196940000011 18.136499000000413 18.136499000000413 18.136499000000413 603.18359375 622.015625 55 55 1.0 0 34 34 False 0 0 False 1.6176470588235294 1.6176470588235294 1.1013684568382918 1.1013684568382918 0.6808459551363986 0.6808459551363986 1.0 1.0 1.0 1.0 1.0 1.0 2.0 2.0 6.0 6.0 0 0.0 0 0.0 3.647118120960067 0.0 0.0 0 0 0.0 0.0 0.0 0.0 0.0 0.0 0.0 0.0 0.0 0.0 0.0 0.0 0.0 0.0 0.0 0.0 1 34.0 0.0 0.0 34.0 34.0 34.0 34.0 34.0 55.0 55.0 0.0 0.0 0.0 0.0 55.0 0.0 55.0 0.0 55.0 0.0 55.0 0.0 55.0 0.0
33 11 3 1.0103039000000535 0.4048095999998509 0.0 1.4151134999999044 1.4151134999999044 1.4151134999999044 1.4151134999999044 496.19921875 491.0390625 18 18 1.0 18 1 0 False 0 0 False 1.0 1.0 0.0 0.0 0.0 0.0 0.0 0.0 0.0 0.0 0.0 0.0 0.0 0.0 0.0 0.0 0 0.0 0 0.0 0.0 0.0 0.0 0 0 0.0 0.0 0.0 0.0 0.0 0.0 0.0 0.0 0.0 0.0 0.0 0.0 0.0 0.0 0.0 0.0 1 1.0 0.0 0.0 0.0 0.0 0.0 0.0 0.0 1.0 1.0 0.0 0.0 0.0 0.0 0.0 0.0 0.0 0.0 0.0 0.0 0.0 0.0 0.0 0.0
34 11 2 2.4776951999998573 0.9376002000000199 0.0 3.415295399999877 4.830408899999782 4.830408899999782 4.830408899999782 524.078125 520.28515625 34 34 1.0 34 18 18 False 0 0 False 1.8888888888888888 1.8888888888888888 2.138963159732493 2.138963159732493 1.1323922610348491 1.1323922610348491 1.0 1.0 1.0 1.0 1.0 1.0 2.0 2.0 10.0 10.0 0 0.0 0 0.0 7.282370617504962 0.0 0.0 0 0 0.0 0.0 0.0 0.0 0.0 0.0 0.0 0.0 0.0 0.0 0.0 0.0 0.0 0.0 0.0 0.0 1 18.0 0.0 0.0 18.0 18.0 18.0 18.0 18.0 34.0 34.0 0.0 0.0 0.0 0.0 34.0 0.0 34.0 0.0 34.0 0.0 34.0 0.0 34.0 0.0
35 11 1 6.478160699999876 7.325657100000001 0.0 13.803817799999877 18.634226699999658 18.634226699999658 18.634226699999658 607.1875 628.8671875 55 55 1.0 0 34 34 False 0 0 False 1.6176470588235294 1.6176470588235294 1.1810294913915325 1.1810294913915325 0.7300909583147656 0.7300909583147656 1.0 1.0 1.0 1.0 1.0 1.0 2.0 2.0 6.0 6.0 0 0.0 0 0.0 3.9225305192873234 0.0 0.0 0 0 0.0 0.0 0.0 0.0 0.0 0.0 0.0 0.0 0.0 0.0 0.0 0.0 0.0 0.0 0.0 0.0 1 34.0 0.0 0.0 34.0 34.0 34.0 34.0 34.0 55.0 55.0 0.0 0.0 0.0 0.0 55.0 0.0 55.0 0.0 55.0 0.0 55.0 0.0 55.0 0.0
36 12 3 1.0070209999998951 0.4870945999999776 0.0 1.4941155999998728 1.4941155999998728 1.4941155999998728 1.4941155999998728 498.26953125 496.09765625 18 18 1.0 18 1 0 False 0 0 False 1.0 1.0 0.0 0.0 0.0 0.0 0.0 0.0 0.0 0.0 0.0 0.0 0.0 0.0 0.0 0.0 0 0.0 0 0.0 0.0 0.0 0.0 0 0 0.0 0.0 0.0 0.0 0.0 0.0 0.0 0.0 0.0 0.0 0.0 0.0 0.0 0.0 0.0 0.0 1 1.0 0.0 0.0 0.0 0.0 0.0 0.0 0.0 1.0 1.0 0.0 0.0 0.0 0.0 0.0 0.0 0.0 0.0 0.0 0.0 0.0 0.0 0.0 0.0
37 12 2 2.4427371999999536 0.976996999999983 0.0 3.4197341999999367 4.913849799999809 4.913849799999809 4.913849799999809 529.35546875 527.1953125 34 34 1.0 34 18 18 False 0 0 False 1.8888888888888888 1.8888888888888888 2.2199334618774946 2.2199334618774946 1.175258891582203 1.175258891582203 1.0 1.0 1.0 1.0 1.0 1.0 1.0 1.0 10.0 10.0 0 0.0 0 0.0 7.504045548134512 0.0 0.0 0 0 0.0 0.0 0.0 0.0 0.0 0.0 0.0 0.0 0.0 0.0 0.0 0.0 0.0 0.0 0.0 0.0 1 18.0 0.0 0.0 18.0 18.0 18.0 18.0 18.0 34.0 34.0 0.0 0.0 0.0 0.0 34.0 0.0 34.0 0.0 34.0 0.0 34.0 0.0 34.0 0.0
38 12 1 5.947696700000108 8.549918799999944 0.0 14.497615500000052 19.41146529999986 19.41146529999986 19.41146529999986 614.01171875 636.0 53 53 1.0 0 34 34 False 0 0 False 1.5588235294117647 1.5588235294117647 1.2108393400069135 1.2108393400069135 0.7767648596270765 0.7767648596270765 1.0 1.0 1.0 1.0 1.0 1.0 1.75 1.75 6.0 6.0 0 0.0 0 0.0 3.6565933244598625 0.0 0.0 0 0 0.0 0.0 0.0 0.0 0.0 0.0 0.0 0.0 0.0 0.0 0.0 0.0 0.0 0.0 0.0 0.0 1 34.0 0.0 0.0 34.0 34.0 34.0 34.0 34.0 53.0 53.0 0.0 0.0 0.0 0.0 53.0 0.0 53.0 0.0 53.0 0.0 53.0 0.0 53.0 0.0
39 13 3 1.0141677000000868 0.36696089999998094 0.0 1.3811286000000678 1.3811286000000678 1.3811286000000678 1.3811286000000678 521.734375 517.46875 18 18 1.0 18 1 0 False 0 0 False 1.0 1.0 0.0 0.0 0.0 0.0 0.0 0.0 0.0 0.0 0.0 0.0 0.0 0.0 0.0 0.0 0 0.0 0 0.0 0.0 0.0 0.0 0 0 0.0 0.0 0.0 0.0 0.0 0.0 0.0 0.0 0.0 0.0 0.0 0.0 0.0 0.0 0.0 0.0 1 1.0 0.0 0.0 0.0 0.0 0.0 0.0 0.0 1.0 1.0 0.0 0.0 0.0 0.0 0.0 0.0 0.0 0.0 0.0 0.0 0.0 0.0 0.0 0.0
40 13 2 2.4632537000001093 0.9962516999999593 0.0 3.4595054000000687 4.840634000000136 4.840634000000136 4.840634000000136 549.66796875 546.921875 34 34 1.0 34 18 18 False 0 0 False 1.8888888888888888 1.8888888888888888 2.166289559942608 2.166289559942608 1.1468591787931455 1.1468591787931455 1.0 1.0 1.0 1.0 1.0 1.0 2.0 2.0 10.0 10.0 0 0.0 0 0.0 7.214668414363762 0.0 0.0 0 0 0.0 0.0 0.0 0.0 0.0 0.0 0.0 0.0 0.0 0.0 0.0 0.0 0.0 0.0 0.0 0.0 1 18.0 0.0 0.0 18.0 18.0 18.0 18.0 18.0 34.0 34.0 0.0 0.0 0.0 0.0 34.0 0.0 34.0 0.0 34.0 0.0 34.0 0.0 34.0 0.0
41 13 1 6.405837199999894 9.143116199999895 0.0 15.548953399999789 20.389587399999925 20.389587399999925 20.389587399999925 631.16796875 650.12109375 55 55 1.0 0 34 34 False 0 0 False 1.6176470588235294 1.6176470588235294 1.1550864032315857 1.1550864032315857 0.7140534129067985 0.7140534129067985 1.0 1.0 1.0 1.0 1.0 1.0 2.0 2.0 6.0 6.0 0 0.0 0 0.0 4.146380837362012 0.0 0.0 0 0 0.0 0.0 0.0 0.0 0.0 0.0 0.0 0.0 0.0 0.0 0.0 0.0 0.0 0.0 0.0 0.0 1 34.0 0.0 0.0 34.0 34.0 34.0 34.0 34.0 55.0 55.0 0.0 0.0 0.0 0.0 55.0 0.0 55.0 0.0 55.0 0.0 55.0 0.0 55.0 0.0
42 14 3 1.0076554999999985 0.4442130999999563 0.0 1.4518685999999548 1.4518685999999548 1.4518685999999548 1.4518685999999548 532.40625 527.46484375 18 18 1.0 18 1 0 False 0 0 False 1.0 1.0 0.0 0.0 0.0 0.0 0.0 0.0 0.0 0.0 0.0 0.0 0.0 0.0 0.0 0.0 0 0.0 0 0.0 0.0 0.0 0.0 0 0 0.0 0.0 0.0 0.0 0.0 0.0 0.0 0.0 0.0 0.0 0.0 0.0 0.0 0.0 0.0 0.0 1 1.0 0.0 0.0 0.0 0.0 0.0 0.0 0.0 1.0 1.0 0.0 0.0 0.0 0.0 0.0 0.0 0.0 0.0 0.0 0.0 0.0 0.0 0.0 0.0
43 14 2 2.4444126999999867 0.8805935000000318 0.0 3.3250062000000185 4.776874799999973 4.776874799999973 4.776874799999973 560.78125 557.6484375 34 34 1.0 34 18 18 False 0 0 False 1.8888888888888888 1.8888888888888888 2.193275522213265 2.193275522213265 1.1611458647011403 1.1611458647011403 1.0 1.0 1.0 1.0 1.0 1.0 1.75 1.75 10.0 10.0 0 0.0 0 0.0 7.1316255022629145 0.0 0.0 0 0 0.0 0.0 0.0 0.0 0.0 0.0 0.0 0.0 0.0 0.0 0.0 0.0 0.0 0.0 0.0 0.0 1 18.0 0.0 0.0 18.0 18.0 18.0 18.0 18.0 34.0 34.0 0.0 0.0 0.0 0.0 34.0 0.0 34.0 0.0 34.0 0.0 34.0 0.0 34.0 0.0
44 14 1 6.381900999999971 6.274712500000021 0.0 12.656613499999992 17.433488299999965 17.433488299999965 17.433488299999965 644.6171875 664.19140625 55 55 1.0 0 34 34 False 0 0 False 1.6176470588235294 1.6176470588235294 1.1013684568382918 1.1013684568382918 0.6808459551363986 0.6808459551363986 1.0 1.0 1.0 1.0 1.0 1.0 2.0 2.0 6.0 6.0 0 0.0 0 0.0 3.576221450300819 0.0 0.0 0 0 0.0 0.0 0.0 0.0 0.0 0.0 0.0 0.0 0.0 0.0 0.0 0.0 0.0 0.0 0.0 0.0 1 34.0 0.0 0.0 34.0 34.0 34.0 34.0 34.0 55.0 55.0 0.0 0.0 0.0 0.0 55.0 0.0 55.0 0.0 55.0 0.0 55.0 0.0 55.0 0.0
45 15 3 1.0145195000000058 0.3971614000000159 0.0 1.4116809000000217 1.4116809000000217 1.4116809000000217 1.4116809000000217 540.1796875 535.73828125 18 18 1.0 18 1 0 False 0 0 False 1.0 1.0 0.0 0.0 0.0 0.0 0.0 0.0 0.0 0.0 0.0 0.0 0.0 0.0 0.0 0.0 0 0.0 0 0.0 0.0 0.0 0.0 0 0 0.0 0.0 0.0 0.0 0.0 0.0 0.0 0.0 0.0 0.0 0.0 0.0 0.0 0.0 0.0 0.0 1 1.0 0.0 0.0 0.0 0.0 0.0 0.0 0.0 1.0 1.0 0.0 0.0 0.0 0.0 0.0 0.0 0.0 0.0 0.0 0.0 0.0 0.0 0.0 0.0
46 15 2 2.4468425000000593 1.056202600000006 0.0 3.5030451000000653 4.914726000000087 4.914726000000087 4.914726000000087 569.97265625 566.78515625 34 34 1.0 34 18 18 False 0 0 False 1.8888888888888888 1.8888888888888888 2.27231131071657 2.27231131071657 1.2029883409675959 1.2029883409675959 1.0 1.0 1.0 1.0 1.0 1.0 1.0 1.0 10.0 10.0 0 0.0 0 0.0 7.654714247165685 0.0 0.0 0 0 0.0 0.0 0.0 0.0 0.0 0.0 0.0 0.0 0.0 0.0 0.0 0.0 0.0 0.0 0.0 0.0 1 18.0 0.0 0.0 18.0 18.0 18.0 18.0 18.0 34.0 34.0 0.0 0.0 0.0 0.0 34.0 0.0 34.0 0.0 34.0 0.0 34.0 0.0 34.0 0.0
47 15 1 6.367446200000018 6.949642399999959 0.0 13.317088599999977 18.231814600000064 18.231814600000064 18.231814600000064 657.75390625 676.90625 55 55 1.0 0 34 34 False 0 0 False 1.6176470588235294 1.6176470588235294 1.01547737340631 1.01547737340631 0.6277496490148099 0.6277496490148099 1.0 1.0 1.0 1.0 1.0 1.0 2.0 2.0 6.0 6.0 0 0.0 0 0.0 3.508331655282922 0.0 0.0 0 0 0.0 0.0 0.0 0.0 0.0 0.0 0.0 0.0 0.0 0.0 0.0 0.0 0.0 0.0 0.0 0.0 1 34.0 0.0 0.0 34.0 34.0 34.0 34.0 34.0 55.0 55.0 0.0 0.0 0.0 0.0 55.0 0.0 55.0 0.0 55.0 0.0 55.0 0.0 55.0 0.0
48 16 3 1.0133491999999933 0.405195100000185 0.0 1.4185443000001783 1.4185443000001783 1.4185443000001783 1.4185443000001783 551.0 546.48046875 18 18 1.0 18 1 0 False 0 0 False 1.0 1.0 0.0 0.0 0.0 0.0 0.0 0.0 0.0 0.0 0.0 0.0 0.0 0.0 0.0 0.0 0 0.0 0 0.0 0.0 0.0 0.0 0 0 0.0 0.0 0.0 0.0 0.0 0.0 0.0 0.0 0.0 0.0 0.0 0.0 0.0 0.0 0.0 0.0 1 1.0 0.0 0.0 0.0 0.0 0.0 0.0 0.0 1.0 1.0 0.0 0.0 0.0 0.0 0.0 0.0 0.0 0.0 0.0 0.0 0.0 0.0 0.0 0.0
49 16 2 2.395870099999968 1.0390707999999904 0.0 3.434940899999958 4.8534852000001365 4.8534852000001365 4.8534852000001365 580.22265625 577.2734375 34 34 1.0 34 18 18 False 0 0 False 1.8888888888888888 1.8888888888888888 2.193275522213265 2.193275522213265 1.1611458647011403 1.1611458647011403 1.0 1.0 1.0 1.0 1.0 1.0 1.75 1.75 10.0 10.0 0 0.0 0 0.0 7.299303760698448 0.0 0.0 0 0 0.0 0.0 0.0 0.0 0.0 0.0 0.0 0.0 0.0 0.0 0.0 0.0 0.0 0.0 0.0 0.0 1 18.0 0.0 0.0 18.0 18.0 18.0 18.0 18.0 34.0 34.0 0.0 0.0 0.0 0.0 34.0 0.0 34.0 0.0 34.0 0.0 34.0 0.0 34.0 0.0
50 16 1 5.96231389999997 8.124829900000066 0.0 14.087143800000035 18.940629000000172 18.940629000000172 18.940629000000172 650.85546875 675.33203125 53 53 1.0 0 34 34 False 0 0 False 1.5588235294117647 1.5588235294117647 0.9595193389681276 0.9595193389681276 0.6155407080172894 0.6155407080172894 1.0 1.0 1.0 1.0 1.0 1.0 2.0 2.0 6.0 6.0 0 0.0 0 0.0 2.7865997933511193 0.0 0.0 0 0 0.0 0.0 0.0 0.0 0.0 0.0 0.0 0.0 0.0 0.0 0.0 0.0 0.0 0.0 0.0 0.0 1 34.0 0.0 0.0 34.0 34.0 34.0 34.0 34.0 53.0 53.0 0.0 0.0 0.0 0.0 53.0 0.0 53.0 0.0 53.0 0.0 53.0 0.0 53.0 0.0
51 17 3 1.0116499999999178 0.4547000000002299 0.0 1.4663500000001477 1.4663500000001477 1.4663500000001477 1.4663500000001477 558.984375 557.5859375 18 18 1.0 18 1 0 False 0 0 False 1.0 1.0 0.0 0.0 0.0 0.0 0.0 0.0 0.0 0.0 0.0 0.0 0.0 0.0 0.0 0.0 0 0.0 0 0.0 0.0 0.0 0.0 0 0 0.0 0.0 0.0 0.0 0.0 0.0 0.0 0.0 0.0 0.0 0.0 0.0 0.0 0.0 0.0 0.0 1 1.0 0.0 0.0 0.0 0.0 0.0 0.0 0.0 1.0 1.0 0.0 0.0 0.0 0.0 0.0 0.0 0.0 0.0 0.0 0.0 0.0 0.0 0.0 0.0
52 17 2 2.463289300000099 1.0745628999998758 0.0 3.537852199999975 5.0042022000001225 5.0042022000001225 5.0042022000001225 588.72265625 587.41015625 34 34 1.0 34 18 18 False 0 0 False 1.8888888888888888 1.8888888888888888 2.27231131071657 2.27231131071657 1.2029883409675959 1.2029883409675959 1.0 1.0 1.0 1.0 1.0 1.0 1.0 1.0 10.0 10.0 0 0.0 0 0.0 7.654714247165685 0.0 0.0 0 0 0.0 0.0 0.0 0.0 0.0 0.0 0.0 0.0 0.0 0.0 0.0 0.0 0.0 0.0 0.0 0.0 1 18.0 0.0 0.0 18.0 18.0 18.0 18.0 18.0 34.0 34.0 0.0 0.0 0.0 0.0 34.0 0.0 34.0 0.0 34.0 0.0 34.0 0.0 34.0 0.0
53 17 1 5.939976000000115 10.57689739999995 0.0 16.516873400000065 21.521075600000188 21.521075600000188 21.521075600000188 666.2578125 687.86328125 53 53 1.0 0 34 34 False 0 0 False 1.5588235294117647 1.5588235294117647 1.0499978779369101 1.0499978779369101 0.6735835443368857 0.6735835443368857 1.0 1.0 1.0 1.0 1.0 1.0 2.0 2.0 6.0 6.0 0 0.0 0 0.0 3.2548207525895942 0.0 0.0 0 0 0.0 0.0 0.0 0.0 0.0 0.0 0.0 0.0 0.0 0.0 0.0 0.0 0.0 0.0 0.0 0.0 1 34.0 0.0 0.0 34.0 34.0 34.0 34.0 34.0 53.0 53.0 0.0 0.0 0.0 0.0 53.0 0.0 53.0 0.0 53.0 0.0 53.0 0.0 53.0 0.0
54 18 3 1.0185283999999797 0.35251670000013746 0.0 1.3710451000001171 1.3710451000001171 1.3710451000001171 1.3710451000001171 573.34375 568.8671875 18 18 1.0 18 1 0 False 0 0 False 1.0 1.0 0.0 0.0 0.0 0.0 0.0 0.0 0.0 0.0 0.0 0.0 0.0 0.0 0.0 0.0 0 0.0 0 0.0 0.0 0.0 0.0 0 0 0.0 0.0 0.0 0.0 0.0 0.0 0.0 0.0 0.0 0.0 0.0 0.0 0.0 0.0 0.0 0.0 1 1.0 0.0 0.0 0.0 0.0 0.0 0.0 0.0 1.0 1.0 0.0 0.0 0.0 0.0 0.0 0.0 0.0 0.0 0.0 0.0 0.0 0.0 0.0 0.0
55 18 2 2.440067400000032 0.9506018000000722 0.0 3.3906692000001044 4.7617143000002216 4.7617143000002216 4.7617143000002216 602.8046875 599.91796875 34 34 1.0 34 18 18 False 0 0 False 1.8888888888888888 1.8888888888888888 2.166289559942608 2.166289559942608 1.1468591787931455 1.1468591787931455 1.0 1.0 1.0 1.0 1.0 1.0 2.0 2.0 10.0 10.0 0 0.0 0 0.0 7.214668414363762 0.0 0.0 0 0 0.0 0.0 0.0 0.0 0.0 0.0 0.0 0.0 0.0 0.0 0.0 0.0 0.0 0.0 0.0 0.0 1 18.0 0.0 0.0 18.0 18.0 18.0 18.0 18.0 34.0 34.0 0.0 0.0 0.0 0.0 34.0 0.0 34.0 0.0 34.0 0.0 34.0 0.0 34.0 0.0
56 18 1 5.949837000000116 5.618785900000148 0.0 11.568622900000264 16.330337200000486 16.330337200000486 16.330337200000486 673.671875 695.47265625 53 53 1.0 0 34 34 False 0 0 False 1.5588235294117647 1.5588235294117647 0.9905975078001625 0.9905975078001625 0.6354776465133118 0.6354776465133118 1.0 1.0 1.0 1.0 1.0 1.0 2.0 2.0 6.0 6.0 0 0.0 0 0.0 2.9652689708025064 0.0 0.0 0 0 0.0 0.0 0.0 0.0 0.0 0.0 0.0 0.0 0.0 0.0 0.0 0.0 0.0 0.0 0.0 0.0 1 34.0 0.0 0.0 34.0 34.0 34.0 34.0 34.0 53.0 53.0 0.0 0.0 0.0 0.0 53.0 0.0 53.0 0.0 53.0 0.0 53.0 0.0 53.0 0.0
57 19 3 1.0098174000000313 0.47621369999990293 0.0 1.4860310999999342 1.4860310999999342 1.4860310999999342 1.4860310999999342 583.8359375 579.38671875 18 18 1.0 18 1 0 False 0 0 False 1.0 1.0 0.0 0.0 0.0 0.0 0.0 0.0 0.0 0.0 0.0 0.0 0.0 0.0 0.0 0.0 0 0.0 0 0.0 0.0 0.0 0.0 0 0 0.0 0.0 0.0 0.0 0.0 0.0 0.0 0.0 0.0 0.0 0.0 0.0 0.0 0.0 0.0 0.0 1 1.0 0.0 0.0 0.0 0.0 0.0 0.0 0.0 1.0 1.0 0.0 0.0 0.0 0.0 0.0 0.0 0.0 0.0 0.0 0.0 0.0 0.0 0.0 0.0
58 19 2 2.4460386999998605 0.8641937000000439 0.0 3.3102323999999044 4.796263499999839 4.796263499999839 4.796263499999839 611.3515625 608.62890625 34 34 1.0 34 18 18 False 0 0 False 1.8888888888888888 1.8888888888888888 2.138963159732493 2.138963159732493 1.1323922610348491 1.1323922610348491 1.0 1.0 1.0 1.0 1.0 1.0 2.0 2.0 10.0 10.0 0 0.0 0 0.0 7.282370617504962 0.0 0.0 0 0 0.0 0.0 0.0 0.0 0.0 0.0 0.0 0.0 0.0 0.0 0.0 0.0 0.0 0.0 0.0 0.0 1 18.0 0.0 0.0 18.0 18.0 18.0 18.0 18.0 34.0 34.0 0.0 0.0 0.0 0.0 34.0 0.0 34.0 0.0 34.0 0.0 34.0 0.0 34.0 0.0
59 19 1 5.930111399999873 7.021579299999985 0.0 12.951690699999858 17.747954199999697 17.747954199999697 17.747954199999697 686.21875 707.5078125 53 53 1.0 0 34 34 False 0 0 False 1.5588235294117647 1.5588235294117647 1.0499978779369101 1.0499978779369101 0.6735835443368857 0.6735835443368857 1.0 1.0 1.0 1.0 1.0 1.0 2.0 2.0 6.0 6.0 0 0.0 0 0.0 3.0264834504957348 0.0 0.0 0 0 0.0 0.0 0.0 0.0 0.0 0.0 0.0 0.0 0.0 0.0 0.0 0.0 0.0 0.0 0.0 0.0 1 34.0 0.0 0.0 34.0 34.0 34.0 34.0 34.0 53.0 53.0 0.0 0.0 0.0 0.0 53.0 0.0 53.0 0.0 53.0 0.0 53.0 0.0 53.0 0.0
60 20 3 1.04802269999999 0.41370160000008127 0.0 1.4617243000000713 1.4617243000000713 1.4617243000000713 1.4617243000000713 590.13671875 585.69921875 18 18 1.0 18 1 0 False 0 0 False 1.0 1.0 0.0 0.0 0.0 0.0 0.0 0.0 0.0 0.0 0.0 0.0 0.0 0.0 0.0 0.0 0 0.0 0 0.0 0.0 0.0 0.0 0 0 0.0 0.0 0.0 0.0 0.0 0.0 0.0 0.0 0.0 0.0 0.0 0.0 0.0 0.0 0.0 0.0 1 1.0 0.0 0.0 0.0 0.0 0.0 0.0 0.0 1.0 1.0 0.0 0.0 0.0 0.0 0.0 0.0 0.0 0.0 0.0 0.0 0.0 0.0 0.0 0.0
61 20 2 2.4669878000000836 1.0413067999999157 0.0 3.5082945999999993 4.9700189000000705 4.9700189000000705 4.9700189000000705 619.3125 616.24609375 34 34 1.0 34 18 18 False 0 0 False 1.8888888888888888 1.8888888888888888 2.166289559942608 2.166289559942608 1.1468591787931455 1.1468591787931455 1.0 1.0 1.0 1.0 1.0 1.0 1.75 1.75 10.0 10.0 0 0.0 0 0.0 7.366228130626149 0.0 0.0 0 0 0.0 0.0 0.0 0.0 0.0 0.0 0.0 0.0 0.0 0.0 0.0 0.0 0.0 0.0 0.0 0.0 1 18.0 0.0 0.0 18.0 18.0 18.0 18.0 18.0 34.0 34.0 0.0 0.0 0.0 0.0 34.0 0.0 34.0 0.0 34.0 0.0 34.0 0.0 34.0 0.0
62 20 1 6.419161300000098 7.323762800000225 0.0 13.742924100000323 18.712943000000394 18.712943000000394 18.712943000000394 705.98828125 725.375 55 55 1.0 0 34 34 False 0 0 False 1.6176470588235294 1.6176470588235294 1.1013684568382918 1.1013684568382918 0.6808459551363986 0.6808459551363986 1.0 1.0 1.0 1.0 1.0 1.0 2.0 2.0 6.0 6.0 0 0.0 0 0.0 3.6187827007564457 0.0 0.0 0 0 0.0 0.0 0.0 0.0 0.0 0.0 0.0 0.0 0.0 0.0 0.0 0.0 0.0 0.0 0.0 0.0 1 34.0 0.0 0.0 34.0 34.0 34.0 34.0 34.0 55.0 55.0 0.0 0.0 0.0 0.0 55.0 0.0 55.0 0.0 55.0 0.0 55.0 0.0 55.0 0.0
63 21 3 1.010970900000018 0.39452890000006846 0.0 1.4054998000000865 1.4054998000000865 1.4054998000000865 1.4054998000000865 599.69140625 595.1171875 18 18 1.0 18 1 0 False 0 0 False 1.0 1.0 0.0 0.0 0.0 0.0 0.0 0.0 0.0 0.0 0.0 0.0 0.0 0.0 0.0 0.0 0 0.0 0 0.0 0.0 0.0 0.0 0 0 0.0 0.0 0.0 0.0 0.0 0.0 0.0 0.0 0.0 0.0 0.0 0.0 0.0 0.0 0.0 0.0 1 1.0 0.0 0.0 0.0 0.0 0.0 0.0 0.0 1.0 1.0 0.0 0.0 0.0 0.0 0.0 0.0 0.0 0.0 0.0 0.0 0.0 0.0 0.0 0.0
64 21 2 2.43598879999945 0.9137633999997092 0.0 3.349752199999159 4.7552519999992455 4.7552519999992455 4.7552519999992455 629.13671875 625.91796875 34 34 1.0 34 18 18 False 0 0 False 1.8888888888888888 1.8888888888888888 2.166289559942608 2.166289559942608 1.1468591787931455 1.1468591787931455 1.0 1.0 1.0 1.0 1.0 1.0 2.0 2.0 10.0 10.0 0 0.0 0 0.0 7.214668414363762 0.0 0.0 0 0 0.0 0.0 0.0 0.0 0.0 0.0 0.0 0.0 0.0 0.0 0.0 0.0 0.0 0.0 0.0 0.0 1 18.0 0.0 0.0 18.0 18.0 18.0 18.0 18.0 34.0 34.0 0.0 0.0 0.0 0.0 34.0 0.0 34.0 0.0 34.0 0.0 34.0 0.0 34.0 0.0
65 21 1 6.4036819000001515 5.26584140000034 0.0 11.669523300000492 16.424775299999737 16.424775299999737 16.424775299999737 709.41015625 734.015625 55 55 1.0 0 34 34 False 0 0 False 1.6176470588235294 1.6176470588235294 1.128547091761979 1.128547091761979 0.6976472930892235 0.6976472930892235 1.0 1.0 1.0 1.0 1.0 1.0 2.0 2.0 6.0 6.0 0 0.0 0 0.0 4.030646011055298 0.0 0.0 0 0 0.0 0.0 0.0 0.0 0.0 0.0 0.0 0.0 0.0 0.0 0.0 0.0 0.0 0.0 0.0 0.0 1 34.0 0.0 0.0 34.0 34.0 34.0 34.0 34.0 55.0 55.0 0.0 0.0 0.0 0.0 55.0 0.0 55.0 0.0 55.0 0.0 55.0 0.0 55.0 0.0
66 22 3 1.007614899999794 0.3247302999998283 0.0 1.3323451999996223 1.3323451999996223 1.3323451999996223 1.3323451999996223 602.5859375 603.546875 18 18 1.0 18 1 0 False 0 0 False 1.0 1.0 0.0 0.0 0.0 0.0 0.0 0.0 0.0 0.0 0.0 0.0 0.0 0.0 0.0 0.0 0 0.0 0 0.0 0.0 0.0 0.0 0 0 0.0 0.0 0.0 0.0 0.0 0.0 0.0 0.0 0.0 0.0 0.0 0.0 0.0 0.0 0.0 0.0 1 1.0 0.0 0.0 0.0 0.0 0.0 0.0 0.0 1.0 1.0 0.0 0.0 0.0 0.0 0.0 0.0 0.0 0.0 0.0 0.0 0.0 0.0 0.0 0.0
67 22 2 2.476724900000022 1.0829405000000634 0.0 3.5596654000000854 4.892010599999708 4.892010599999708 4.892010599999708 633.3046875 634.41015625 34 34 1.0 34 18 18 False 0 0 False 1.8888888888888888 1.8888888888888888 2.27231131071657 2.27231131071657 1.2029883409675959 1.2029883409675959 1.0 1.0 1.0 1.0 1.0 1.0 1.0 1.0 10.0 10.0 0 0.0 0 0.0 7.654714247165685 0.0 0.0 0 0 0.0 0.0 0.0 0.0 0.0 0.0 0.0 0.0 0.0 0.0 0.0 0.0 0.0 0.0 0.0 0.0 1 18.0 0.0 0.0 18.0 18.0 18.0 18.0 18.0 34.0 34.0 0.0 0.0 0.0 0.0 34.0 0.0 34.0 0.0 34.0 0.0 34.0 0.0 34.0 0.0
68 22 1 5.919606499999759 6.316061300000115 0.0 12.235667799999874 17.12767839999958 17.12767839999958 17.12767839999958 718.828125 743.04296875 53 53 1.0 0 34 34 False 0 0 False 1.5588235294117647 1.5588235294117647 1.0207298776199087 1.0207298776199087 0.6548078460203188 0.6548078460203188 1.0 1.0 1.0 1.0 1.0 1.0 2.0 2.0 6.0 6.0 0 0.0 0 0.0 3.1757215892544406 0.0 0.0 0 0 0.0 0.0 0.0 0.0 0.0 0.0 0.0 0.0 0.0 0.0 0.0 0.0 0.0 0.0 0.0 0.0 1 34.0 0.0 0.0 34.0 34.0 34.0 34.0 34.0 53.0 53.0 0.0 0.0 0.0 0.0 53.0 0.0 53.0 0.0 53.0 0.0 53.0 0.0 53.0 0.0
69 23 3 1.009481600000072 0.6416403000002902 0.0 1.651121900000362 1.651121900000362 1.651121900000362 1.651121900000362 619.4765625 618.08203125 18 18 1.0 18 1 0 False 0 0 False 1.0 1.0 0.0 0.0 0.0 0.0 0.0 0.0 0.0 0.0 0.0 0.0 0.0 0.0 0.0 0.0 0 0.0 0 0.0 0.0 0.0 0.0 0 0 0.0 0.0 0.0 0.0 0.0 0.0 0.0 0.0 0.0 0.0 0.0 0.0 0.0 0.0 0.0 0.0 1 1.0 0.0 0.0 0.0 0.0 0.0 0.0 0.0 1.0 1.0 0.0 0.0 0.0 0.0 0.0 0.0 0.0 0.0 0.0 0.0 0.0 0.0 0.0 0.0
70 23 2 2.427577200000087 0.8820294000003059 0.0 3.309606600000393 4.960728500000755 4.960728500000755 4.960728500000755 648.3828125 647.87890625 34 34 1.0 34 18 18 False 0 0 False 1.8888888888888888 1.8888888888888888 2.193275522213265 2.193275522213265 1.1611458647011403 1.1611458647011403 1.0 1.0 1.0 1.0 1.0 1.0 1.75 1.75 10.0 10.0 0 0.0 0 0.0 7.299303760698448 0.0 0.0 0 0 0.0 0.0 0.0 0.0 0.0 0.0 0.0 0.0 0.0 0.0 0.0 0.0 0.0 0.0 0.0 0.0 1 18.0 0.0 0.0 18.0 18.0 18.0 18.0 18.0 34.0 34.0 0.0 0.0 0.0 0.0 34.0 0.0 34.0 0.0 34.0 0.0 34.0 0.0 34.0 0.0
71 23 1 6.416130199999998 7.442661600000065 0.0 13.858791800000063 18.819520300000818 18.819520300000818 18.819520300000818 735.6484375 756.16015625 55 55 1.0 0 34 34 False 0 0 False 1.6176470588235294 1.6176470588235294 1.1550864032315857 1.1550864032315857 0.7140534129067985 0.7140534129067985 1.0 1.0 1.0 1.0 1.0 1.0 2.0 2.0 6.0 6.0 0 0.0 0 0.0 3.8723690700310147 0.0 0.0 0 0 0.0 0.0 0.0 0.0 0.0 0.0 0.0 0.0 0.0 0.0 0.0 0.0 0.0 0.0 0.0 0.0 1 34.0 0.0 0.0 34.0 34.0 34.0 34.0 34.0 55.0 55.0 0.0 0.0 0.0 0.0 55.0 0.0 55.0 0.0 55.0 0.0 55.0 0.0 55.0 0.0
72 24 3 1.0058584999998175 0.3451404999998431 0.0 1.3509989999996606 1.3509989999996606 1.3509989999996606 1.3509989999996606 633.79296875 631.09375 18 18 1.0 18 1 0 False 0 0 False 1.0 1.0 0.0 0.0 0.0 0.0 0.0 0.0 0.0 0.0 0.0 0.0 0.0 0.0 0.0 0.0 0 0.0 0 0.0 0.0 0.0 0.0 0 0 0.0 0.0 0.0 0.0 0.0 0.0 0.0 0.0 0.0 0.0 0.0 0.0 0.0 0.0 0.0 0.0 1 1.0 0.0 0.0 0.0 0.0 0.0 0.0 0.0 1.0 1.0 0.0 0.0 0.0 0.0 0.0 0.0 0.0 0.0 0.0 0.0 0.0 0.0 0.0 0.0
73 24 2 2.4634319999997842 0.9670890000002146 0.0 3.430520999999999 4.781519999999659 4.781519999999659 4.781519999999659 663.40234375 661.90234375 34 34 1.0 34 18 18 False 0 0 False 1.8888888888888888 1.8888888888888888 2.2462750575089703 2.2462750575089703 1.1892044422106314 1.1892044422106314 1.0 1.0 1.0 1.0 1.0 1.0 1.75 1.75 10.0 10.0 0 0.0 0 0.0 7.499108314620032 0.0 0.0 0 0 0.0 0.0 0.0 0.0 0.0 0.0 0.0 0.0 0.0 0.0 0.0 0.0 0.0 0.0 0.0 0.0 1 18.0 0.0 0.0 18.0 18.0 18.0 18.0 18.0 34.0 34.0 0.0 0.0 0.0 0.0 34.0 0.0 34.0 0.0 34.0 0.0 34.0 0.0 34.0 0.0
74 24 1 6.3699422999998205 8.242498699999828 0.0 14.612440999999649 19.393960999999308 19.393960999999308 19.393960999999308 747.35546875 767.76953125 55 55 1.0 0 34 34 False 0 0 False 1.6176470588235294 1.6176470588235294 1.01547737340631 1.01547737340631 0.6277496490148099 0.6277496490148099 1.0 1.0 1.0 1.0 1.0 1.0 2.0 2.0 6.0 6.0 0 0.0 0 0.0 3.1817086441397757 0.0 0.0 0 0 0.0 0.0 0.0 0.0 0.0 0.0 0.0 0.0 0.0 0.0 0.0 0.0 0.0 0.0 0.0 0.0 1 34.0 0.0 0.0 34.0 34.0 34.0 34.0 34.0 55.0 55.0 0.0 0.0 0.0 0.0 55.0 0.0 55.0 0.0 55.0 0.0 55.0 0.0 55.0 0.0
