 RU AL GT ST OT TT LT CT WT RSS VMS LE AC CF PSG SIZE SGLITS_T HAS_TRAILING TOT_CHOICES PRE_CHOICES FGOALS_ORDER CP_EF_L CP_EF_A SP_ED_L SP_ED_A SP_EB_L SP_EB_A SP_MIN_L SP_MIN_A SP_LOWER_L SP_LOWER_A SP_MED_L SP_MED_A SP_UPPER_L SP_UPPER_A SP_MAX_L SP_MAX_A T_INTER_SP P_INTER_SP T_INTER_Q P_INTER_Q M_CHILD_SPREAD DIV_INDEX_SPREAD DIV_STEP_SPREAD DIVS_T DS_T DS_TD_MEAN DS_TD_STD DS_TD_CD DS_TD_MIN DS_TD_LOWER DS_TD_MED DS_TD_UPPER DS_TD_MAX DS_TS_MEAN DS_TS_STD DS_TS_CD DS_TS_MIN DS_TS_LOWER DS_TS_MED DS_TS_UPPER DS_TS_MAX PR_T PR_TS_MEAN PR_TS_STD PR_TS_CD PR_TS_MIN PR_TS_LOWER PR_TS_MED PR_TS_UPPER PR_TS_MAX PP_LE_MEAN PP_AC_MEAN PP_LE_STD PP_AC_STD PP_LE_CD PP_AC_CD PP_LE_MIN PP_AC_MIN PP_LE_LOWER PP_AC_LOWER PP_LE_MED PP_AC_MED PP_LE_UPPER PP_AC_UPPER PP_LE_MAX PP_AC_MAX
0 0 3 1.0099190999999976 0.4216745999999958 0.0 1.4315936999999934 1.4315936999999934 1.4315936999999934 1.4315936999999934 219.12109375 214.609375 18 18 1.0 18 1 0 False 0 0 False 1.0 1.0 0.0 0.0 0.0 0.0 0.0 0.0 0.0 0.0 0.0 0.0 0.0 0.0 0.0 0.0 0 0.0 0 0.0 0.0 0.0 0.0 0 0 0.0 0.0 0.0 0.0 0.0 0.0 0.0 0.0 0.0 0.0 0.0 0.0 0.0 0.0 0.0 0.0 1 1.0 0.0 0.0 0.0 0.0 0.0 0.0 0.0 1.0 1.0 0.0 0.0 0.0 0.0 0.0 0.0 0.0 0.0 0.0 0.0 0.0 0.0 0.0 0.0
1 0 2 1.532068600000013 0.5084555000000037 0.0 2.0405241000000167 3.47211780000001 3.47211780000001 3.47211780000001 259.38671875 260.57421875 26 26 1.0 26 18 18 False 0 0 False 1.4444444444444444 1.4444444444444444 1.0416176459053668 1.0416176459053668 0.7211199087037155 0.7211199087037155 1.0 1.0 1.0 1.0 1.0 1.0 1.0 1.0 5.0 5.0 0 0.0 0 0.0 3.4177580310559934 0.0 0.0 0 0 0.0 0.0 0.0 0.0 0.0 0.0 0.0 0.0 0.0 0.0 0.0 0.0 0.0 0.0 0.0 0.0 1 18.0 0.0 0.0 18.0 18.0 18.0 18.0 18.0 26.0 26.0 0.0 0.0 0.0 0.0 26.0 0.0 26.0 0.0 26.0 0.0 26.0 0.0 26.0 0.0
2 0 1 3.836675299999996 3.9670065000000037 0.0 7.8036818 11.27579960000001 11.27579960000001 11.27579960000001 379.421875 392.4296875 39 39 1.0 0 26 26 False 0 0 False 1.5 1.5 0.7615773105863908 0.7615773105863908 0.5077182070575939 0.5077182070575939 1.0 1.0 1.0 1.0 1.0 1.0 2.0 2.0 4.0 4.0 0 0.0 0 0.0 2.1416205223004523 0.0 0.0 0 0 0.0 0.0 0.0 0.0 0.0 0.0 0.0 0.0 0.0 0.0 0.0 0.0 0.0 0.0 0.0 0.0 1 26.0 0.0 0.0 26.0 26.0 26.0 26.0 26.0 39.0 39.0 0.0 0.0 0.0 0.0 39.0 0.0 39.0 0.0 39.0 0.0 39.0 0.0 39.0 0.0
3 1 3 1.0037805999999847 0.3573867000000348 0.0 1.3611673000000195 1.3611673000000195 1.3611673000000195 1.3611673000000195 222.484375 217.515625 18 18 1.0 18 1 0 False 0 0 False 1.0 1.0 0.0 0.0 0.0 0.0 0.0 0.0 0.0 0.0 0.0 0.0 0.0 0.0 0.0 0.0 0 0.0 0 0.0 0.0 0.0 0.0 0 0 0.0 0.0 0.0 0.0 0.0 0.0 0.0 0.0 0.0 0.0 0.0 0.0 0.0 0.0 0.0 0.0 1 1.0 0.0 0.0 0.0 0.0 0.0 0.0 0.0 1.0 1.0 0.0 0.0 0.0 0.0 0.0 0.0 0.0 0.0 0.0 0.0 0.0 0.0 0.0 0.0
4 1 2 1.5197939000000105 0.569347900000011 0.0 2.0891418000000215 3.450309100000041 3.450309100000041 3.450309100000041 264.71875 264.66015625 26 26 1.0 26 18 18 False 0 0 False 1.4444444444444444 1.4444444444444444 0.7838233761296739 0.7838233761296739 0.5426469527051588 0.5426469527051588 1.0 1.0 1.0 1.0 1.0 1.0 2.0 2.0 4.0 4.0 0 0.0 0 0.0 2.858098017884515 0.0 0.0 0 0 0.0 0.0 0.0 0.0 0.0 0.0 0.0 0.0 0.0 0.0 0.0 0.0 0.0 0.0 0.0 0.0 1 18.0 0.0 0.0 18.0 18.0 18.0 18.0 18.0 26.0 26.0 0.0 0.0 0.0 0.0 26.0 0.0 26.0 0.0 26.0 0.0 26.0 0.0 26.0 0.0
5 1 1 3.8366001999999853 3.762871199999992 0.0 7.5994713999999775 11.049780500000018 11.049780500000018 11.049780500000018 382.5 395.8515625 39 39 1.0 0 26 26 False 0 0 False 1.5 1.5 0.9055385138137416 0.9055385138137416 0.6036923425424944 0.6036923425424944 1.0 1.0 1.0 1.0 1.0 1.0 2.0 2.0 5.0 5.0 0 0.0 0 0.0 3.020761493398643 0.0 0.0 0 0 0.0 0.0 0.0 0.0 0.0 0.0 0.0 0.0 0.0 0.0 0.0 0.0 0.0 0.0 0.0 0.0 1 26.0 0.0 0.0 26.0 26.0 26.0 26.0 26.0 39.0 39.0 0.0 0.0 0.0 0.0 39.0 0.0 39.0 0.0 39.0 0.0 39.0 0.0 39.0 0.0
6 2 3 1.0072515000000024 0.46569470000000734 0.0 1.4729462000000098 1.4729462000000098 1.4729462000000098 1.4729462000000098 240.12890625 234.76171875 18 18 1.0 18 1 0 False 0 0 False 1.0 1.0 0.0 0.0 0.0 0.0 0.0 0.0 0.0 0.0 0.0 0.0 0.0 0.0 0.0 0.0 0 0.0 0 0.0 0.0 0.0 0.0 0 0 0.0 0.0 0.0 0.0 0.0 0.0 0.0 0.0 0.0 0.0 0.0 0.0 0.0 0.0 0.0 0.0 1 1.0 0.0 0.0 0.0 0.0 0.0 0.0 0.0 1.0 1.0 0.0 0.0 0.0 0.0 0.0 0.0 0.0 0.0 0.0 0.0 0.0 0.0 0.0 0.0
7 2 2 1.51127859999999 0.5397247000000007 0.0 2.0510032999999908 3.5239495000000005 3.5239495000000005 3.5239495000000005 281.71484375 281.4921875 26 26 1.0 26 18 18 False 0 0 False 1.4444444444444444 1.4444444444444444 0.9217771979249536 0.9217771979249536 0.6381534447172755 0.6381534447172755 1.0 1.0 1.0 1.0 1.0 1.0 1.0 1.0 4.0 4.0 0 0.0 0 0.0 3.3057500720857065 0.0 0.0 0 0 0.0 0.0 0.0 0.0 0.0 0.0 0.0 0.0 0.0 0.0 0.0 0.0 0.0 0.0 0.0 0.0 1 18.0 0.0 0.0 18.0 18.0 18.0 18.0 18.0 26.0 26.0 0.0 0.0 0.0 0.0 26.0 0.0 26.0 0.0 26.0 0.0 26.0 0.0 26.0 0.0
8 2 1 3.83476610000001 3.827680899999997 0.0 7.662447000000007 11.186396500000008 11.186396500000008 11.186396500000008 395.84375 408.390625 39 39 1.0 0 26 26 False 0 0 False 1.5 1.5 0.7071067811865476 0.7071067811865476 0.47140452079103173 0.47140452079103173 1.0 1.0 1.0 1.0 1.0 1.0 2.0 2.0 3.0 3.0 0 0.0 0 0.0 2.280772473729696 0.0 0.0 0 0 0.0 0.0 0.0 0.0 0.0 0.0 0.0 0.0 0.0 0.0 0.0 0.0 0.0 0.0 0.0 0.0 1 26.0 0.0 0.0 26.0 26.0 26.0 26.0 26.0 39.0 39.0 0.0 0.0 0.0 0.0 39.0 0.0 39.0 0.0 39.0 0.0 39.0 0.0 39.0 0.0
9 3 3 1.002769700000016 0.39950199999999825 0.0 1.4022717000000142 1.4022717000000142 1.4022717000000142 1.4022717000000142 319.0546875 311.26171875 18 18 1.0 18 1 0 False 0 0 False 1.0 1.0 0.0 0.0 0.0 0.0 0.0 0.0 0.0 0.0 0.0 0.0 0.0 0.0 0.0 0.0 0 0.0 0 0.0 0.0 0.0 0.0 0 0 0.0 0.0 0.0 0.0 0.0 0.0 0.0 0.0 0.0 0.0 0.0 0.0 0.0 0.0 0.0 0.0 1 1.0 0.0 0.0 0.0 0.0 0.0 0.0 0.0 1.0 1.0 0.0 0.0 0.0 0.0 0.0 0.0 0.0 0.0 0.0 0.0 0.0 0.0 0.0 0.0
10 3 2 1.5076536000000118 0.5685782000000046 0.0 2.0762318000000164 3.4785035000000306 3.4785035000000306 3.4785035000000306 340.390625 332.06640625 26 26 1.0 26 18 18 False 0 0 False 1.4444444444444444 1.4444444444444444 1.0416176459053668 1.0416176459053668 0.7211199087037155 0.7211199087037155 1.0 1.0 1.0 1.0 1.0 1.0 1.0 1.0 5.0 5.0 0 0.0 0 0.0 3.4177580310559934 0.0 0.0 0 0 0.0 0.0 0.0 0.0 0.0 0.0 0.0 0.0 0.0 0.0 0.0 0.0 0.0 0.0 0.0 0.0 1 18.0 0.0 0.0 18.0 18.0 18.0 18.0 18.0 26.0 26.0 0.0 0.0 0.0 0.0 26.0 0.0 26.0 0.0 26.0 0.0 26.0 0.0 26.0 0.0
11 3 1 3.814035099999984 2.917195499999991 0.0 6.731230599999975 10.209734100000006 10.209734100000006 10.209734100000006 393.50390625 406.859375 39 39 1.0 0 26 26 False 0 0 False 1.5 1.5 0.7071067811865476 0.7071067811865476 0.47140452079103173 0.47140452079103173 1.0 1.0 1.0 1.0 1.0 1.0 2.0 2.0 3.0 3.0 0 0.0 0 0.0 2.246792585682293 0.0 0.0 0 0 0.0 0.0 0.0 0.0 0.0 0.0 0.0 0.0 0.0 0.0 0.0 0.0 0.0 0.0 0.0 0.0 1 26.0 0.0 0.0 26.0 26.0 26.0 26.0 26.0 39.0 39.0 0.0 0.0 0.0 0.0 39.0 0.0 39.0 0.0 39.0 0.0 39.0 0.0 39.0 0.0
12 4 3 0.9997974999999997 0.40034859999998673 0.0 1.4001460999999864 1.4001460999999864 1.4001460999999864 1.4001460999999864 262.99609375 259.56640625 18 18 1.0 18 1 0 False 0 0 False 1.0 1.0 0.0 0.0 0.0 0.0 0.0 0.0 0.0 0.0 0.0 0.0 0.0 0.0 0.0 0.0 0 0.0 0 0.0 0.0 0.0 0.0 0 0 0.0 0.0 0.0 0.0 0.0 0.0 0.0 0.0 0.0 0.0 0.0 0.0 0.0 0.0 0.0 0.0 1 1.0 0.0 0.0 0.0 0.0 0.0 0.0 0.0 1.0 1.0 0.0 0.0 0.0 0.0 0.0 0.0 0.0 0.0 0.0 0.0 0.0 0.0 0.0 0.0
13 4 2 1.5145775999999955 0.5151055000000042 0.0 2.0296830999999997 3.429829199999986 3.429829199999986 3.429829199999986 316.62890625 319.3125 26 26 1.0 26 18 18 False 0 0 False 1.4444444444444444 1.4444444444444444 0.7047921864945659 0.7047921864945659 0.4879330521885456 0.4879330521885456 1.0 1.0 1.0 1.0 1.0 1.0 2.0 2.0 3.0 3.0 0 0.0 0 0.0 3.055387200749205 0.0 0.0 0 0 0.0 0.0 0.0 0.0 0.0 0.0 0.0 0.0 0.0 0.0 0.0 0.0 0.0 0.0 0.0 0.0 1 18.0 0.0 0.0 18.0 18.0 18.0 18.0 18.0 26.0 26.0 0.0 0.0 0.0 0.0 26.0 0.0 26.0 0.0 26.0 0.0 26.0 0.0 26.0 0.0
14 4 1 3.820034899999996 2.908964599999976 0.0 6.728999499999972 10.158828699999958 10.158828699999958 10.158828699999958 413.9296875 426.34765625 39 39 1.0 0 26 26 False 0 0 False 1.5 1.5 0.7615773105863908 0.7615773105863908 0.5077182070575939 0.5077182070575939 1.0 1.0 1.0 1.0 1.0 1.0 2.0 2.0 4.0 4.0 0 0.0 0 0.0 2.83012639021924 0.0 0.0 0 0 0.0 0.0 0.0 0.0 0.0 0.0 0.0 0.0 0.0 0.0 0.0 0.0 0.0 0.0 0.0 0.0 1 26.0 0.0 0.0 26.0 26.0 26.0 26.0 26.0 39.0 39.0 0.0 0.0 0.0 0.0 39.0 0.0 39.0 0.0 39.0 0.0 39.0 0.0 39.0 0.0
15 5 3 1.0129764999999935 0.37095820000003243 0.0 1.383934700000026 1.383934700000026 1.383934700000026 1.383934700000026 337.6796875 329.8359375 18 18 1.0 18 1 0 False 0 0 False 1.0 1.0 0.0 0.0 0.0 0.0 0.0 0.0 0.0 0.0 0.0 0.0 0.0 0.0 0.0 0.0 0 0.0 0 0.0 0.0 0.0 0.0 0 0 0.0 0.0 0.0 0.0 0.0 0.0 0.0 0.0 0.0 0.0 0.0 0.0 0.0 0.0 0.0 0.0 1 1.0 0.0 0.0 0.0 0.0 0.0 0.0 0.0 1.0 1.0 0.0 0.0 0.0 0.0 0.0 0.0 0.0 0.0 0.0 0.0 0.0 0.0 0.0 0.0
16 5 2 1.5247673999999876 0.5290463000000187 0.0 2.0538137000000063 3.4377484000000322 3.4377484000000322 3.4377484000000322 361.94921875 353.42578125 26 26 1.0 26 18 18 False 0 0 False 1.4444444444444444 1.4444444444444444 0.7838233761296739 0.7838233761296739 0.5426469527051588 0.5426469527051588 1.0 1.0 1.0 1.0 1.0 1.0 1.75 1.75 3.0 3.0 0 0.0 0 0.0 3.234014183120649 0.0 0.0 0 0 0.0 0.0 0.0 0.0 0.0 0.0 0.0 0.0 0.0 0.0 0.0 0.0 0.0 0.0 0.0 0.0 1 18.0 0.0 0.0 18.0 18.0 18.0 18.0 18.0 26.0 26.0 0.0 0.0 0.0 0.0 26.0 0.0 26.0 0.0 26.0 0.0 26.0 0.0 26.0 0.0
17 5 1 3.825258699999978 3.7989396000000113 0.0 7.624198299999989 11.061946700000021 11.061946700000021 11.061946700000021 423.5546875 434.92578125 39 39 1.0 0 26 26 False 0 0 False 1.5 1.5 0.7071067811865476 0.7071067811865476 0.47140452079103173 0.47140452079103173 1.0 1.0 1.0 1.0 1.0 1.0 2.0 2.0 3.0 3.0 0 0.0 0 0.0 2.2553355540891165 0.0 0.0 0 0 0.0 0.0 0.0 0.0 0.0 0.0 0.0 0.0 0.0 0.0 0.0 0.0 0.0 0.0 0.0 0.0 1 26.0 0.0 0.0 26.0 26.0 26.0 26.0 26.0 39.0 39.0 0.0 0.0 0.0 0.0 39.0 0.0 39.0 0.0 39.0 0.0 39.0 0.0 39.0 0.0
18 6 3 1.0079980999999805 0.37941609999998605 0.0 1.3874141999999665 1.3874141999999665 1.3874141999999665 1.3874141999999665 351.046875 342.75 18 18 1.0 18 1 0 False 0 0 False 1.0 1.0 0.0 0.0 0.0 0.0 0.0 0.0 0.0 0.0 0.0 0.0 0.0 0.0 0.0 0.0 0 0.0 0 0.0 0.0 0.0 0.0 0 0 0.0 0.0 0.0 0.0 0.0 0.0 0.0 0.0 0.0 0.0 0.0 0.0 0.0 0.0 0.0 0.0 1 1.0 0.0 0.0 0.0 0.0 0.0 0.0 0.0 1.0 1.0 0.0 0.0 0.0 0.0 0.0 0.0 0.0 0.0 0.0 0.0 0.0 0.0 0.0 0.0
19 6 2 1.5042351999999823 0.5903109999999856 0.0 2.094546199999968 3.4819603999999345 3.4819603999999345 3.4819603999999345 373.65234375 364.95703125 26 26 1.0 26 18 18 False 0 0 False 1.4444444444444444 1.4444444444444444 0.9217771979249536 0.9217771979249536 0.6381534447172755 0.6381534447172755 1.0 1.0 1.0 1.0 1.0 1.0 1.0 1.0 4.0 4.0 0 0.0 0 0.0 3.3057500720857065 0.0 0.0 0 0 0.0 0.0 0.0 0.0 0.0 0.0 0.0 0.0 0.0 0.0 0.0 0.0 0.0 0.0 0.0 0.0 1 18.0 0.0 0.0 18.0 18.0 18.0 18.0 18.0 26.0 26.0 0.0 0.0 0.0 0.0 26.0 0.0 26.0 0.0 26.0 0.0 26.0 0.0 26.0 0.0
20 6 1 3.8155920000000236 3.8625589000000105 0.0 7.678150900000034 11.160111299999969 11.160111299999969 11.160111299999969 436.48046875 448.25 39 39 1.0 0 26 26 False 0 0 False 1.5 1.5 0.7615773105863908 0.7615773105863908 0.5077182070575939 0.5077182070575939 1.0 1.0 1.0 1.0 1.0 1.0 2.0 2.0 4.0 4.0 0 0.0 0 0.0 2.782154671362578 0.0 0.0 0 0 0.0 0.0 0.0 0.0 0.0 0.0 0.0 0.0 0.0 0.0 0.0 0.0 0.0 0.0 0.0 0.0 1 26.0 0.0 0.0 26.0 26.0 26.0 26.0 26.0 39.0 39.0 0.0 0.0 0.0 0.0 39.0 0.0 39.0 0.0 39.0 0.0 39.0 0.0 39.0 0.0
21 7 3 1.0072264000000075 0.34767990000001703 0.0 1.3549063000000245 1.3549063000000245 1.3549063000000245 1.3549063000000245 292.140625 285.80078125 18 18 1.0 18 1 0 False 0 0 False 1.0 1.0 0.0 0.0 0.0 0.0 0.0 0.0 0.0 0.0 0.0 0.0 0.0 0.0 0.0 0.0 0 0.0 0 0.0 0.0 0.0 0.0 0 0 0.0 0.0 0.0 0.0 0.0 0.0 0.0 0.0 0.0 0.0 0.0 0.0 0.0 0.0 0.0 0.0 1 1.0 0.0 0.0 0.0 0.0 0.0 0.0 0.0 1.0 1.0 0.0 0.0 0.0 0.0 0.0 0.0 0.0 0.0 0.0 0.0 0.0 0.0 0.0 0.0
22 7 2 1.517732200000026 0.507941599999981 0.0 2.025673800000007 3.3805801000000315 3.3805801000000315 3.3805801000000315 350.19140625 351.12109375 26 26 1.0 26 18 18 False 0 0 False 1.4444444444444444 1.4444444444444444 0.7838233761296739 0.7838233761296739 0.5426469527051588 0.5426469527051588 1.0 1.0 1.0 1.0 1.0 1.0 1.75 1.75 3.0 3.0 0 0.0 0 0.0 3.234014183120649 0.0 0.0 0 0 0.0 0.0 0.0 0.0 0.0 0.0 0.0 0.0 0.0 0.0 0.0 0.0 0.0 0.0 0.0 0.0 1 18.0 0.0 0.0 18.0 18.0 18.0 18.0 18.0 26.0 26.0 0.0 0.0 0.0 0.0 26.0 0.0 26.0 0.0 26.0 0.0 26.0 0.0 26.0 0.0
23 7 1 3.845755100000048 3.390990099999982 0.0 7.23674520000003 10.617325300000061 10.617325300000061 10.617325300000061 439.0 451.796875 39 39 1.0 0 26 26 False 0 0 False 1.5 1.5 0.9899494936611666 0.9899494936611666 0.6599663291074443 0.6599663291074443 1.0 1.0 1.0 1.0 1.0 1.0 2.0 2.0 5.0 5.0 0 0.0 0 0.0 2.9237094457344632 0.0 0.0 0 0 0.0 0.0 0.0 0.0 0.0 0.0 0.0 0.0 0.0 0.0 0.0 0.0 0.0 0.0 0.0 0.0 1 26.0 0.0 0.0 26.0 26.0 26.0 26.0 26.0 39.0 39.0 0.0 0.0 0.0 0.0 39.0 0.0 39.0 0.0 39.0 0.0 39.0 0.0 39.0 0.0
24 8 3 1.0064220000000148 0.337699500000042 0.0 1.3441215000000568 1.3441215000000568 1.3441215000000568 1.3441215000000568 371.1640625 364.28125 18 18 1.0 18 1 0 False 0 0 False 1.0 1.0 0.0 0.0 0.0 0.0 0.0 0.0 0.0 0.0 0.0 0.0 0.0 0.0 0.0 0.0 0 0.0 0 0.0 0.0 0.0 0.0 0 0 0.0 0.0 0.0 0.0 0.0 0.0 0.0 0.0 0.0 0.0 0.0 0.0 0.0 0.0 0.0 0.0 1 1.0 0.0 0.0 0.0 0.0 0.0 0.0 0.0 1.0 1.0 0.0 0.0 0.0 0.0 0.0 0.0 0.0 0.0 0.0 0.0 0.0 0.0 0.0 0.0
25 8 2 1.5189929000000006 0.4926354000000117 0.0 2.0116283000000124 3.355749800000069 3.355749800000069 3.355749800000069 394.953125 387.58984375 26 26 1.0 26 18 18 False 0 0 False 1.4444444444444444 1.4444444444444444 0.7047921864945659 0.7047921864945659 0.4879330521885456 0.4879330521885456 1.0 1.0 1.0 1.0 1.0 1.0 2.0 2.0 3.0 3.0 0 0.0 0 0.0 3.0044548542445133 0.0 0.0 0 0 0.0 0.0 0.0 0.0 0.0 0.0 0.0 0.0 0.0 0.0 0.0 0.0 0.0 0.0 0.0 0.0 1 18.0 0.0 0.0 18.0 18.0 18.0 18.0 18.0 26.0 26.0 0.0 0.0 0.0 0.0 26.0 0.0 26.0 0.0 26.0 0.0 26.0 0.0 26.0 0.0
26 8 1 3.8090147000000627 2.7591957999999295 0.0 6.568210499999992 9.923960300000061 9.923960300000061 9.923960300000061 453.19921875 464.9140625 39 39 1.0 0 26 26 False 0 0 False 1.5 1.5 0.5830951894845301 0.5830951894845301 0.38873012632302006 0.38873012632302006 1.0 1.0 1.0 1.0 1.0 1.0 2.0 2.0 3.0 3.0 0 0.0 0 0.0 2.1326220769458715 0.0 0.0 0 0 0.0 0.0 0.0 0.0 0.0 0.0 0.0 0.0 0.0 0.0 0.0 0.0 0.0 0.0 0.0 0.0 1 26.0 0.0 0.0 26.0 26.0 26.0 26.0 26.0 39.0 39.0 0.0 0.0 0.0 0.0 39.0 0.0 39.0 0.0 39.0 0.0 39.0 0.0 39.0 0.0
27 9 3 1.0041647999999554 0.3409914999999728 0.0 1.3451562999999283 1.3451562999999283 1.3451562999999283 1.3451562999999283 382.625 375.26171875 18 18 1.0 18 1 0 False 0 0 False 1.0 1.0 0.0 0.0 0.0 0.0 0.0 0.0 0.0 0.0 0.0 0.0 0.0 0.0 0.0 0.0 0 0.0 0 0.0 0.0 0.0 0.0 0 0 0.0 0.0 0.0 0.0 0.0 0.0 0.0 0.0 0.0 0.0 0.0 0.0 0.0 0.0 0.0 0.0 1 1.0 0.0 0.0 0.0 0.0 0.0 0.0 0.0 1.0 1.0 0.0 0.0 0.0 0.0 0.0 0.0 0.0 0.0 0.0 0.0 0.0 0.0 0.0 0.0
28 9 2 1.5151329999999348 0.6030180000000769 0.0 2.1181510000000117 3.46330729999994 3.46330729999994 3.46330729999994 404.9375 396.75390625 26 26 1.0 26 18 18 False 0 0 False 1.4444444444444444 1.4444444444444444 0.8555852638929972 0.8555852638929972 0.5923282596182288 0.5923282596182288 1.0 1.0 1.0 1.0 1.0 1.0 1.75 1.75 4.0 4.0 0 0.0 0 0.0 3.1965773877515895 0.0 0.0 0 0 0.0 0.0 0.0 0.0 0.0 0.0 0.0 0.0 0.0 0.0 0.0 0.0 0.0 0.0 0.0 0.0 1 18.0 0.0 0.0 18.0 18.0 18.0 18.0 18.0 26.0 26.0 0.0 0.0 0.0 0.0 26.0 0.0 26.0 0.0 26.0 0.0 26.0 0.0 26.0 0.0
29 9 1 3.829711100000054 2.6340612999999564 0.0 6.4637724000000105 9.92707969999995 9.92707969999995 9.92707969999995 459.83984375 471.1171875 39 39 1.0 0 26 26 False 0 0 False 1.5 1.5 0.812403840463596 0.812403840463596 0.5416025603090641 0.5416025603090641 1.0 1.0 1.0 1.0 1.0 1.0 2.0 2.0 3.0 3.0 0 0.0 0 0.0 2.7403677462368776 0.0 0.0 0 0 0.0 0.0 0.0 0.0 0.0 0.0 0.0 0.0 0.0 0.0 0.0 0.0 0.0 0.0 0.0 0.0 1 26.0 0.0 0.0 26.0 26.0 26.0 26.0 26.0 39.0 39.0 0.0 0.0 0.0 0.0 39.0 0.0 39.0 0.0 39.0 0.0 39.0 0.0 39.0 0.0
30 10 3 1.0081288999999742 0.38775640000000067 0.0 1.395885299999975 1.395885299999975 1.395885299999975 1.395885299999975 383.1015625 374.77734375 18 18 1.0 18 1 0 False 0 0 False 1.0 1.0 0.0 0.0 0.0 0.0 0.0 0.0 0.0 0.0 0.0 0.0 0.0 0.0 0.0 0.0 0 0.0 0 0.0 0.0 0.0 0.0 0 0 0.0 0.0 0.0 0.0 0.0 0.0 0.0 0.0 0.0 0.0 0.0 0.0 0.0 0.0 0.0 0.0 1 1.0 0.0 0.0 0.0 0.0 0.0 0.0 0.0 1.0 1.0 0.0 0.0 0.0 0.0 0.0 0.0 0.0 0.0 0.0 0.0 0.0 0.0 0.0 0.0
31 10 2 1.5146923000000356 0.5027976000000365 0.0 2.017489900000072 3.413375200000047 3.413375200000047 3.413375200000047 405.6875 397.08203125 26 26 1.0 26 18 18 False 0 0 False 1.4444444444444444 1.4444444444444444 0.8555852638929972 0.8555852638929972 0.5923282596182288 0.5923282596182288 1.0 1.0 1.0 1.0 1.0 1.0 1.75 1.75 4.0 4.0 0 0.0 0 0.0 2.9641201444024965 0.0 0.0 0 0 0.0 0.0 0.0 0.0 0.0 0.0 0.0 0.0 0.0 0.0 0.0 0.0 0.0 0.0 0.0 0.0 1 18.0 0.0 0.0 18.0 18.0 18.0 18.0 18.0 26.0 26.0 0.0 0.0 0.0 0.0 26.0 0.0 26.0 0.0 26.0 0.0 26.0 0.0 26.0 0.0
32 10 1 3.8247633999999096 3.333984000000015 0.0 7.158747399999925 10.572122599999972 10.572122599999972 10.572122599999972 472.30078125 484.5859375 39 39 1.0 0 26 26 False 0 0 False 1.5 1.5 0.7615773105863908 0.7615773105863908 0.5077182070575939 0.5077182070575939 1.0 1.0 1.0 1.0 1.0 1.0 2.0 2.0 4.0 4.0 0 0.0 0 0.0 2.177242433764466 0.0 0.0 0 0 0.0 0.0 0.0 0.0 0.0 0.0 0.0 0.0 0.0 0.0 0.0 0.0 0.0 0.0 0.0 0.0 1 26.0 0.0 0.0 26.0 26.0 26.0 26.0 26.0 39.0 39.0 0.0 0.0 0.0 0.0 39.0 0.0 39.0 0.0 39.0 0.0 39.0 0.0 39.0 0.0
33 11 3 1.0102503999999897 0.3473364999999262 0.0 1.3575868999999159 1.3575868999999159 1.3575868999999159 1.3575868999999159 396.66015625 388.90234375 18 18 1.0 18 1 0 False 0 0 False 1.0 1.0 0.0 0.0 0.0 0.0 0.0 0.0 0.0 0.0 0.0 0.0 0.0 0.0 0.0 0.0 0 0.0 0 0.0 0.0 0.0 0.0 0 0 0.0 0.0 0.0 0.0 0.0 0.0 0.0 0.0 0.0 0.0 0.0 0.0 0.0 0.0 0.0 0.0 1 1.0 0.0 0.0 0.0 0.0 0.0 0.0 0.0 1.0 1.0 0.0 0.0 0.0 0.0 0.0 0.0 0.0 0.0 0.0 0.0 0.0 0.0 0.0 0.0
34 11 2 1.5170048999999892 0.4973139999999603 0.0 2.0143188999999495 3.3719057999998654 3.3719057999998654 3.3719057999998654 420.46484375 412.47265625 26 26 1.0 26 18 18 False 0 0 False 1.4444444444444444 1.4444444444444444 0.7838233761296739 0.7838233761296739 0.5426469527051588 0.5426469527051588 1.0 1.0 1.0 1.0 1.0 1.0 2.0 2.0 4.0 4.0 0 0.0 0 0.0 3.1034959711264904 0.0 0.0 0 0 0.0 0.0 0.0 0.0 0.0 0.0 0.0 0.0 0.0 0.0 0.0 0.0 0.0 0.0 0.0 0.0 1 18.0 0.0 0.0 18.0 18.0 18.0 18.0 18.0 26.0 26.0 0.0 0.0 0.0 0.0 26.0 0.0 26.0 0.0 26.0 0.0 26.0 0.0 26.0 0.0
35 11 1 3.8085513000000617 4.027731999999958 0.0 7.836283300000019 11.208189099999885 11.208189099999885 11.208189099999885 477.41015625 489.4375 39 39 1.0 0 26 26 False 0 0 False 1.5 1.5 0.7615773105863908 0.7615773105863908 0.5077182070575939 0.5077182070575939 1.0 1.0 1.0 1.0 1.0 1.0 2.0 2.0 3.0 3.0 0 0.0 0 0.0 2.5589210466673102 0.0 0.0 0 0 0.0 0.0 0.0 0.0 0.0 0.0 0.0 0.0 0.0 0.0 0.0 0.0 0.0 0.0 0.0 0.0 1 26.0 0.0 0.0 26.0 26.0 26.0 26.0 26.0 39.0 39.0 0.0 0.0 0.0 0.0 39.0 0.0 39.0 0.0 39.0 0.0 39.0 0.0 39.0 0.0
36 12 3 1.0097389999999393 0.46430659999998625 0.0 1.4740455999999256 1.4740455999999256 1.4740455999999256 1.4740455999999256 407.578125 400.01171875 18 18 1.0 18 1 0 False 0 0 False 1.0 1.0 0.0 0.0 0.0 0.0 0.0 0.0 0.0 0.0 0.0 0.0 0.0 0.0 0.0 0.0 0 0.0 0 0.0 0.0 0.0 0.0 0 0 0.0 0.0 0.0 0.0 0.0 0.0 0.0 0.0 0.0 0.0 0.0 0.0 0.0 0.0 0.0 0.0 1 1.0 0.0 0.0 0.0 0.0 0.0 0.0 0.0 1.0 1.0 0.0 0.0 0.0 0.0 0.0 0.0 0.0 0.0 0.0 0.0 0.0 0.0 0.0 0.0
37 12 2 1.5209633999999994 0.512139899999994 0.0 2.0331032999999934 3.507148899999919 3.507148899999919 3.507148899999919 431.609375 423.57421875 26 26 1.0 26 18 18 False 0 0 False 1.4444444444444444 1.4444444444444444 0.8555852638929972 0.8555852638929972 0.5923282596182288 0.5923282596182288 1.0 1.0 1.0 1.0 1.0 1.0 1.75 1.75 4.0 4.0 0 0.0 0 0.0 3.1965773877515895 0.0 0.0 0 0 0.0 0.0 0.0 0.0 0.0 0.0 0.0 0.0 0.0 0.0 0.0 0.0 0.0 0.0 0.0 0.0 1 18.0 0.0 0.0 18.0 18.0 18.0 18.0 18.0 26.0 26.0 0.0 0.0 0.0 0.0 26.0 0.0 26.0 0.0 26.0 0.0 26.0 0.0 26.0 0.0
38 12 1 3.837053500000053 3.1742750000000797 0.0 7.011328500000133 10.518477400000052 10.518477400000052 10.518477400000052 485.41796875 496.9296875 39 39 1.0 0 26 26 False 0 0 False 1.5 1.5 0.9055385138137416 0.9055385138137416 0.6036923425424944 0.6036923425424944 1.0 1.0 1.0 1.0 1.0 1.0 2.0 2.0 5.0 5.0 0 0.0 0 0.0 2.8028145195087797 0.0 0.0 0 0 0.0 0.0 0.0 0.0 0.0 0.0 0.0 0.0 0.0 0.0 0.0 0.0 0.0 0.0 0.0 0.0 1 26.0 0.0 0.0 26.0 26.0 26.0 26.0 26.0 39.0 39.0 0.0 0.0 0.0 0.0 39.0 0.0 39.0 0.0 39.0 0.0 39.0 0.0 39.0 0.0
39 13 3 1.026336999999927 0.4331483000000276 0.0 1.4594852999999546 1.4594852999999546 1.4594852999999546 1.4594852999999546 416.08203125 408.1484375 18 18 1.0 18 1 0 False 0 0 False 1.0 1.0 0.0 0.0 0.0 0.0 0.0 0.0 0.0 0.0 0.0 0.0 0.0 0.0 0.0 0.0 0 0.0 0 0.0 0.0 0.0 0.0 0 0 0.0 0.0 0.0 0.0 0.0 0.0 0.0 0.0 0.0 0.0 0.0 0.0 0.0 0.0 0.0 0.0 1 1.0 0.0 0.0 0.0 0.0 0.0 0.0 0.0 1.0 1.0 0.0 0.0 0.0 0.0 0.0 0.0 0.0 0.0 0.0 0.0 0.0 0.0 0.0 0.0
40 13 2 1.5409535999999946 0.5157911000000297 0.0 2.0567447000000243 3.516229999999979 3.516229999999979 3.516229999999979 436.91015625 428.515625 26 26 1.0 26 18 18 False 0 0 False 1.4444444444444444 1.4444444444444444 0.9217771979249536 0.9217771979249536 0.6381534447172755 0.6381534447172755 1.0 1.0 1.0 1.0 1.0 1.0 1.0 1.0 4.0 4.0 0 0.0 0 0.0 3.3057500720857065 0.0 0.0 0 0 0.0 0.0 0.0 0.0 0.0 0.0 0.0 0.0 0.0 0.0 0.0 0.0 0.0 0.0 0.0 0.0 1 18.0 0.0 0.0 18.0 18.0 18.0 18.0 18.0 26.0 26.0 0.0 0.0 0.0 0.0 26.0 0.0 26.0 0.0 26.0 0.0 26.0 0.0 26.0 0.0
41 13 1 3.820308299999965 2.950918300000012 0.0 6.771226599999977 10.287456599999956 10.287456599999956 10.287456599999956 492.1640625 503.6484375 39 39 1.0 0 26 26 False 0 0 False 1.5 1.5 0.8602325267042626 0.8602325267042626 0.5734883511361751 0.5734883511361751 1.0 1.0 1.0 1.0 1.0 1.0 2.0 2.0 4.0 4.0 0 0.0 0 0.0 2.4039230756923473 0.0 0.0 0 0 0.0 0.0 0.0 0.0 0.0 0.0 0.0 0.0 0.0 0.0 0.0 0.0 0.0 0.0 0.0 0.0 1 26.0 0.0 0.0 26.0 26.0 26.0 26.0 26.0 39.0 39.0 0.0 0.0 0.0 0.0 39.0 0.0 39.0 0.0 39.0 0.0 39.0 0.0 39.0 0.0
42 14 3 1.0112440999999706 0.3309758000000045 0.0 1.342219899999975 1.342219899999975 1.342219899999975 1.342219899999975 421.3046875 413.81640625 18 18 1.0 18 1 0 False 0 0 False 1.0 1.0 0.0 0.0 0.0 0.0 0.0 0.0 0.0 0.0 0.0 0.0 0.0 0.0 0.0 0.0 0 0.0 0 0.0 0.0 0.0 0.0 0 0 0.0 0.0 0.0 0.0 0.0 0.0 0.0 0.0 0.0 0.0 0.0 0.0 0.0 0.0 0.0 0.0 1 1.0 0.0 0.0 0.0 0.0 0.0 0.0 0.0 1.0 1.0 0.0 0.0 0.0 0.0 0.0 0.0 0.0 0.0 0.0 0.0 0.0 0.0 0.0 0.0
43 14 2 1.5113536000000067 0.5052720000000193 0.0 2.016625600000026 3.358845500000001 3.358845500000001 3.358845500000001 443.85546875 435.91015625 26 26 1.0 26 18 18 False 0 0 False 1.4444444444444444 1.4444444444444444 0.7838233761296739 0.7838233761296739 0.5426469527051588 0.5426469527051588 1.0 1.0 1.0 1.0 1.0 1.0 1.75 1.75 3.0 3.0 0 0.0 0 0.0 3.261573252635073 0.0 0.0 0 0 0.0 0.0 0.0 0.0 0.0 0.0 0.0 0.0 0.0 0.0 0.0 0.0 0.0 0.0 0.0 0.0 1 18.0 0.0 0.0 18.0 18.0 18.0 18.0 18.0 26.0 26.0 0.0 0.0 0.0 0.0 26.0 0.0 26.0 0.0 26.0 0.0 26.0 0.0 26.0 0.0
44 14 1 3.9618799000000138 2.905871800000085 0.0 6.867751700000099 10.2265972000001 10.2265972000001 10.2265972000001 498.703125 510.46484375 39 39 1.0 0 26 26 False 0 0 False 1.5 1.5 0.812403840463596 0.812403840463596 0.5416025603090641 0.5416025603090641 1.0 1.0 1.0 1.0 1.0 1.0 2.0 2.0 4.0 4.0 0 0.0 0 0.0 2.5888072691730213 0.0 0.0 0 0 0.0 0.0 0.0 0.0 0.0 0.0 0.0 0.0 0.0 0.0 0.0 0.0 0.0 0.0 0.0 0.0 1 26.0 0.0 0.0 26.0 26.0 26.0 26.0 26.0 39.0 39.0 0.0 0.0 0.0 0.0 39.0 0.0 39.0 0.0 39.0 0.0 39.0 0.0 39.0 0.0
45 15 3 1.0106997000000035 0.5543484000000376 0.0 1.5650481000000411 1.5650481000000411 1.5650481000000411 1.5650481000000411 428.2734375 420.9296875 18 18 1.0 18 1 0 False 0 0 False 1.0 1.0 0.0 0.0 0.0 0.0 0.0 0.0 0.0 0.0 0.0 0.0 0.0 0.0 0.0 0.0 0 0.0 0 0.0 0.0 0.0 0.0 0 0 0.0 0.0 0.0 0.0 0.0 0.0 0.0 0.0 0.0 0.0 0.0 0.0 0.0 0.0 0.0 0.0 1 1.0 0.0 0.0 0.0 0.0 0.0 0.0 0.0 1.0 1.0 0.0 0.0 0.0 0.0 0.0 0.0 0.0 0.0 0.0 0.0 0.0 0.0 0.0 0.0
46 15 2 1.5134759999999687 0.49499940000001175 0.0 2.0084753999999805 3.5735235000000216 3.5735235000000216 3.5735235000000216 452.34765625 444.5 26 26 1.0 26 18 18 False 0 0 False 1.4444444444444444 1.4444444444444444 0.9217771979249536 0.9217771979249536 0.6381534447172755 0.6381534447172755 1.0 1.0 1.0 1.0 1.0 1.0 1.0 1.0 4.0 4.0 0 0.0 0 0.0 3.2244564412570047 0.0 0.0 0 0 0.0 0.0 0.0 0.0 0.0 0.0 0.0 0.0 0.0 0.0 0.0 0.0 0.0 0.0 0.0 0.0 1 18.0 0.0 0.0 18.0 18.0 18.0 18.0 18.0 26.0 26.0 0.0 0.0 0.0 0.0 26.0 0.0 26.0 0.0 26.0 0.0 26.0 0.0 26.0 0.0
47 15 1 3.843158800000083 3.7110343999999316 0.0 7.5541932000000145 11.127716700000036 11.127716700000036 11.127716700000036 507.19921875 518.42578125 39 39 1.0 0 26 26 False 0 0 False 1.5 1.5 0.7071067811865476 0.7071067811865476 0.47140452079103173 0.47140452079103173 1.0 1.0 1.0 1.0 1.0 1.0 2.0 2.0 4.0 4.0 0 0.0 0 0.0 2.3717082451262845 0.0 0.0 0 0 0.0 0.0 0.0 0.0 0.0 0.0 0.0 0.0 0.0 0.0 0.0 0.0 0.0 0.0 0.0 0.0 1 26.0 0.0 0.0 26.0 26.0 26.0 26.0 26.0 39.0 39.0 0.0 0.0 0.0 0.0 39.0 0.0 39.0 0.0 39.0 0.0 39.0 0.0 39.0 0.0
48 16 3 1.0123526999999797 0.4278569000000516 0.0 1.4402096000000313 1.4402096000000313 1.4402096000000313 1.4402096000000313 436.5234375 428.70703125 18 18 1.0 18 1 0 False 0 0 False 1.0 1.0 0.0 0.0 0.0 0.0 0.0 0.0 0.0 0.0 0.0 0.0 0.0 0.0 0.0 0.0 0 0.0 0 0.0 0.0 0.0 0.0 0 0 0.0 0.0 0.0 0.0 0.0 0.0 0.0 0.0 0.0 0.0 0.0 0.0 0.0 0.0 0.0 0.0 1 1.0 0.0 0.0 0.0 0.0 0.0 0.0 0.0 1.0 1.0 0.0 0.0 0.0 0.0 0.0 0.0 0.0 0.0 0.0 0.0 0.0 0.0 0.0 0.0
49 16 2 1.5108917999999676 0.7153213999999934 0.0 2.226213199999961 3.6664227999999923 3.6664227999999923 3.6664227999999923 460.35546875 452.52734375 26 26 1.0 26 18 18 False 0 0 False 1.4444444444444444 1.4444444444444444 0.7838233761296739 0.7838233761296739 0.5426469527051588 0.5426469527051588 1.0 1.0 1.0 1.0 1.0 1.0 1.75 1.75 3.0 3.0 0 0.0 0 0.0 3.234014183120649 0.0 0.0 0 0 0.0 0.0 0.0 0.0 0.0 0.0 0.0 0.0 0.0 0.0 0.0 0.0 0.0 0.0 0.0 0.0 1 18.0 0.0 0.0 18.0 18.0 18.0 18.0 18.0 26.0 26.0 0.0 0.0 0.0 0.0 26.0 0.0 26.0 0.0 26.0 0.0 26.0 0.0 26.0 0.0
50 16 1 3.8749161999999444 2.8563151999999548 0.0 6.731231399999899 10.397654199999891 10.397654199999891 10.397654199999891 516.33984375 528.05859375 39 39 1.0 0 26 26 False 0 0 False 1.5 1.5 0.5830951894845301 0.5830951894845301 0.38873012632302006 0.38873012632302006 1.0 1.0 1.0 1.0 1.0 1.0 2.0 2.0 3.0 3.0 0 0.0 0 0.0 1.9240382212739635 0.0 0.0 0 0 0.0 0.0 0.0 0.0 0.0 0.0 0.0 0.0 0.0 0.0 0.0 0.0 0.0 0.0 0.0 0.0 1 26.0 0.0 0.0 26.0 26.0 26.0 26.0 26.0 39.0 39.0 0.0 0.0 0.0 0.0 39.0 0.0 39.0 0.0 39.0 0.0 39.0 0.0 39.0 0.0
51 17 3 1.0130468000000121 0.3755044999999484 0.0 1.3885512999999605 1.3885512999999605 1.3885512999999605 1.3885512999999605 443.69140625 436.19921875 18 18 1.0 18 1 0 False 0 0 False 1.0 1.0 0.0 0.0 0.0 0.0 0.0 0.0 0.0 0.0 0.0 0.0 0.0 0.0 0.0 0.0 0 0.0 0 0.0 0.0 0.0 0.0 0 0 0.0 0.0 0.0 0.0 0.0 0.0 0.0 0.0 0.0 0.0 0.0 0.0 0.0 0.0 0.0 0.0 1 1.0 0.0 0.0 0.0 0.0 0.0 0.0 0.0 1.0 1.0 0.0 0.0 0.0 0.0 0.0 0.0 0.0 0.0 0.0 0.0 0.0 0.0 0.0 0.0
52 17 2 1.5123370999999963 0.6906432000000109 0.0 2.202980300000007 3.5915315999999677 3.5915315999999677 3.5915315999999677 466.37109375 458.5078125 26 26 1.0 26 18 18 False 0 0 False 1.4444444444444444 1.4444444444444444 0.9835244081556433 0.9835244081556433 0.6809015133385223 0.6809015133385223 1.0 1.0 1.0 1.0 1.0 1.0 1.75 1.75 5.0 5.0 0 0.0 0 0.0 3.249248092824597 0.0 0.0 0 0 0.0 0.0 0.0 0.0 0.0 0.0 0.0 0.0 0.0 0.0 0.0 0.0 0.0 0.0 0.0 0.0 1 18.0 0.0 0.0 18.0 18.0 18.0 18.0 18.0 26.0 26.0 0.0 0.0 0.0 0.0 26.0 0.0 26.0 0.0 26.0 0.0 26.0 0.0 26.0 0.0
53 17 1 3.8415002999999217 4.499062999999978 0.0 8.3405632999999 11.932094899999868 11.932094899999868 11.932094899999868 529.60546875 543.39453125 39 39 1.0 0 26 26 False 0 0 False 1.5 1.5 0.8602325267042626 0.8602325267042626 0.5734883511361751 0.5734883511361751 1.0 1.0 1.0 1.0 1.0 1.0 2.0 2.0 4.0 4.0 0 0.0 0 0.0 2.6109974516088084 0.0 0.0 0 0 0.0 0.0 0.0 0.0 0.0 0.0 0.0 0.0 0.0 0.0 0.0 0.0 0.0 0.0 0.0 0.0 1 26.0 0.0 0.0 26.0 26.0 26.0 26.0 26.0 39.0 39.0 0.0 0.0 0.0 0.0 39.0 0.0 39.0 0.0 39.0 0.0 39.0 0.0 39.0 0.0
54 18 3 1.0125199000000862 0.39841630000012174 0.0 1.410936200000208 1.410936200000208 1.410936200000208 1.410936200000208 450.19921875 442.58203125 18 18 1.0 18 1 0 False 0 0 False 1.0 1.0 0.0 0.0 0.0 0.0 0.0 0.0 0.0 0.0 0.0 0.0 0.0 0.0 0.0 0.0 0 0.0 0 0.0 0.0 0.0 0.0 0 0 0.0 0.0 0.0 0.0 0.0 0.0 0.0 0.0 0.0 0.0 0.0 0.0 0.0 0.0 0.0 0.0 1 1.0 0.0 0.0 0.0 0.0 0.0 0.0 0.0 1.0 1.0 0.0 0.0 0.0 0.0 0.0 0.0 0.0 0.0 0.0 0.0 0.0 0.0 0.0 0.0
55 18 2 1.5115109000000757 0.48895000000010214 0.0 2.000460900000178 3.4113971000003858 3.4113971000003858 3.4113971000003858 472.84375 464.9140625 26 26 1.0 26 18 18 False 0 0 False 1.4444444444444444 1.4444444444444444 0.7838233761296739 0.7838233761296739 0.5426469527051588 0.5426469527051588 1.0 1.0 1.0 1.0 1.0 1.0 2.0 2.0 4.0 4.0 0 0.0 0 0.0 2.858098017884515 0.0 0.0 0 0 0.0 0.0 0.0 0.0 0.0 0.0 0.0 0.0 0.0 0.0 0.0 0.0 0.0 0.0 0.0 0.0 1 18.0 0.0 0.0 18.0 18.0 18.0 18.0 18.0 26.0 26.0 0.0 0.0 0.0 0.0 26.0 0.0 26.0 0.0 26.0 0.0 26.0 0.0 26.0 0.0
56 18 1 3.8413670999999 3.431753599999979 0.0 7.273120699999879 10.684517800000265 10.684517800000265 10.684517800000265 535.50390625 549.25 39 39 1.0 0 26 26 False 0 0 False 1.5 1.5 0.648074069840786 0.648074069840786 0.43204937989385733 0.43204937989385733 1.0 1.0 1.0 1.0 1.0 1.0 2.0 2.0 3.0 3.0 0 0.0 0 0.0 2.040456208415544 0.0 0.0 0 0 0.0 0.0 0.0 0.0 0.0 0.0 0.0 0.0 0.0 0.0 0.0 0.0 0.0 0.0 0.0 0.0 1 26.0 0.0 0.0 26.0 26.0 26.0 26.0 26.0 39.0 39.0 0.0 0.0 0.0 0.0 39.0 0.0 39.0 0.0 39.0 0.0 39.0 0.0 39.0 0.0
57 19 3 1.0087516000000392 0.3768940999999586 0.0 1.3856456999999978 1.3856456999999978 1.3856456999999978 1.3856456999999978 461.28515625 454.171875 18 18 1.0 18 1 0 False 0 0 False 1.0 1.0 0.0 0.0 0.0 0.0 0.0 0.0 0.0 0.0 0.0 0.0 0.0 0.0 0.0 0.0 0 0.0 0 0.0 0.0 0.0 0.0 0 0 0.0 0.0 0.0 0.0 0.0 0.0 0.0 0.0 0.0 0.0 0.0 0.0 0.0 0.0 0.0 0.0 1 1.0 0.0 0.0 0.0 0.0 0.0 0.0 0.0 1.0 1.0 0.0 0.0 0.0 0.0 0.0 0.0 0.0 0.0 0.0 0.0 0.0 0.0 0.0 0.0
58 19 2 1.4971512999999277 0.5054996000000074 0.0 2.002650899999935 3.388296599999933 3.388296599999933 3.388296599999933 484.6328125 477.48828125 26 26 1.0 26 18 18 False 0 0 False 1.4444444444444444 1.4444444444444444 0.7838233761296739 0.7838233761296739 0.5426469527051588 0.5426469527051588 1.0 1.0 1.0 1.0 1.0 1.0 2.0 2.0 4.0 4.0 0 0.0 0 0.0 2.933768205699568 0.0 0.0 0 0 0.0 0.0 0.0 0.0 0.0 0.0 0.0 0.0 0.0 0.0 0.0 0.0 0.0 0.0 0.0 0.0 1 18.0 0.0 0.0 18.0 18.0 18.0 18.0 18.0 26.0 26.0 0.0 0.0 0.0 0.0 26.0 0.0 26.0 0.0 26.0 0.0 26.0 0.0 26.0 0.0
59 19 1 3.8527514000002157 4.0712471000000505 0.0 7.923998500000266 11.312295100000199 11.312295100000199 11.312295100000199 548.42578125 560.4296875 39 39 1.0 0 26 26 False 0 0 False 1.5 1.5 0.648074069840786 0.648074069840786 0.43204937989385733 0.43204937989385733 1.0 1.0 1.0 1.0 1.0 1.0 2.0 2.0 3.0 3.0 0 0.0 0 0.0 2.4119095530943304 0.0 0.0 0 0 0.0 0.0 0.0 0.0 0.0 0.0 0.0 0.0 0.0 0.0 0.0 0.0 0.0 0.0 0.0 0.0 1 26.0 0.0 0.0 26.0 26.0 26.0 26.0 26.0 39.0 39.0 0.0 0.0 0.0 0.0 39.0 0.0 39.0 0.0 39.0 0.0 39.0 0.0 39.0 0.0
60 20 3 1.016164799999899 0.6941795000000184 0.0 1.7103442999999174 1.7103442999999174 1.7103442999999174 1.7103442999999174 410.6796875 409.12109375 18 18 1.0 18 1 0 False 0 0 False 1.0 1.0 0.0 0.0 0.0 0.0 0.0 0.0 0.0 0.0 0.0 0.0 0.0 0.0 0.0 0.0 0 0.0 0 0.0 0.0 0.0 0.0 0 0 0.0 0.0 0.0 0.0 0.0 0.0 0.0 0.0 0.0 0.0 0.0 0.0 0.0 0.0 0.0 0.0 1 1.0 0.0 0.0 0.0 0.0 0.0 0.0 0.0 1.0 1.0 0.0 0.0 0.0 0.0 0.0 0.0 0.0 0.0 0.0 0.0 0.0 0.0 0.0 0.0
61 20 2 1.5260816999999065 0.5215220999999701 0.0 2.0476037999998766 3.757948099999794 3.757948099999794 3.757948099999794 464.32421875 466.09765625 26 26 1.0 26 18 18 False 0 0 False 1.4444444444444444 1.4444444444444444 0.7838233761296739 0.7838233761296739 0.5426469527051588 0.5426469527051588 1.0 1.0 1.0 1.0 1.0 1.0 2.0 2.0 4.0 4.0 0 0.0 0 0.0 3.0157337756773757 0.0 0.0 0 0 0.0 0.0 0.0 0.0 0.0 0.0 0.0 0.0 0.0 0.0 0.0 0.0 0.0 0.0 0.0 0.0 1 18.0 0.0 0.0 18.0 18.0 18.0 18.0 18.0 26.0 26.0 0.0 0.0 0.0 0.0 26.0 0.0 26.0 0.0 26.0 0.0 26.0 0.0 26.0 0.0
62 20 1 3.8204650000000697 2.904325300000039 0.0 6.724790300000109 10.482738399999903 10.482738399999903 10.482738399999903 545.8125 561.515625 39 39 1.0 0 26 26 False 0 0 False 1.5 1.5 0.9055385138137416 0.9055385138137416 0.6036923425424944 0.6036923425424944 1.0 1.0 1.0 1.0 1.0 1.0 2.0 2.0 5.0 5.0 0 0.0 0 0.0 2.7473763708449055 0.0 0.0 0 0 0.0 0.0 0.0 0.0 0.0 0.0 0.0 0.0 0.0 0.0 0.0 0.0 0.0 0.0 0.0 0.0 1 26.0 0.0 0.0 26.0 26.0 26.0 26.0 26.0 39.0 39.0 0.0 0.0 0.0 0.0 39.0 0.0 39.0 0.0 39.0 0.0 39.0 0.0 39.0 0.0
63 21 3 1.0101206999999022 0.4784219999999664 0.0 1.4885426999998685 1.4885426999998685 1.4885426999998685 1.4885426999998685 474.20703125 469.09765625 18 18 1.0 18 1 0 False 0 0 False 1.0 1.0 0.0 0.0 0.0 0.0 0.0 0.0 0.0 0.0 0.0 0.0 0.0 0.0 0.0 0.0 0 0.0 0 0.0 0.0 0.0 0.0 0 0 0.0 0.0 0.0 0.0 0.0 0.0 0.0 0.0 0.0 0.0 0.0 0.0 0.0 0.0 0.0 0.0 1 1.0 0.0 0.0 0.0 0.0 0.0 0.0 0.0 1.0 1.0 0.0 0.0 0.0 0.0 0.0 0.0 0.0 0.0 0.0 0.0 0.0 0.0 0.0 0.0
64 21 2 1.518130000000042 0.5511275999999725 0.0 2.0692576000000145 3.557800299999883 3.557800299999883 3.557800299999883 498.953125 492.73046875 26 26 1.0 26 18 18 False 0 0 False 1.4444444444444444 1.4444444444444444 0.7838233761296739 0.7838233761296739 0.5426469527051588 0.5426469527051588 1.0 1.0 1.0 1.0 1.0 1.0 1.75 1.75 3.0 3.0 0 0.0 0 0.0 3.261573252635073 0.0 0.0 0 0 0.0 0.0 0.0 0.0 0.0 0.0 0.0 0.0 0.0 0.0 0.0 0.0 0.0 0.0 0.0 0.0 1 18.0 0.0 0.0 18.0 18.0 18.0 18.0 18.0 26.0 26.0 0.0 0.0 0.0 0.0 26.0 0.0 26.0 0.0 26.0 0.0 26.0 0.0 26.0 0.0
65 21 1 3.8167847000001984 2.623851899999977 0.0 6.440636600000175 9.998436900000058 9.998436900000058 9.998436900000058 561.26171875 575.578125 39 39 1.0 0 26 26 False 0 0 False 1.5 1.5 0.812403840463596 0.812403840463596 0.5416025603090641 0.5416025603090641 1.0 1.0 1.0 1.0 1.0 1.0 2.0 2.0 4.0 4.0 0 0.0 0 0.0 2.8028145195087797 0.0 0.0 0 0 0.0 0.0 0.0 0.0 0.0 0.0 0.0 0.0 0.0 0.0 0.0 0.0 0.0 0.0 0.0 0.0 1 26.0 0.0 0.0 26.0 26.0 26.0 26.0 26.0 39.0 39.0 0.0 0.0 0.0 0.0 39.0 0.0 39.0 0.0 39.0 0.0 39.0 0.0 39.0 0.0
66 22 3 1.0161068999999543 0.48325790000018287 0.0 1.4993648000001372 1.4993648000001372 1.4993648000001372 1.4993648000001372 483.34765625 477.41015625 18 18 1.0 18 1 0 False 0 0 False 1.0 1.0 0.0 0.0 0.0 0.0 0.0 0.0 0.0 0.0 0.0 0.0 0.0 0.0 0.0 0.0 0 0.0 0 0.0 0.0 0.0 0.0 0 0 0.0 0.0 0.0 0.0 0.0 0.0 0.0 0.0 0.0 0.0 0.0 0.0 0.0 0.0 0.0 0.0 1 1.0 0.0 0.0 0.0 0.0 0.0 0.0 0.0 1.0 1.0 0.0 0.0 0.0 0.0 0.0 0.0 0.0 0.0 0.0 0.0 0.0 0.0 0.0 0.0
67 22 2 1.5114097999998535 0.5321096000000125 0.0 2.043519399999866 3.542884200000003 3.542884200000003 3.542884200000003 506.265625 499.8828125 26 26 1.0 26 18 18 False 0 0 False 1.4444444444444444 1.4444444444444444 0.8555852638929972 0.8555852638929972 0.5923282596182288 0.5923282596182288 1.0 1.0 1.0 1.0 1.0 1.0 1.75 1.75 4.0 4.0 0 0.0 0 0.0 3.1965773877515895 0.0 0.0 0 0 0.0 0.0 0.0 0.0 0.0 0.0 0.0 0.0 0.0 0.0 0.0 0.0 0.0 0.0 0.0 0.0 1 18.0 0.0 0.0 18.0 18.0 18.0 18.0 18.0 26.0 26.0 0.0 0.0 0.0 0.0 26.0 0.0 26.0 0.0 26.0 0.0 26.0 0.0 26.0 0.0
68 22 1 3.8356162999999697 3.7739710999998692 0.0 7.609587399999839 11.152471599999842 11.152471599999842 11.152471599999842 567.7734375 580.28515625 39 39 1.0 0 26 26 False 0 0 False 1.5 1.5 0.7615773105863908 0.7615773105863908 0.5077182070575939 0.5077182070575939 1.0 1.0 1.0 1.0 1.0 1.0 2.0 2.0 3.0 3.0 0 0.0 0 0.0 2.7050522531566172 0.0 0.0 0 0 0.0 0.0 0.0 0.0 0.0 0.0 0.0 0.0 0.0 0.0 0.0 0.0 0.0 0.0 0.0 0.0 1 26.0 0.0 0.0 26.0 26.0 26.0 26.0 26.0 39.0 39.0 0.0 0.0 0.0 0.0 39.0 0.0 39.0 0.0 39.0 0.0 39.0 0.0 39.0 0.0
69 23 3 1.017584900000088 0.39426540000033583 0.0 1.4118503000004239 1.4118503000004239 1.4118503000004239 1.4118503000004239 496.1875 489.26953125 18 18 1.0 18 1 0 False 0 0 False 1.0 1.0 0.0 0.0 0.0 0.0 0.0 0.0 0.0 0.0 0.0 0.0 0.0 0.0 0.0 0.0 0 0.0 0 0.0 0.0 0.0 0.0 0 0 0.0 0.0 0.0 0.0 0.0 0.0 0.0 0.0 0.0 0.0 0.0 0.0 0.0 0.0 0.0 0.0 1 1.0 0.0 0.0 0.0 0.0 0.0 0.0 0.0 1.0 1.0 0.0 0.0 0.0 0.0 0.0 0.0 0.0 0.0 0.0 0.0 0.0 0.0 0.0 0.0
70 23 2 1.5100012999998285 0.51144579999999 0.0 2.0214470999998184 3.4332974000002423 3.4332974000002423 3.4332974000002423 520.4296875 513.09375 26 26 1.0 26 18 18 False 0 0 False 1.4444444444444444 1.4444444444444444 0.8555852638929972 0.8555852638929972 0.5923282596182288 0.5923282596182288 1.0 1.0 1.0 1.0 1.0 1.0 1.75 1.75 4.0 4.0 0 0.0 0 0.0 3.1965773877515895 0.0 0.0 0 0 0.0 0.0 0.0 0.0 0.0 0.0 0.0 0.0 0.0 0.0 0.0 0.0 0.0 0.0 0.0 0.0 1 18.0 0.0 0.0 18.0 18.0 18.0 18.0 18.0 26.0 26.0 0.0 0.0 0.0 0.0 26.0 0.0 26.0 0.0 26.0 0.0 26.0 0.0 26.0 0.0
71 23 1 3.837315500000102 4.145580900000198 0.0 7.9828964000003 11.416193800000542 11.416193800000542 11.416193800000542 577.9140625 590.2265625 39 39 1.0 0 26 26 False 0 0 False 1.5 1.5 0.7615773105863908 0.7615773105863908 0.5077182070575939 0.5077182070575939 1.0 1.0 1.0 1.0 1.0 1.0 2.0 2.0 3.0 3.0 0 0.0 0 0.0 2.4514516892273006 0.0 0.0 0 0 0.0 0.0 0.0 0.0 0.0 0.0 0.0 0.0 0.0 0.0 0.0 0.0 0.0 0.0 0.0 0.0 1 26.0 0.0 0.0 26.0 26.0 26.0 26.0 26.0 39.0 39.0 0.0 0.0 0.0 0.0 39.0 0.0 39.0 0.0 39.0 0.0 39.0 0.0 39.0 0.0
72 24 3 1.0071401999999807 0.3590321000000358 0.0 1.3661723000000165 1.3661723000000165 1.3661723000000165 1.3661723000000165 502.8046875 495.55078125 18 18 1.0 18 1 0 False 0 0 False 1.0 1.0 0.0 0.0 0.0 0.0 0.0 0.0 0.0 0.0 0.0 0.0 0.0 0.0 0.0 0.0 0 0.0 0 0.0 0.0 0.0 0.0 0 0 0.0 0.0 0.0 0.0 0.0 0.0 0.0 0.0 0.0 0.0 0.0 0.0 0.0 0.0 0.0 0.0 1 1.0 0.0 0.0 0.0 0.0 0.0 0.0 0.0 1.0 1.0 0.0 0.0 0.0 0.0 0.0 0.0 0.0 0.0 0.0 0.0 0.0 0.0 0.0 0.0
73 24 2 1.5196432999998706 0.519688199999905 0.0 2.0393314999997756 3.405503799999792 3.405503799999792 3.405503799999792 527.3203125 519.875 26 26 1.0 26 18 18 False 0 0 False 1.4444444444444444 1.4444444444444444 1.0416176459053668 1.0416176459053668 0.7211199087037155 0.7211199087037155 1.0 1.0 1.0 1.0 1.0 1.0 1.0 1.0 5.0 5.0 0 0.0 0 0.0 3.4177580310559934 0.0 0.0 0 0 0.0 0.0 0.0 0.0 0.0 0.0 0.0 0.0 0.0 0.0 0.0 0.0 0.0 0.0 0.0 0.0 1 18.0 0.0 0.0 18.0 18.0 18.0 18.0 18.0 26.0 26.0 0.0 0.0 0.0 0.0 26.0 0.0 26.0 0.0 26.0 0.0 26.0 0.0 26.0 0.0
74 24 1 3.822029999999927 5.206439999999986 0.0 9.028469999999913 12.433973799999706 12.433973799999706 12.433973799999706 582.2421875 595.18359375 39 39 1.0 0 26 26 False 0 0 False 1.5 1.5 0.9055385138137416 0.9055385138137416 0.6036923425424944 0.6036923425424944 1.0 1.0 1.0 1.0 1.0 1.0 2.0 2.0 4.0 4.0 0 0.0 0 0.0 2.4826319780550516 0.0 0.0 0 0 0.0 0.0 0.0 0.0 0.0 0.0 0.0 0.0 0.0 0.0 0.0 0.0 0.0 0.0 0.0 0.0 1 26.0 0.0 0.0 26.0 26.0 26.0 26.0 26.0 39.0 39.0 0.0 0.0 0.0 0.0 39.0 0.0 39.0 0.0 39.0 0.0 39.0 0.0 39.0 0.0
