    LE LE AC AC CF CF CP_EF_L CP_EF_L SP_EB_L SP_EB_L GT GT ST ST GT_POTT GT_POTT ST_POTT ST_POTT TT TT LT LT WT WT MET MET CT CT
statistic    0.5 IQR 0.5 IQR 0.5 IQR 0.5 IQR 0.5 IQR 0.5 IQR 0.5 IQR 0.5 IQR 0.5 IQR 0.5 IQR 0.5 IQR 0.5 IQR 0.5 IQR 0.5 IQR
problem planning_mode online_bounds AL                            
ps1 classical NONE 1 39.0 0.0 39.0 0.0 1.0 0.0 1.0 0.0 0.0 0.0 4.512569000000028 0.039930600000133154 9.000295900000083 1.2402429999999072 0.333502422609165 0.025774469203735273 0.6664975773908347 0.025774469203734496 13.5333844000003 1.3233233999998504 13.5333844000003 1.3233233999998504 13.5333844000003 1.3233233999998504 0.0 0.0 13.5333844000003 1.3233233999998504
ps1 classical NONE 2 26.0 0.0 26.0 0.0 1.0 0.0 1.0 0.0 0.0 0.0 1.784464700000058 0.019399699999907982 1.133886799999914 0.18164709999987094 0.6133571502736858 0.03829502449407196 0.3866428497263142 0.038295024494072016 2.932646500000033 0.18879569999985835 2.932646500000033 0.18879569999985835 2.932646500000033 0.18879569999985835 0.0 0.0 2.932646500000033 0.18879569999985835
ps1 classical NONE 3 18.0 0.0 18.0 0.0 1.0 0.0 1.0 0.0 0.0 0.0 0.9996961000001647 0.00970680000017432 0.3750090000000199 0.054182599999904824 0.7297415850458262 0.030508687543526314 0.2702584149541733 0.030508687543526425 1.371637499999792 0.044733899999882976 1.371637499999792 0.044733899999882976 1.371637499999792 0.044733899999882976 0.0 0.0 1.371637499999792 0.044733899999882976
ps1 offline NONE 1 39.0 0.0 39.0 0.0 1.0 0.0 1.5 0.0 0.5416025603090641 0.10208383034514346 3.748315199999993 0.022631900000021243 2.953883800000142 1.1264545999998736 0.5591988229399292 0.08760593094062719 0.440801177060071 0.08760593094062719 6.70117040000008 1.1595441999999707 10.02918240000005 1.2245645000000405 10.02918240000005 1.2245645000000405 0.0 0.0 10.02918240000005 1.2245645000000405
ps1 offline NONE 2 26.0 0.0 26.0 0.0 1.0 0.0 1.444444444444444 0.0 0.5426469527051588 0.0955064920121167 1.483771999999988 0.008740100000090179 0.492823100000038 0.031222900000003107 0.7506475750322855 0.011736455527701861 0.24935242496771445 0.011736455527701334 1.9771979 0.032111500000071125 3.34005969999987 0.08675069999985396 3.34005969999987 0.08675069999985396 0.0 0.0 3.34005969999987 0.08675069999985396
ps1 offline NONE 3 18.0 0.0 18.0 0.0 1.0 0.0 1.0 0.0 0.0 0.0 0.9991786000000218 0.009341399999897027 0.3541700000001811 0.06265180000011128 0.7388718233502377 0.03407542801551322 0.2611281766497623 0.034075428015513165 1.356307100000208 0.05921680000005791 1.356307100000208 0.05921680000005791 1.356307100000208 0.05921680000005791 0.0 0.0 1.356307100000208 0.05921680000005791
ps1 online "(2, 2)" 1 39.0 0.0 39.0 0.0 1.0 0.0 1.5 0.0 0.4714045207910317 0.07566882716373657 3.1998024499999076 0.008420050000142787 0.7888226999999688 0.12344184999996344 0.8022069510134784 0.024252556754737142 0.1977930489865217 0.024252556754736893 3.9952115499998935 0.12131089999982914 4.0790834000000515 0.21004064999979732 1.90117822499999 0.0608375187500132 1.133454383333298 0.05846165000003456 7.449567750000043 0.27131819999994633
ps1 online "(2, 2)" 2 26.0 0.0 26.0 0.0 1.0 0.0 1.444444444444444 0.0 0.5923282596182288 0.12583423390509596 1.4180471500000635 0.008224975000047374 0.5196720500000254 0.1781307499999727 0.7328021583246401 0.06327042896054103 0.2671978416753601 0.06327042896054114 1.939975799999985 0.17230512500000872 2.712245250000052 0.11980584999997168 1.6847222500000214 0.1167725124998833 0.638804150000027 0.054119775000028625 3.3299294999999915 0.24104259999972966
ps1 online "(2, 2)" 3 18.0 0.0 18.0 0.0 1.0 0.0 1.0 0.0 0.0 0.0 1.0035500500000085 0.005735124999938668 0.3572539500000147 0.05969622499993932 0.7377437757396221 0.032194698966245605 0.26225622426037776 0.032194698966245605 1.3639246499999014 0.05632687499988265 1.3639246499999014 0.05632687499988265 1.3639246499999014 0.05632687499988265 0.0 0.0 1.3639246499999014 0.05632687499988265
ps1 online "(2, 4)" 1 43.0 0.0 43.0 0.0 1.0 0.0 1.653846153846154 0.0 0.6385828008253945 0.22757751536324156 3.764825099999996 0.04579827499989664 0.6807128000000304 0.26055797499997624 0.8534393243616718 0.03568551795785546 0.14656067563832803 0.03568551795785552 4.479081200000007 0.401792574999817 3.4889116500001993 0.20920295000014688 1.0285600874999885 0.05173767812506069 0.6772469999999942 0.07600566785709728 7.924594600000006 0.4108081750001489
ps1 online "(2, 4)" 2 26.0 0.0 26.0 0.0 1.0 0.0 1.444444444444444 0.0 0.5923282596182288 0.16841835715725828 1.4150794499999364 0.009182250000037806 0.5204670499999828 0.24368637500014495 0.7317110469684711 0.0820749712544836 0.26828895303152867 0.08207497125448338 1.941136950000029 0.25255819999997464 2.6911874999999554 0.06298945000005673 1.6706656249999985 0.11925851250004227 0.6287697499999751 0.11590879999986825 3.312663449999995 0.23827612500007778
ps1 online "(2, 4)" 3 18.0 0.0 18.0 0.0 1.0 0.0 1.0 0.0 0.0 0.0 1.005387800000072 0.006382299999842411 0.35330910000001126 0.03790775000005908 0.7394090006323351 0.02168535192021137 0.2605909993676648 0.021685351920211676 1.355864150000105 0.04271407499993152 1.355864150000105 0.04271407499993152 1.355864150000105 0.04271407499993152 0.0 0.0 1.355864150000105 0.04271407499993152
ps1 online "(2, 6)" 1 41.0 0.0 41.0 0.0 1.0 0.0 1.576923076923077 0.0 0.4803825562579583 0.03239295695249628 3.764868249999992 0.026383299999907184 0.5075278499999314 0.2758358500000071 0.8845168300108808 0.05363436787151876 0.11548316998911923 0.05363436787151872 4.308160800000017 0.2923296750001825 3.1478430499998638 0.08822060000021947 0.6859708666666482 0.02013963541667063 0.45886530454545493 0.026707238636333896 7.819399950000168 0.3027256999996908
ps1 online "(2, 6)" 2 26.0 0.0 26.0 0.0 1.0 0.0 1.444444444444444 0.0 0.6381534447172755 0.11873705024418835 1.4096983000001015 0.012338599999967226 0.5218878000000728 0.12387857500004884 0.7325890926293356 0.044070747594303294 0.2674109073706643 0.04407074759430368 1.934740800000043 0.1428364000000648 2.69478330000004 0.07443477499993323 1.6673477249999746 0.09577100000002892 0.6336959500000177 0.09171152500000801 3.3062470999999505 0.19155927500005232
ps1 online "(2, 6)" 3 18.0 0.0 18.0 0.0 1.0 0.0 1.0 0.0 0.0 0.0 1.00114425000001 0.007105924999912361 0.36372854999993365 0.054113750000048866 0.732599103461075 0.02886463586157806 0.26740089653892507 0.028864635861577614 1.3616151499999776 0.050562549999895845 1.3616151499999776 0.050562549999895845 1.3616151499999776 0.050562549999895845 0.0 0.0 1.3616151499999776 0.050562549999895845
ps1 online "(4, 2)" 1 39.0 0.0 39.0 0.0 1.0 0.0 1.5 0.0 0.4320493798938573 0.07283560924371796 3.3623513500000004 0.009032700000016547 0.5910777999999866 0.2351851750001046 0.852493318676181 0.04814397329744047 0.14750668132381908 0.04814397329744055 3.9649624499999625 0.26804957500000004 3.0670113000000327 0.1279540499998144 0.9539387437499895 0.03561150937503821 0.6424279000000115 0.04351876071431582 7.2941278499999385 0.28533755000028194
ps1 online "(4, 2)" 2 26.0 0.0 26.0 0.0 1.0 0.0 1.444444444444444 0.0 0.5923282596182288 0.1382545606333635 1.4654038499999724 0.005498424999942575 0.3040353000000664 0.1454693499998782 0.8291743863441376 0.0634959890672867 0.17082561365586243 0.06349598906728676 1.7693748500000201 0.15033400000012898 2.134018200000014 0.0965232999998098 0.8195892875000084 0.050845912499916324 0.3622008666666545 0.03187798333333125 3.194683550000036 0.20368307499971694
ps1 online "(4, 2)" 3 18.0 0.0 18.0 0.0 1.0 0.0 1.0 0.0 0.0 0.0 1.0013764500001834 0.00623427499972018 0.35806714999996814 0.053227424999973516 0.7367319222711466 0.029958878753343576 0.2632680777288534 0.02995887875334352 1.363669950000073 0.06432014999948943 1.363669950000073 0.06432014999948943 1.363669950000073 0.06432014999948943 0.0 0.0 1.363669950000073 0.06432014999948943
ps1 online "(4, 4)" 1 43.0 2.0 43.0 2.0 1.0 0.0 1.653846153846154 0.07692307692307687 0.5392541370610704 0.08534111005856698 4.183665650000137 0.2684277749998687 0.5341644499999063 0.17266872500007224 0.8957934633071202 0.033908203108151125 0.10420653669287983 0.033908203108151236 4.685559499999869 0.3530170999995548 2.5898731500002867 0.07237635000034759 0.5404361593749778 0.028385509374982743 0.40056106666667024 0.026805730000010075 8.036982399999935 0.46825759999988037
ps1 online "(4, 4)" 2 26.0 0.0 26.0 0.0 1.0 0.0 1.444444444444444 0.0 0.5923282596182288 0.1382545606333635 1.4601425000000106 0.0037005500001190406 0.30398209999992787 0.2315068749998943 0.8293182373262377 0.09797208952373215 0.17068176267376234 0.09797208952373224 1.7717544500000315 0.22694992500002087 2.1364975499999166 0.07020465000012166 0.8181036499998768 0.05874846874996931 0.35818488333332255 0.05169977499988698 3.1855758999995487 0.23357869999994918
ps1 online "(4, 4)" 3 18.0 0.0 18.0 0.0 1.0 0.0 1.0 0.0 0.0 0.0 1.0045489999998836 0.00335052500008004 0.3566109500002028 0.06506375000023457 0.7384391857828965 0.035480463514747096 0.26156081421710364 0.03548046351474721 1.3635813499999896 0.05961302500015386 1.3635813499999896 0.05961302500015386 1.3635813499999896 0.05961302500015386 0.0 0.0 1.3635813499999896 0.05961302500015386
ps1 online "(4, 6)" 1 43.0 2.0 43.0 2.0 1.0 0.0 1.653846153846154 0.0769230769230771 0.5392541370610704 0.16082023006794466 4.447078049999995 0.2583347249999335 0.4935623499996211 0.30510107500000316 0.9015545958254321 0.048248482892662814 0.09844540417456792 0.04824848289266295 5.115061200000127 0.4291766499995404 2.3976527500000913 0.0710957000000838 0.4185840727272705 0.01650875909091104 0.3221624809523785 0.018690944047629054 8.35778879999998 0.45608012500009565
ps1 online "(4, 6)" 2 26.0 0.0 26.0 0.0 1.0 0.0 1.444444444444444 0.0 0.6381534447172755 0.16605262927028908 1.4623506499999905 0.007680575000066137 0.29810694999998333 0.07357605000009754 0.8307257274177674 0.03370991848702265 0.16927427258223288 0.033709918487022705 1.7633069499999436 0.08106442500000122 2.142776550000079 0.06788862499926651 0.8080653374999933 0.04205112499998798 0.35784221666668253 0.01688090000001513 3.1473566999999747 0.16747327499983555
ps1 online "(4, 6)" 3 18.0 0.0 18.0 0.0 1.0 0.0 1.0 0.0 0.0 0.0 1.0048772999998905 0.006477375000037977 0.3586634499999946 0.05821890000003466 0.7368863151234846 0.030261003633779704 0.2631136848765152 0.03026100363377962 1.3724412000000115 0.0609455249998454 1.3724412000000115 0.0609455249998454 1.3724412000000115 0.0609455249998454 0.0 0.0 1.3724412000000115 0.0609455249998454
ps1 online "(6, 2)" 1 41.0 0.0 41.0 0.0 1.0 0.0 1.576923076923077 0.0 0.5720851161591906 0.1031679375148623 3.823528299999982 0.006634124999948199 0.5435389499999879 0.23322642500009033 0.8756046678220801 0.04523279449313422 0.12439533217791993 0.04523279449313446 4.3720093999999605 0.23412202500019674 2.3364215499998693 0.052524775000569957 0.6878170666666653 0.02079158541663695 0.5350963727272593 0.021394795454549698 7.728561850000062 0.3277164750000159
ps1 online "(6, 2)" 2 26.0 0.0 26.0 0.0 1.0 0.0 1.444444444444444 0.0 0.5674876061616938 0.049681306913069934 1.5664415499999365 0.006082649999975098 0.24592434999996016 0.1263595749999453 0.864385080386088 0.05632595972525223 0.1356149196139121 0.056325959725252006 1.8151720500000574 0.12691595000018197 1.810936000000254 0.04770094999999541 0.5559901166666694 0.029889933333351992 0.30135319000000316 0.02451769999995651 3.195165850000002 0.1793713249998916
ps1 online "(6, 2)" 3 18.0 0.0 18.0 0.0 1.0 0.0 1.0 0.0 0.0 0.0 1.002633050000021 0.005556174999917118 0.35814930000006484 0.0445650249998657 0.7374314034640428 0.0247841878680376 0.26256859653595754 0.024784187868038376 1.3636805500001115 0.04465952499999615 1.3636805500001115 0.04465952499999615 1.3636805500001115 0.04465952499999615 0.0 0.0 1.3636805500001115 0.04465952499999615
ps1 online "(6, 4)" 1 45.0 4.0 45.0 4.0 1.0 0.0 1.730769230769231 0.15384615384615397 0.6847618311735101 0.3774988422040672 4.619844500000198 0.39870549999983496 0.5083103000002325 0.27574515000016214 0.9031068198007528 0.050369369838500266 0.09689318019924725 0.0503693698385002 5.11388845000014 0.38991022500018246 2.07457054999999 0.05536355000006665 0.437355078571451 0.020659189285668678 0.3550427875000324 0.022924771250019627 8.336303500000128 0.41919549999983374
ps1 online "(6, 4)" 2 26.0 0.0 26.0 0.0 1.0 0.0 1.444444444444444 0.0 0.5923282596182288 0.049681306913069934 1.555089049999964 0.006797124999982751 0.24583659999993301 0.07532252499992251 0.8641278414193061 0.03426873295268562 0.13587215858069374 0.03426873295268548 1.8017025000001752 0.08594762500003927 1.8160689499999734 0.04917944999980817 0.5542877916666669 0.028137791666571488 0.29901194999999064 0.013391299999878481 3.1850721499999963 0.1660642999998596
ps1 online "(6, 4)" 3 18.0 0.0 18.0 0.0 1.0 0.0 1.0 0.0 0.0 0.0 1.002362749999918 0.004739800000286953 0.36720000000000574 0.04584342499991051 0.7315220683780326 0.023757327727541355 0.2684779316219672 0.023757327727541577 1.368811700000009 0.04953012499981435 1.368811700000009 0.04953012499981435 1.368811700000009 0.04953012499981435 0.0 0.0 1.368811700000009 0.04953012499981435
ps1 online "(6, 6)" 1 43.0 2.0 43.0 2.0 1.0 0.0 1.653846153846154 0.0769230769230771 0.6152558420826851 0.06950598909082495 4.539829750000177 0.18410072500030683 0.4736337500002179 0.15510694999997554 0.9081057970450024 0.023971578308287556 0.09189420295499764 0.02397157830828761 5.1699945500000695 0.3228025999999602 2.0730834999998535 0.060702500000259896 0.37660819000000345 0.013749376999999063 0.30180978750000814 0.01206383333331229 8.423374250000002 0.33576837500002554
ps1 online "(6, 6)" 2 26.0 0.0 26.0 0.0 1.0 0.0 1.444444444444444 0.0 0.5426469527051588 0.049681306913069934 1.5531179999999556 0.007100125000072177 0.24404345000004918 0.10348689999990063 0.8643311418555959 0.04778849385531503 0.13566885814440421 0.04778849385531514 1.7997640499999936 0.10712810000002748 1.818552749999839 0.05594245000038667 0.557581008333349 0.026666641666658775 0.29868451000002094 0.014252634999960656 3.1936732499998755 0.13705642499985649
ps1 online "(6, 6)" 3 18.0 0.0 18.0 0.0 1.0 0.0 1.0 0.0 0.0 0.0 0.9990980000000604 0.003985025000108777 0.36585234999989064 0.04707744999996066 0.7330385581588845 0.02467808038362862 0.2669614418411156 0.024678080383628787 1.3674235000000579 0.05161342499983945 1.3674235000000579 0.05161342499983945 1.3674235000000579 0.05161342499983945 0.0 0.0 1.3674235000000579 0.05161342499983945
ps2 classical NONE 1 53.0 0.0 53.0 0.0 1.0 0.0 1.0 0.0 0.0 0.0 7.019064599999979 0.043372600000168404 31.13569249999991 2.999729199999848 0.18429620071462172 0.01362156610932505 0.8157037992853784 0.013621566109324967 38.17034139999993 2.9773615000000575 38.17034139999993 2.9773615000000575 38.17034139999993 2.9773615000000575 0.0 0.0 38.17034139999993 2.9773615000000575
ps2 classical NONE 2 34.0 0.0 34.0 0.0 1.0 0.0 1.0 0.0 0.0 0.0 2.498165799999924 0.007783300000396842 3.232412699999713 0.4332851999999998 0.43581890109218013 0.03149191003967128 0.5641810989078199 0.03149191003967122 5.7293884999998 0.43674379999993107 5.7293884999998 0.43674379999993107 5.7293884999998 0.43674379999993107 0.0 0.0 5.7293884999998 0.43674379999993107
ps2 classical NONE 3 18.0 0.0 18.0 0.0 1.0 0.0 1.0 0.0 0.0 0.0 0.9914243000000624 0.0027265999995620405 0.358394100000055 0.058959899999877 0.7356281229908744 0.032068417573248076 0.26437187700912523 0.03206841757324824 1.351731800000067 0.05836029999989001 1.351731800000067 0.05836029999989001 1.351731800000067 0.05836029999989001 0.0 0.0 1.351731800000067 0.05836029999989001
ps2 offline NONE 1 53.0 2.0 53.0 2.0 1.0 0.0 1.558823529411765 0.05882352941176405 0.6735835443368857 0.05483836385104013 5.800240699999961 0.45141279999990047 6.122007899999801 1.363815699999975 0.5030171244703625 0.047926122540126403 0.4969828755296371 0.047926122540126403 11.98459490000005 1.7458339999999186 16.76652250000006 1.918091700000108 16.76652250000006 1.918091700000108 0.0 0.0 16.76652250000006 1.918091700000108
ps2 offline NONE 2 34.0 0.0 34.0 0.0 1.0 0.0 1.888888888888889 0.0 1.175258891582203 0.04184247626645621 2.382059999999939 0.03475030000009793 0.9162675999998555 0.17479029999979878 0.7235765996833279 0.03236352339285142 0.27642340031667234 0.03236352339285131 3.305529700000022 0.20472830000005704 4.693833799999425 0.2189079000000902 4.693833799999425 0.2189079000000902 0.0 0.0 4.693833799999425 0.2189079000000902
ps2 offline NONE 3 18.0 0.0 18.0 0.0 1.0 0.0 1.0 0.0 0.0 0.0 0.9979406999998446 0.007490599999719683 0.3451058000000273 0.05940139999989924 0.7429487214419489 0.03353887308492154 0.2570512785580514 0.033538873084921345 1.343877699999979 0.05778539999982901 1.343877699999979 0.05778539999982901 1.343877699999979 0.05778539999982901 0.0 0.0 1.343877699999979 0.05778539999982901
ps2 online "(2, 2)" 1 55.0 3.5 55.0 3.5 1.0 0.0 1.617647058823529 0.10294117647058787 0.6407055989346437 0.17507747003893526 4.691144699999995 0.429339974999813 1.672895750000521 0.3328268750004566 0.7421738831867906 0.02898308218661194 0.2578261168132095 0.02898308218661183 6.38338870000004 0.6786469250004004 6.369607100000039 0.4357573500001095 2.723649224999896 0.17213883125003537 1.4626147166666499 0.36392504999998465 10.764226149999505 0.6896242750001793
ps2 online "(2, 2)" 2 34.0 0.0 34.0 0.0 1.0 0.0 1.888888888888889 0.0 1.175258891582203 0.056129162174451075 2.109955250000212 0.0156122249998627 0.7991199000000506 0.14765390000013667 0.7252518777594936 0.033226321276752624 0.2747481222405065 0.0332263212767529 2.9180005500003006 0.16650567500001 3.6609292000002824 0.1453354000003344 2.1643574750001733 0.09415583749963519 0.6253813000000861 0.034284475000006864 4.3004188000003865 0.1889189249991432
ps2 online "(2, 2)" 3 18.0 0.0 18.0 0.0 1.0 0.0 1.0 0.0 0.0 0.0 0.9971132499998703 0.0025251749999775086 0.364295449999986 0.06240647500009544 0.732520369699454 0.033218995372301 0.26747963030054595 0.033218995372301385 1.3646806999998375 0.06178140000006138 1.3646806999998375 0.06178140000006138 1.3646806999998375 0.06178140000006138 0.0 0.0 1.3646806999998375 0.06178140000006138
ps2 online "(2, 4)" 1 55.0 4.0 55.0 4.0 1.0 0.0 1.617647058823529 0.117647058823529 0.6503706986881472 0.17111936522412663 4.686323949999995 0.4620257500002216 1.0983089000000636 0.28753852500003196 0.8178865388531937 0.0359471485038414 0.18211346114680627 0.0359471485038414 5.896852250000094 0.6015129999994997 5.288546000000309 0.10811675000009835 1.3173144125000125 0.0927372843750025 0.745313057142873 0.08544121428581164 10.245452400000374 0.6319081249998533
ps2 online "(2, 4)" 2 34.0 0.0 34.0 0.0 1.0 0.0 1.888888888888889 0.0 1.16114586470114 0.0423452634174859 2.1196492499999096 0.02291180000002413 0.8239514999999749 0.1933406500003052 0.7220966211250262 0.04365806638517311 0.27790337887497396 0.04365806638517289 2.9514895499997356 0.20362999999988984 3.693093400000066 0.09448427500012668 2.1823521999998263 0.09096754999993095 0.6323528000000351 0.152037049999997 4.3361983999997165 0.18132929999995184
ps2 online "(2, 4)" 3 18.0 0.0 18.0 0.0 1.0 0.0 1.0 0.0 0.0 0.0 1.000985649999997 0.0057608250000100725 0.3561131999998963 0.051035874999961095 0.7374734209084863 0.02819950731799281 0.26252657909151395 0.028199507317993144 1.3595929000000524 0.05026467500008325 1.3595929000000524 0.05026467500008325 1.3595929000000524 0.05026467500008325 0.0 0.0 1.3595929000000524 0.05026467500008325
ps2 online "(2, 6)" 1 57.0 4.0 57.0 4.0 1.0 0.0 1.676470588235294 0.1176470588235301 0.669257923928968 0.16428678510584538 5.0577952999999525 0.445923175000118 0.8690708500002415 0.22589992500003575 0.8604530196287444 0.035257728126762755 0.13954698037125554 0.035257728126762644 6.049790150000206 0.68423187500008 4.418377299999904 0.11577452499999552 0.9000620708333464 0.05737736250000791 0.578834581818171 0.052998997727260466 10.386544600000061 0.762577624999178
ps2 online "(2, 6)" 2 34.0 0.0 34.0 0.0 1.0 0.0 1.888888888888889 0.0 1.175258891582203 0.056129162174451075 2.119762299999877 0.01584737499989375 0.856767449999964 0.26664655000002613 0.7124200282329276 0.06042271928510212 0.2875799717670726 0.06042271928510207 2.9838708000000054 0.27226392500006513 3.6853265499993313 0.12012525000005869 2.1770719999998955 0.15010766250013674 0.6342008000000874 0.06654250000002548 4.326017649999783 0.3006888000002874
ps2 online "(2, 6)" 3 18.0 0.0 18.0 0.0 1.0 0.0 1.0 0.0 0.0 0.0 1.0006127499999165 0.0042226750000646796 0.34291744999993057 0.04006657500012173 0.745767724587304 0.022980017452466917 0.2542322754126962 0.022980017452467277 1.3413644999996563 0.03971690000025818 1.3413644999996563 0.03971690000025818 1.3413644999996563 0.03971690000025818 0.0 0.0 1.3413644999996563 0.03971690000025818
ps2 online "(4, 2)" 1 55.0 2.0 55.0 2.0 1.0 0.0 1.617647058823529 0.05882352941176405 0.6636193816461881 0.045833895322075824 4.796672050000325 0.2292233500000478 1.25293744999999 0.2920145749999672 0.7921312378234847 0.044820778292686825 0.20786876217651523 0.044820778292686964 6.011109500000202 0.16865107500042598 4.919328299999961 0.12438364999986717 1.3106203687500335 0.042777950000028264 0.7879694428571489 0.054571864285742455 10.16003385000019 0.36946174999905423
ps2 online "(4, 2)" 2 34.0 0.0 34.0 0.0 1.0 0.0 1.888888888888889 0.0 1.182231666896417 0.052557490697452414 2.105770399999841 0.017892350000003887 0.5307364500001199 0.20863974999995705 0.7991832560784927 0.05877575061361251 0.20081674392150722 0.05877575061361273 2.6548541000000228 0.22450387500021618 2.9951545499998535 0.0782070500003158 1.024794749999941 0.06066078124996399 0.3595662666666234 0.06009373333336049 4.013684499999783 0.24206089999978175
ps2 online "(4, 2)" 3 18.0 0.0 18.0 0.0 1.0 0.0 1.0 0.0 0.0 0.0 1.004804149999927 0.0062225250000587096 0.3501254999999901 0.05423607500040356 0.7413781911628832 0.027992384656723157 0.2586218088371165 0.027992384656723268 1.3557581000000454 0.05068987499998889 1.3557581000000454 0.05068987499998889 1.3557581000000454 0.05068987499998889 0.0 0.0 1.3557581000000454 0.05068987499998889
ps2 online "(4, 4)" 1 57.0 1.5 57.0 1.5 1.0 0.0 1.676470588235294 0.04411764705882382 0.6808459551363986 0.02010349383988108 5.248429899999962 0.21101025000021423 0.80259410000005 0.2762608499999004 0.8694348556784681 0.039021443126426414 0.13056514432153196 0.03902144312642644 6.181579499999955 0.33606172499939646 3.7064092000001945 0.11833495000014338 0.6765146593749711 0.020146956250024717 0.4727096633333502 0.028763341666638576 10.214553350000369 0.37484602499949204
ps2 online "(4, 4)" 2 34.0 0.0 34.0 0.0 1.0 0.0 1.888888888888889 0.0 1.189204442210631 0.04184247626645621 2.1047239000000104 0.017865149999941377 0.5104982999999095 0.04412675000015298 0.8054514367830252 0.014198233086081036 0.19454856321697475 0.014198233086080952 2.624036299999986 0.10568879999973602 2.9882018000000414 0.08235972499964417 1.0198463250000245 0.038410137499997 0.35852021666674244 0.014655166666652064 3.9938010500000587 0.15287024999994125
ps2 online "(4, 4)" 3 18.0 0.0 18.0 0.0 1.0 0.0 1.0 0.0 0.0 0.0 1.0028578999999809 0.005904399999806742 0.35793155000000354 0.060187699999943445 0.7368056137769186 0.03024438664837359 0.2631943862230817 0.030244386648374116 1.3599572999999974 0.06457785000023741 1.3599572999999974 0.06457785000023741 1.3599572999999974 0.06457785000023741 0.0 0.0 1.3599572999999974 0.06457785000023741
ps2 online "(4, 6)" 1 59.0 4.0 59.0 4.0 1.0 0.0 1.735294117647059 0.1176470588235301 0.6684410757458129 0.13932773275457866 5.673913200000015 0.3756653499999256 0.7097069500000259 0.19744670000001108 0.8915599896363068 0.024060161884835063 0.10844001036369319 0.024060161884834952 6.431092100000058 0.5519946499996138 3.6440700499999257 0.14205502500034584 0.5153766818181776 0.018893155681823925 0.36492543095240904 0.018558115476179138 10.535090199999814 0.4249885250007299
ps2 online "(4, 6)" 2 34.0 0.0 34.0 0.0 1.0 0.0 1.888888888888889 0.0 1.189204442210631 0.03831421954619052 2.111138399999959 0.018630000000115388 0.5137217000001328 0.14559384999984276 0.8042723765010559 0.04304611760200705 0.19572762349894413 0.04304611760200708 2.6346256500002596 0.16056907499985762 3.005355850000125 0.0953025000004013 1.0265729125001362 0.0489715750000268 0.35955576666665934 0.0334955166666866 4.020862850000498 0.19532455000012305
ps2 online "(4, 6)" 3 18.0 0.0 18.0 0.0 1.0 0.0 1.0 0.0 0.0 0.0 1.005057350000186 0.007274524999929088 0.35920319999999606 0.05787942500025173 0.7386266945978777 0.03457250149589408 0.26137330540212245 0.034572501495893915 1.3673614500002884 0.062134374999758046 1.3673614500002884 0.062134374999758046 1.3673614500002884 0.062134374999758046 0.0 0.0 1.3673614500002884 0.062134374999758046
ps2 online "(6, 2)" 1 70.0 10.0 70.0 10.0 1.0 0.0 1.521739130434783 0.14192949907235608 0.4672048550108927 0.09508846587512543 5.939153149999839 0.992831799999891 1.3301122999999815 0.46346552500030214 0.8281887867374875 0.044223564431621565 0.17181121326251253 0.0442235644316214 7.15269150000006 0.8714054250005745 3.0493715500002168 0.06090492500018696 1.0769193000000001 0.08202260625008528 0.8981745272727295 0.09529724545453755 12.4048556999999 0.9636918000001344
ps2 online "(6, 2)" 2 46.0 1.75 46.0 1.75 1.0 0.0 2.555555555555555 0.09722222222222232 1.18737261944738 0.0516856147351159 3.0453989499999063 0.0751228250001783 0.5584835000001931 0.11077415000000634 0.8491515517632766 0.028826259472697124 0.15084844823672344 0.028826259472697235 3.608601950000008 0.3574412500004196 2.238457350000182 0.04934837499968836 0.8560869333333418 0.061676941666749086 0.5738758300000086 0.06296009000004399 4.992796900000101 0.36981485000060754
ps2 online "(6, 2)" 3 18.0 0.0 18.0 0.0 1.0 0.0 1.0 0.0 0.0 0.0 1.0030565000000529 0.0030329250000207253 0.35857689999994596 0.041683574999979156 0.7363472255991469 0.021942494012599734 0.2636527744008531 0.021942494012599623 1.359644299999914 0.04177577499981977 1.359644299999914 0.04177577499981977 1.359644299999914 0.04177577499981977 0.0 0.0 1.359644299999914 0.04177577499981977
ps2 online "(6, 4)" 1 76.0 7.0 76.0 7.0 1.0 0.0 1.63265306122449 0.061264822134387 0.6498636047851258 0.04754950529373558 6.953631450000216 0.6735093750001369 1.1257811000000406 0.36563042499992116 0.8627302932290191 0.042822889825427035 0.137269706770981 0.04282288982542712 8.074485100000054 0.6743056250002137 2.5804803500001867 0.06730167500031214 0.6516893022727261 0.048397761850662246 0.5592200095238242 0.04528827470238572 13.153747199999856 0.7481818750000144
ps2 online "(6, 4)" 2 46.0 1.0 46.0 1.0 1.0 0.0 2.555555555555555 0.055555555555556246 1.18737261944738 0.03354849850935704 3.0608994999997776 0.10863434999990274 0.5293085500005645 0.09188822500009053 0.8526386723598727 0.010702935603108532 0.14736132764012744 0.010702935603108255 3.612071050000253 0.30864072499979 2.227091100000152 0.04408022499944586 0.8507594916668022 0.05315886666655467 0.5751164000000586 0.06135998000001308 4.9624411500008705 0.31929587499943946
ps2 online "(6, 4)" 3 18.0 0.0 18.0 0.0 1.0 0.0 1.0 0.0 0.0 0.0 0.9994411499999956 0.0038832250000380153 0.3469294000000076 0.041942399999951974 0.7427500378998105 0.022276110681008432 0.2572499621001896 0.02227611068100893 1.3486082999999665 0.043413200000166796 1.3486082999999665 0.043413200000166796 1.3486082999999665 0.043413200000166796 0.0 0.0 1.3486082999999665 0.043413200000166796
ps2 online "(6, 6)" 1 76.0 8.0 76.0 8.0 1.0 0.0 1.63265306122449 0.0811748381128583 0.6897213965083854 0.12371259416677971 7.536508349999764 0.7617336250000477 1.0035897999999366 0.43149282500049635 0.8843235468967854 0.04169095287221447 0.11567645310321464 0.0416909528722144 8.540411099998252 0.8405394500004597 2.5183299500001226 0.06901620000023412 0.5204691700000348 0.024449011243482532 0.4492997705619298 0.03162027017758512 13.67327769999949 1.014620800000758
ps2 online "(6, 6)" 2 46.0 3.0 46.0 3.0 1.0 0.0 2.555555555555555 0.16666666666666696 1.18737261944738 0.039103446055782864 3.065076499999954 0.21605240000053483 0.5296433999997703 0.09266737500021799 0.8530300834644243 0.010738328731756064 0.14696991653557556 0.010738328731756064 3.6351524499998504 0.30516795000005503 2.2619589999999903 0.06832767500007675 0.863198791666709 0.060750216666653256 0.5800703699999759 0.06025250000010218 5.035803100000152 0.3521544750000949
ps2 online "(6, 6)" 3 18.0 0.0 18.0 0.0 1.0 0.0 1.0 0.0 0.0 0.0 1.0085191000000902 0.007683375000115955 0.36755134999995676 0.05469224999986011 0.7343686849176854 0.0279413908735332 0.26563131508231463 0.027941390873532895 1.3778070499994328 0.06639389999966805 1.3778070499994328 0.06639389999966805 1.3778070499994328 0.06639389999966805 0.0 0.0 1.3778070499994328 0.06639389999966805
ps3 classical NONE 1 67.0 0.0 67.0 0.0 1.0 0.0 1.0 0.0 0.0 0.0 10.45380189999742 0.0649032999908794 568.2558773999992 270.3429249999954 0.017947406283798647 0.008786546455491099 0.9820525937162013 0.008786546455490929 578.6409821999989 270.32965519998294 578.6409821999989 270.32965519998294 578.6409821999989 270.32965519998294 0.0 0.0 578.6409821999989 270.32965519998294
ps3 classical NONE 2 42.0 0.0 42.0 0.0 1.0 0.0 1.0 0.0 0.0 0.0 3.365175600001749 0.021777799994197267 18.9050806000032 3.8994514000060008 0.15125411087227672 0.026127103200679458 0.8487458891277231 0.026127103200679458 22.27413510000315 3.9016400000027716 22.27413510000315 3.9016400000027716 22.27413510000315 3.9016400000027716 0.0 0.0 22.27413510000315 3.9016400000027716
ps3 classical NONE 3 20.0 0.0 20.0 0.0 1.0 0.0 1.0 0.0 0.0 0.0 1.132814400005373 0.011002700002791022 0.810606099999859 0.11256190000131028 0.58314317224808 0.033969725014278085 0.41685682775192 0.03396972501427836 1.943628800001534 0.1105823999951101 1.943628800001534 0.1105823999951101 1.943628800001534 0.1105823999951101 0.0 0.0 1.943628800001534 0.1105823999951101
ps3 offline NONE 1 71.0 2.0 71.0 2.0 1.0 0.0 1.642857142857143 0.04545454545454497 0.6156103611641836 0.07622208531239671 9.413944999999785 0.6301140000001055 26.64142869999989 9.803685000000026 0.26045522327475223 0.049607750961395775 0.7395447767252479 0.0496077509613958 36.58171210000035 10.513239100000014 49.96001339999998 8.91114370000173 49.96001339999998 8.91114370000173 0.0 0.0 49.96001339999998 8.91114370000173
ps3 offline NONE 2 44.0 0.0 44.0 0.0 1.0 0.0 2.2 0.0 0.9511788432374488 0.045742977872286095 3.763004699999897 0.07336329999964208 5.521120400000029 3.9552858000000697 0.40048592916540976 0.15253883175845806 0.5995140708345903 0.15253883175845828 9.209325800000016 3.990588400000089 11.14768549999994 3.81144429999984 11.14768549999994 3.81144429999984 0.0 0.0 11.14768549999994 3.81144429999984
ps3 offline NONE 3 20.0 0.0 20.0 0.0 1.0 0.0 1.0 0.0 0.0 0.0 1.131412800000021 0.01033140000026811 0.7796173999997791 0.11972200000070643 0.5907642014015609 0.03743126772271832 0.409235798598439 0.0374312677227186 1.909820700000068 0.12001750000013112 1.909820700000068 0.12001750000013112 1.909820700000068 0.12001750000013112 0.0 0.0 1.909820700000068 0.12001750000013112
ps3 online "(2, 2)" 1 73.0 2.0 73.0 2.0 1.0 0.0 1.659090909090909 0.05817099567099571 0.613449096049282 0.0679717894229821 6.219627650000234 0.29983312500036163 2.4649648000000113 0.9422832749997232 0.7263023101892573 0.07621150811505584 0.2736976898107427 0.07621150811505564 8.672796999999946 1.191194424999722 7.614070349999579 2.0574371999999563 3.751488037500067 0.35578894999977884 2.4221167999999738 0.18143095833333955 14.873757050000105 1.4233921249991681
ps3 online "(2, 2)" 2 44.0 2.0 44.0 2.0 1.0 0.0 2.2 0.10000000000000009 0.9737753152069049 0.03136443576213921 2.9097324000001095 0.047070549999901345 1.282864699999976 0.49136937499990574 0.6926631241369806 0.08422550976378418 0.3073368758630194 0.08422550976378407 4.211382700000144 0.5595839500002739 4.560538399999956 1.220513774999553 3.104175049999725 0.23721547500010987 1.6271017500000649 0.8564754999998809 6.179562699999394 0.4743987750001466
ps3 online "(2, 2)" 3 20.0 0.0 20.0 0.0 1.0 0.0 1.0 0.0 0.0 0.0 1.1380270999999031 0.005778649999918617 0.785533849999922 0.10314312499959044 0.5908811727572034 0.03191151292562888 0.4091188272427966 0.031911512925629104 1.922408099999757 0.10055712499995173 1.922408099999757 0.10055712499995173 1.922408099999757 0.10055712499995173 0.0 0.0 1.922408099999757 0.10055712499995173
ps3 online "(2, 4)" 1 73.0 4.0 73.0 4.0 1.0 0.0 1.69047619047619 0.04545454545454608 0.6116521044424956 0.0688784325558286 6.141822900000022 0.2815128499998414 1.538358100000039 0.4345120250002026 0.8069357066845351 0.049791055278090135 0.19306429331546487 0.049791055278089996 7.746054099999952 0.5063201750004112 5.962102599999639 0.9151959499996281 1.771803899999963 0.08190978125002557 1.125531507142869 0.11152006785714175 13.905124999999714 0.6553807000004834
ps3 online "(2, 4)" 2 44.0 2.0 44.0 2.0 1.0 0.0 2.2 0.10000000000000009 0.9625433902762094 0.04837685549421322 2.9246225999999638 0.037992224999953805 1.1910398499999675 0.2777941750001105 0.7128787004684568 0.044498578571348424 0.2871212995315433 0.044498578571348424 4.128552599999921 0.3259484499998204 4.3703511500002605 0.7486786500005858 3.0258282249999127 0.1690730500002502 1.6749166000000462 0.6296616750001118 5.995841550000193 0.32685412500036737
ps3 online "(2, 4)" 3 20.0 0.0 20.0 0.0 1.0 0.0 1.0 0.0 0.0 0.0 1.139446250000006 0.005674775000315657 0.7681468499999937 0.11645069999990909 0.5973122123679482 0.03682934085750422 0.4026877876320517 0.036829340857503834 1.9093356500001164 0.11459975000002509 1.9093356500001164 0.11459975000002509 1.9093356500001164 0.11459975000002509 0.0 0.0 1.9093356500001164 0.11459975000002509
ps3 online "(2, 6)" 1 75.0 4.0 75.0 4.0 1.0 0.0 1.738095238095238 0.081168831168831 0.6361153957125485 0.1216359502473009 6.520963850000101 0.34297107499994794 1.401949849999994 0.48415405000015643 0.823070808676841 0.04923959639253428 0.17692919132315907 0.04923959639253428 7.985487200000023 0.7279191249999926 5.230036200000015 1.6037363499998207 1.2297198291666547 0.08428486875002283 0.8118342500000143 0.1177590295454215 14.34879794999955 0.9953710250004058
ps3 online "(2, 6)" 2 44.0 2.0 44.0 2.0 1.0 0.0 2.2 0.10000000000000009 0.9635931483667911 0.04550136025169271 2.930877449999997 0.057146024999618295 1.3411407999999905 0.6455091250003058 0.68903786761028 0.09345753990181582 0.3109621323897199 0.09345753990181577 4.259869899999771 0.7198489749996639 4.499542649999995 1.5006009250000432 3.115565225000111 0.39784501249997817 1.3293339999998466 0.810488049999861 6.202376650000176 0.7955977499999847
ps3 online "(2, 6)" 3 20.0 0.0 20.0 0.0 1.0 0.0 1.0 0.0 0.0 0.0 1.1409230000000297 0.009687150000281974 0.7722110000001408 0.13655559999999056 0.5960825302239579 0.04308067485706424 0.4039174697760421 0.04308067485706424 1.909896649999979 0.13803032500009538 1.909896649999979 0.13803032500009538 1.909896649999979 0.13803032500009538 0.0 0.0 1.909896649999979 0.13803032500009538
ps3 online "(4, 2)" 1 73.0 2.0 73.0 2.0 1.0 0.0 1.659090909090909 0.04356060606060552 0.6226405625252222 0.06286881087235219 6.214193449999982 0.22467880000004303 1.7980815000000097 0.45437247500035527 0.7730329634527813 0.04246387836084198 0.22696703654721875 0.04246387836084206 7.978922000000125 0.5548146249998496 5.72872124999995 0.6181486249998827 1.7279963750000356 0.08898929062496497 1.146683585714233 0.09819051428568937 13.446932700000314 0.7455461749995482
ps3 online "(4, 2)" 2 44.0 2.0 44.0 2.0 1.0 0.0 2.2 0.10000000000000009 0.9681593527415571 0.06902584551453395 2.7668702000003407 0.13329432500000316 0.6567379499999078 0.12229955000005788 0.8069166336358968 0.02394070831759021 0.19308336636410323 0.023940708317590376 3.414445799999811 0.18040829999961927 3.6733472499998356 0.20270290000015478 1.3654065499999142 0.07097109375006716 0.59915558333329 0.06675606666670342 5.359865949999801 0.2462923250001232
ps3 online "(4, 2)" 3 20.0 0.0 20.0 0.0 1.0 0.0 1.0 0.0 0.0 0.0 1.1393398999998114 0.00595255000033057 0.776175850000044 0.10416429999996524 0.5948689758284864 0.030360582638364275 0.4051310241715135 0.030360582638364164 1.9138797499998366 0.10975089999993481 1.9138797499998366 0.10975089999993481 1.9138797499998366 0.10975089999993481 0.0 0.0 1.9138797499998366 0.10975089999993481
ps3 online "(4, 4)" 1 75.0 3.5 75.0 3.5 1.0 0.0 1.704545454545455 0.04545454545454497 0.6478730887522763 0.060463132675699804 6.737334500000117 0.29788130000029156 1.133004749999486 0.22205309999936973 0.8571355943931007 0.020413503976953296 0.14286440560689928 0.020413503976953323 7.942363449999789 0.46497812499981706 4.504223750000229 0.395657000000611 0.8780978843750074 0.036503485937447566 0.6351797766666636 0.037144969999956756 13.439084000000264 0.5261092749995928
ps3 online "(4, 4)" 2 44.0 2.0 44.0 2.0 1.0 0.0 2.2 0.10000000000000009 0.9625433902762094 0.03622321068116652 2.779253150000116 0.13026570000026538 0.6702235000003043 0.17922402499987555 0.8057258819223293 0.04229084864460242 0.19427411807767078 0.0422908486446025 3.4444461499999335 0.21875719999985055 3.6917483500001467 0.28778850000004175 1.3586039625000201 0.08383918749998998 0.5964200166666085 0.07388608333323066 5.348404450000004 0.3356620000000561
ps3 online "(4, 4)" 3 20.0 0.0 20.0 0.0 1.0 0.0 1.0 0.0 0.0 0.0 1.136872449999885 0.007134125000149982 0.7631808499998556 0.09548115000021795 0.5981671832320236 0.028452842401123002 0.40183281676797655 0.02845284240112267 1.8989042499998732 0.10237687500023895 1.8989042499998732 0.10237687500023895 1.8989042499998732 0.10237687500023895 0.0 0.0 1.8989042499998732 0.10237687500023895
ps3 online "(4, 6)" 1 75.0 4.0 75.0 4.0 1.0 0.0 1.738095238095238 0.08847402597402532 0.6298989304272499 0.045282336879725604 7.130367149999614 0.4018926499997404 1.0116470999998626 0.31918397500015816 0.8781739751248429 0.034729419117951243 0.12182602487515713 0.03472941911795131 8.256167399999981 0.47080289999971825 4.357066550000283 0.27168242500041373 0.6216453391304304 0.03324718790761827 0.46097524160077386 0.02989734575092018 13.723601299999745 0.6418126999997629
ps3 online "(4, 6)" 2 44.0 2.0 44.0 2.0 1.0 0.0 2.2 0.10000000000000009 0.968684231786848 0.04837685549421322 2.778403399999547 0.15235637500012444 0.6600624499998275 0.14820735000002117 0.8060761700712902 0.03428886813416465 0.19392382992870977 0.034288868134164624 3.4470451500006902 0.1989517000001224 3.7007886500000495 0.27958560000003985 1.37369506250009 0.08959211249991772 0.605144100000004 0.05540450000011299 5.400964649999253 0.3580707749997387
ps3 online "(4, 6)" 3 20.0 0.0 20.0 0.0 1.0 0.0 1.0 0.0 0.0 0.0 1.1367337499999621 0.00756757499985361 0.8116650999999706 0.1160871249999964 0.5856248601139644 0.03812746901542152 0.41437513988603564 0.038127469015421855 1.954611250000056 0.1206769999996593 1.954611250000056 0.1206769999996593 1.954611250000056 0.1206769999996593 0.0 0.0 1.954611250000056 0.1206769999996593
ps3 online "(6, 2)" 1 81.0 16.0 81.0 16.0 1.0 0.0 1.6196969696969696 0.06980519480519498 0.5524519368564798 0.11763351513866194 6.813470999999936 1.0816910500004582 1.6013584499998574 0.4503588499998157 0.8192609671161752 0.03353132480356713 0.18073903288382479 0.03353132480356713 8.429051850000064 1.4066191999997946 3.792145749999591 1.2532781000000885 1.2599963208333425 0.2114670479167029 1.045269081818194 0.3352836272728241 14.599200750000165 2.5542644249997206
ps3 online "(6, 2)" 2 52.0 12.0 52.0 12.0 1.0 0.0 2.6 0.5999999999999996 1.01192319016096 0.10552427917332441 3.3882551499998783 0.8533792749999836 0.6097281000000976 0.3510781499998714 0.8413618810923086 0.03551813248350011 0.15863811890769142 0.03551813248350005 3.9805382999999814 1.125919575000304 2.966707699999702 0.36521707500025924 1.000754575000002 0.19607680416670048 0.6479739399999979 0.2999481299999842 5.861459750000066 1.1599730249999567
ps3 online "(6, 2)" 3 20.0 0.0 20.0 0.0 1.0 0.0 1.0 0.0 0.0 0.0 1.1379764999998656 0.005048649999977783 0.7494089499998609 0.10732015000009199 0.6019993535129349 0.033562552674270885 0.3980006464870649 0.03356255267427083 1.8884236500001634 0.1128109999995568 1.8884236500001634 0.1128109999995568 1.8884236500001634 0.1128109999995568 0.0 0.0 1.8884236500001634 0.1128109999995568
ps3 online "(6, 4)" 1 86.0 15.0 86.0 15.0 1.0 0.0 1.740740740740741 0.13265613696648115 0.6549855011540474 0.07003103889681006 7.8301844500000755 1.0440647500004872 1.4052476499997795 0.5746534500006253 0.8500136971192216 0.048089738532356985 0.14998630288077858 0.048089738532357124 9.208192849999222 1.4775420000006232 3.2585507000001144 0.7242132500000054 0.6884250891304442 0.0923827521739301 0.5776288264821979 0.13282903043481675 14.934195950000175 2.307268374999323
ps3 online "(6, 4)" 2 52.0 12.0 52.0 12.0 1.0 0.0 2.6 0.5999999999999996 1.0001403861627522 0.10556451057127236 3.3781582000000014 0.8248840750000994 0.602672849999891 0.14078344999952108 0.843000490167443 0.010407447222899102 0.156999509832557 0.010407447222899074 4.012093549999918 0.9850945000008267 2.9040672500000255 0.4386297749996011 1.021259383333407 0.14439091666661552 0.6437497899999982 0.2800868500000035 5.986061750000353 0.8657206249997529
ps3 online "(6, 4)" 3 20.0 0.0 20.0 0.0 1.0 0.0 1.0 0.0 0.0 0.0 1.1332928000002764 0.006756999999609992 0.7843091000000015 0.10566035000003637 0.5920594062438238 0.03178210338110887 0.4079405937561762 0.031782103381109095 1.919059999999831 0.11269327499989878 1.919059999999831 0.11269327499989878 1.919059999999831 0.11269327499989878 0.0 0.0 1.919059999999831 0.11269327499989878
ps3 online "(6, 6)" 1 86.0 14.75 86.0 14.75 1.0 0.0 1.768543956043956 0.08910533910533847 0.7164840931761532 0.048755115067160015 8.5658214999998 1.3368608250002012 1.1598505000002746 0.4944813500006824 0.8816111467191701 0.040005406795329934 0.1183888532808294 0.040005406795329795 9.893181749999513 1.6523013749989026 3.202644550000457 0.5202602249992339 0.526843264441303 0.048149404334679624 0.4465370709677135 0.06853190824536942 15.903491099999314 2.4050346749996745
ps3 online "(6, 6)" 2 52.0 10.0 52.0 10.0 1.0 0.0 2.6 0.5 1.009145350389326 0.059086967110889566 3.385568350000256 0.7255856000000769 0.5846884000001182 0.13926034999957437 0.8445049602207932 0.008541252571512836 0.1554950397792067 0.008541252571512975 3.9822185499997995 0.9264482750007086 2.944524700000272 0.42394224999932817 1.008600608333329 0.15018511666656909 0.64652820000004 0.2666735200001483 5.90847090000031 0.9006562999994614
ps3 online "(6, 6)" 3 20.0 0.0 20.0 0.0 1.0 0.0 1.0 0.0 0.0 0.0 1.137743950000086 0.006151825000124012 0.7826988499998606 0.10415484999989388 0.5926717373362345 0.029744954126678658 0.40732826266376554 0.02974495412667877 1.921411950000163 0.11255732499994031 1.921411950000163 0.11255732499994031 1.921411950000163 0.11255732499994031 0.0 0.0 1.921411950000163 0.11255732499994031
