   IT IT PN PN TT TT WT WT SIZE SIZE LE LE AC AC CF CF PP_EF_L PP_EF_L SP_EB_L SP_EB_L
statistic   0.5 IQR 0.5 IQR 0.5 IQR 0.5 IQR 0.5 IQR 0.5 IQR 0.5 IQR 0.5 IQR 0.5 IQR 0.5 IQR
problem planning_mode AL                    
ps1 offline 1 1.0 0.0 1.0 0.0 6.70117040000008 1.1595441999999707 10.02918240000005 1.2245645000000405 26.0 0.0 39.0 0.0 39.0 0.0 1.0 0.0 1.5 0.0 0.5416025603090641 0.10208383034514346
ps1 offline 2 1.0 0.0 1.0 0.0 1.9771979 0.032111500000071125 3.34005969999987 0.08675069999985396 18.0 0.0 26.0 0.0 26.0 0.0 1.0 0.0 1.444444444444444 0.0 0.5426469527051588 0.0955064920121167
ps1 offline 3 1.0 0.0 1.0 0.0 1.356307100000208 0.05921680000005791 1.356307100000208 0.05921680000005791 1.0 0.0 18.0 0.0 18.0 0.0 1.0 0.0 1.0 0.0 0.0 0.0
ps1 online 1 7.611111111111111 6.666666666666667 7.611111111111111 6.666666666666667 0.4299692666666534 0.3092075277777344 0.5374804611111254 0.712126599999952 2.388888888888889 1.0 3.5 2.6666666666666665 3.5 2.6666666666666665 1.0 0.0 1.3123456790123456 0.7731481481481483 0.2368945341743197 0.19994054617615387
ps1 online 2 2.5 1.8333333333333333 2.5 1.8333333333333333 0.6216542499999949 0.44953560555548605 0.8456376999999533 1.0789602694444145 5.5 0.3333333333333333 7.333333333333333 4.333333333333333 7.333333333333333 4.333333333333333 1.0 0.0 1.2787037037037037 0.8796296296296297 0.22745404681432013 0.5351088344996345
ps1 online 3 1.0 0.0 1.0 0.0 1.3645569111111375 0.05336503055542763 1.3645569111111375 0.05336503055542763 1.0 0.0 18.0 0.0 18.0 0.0 1.0 0.0 1.0 0.0 0.0 0.0
ps2 offline 1 1.0 0.0 1.0 0.0 11.98459490000005 1.7458339999999186 16.76652250000006 1.918091700000108 34.0 0.0 53.0 2.0 53.0 2.0 1.0 0.0 1.558823529411765 0.05882352941176405 0.6735835443368857 0.05483836385104013
ps2 offline 2 1.0 0.0 1.0 0.0 3.305529700000022 0.20472830000005704 4.693833799999425 0.2189079000000902 18.0 0.0 34.0 0.0 34.0 0.0 1.0 0.0 1.888888888888889 0.0 1.175258891582203 0.04184247626645621
ps2 offline 3 1.0 0.0 1.0 0.0 1.343877699999979 0.05778539999982901 1.343877699999979 0.05778539999982901 1.0 0.0 18.0 0.0 18.0 0.0 1.0 0.0 1.0 0.0 0.0 0.0
ps2 online 1 7.833333333333333 7.0 7.833333333333333 7.0 0.5403226111111239 0.6528792388888599 0.6628121555555921 1.1903883500001184 3.2777777777777777 2.8055555555555554 4.388888888888889 5.694444444444445 4.388888888888889 5.694444444444445 1.0 0.0 1.381196581196581 0.7380291005291005 0.24024035689591308 0.28902697178270026
ps2 online 2 2.5 1.8333333333333333 2.5 1.8333333333333333 0.9639086722222348 1.0901654222221802 1.1861747388888786 1.691024741666584 5.5 0.3333333333333333 10.166666666666666 10.0 10.166666666666666 10.0 1.0 0.0 1.9268518518518516 2.1203703703703702 0.6180102615849792 0.9667073484290367
ps2 online 3 1.0 0.0 1.0 0.0 1.3594193999999102 0.05341643888889353 1.3594193999999102 0.05341643888889353 1.0 0.0 18.0 0.0 18.0 0.0 1.0 0.0 1.0 0.0 0.0 0.0
ps3 offline 1 1.0 0.0 1.0 0.0 36.58171210000035 10.513239100000014 49.96001339999998 8.91114370000173 44.0 0.0 71.0 2.0 71.0 2.0 1.0 0.0 1.642857142857143 0.04545454545454497 0.6156103611641836 0.07622208531239671
ps3 offline 2 1.0 0.0 1.0 0.0 9.209325800000016 3.990588400000089 11.14768549999994 3.81144429999984 20.0 0.0 44.0 0.0 44.0 0.0 1.0 0.0 2.2 0.0 0.9511788432374488 0.045742977872286095
ps3 offline 3 1.0 0.0 1.0 0.0 1.909820700000068 0.12001750000013112 1.909820700000068 0.12001750000013112 1.0 0.0 20.0 0.0 20.0 0.0 1.0 0.0 1.0 0.0 0.0 0.0
ps3 online 1 8.11111111111111 7.444444444444445 8.11111111111111 7.444444444444445 0.7310966999999565 0.6969206499999431 0.9271713333332995 1.355843836111163 4.055555555555555 2.7222222222222223 6.444444444444445 5.916666666666667 6.444444444444445 5.916666666666667 1.0 0.0 1.536111111111111 0.7505698005698007 0.30063945554227944 0.3420087169479064
ps3 online 2 2.5 1.8333333333333333 2.5 1.8333333333333333 1.1385305611110441 0.8778987916667573 1.4926440055555723 1.7177029361111016 6.0 0.3333333333333333 13.222222222222221 7.861111111111111 13.222222222222221 7.861111111111111 1.0 0.0 2.1185185185185187 1.6351851851851853 0.6039110337778221 0.5013213074137377
ps3 online 3 1.0 0.0 1.0 0.0 1.9153256944444195 0.11378373055547791 1.9153256944444195 0.11378373055547791 1.0 0.0 20.0 0.0 20.0 0.0 1.0 0.0 1.0 0.0 0.0 0.0
