   LE LE AC AC CF CF CP_EF_L CP_EF_L SP_EB_L SP_EB_L GT GT ST ST GT_POTT GT_POTT ST_POTT ST_POTT TT TT LT LT WT WT MET MET CT CT
statistic   0.5 IQR 0.5 IQR 0.5 IQR 0.5 IQR 0.5 IQR 0.5 IQR 0.5 IQR 0.5 IQR 0.5 IQR 0.5 IQR 0.5 IQR 0.5 IQR 0.5 IQR 0.5 IQR
problem online_method AL                            
pl3ts cf 1 164.0 19.875 164.0 19.875 1.0 0.0 2.859649122807018 0.18403227897329444 1.068599896009619 0.05003294616260445 85.55351167499941 13.775883912503843 51.24037412499786 26.23746581250093 0.6399916792534046 0.07571580136703016 0.36000832074659544 0.07571580136702982 138.16985119999464 42.96747475000707 28.69561817499971 1.2364856124946204 16.708419980378586 3.219029914444511 15.227986326388523 3.357693716746433 157.32052507499475 43.92289664999622
pl3ts cf 2 57.5 5.25 57.5 5.25 1.0 0.0 1.852688172043011 0.10242546432062549 0.9762966711589339 0.04090435104501783 7.490289924998706 0.6506622875013619 3.2575443500018935 0.6300937374968567 0.7005672562016463 0.028972867608139108 0.2994327437983536 0.028972867608139163 10.716612550000038 1.273884737496756 9.153624574999867 0.8001926249992275 3.95007918250022 0.594769372082858 2.6987366674992304 0.6433701962499541 20.26180509999989 3.029837137499573
pl3ts cf 3 31.5 2.375 31.5 2.375 1.0 0.0 1.8529411764705885 0.139705882352941 0.7758157694416297 0.23813340219721374 3.595918474999962 0.3270487499994488 2.5455813500000204 2.0538672499974386 0.5873847717232988 0.17871690148937389 0.41261522827670116 0.1787169014893739 6.164099850002458 2.1093401250025754 4.227460349998864 0.6298194999998541 3.7589962166668918 0.9104975062476135 3.2234129874998985 1.6002362374987344 8.662637800000823 2.195303262495172
pl3ts cf 4 17.0 0.0 17.0 0.0 1.0 0.0 1.0 0.0 0.0 0.0 1.495340749999741 0.009630700000144432 0.8911241499996265 0.21528982499873428 0.6251352329342421 0.054555414516821055 0.37486476706575766 0.054555414516820916 2.3851506500001562 0.21096606249858518 2.3851506500001562 0.21096606249858518 2.3851506500001562 0.21096606249858518 0.0 0.0 2.3851506500001562 0.21096606249858518
pl3ts gf 1 179.75 30.75 179.75 30.75 1.0 0.0 2.8661438077953507 0.19101870833682022 1.0445943560788635 0.049113951331705374 93.01622092499679 17.681860675006135 50.93121267500061 21.621088774997588 0.6384138217776536 0.057986547148328516 0.3615861782223465 0.05798654714832843 141.69605114999447 39.461873525002886 29.08230627499961 2.284988062504775 16.766570231193054 3.15687962635762 15.194254804106876 3.505551447324848 162.71412222500226 41.711111275007354
pl3ts gf 2 62.25 8.75 62.25 8.75 1.0 0.0 1.9627450980392154 0.1431451612903225 0.9841812316093266 0.04246890375264217 8.162044374999283 1.1420839874982818 3.392268224999384 0.9630486500001185 0.6950579806999548 0.050914458005830165 0.30494201930004516 0.05091445800583001 11.651936274998778 1.509933987503473 8.450631300002497 2.1655762750008316 4.121222230237599 0.7283482701159871 2.8879877520829687 0.6043133720829532 20.665750300001378 3.4749899375013342
pl3ts gf 3 31.5 2.75 31.5 2.75 1.0 0.0 1.8529411764705885 0.16176470588235337 0.7564108028091654 0.2460724437167086 3.597608175000346 0.35608316249759797 2.588219700001332 1.4523580500000857 0.5888402962497822 0.1325905767687591 0.41115970375021776 0.13259057676875916 6.293182774999337 1.5058383749993425 4.158092850000173 0.5589792499980535 3.7686679333331865 0.6493563854176045 3.452102874999426 1.5815864500008916 8.722000224999533 1.567508062500396
pl3ts gf 4 17.0 0.0 17.0 0.0 1.0 0.0 1.0 0.0 0.0 0.0 1.4919249249999211 0.00889474999956974 0.8817365249983595 0.16535089999931052 0.6287566639536233 0.04184890307397182 0.3712433360463766 0.04184890307397146 2.376378775000717 0.16319398750175695 2.376378775000717 0.16319398750175695 2.376378775000717 0.16319398750175695 0.0 0.0 2.376378775000717 0.16319398750175695
pl3ts hy 1 174.25 25.625 174.25 25.625 1.0 0.0 2.85426675207288 0.19577776762879062 1.0600630078638842 0.03796332643345046 92.01172504999766 13.492282262503068 47.89756049999903 17.924143487495172 0.6467123214080006 0.050635581568719834 0.3532876785919993 0.050635581568720084 139.2150739499953 34.08521320000738 29.831968300000824 2.4471403374972454 17.181221378680426 2.6757820612040897 15.389095662797462 2.992947855884535 159.84395039999788 35.53174755001562
pl3ts hy 2 62.25 8.0 62.25 8.0 1.0 0.0 1.9482620320855615 0.15297379032258063 0.985446895148002 0.05248945597383037 8.200731775002396 1.020600412499718 3.320381174999227 0.7382421374993984 0.6993564773876396 0.062301172663062676 0.3006435226123605 0.062301172663062496 11.413286475000177 1.3531011249994576 9.318431624999874 2.479109550001737 4.271288260000254 0.805960020089483 2.9420335416669254 0.7318868739573714 20.53500649999887 3.5132820250011605
pl3ts hy 3 31.5 2.0 31.5 2.0 1.0 0.0 1.8529411764705885 0.11764705882352955 0.7835965846154305 0.2402135782087289 3.620352175001017 0.2839886500001114 2.9072711000001448 1.7690265125003324 0.5665918495962909 0.15568463727600987 0.43340815040370906 0.15568463727600987 6.49907922500131 1.9043523874990247 4.175049850000903 0.7039990124993663 3.9137070125003106 0.7839922937506141 3.49651014999975 1.2734045250005581 8.996726000001928 1.9644528000011992
pl3ts hy 4 17.0 0.0 17.0 0.0 1.0 0.0 1.0 0.0 0.0 0.0 1.4952356000013651 0.01054342500253791 0.903204399999936 0.16494392500099764 0.6234915458131889 0.042237831890814925 0.3765084541868111 0.042237831890814814 2.3990294999987896 0.16522215000161133 2.3990294999987896 0.16522215000161133 2.3990294999987896 0.16522215000161133 0.0 0.0 2.3990294999987896 0.16522215000161133
pl3tsdc cf 1 167.0 24.125 167.0 24.125 1.0 0.0 1.852688172043011 0.08812123560283192 0.6529002784976232 0.04232385604817779 85.77080979999818 12.658166162501985 28.85701875000234 5.740719474998 0.7489078904339117 0.01743564970700634 0.25109210956608824 0.0174356497070062 114.2910182750022 17.794053587504443 22.87317307500291 1.2573114624935346 10.768117444285755 0.6273717619271668 9.884116464956378 0.6977303639984873 156.40526032499872 22.426722562500544
pl3tsdc cf 2 91.5 11.375 91.5 11.375 1.0 0.0 1.589285714285714 0.062543255598 0.6573804227548006 0.20202361345993614 16.931210524999756 2.2484908625036155 5.540677799999344 1.270398324999519 0.759863414310918 0.014935204250797307 0.24013658568908186 0.014935204250797557 22.72411994999794 3.257991587502577 11.924670650005053 0.9429891124988501 4.631486626389364 0.31241365451964054 3.7852491225700113 0.38680137343755794 41.93197520000081 5.604730550007329
pl3tsdc cf 3 57.5 6.0 57.5 6.0 1.0 0.0 1.866666666666667 0.0782574320050603 0.9887380992653634 0.049750089540697595 7.299368925001886 0.7608294625026981 3.0776496750015667 0.5117332999957964 0.7054436415606666 0.029195671416089808 0.2945563584393332 0.02919567141609014 10.377335825001438 1.2548248749998523 8.959512625002162 0.7096917499986262 3.9092718050017994 0.4397999608334433 2.670073022500407 0.4638289112496319 19.571288300007836 3.044167637495832
pl3tsdc cf 4 31.5 2.5 31.5 2.5 1.0 0.0 1.8529411764705885 0.14705882352941213 0.763193529112724 0.2428119197786034 3.633040399999686 0.33649823750536734 2.4791250000004084 1.8323552375024974 0.6023949558334014 0.17598722256976435 0.3976050441665986 0.17598722256976448 6.054503174998899 1.8459184375034 4.244298549995847 0.6130851749974227 3.7584337083326695 0.7073259062462205 3.293905224997161 1.570325962499794 8.628398699998499 1.7871459124903026
pl3tsdc cf 5 17.0 0.0 17.0 0.0 1.0 0.0 1.0 0.0 0.0 0.0 1.507677900000317 0.01570487499958495 0.9078239249988656 0.16271048749956663 0.6250478352985177 0.041851028380613275 0.3749521647014823 0.04185102838061311 2.4239237000019784 0.16869997500344946 2.4239237000019784 0.16869997500344946 2.4239237000019784 0.16869997500344946 0.0 0.0 2.4239237000019784 0.16869997500344946
pl3tsdc gf 1 179.0 25.125 179.0 25.125 1.0 0.0 1.841603621098003 0.0931896045016638 0.6368415336051968 0.03696231020001628 90.23928770000236 12.57657099999507 30.700022300002047 7.215313012496766 0.7484055256893354 0.03064632053231231 0.25159447431066473 0.030646320532312282 119.99847842500485 19.768882524991994 20.44251395000242 1.9575317625031765 11.179374357568046 1.2793608165704589 10.497746167477821 1.191728560026926 166.33129697500254 22.852208212495
pl3tsdc gf 2 96.25 11.0 96.25 11.0 1.0 0.0 1.5535714285714284 0.05158991228070131 0.5992717362625828 0.08655493694126665 17.761929249999866 2.1212126249998775 5.5122042499990584 1.0734526375042042 0.762756928849719 0.015832632926730872 0.23724307115028076 0.01583263292673101 23.466151775001435 2.7039673625035636 10.948447299997866 1.9884029625025343 4.678031535833285 0.41921922109179555 3.8626584784340214 0.32996903956678736 43.439478200002725 4.110829800011224
pl3tsdc gf 3 62.25 6.875 62.25 6.875 1.0 0.0 1.9627450980392154 0.14222604364326363 0.9827396356694025 0.03513687647209429 7.8748412249995 0.9056906875005097 3.016215100001091 0.862936287497803 0.7139607335690049 0.05847028447139868 0.286039266430995 0.058470284471398515 10.863359775001527 1.5217241375006312 7.849399749999407 2.0001569749983625 3.9782083725004402 0.5932388601480676 2.7852003433332433 0.6038700630051581 19.83838570000063 2.728808662499148
pl3tsdc gf 4 31.5 2.0 31.5 2.0 1.0 0.0 1.8529411764705885 0.11764705882352955 0.7730401880874307 0.2418360135048216 3.6467850750009347 0.29829021250053245 2.511329074999992 1.5127724875008037 0.6083566209033813 0.12498797489379235 0.3916433790966188 0.12498797489379235 6.31057345000022 1.676851662501519 4.116788249999985 0.4175331625003196 3.7451222916676747 0.6996084500009943 3.3359096625006828 1.526366556251062 8.662337900002512 1.6685878875032945
pl3tsdc gf 5 17.0 0.0 17.0 0.0 1.0 0.0 1.0 0.0 0.0 0.0 1.505802575000871 0.008343812499220116 0.854451500001062 0.19623898750009516 0.6379486633581866 0.051792190506828095 0.36205133664181355 0.05179219050682804 2.361068299999374 0.19409402499678663 2.361068299999374 0.19409402499678663 2.361068299999374 0.19409402499678663 0.0 0.0 2.361068299999374 0.19409402499678663
pl3tsdc hy 1 167.0 29.375 167.0 29.375 1.0 0.0 1.8449942784029987 0.07720513538215423 0.6612392833101783 0.06197502920079889 85.29448644999945 14.976732987498806 29.552434900001117 6.360703437493175 0.7482508225713945 0.01763862096187868 0.25174917742860536 0.017638620961878612 114.1518833250018 21.48424349999827 21.56035822500087 2.0934944875034356 10.80611921537706 0.4848043090426204 9.928742960412304 0.5779989136120278 156.61276345000965 27.071400712490515
pl3tsdc hy 2 90.75 12.0 90.75 12.0 1.0 0.0 1.561478811125176 0.055942655481595494 0.6023005446425143 0.07667414158916508 16.862038575001804 2.1835255625015435 5.545001824999986 1.265532987503036 0.7601428730684465 0.016537220394324648 0.23985712693155353 0.016537220394324634 22.67197580000277 3.55344723750817 12.15885039999614 2.07151298749963 4.783201306458162 0.35361850154082397 3.918087790845915 0.4556819927541227 43.00924592499706 6.20068813750294
pl3tsdc hy 3 57.5 7.875 57.5 7.875 1.0 0.0 1.866666666666667 0.11189516129032251 0.9784875724296537 0.0390727212618871 7.352845999999772 0.9116662500027952 3.0699849249985647 0.646434937498001 0.7048388922878787 0.06490612838151039 0.29516110771212145 0.06490612838151069 10.679986599999154 0.9222059749987439 9.054660400000955 2.0852030124972885 4.091695968749553 0.61203277869076 2.8757977945837108 0.5864702416675178 19.333873174996427 3.5013279124993737
pl3tsdc hy 4 31.5 2.5 31.5 2.5 1.0 0.0 1.8529411764705885 0.14705882352941213 0.7214520156836436 0.1960706265301287 3.621675824999727 0.3163963000018839 2.492763999999738 1.9227965625005936 0.6044109822673921 0.16882986352821822 0.3955890177326079 0.1688298635282182 5.982324299999561 2.1196435250019903 4.2115526499989215 0.5279400125002811 3.6739062750001494 0.9154135520843356 3.1363806749994865 1.7876380250000066 8.413113350002504 2.144769637505247
pl3tsdc hy 5 17.0 0.0 17.0 0.0 1.0 0.0 1.0 0.0 0.0 0.0 1.5064717250008928 0.010874124998394907 0.8749594750025835 0.1806161874984864 0.6336418040257337 0.045172235085553125 0.3663581959742664 0.04517223508555329 2.3899769249990186 0.18691056249929305 2.3899769249990186 0.18691056249929305 2.3899769249990186 0.18691056249929305 0.0 0.0 2.3899769249990186 0.18691056249929305
