   LE LE AC AC CF CF CP_EF_L CP_EF_L SP_EB_L SP_EB_L GT GT ST ST GT_POTT GT_POTT ST_POTT ST_POTT TT TT LT LT WT WT MET MET CT CT
statistic   0.5 IQR 0.5 IQR 0.5 IQR 0.5 IQR 0.5 IQR 0.5 IQR 0.5 IQR 0.5 IQR 0.5 IQR 0.5 IQR 0.5 IQR 0.5 IQR 0.5 IQR 0.5 IQR
strategy online_method AL                            
hasty cf 1 77.0 4.75 77.0 4.75 1.0 0.0 1.7398166447079488 0.06810165143498485 0.6699706900417786 0.057845981524467294 7.123609050000046 0.4943877666665994 1.046007274999918 0.20365944166663272 0.871728957040009 0.014866421108533331 0.12827104295999117 0.014866421108533298 8.203273549999833 0.6427963208335522 6.225012808333436 0.3627024541669536 1.040806231954658 0.057176580828368906 0.628504313416152 0.034208284079557734 13.778292799999917 0.8488888333336441
hasty cf 2 44.333333333333336 2.25 44.333333333333336 2.25 1.0 0.0 2.216666666666667 0.11250000000000011 0.9538475073228937 0.04852572868585366 2.922125074999998 0.1747434875001114 0.6243195166666808 0.11268402500000511 0.8224827028704346 0.02369861760066516 0.17751729712956552 0.02369861760066511 3.5451124749997383 0.23838700000006185 3.583138091666733 0.22547661666662933 1.1668371845833738 0.04815515604162368 0.5114471134259132 0.052740482175935306 5.511434366666808 0.26900829166678353
hasty cf 3 20.0 0.0 20.0 0.0 1.0 0.0 1.0 0.0 0.0 0.0 1.1541727666666877 0.007980258333391185 0.8104670083333835 0.12260631250007048 0.5878650126641295 0.03524893545938412 0.4121349873358704 0.03524893545938415 1.966031775000116 0.12612018333330258 1.966031775000116 0.12612018333330258 1.966031775000116 0.12612018333330258 0.0 0.0 1.966031775000116 0.12612018333330258
hasty gf 1 75.0 5.541666666666667 75.0 5.541666666666667 1.0 0.0 1.6883931621250463 0.07464285714285705 0.6215450986872056 0.09332962092695403 6.986305666666933 0.5676432208332689 0.978117016666836 0.21288613333347253 0.8771620163327064 0.020083080696658095 0.1228379836672937 0.020083080696658064 8.037220308333291 0.6964917624999284 4.130046616666898 0.3121636125002085 0.9181950463422105 0.065248165338733 0.6825904899215093 0.042833759327138475 13.559823950000256 0.9780156500002786
hasty gf 2 45.166666666666664 2.4583333333333335 45.166666666666664 2.4583333333333335 1.0 0.0 2.2583333333333333 0.12291666666666672 0.9620357058240699 0.05348583120060455 2.940318224999956 0.19771166666650078 0.6480418250000474 0.13738095000004513 0.8173123159744823 0.02865882047973023 0.1826876840255178 0.028658820479730163 3.5789774416666815 0.28836867500001057 3.57360039999998 0.27299217083318167 1.1639748916667179 0.06512730125000381 0.5126415736111325 0.05057759131947675 5.522846825000087 0.36125058749996786
hasty gf 3 20.0 0.0 20.0 0.0 1.0 0.0 1.0 0.0 0.0 0.0 1.1390537250000852 0.017673837500124228 0.7862903583332977 0.12735292499992448 0.59222577574626 0.03901533632786325 0.4077742242537399 0.03901533632786323 1.9350122666667247 0.12651541666656785 1.9350122666667247 0.12651541666656785 1.9350122666667247 0.12651541666656785 0.0 0.0 1.9350122666667247 0.12651541666656785
hasty hy 1 76.83333333333333 4.416666666666667 76.83333333333333 4.416666666666667 1.0 0.0 1.7119672318812489 0.05450859526946487 0.6439138067230047 0.0645306921474079 7.064604808333396 0.44535921249991867 1.007176616666668 0.17507949583312474 0.8741502847089384 0.015024725925910346 0.12584971529106162 0.015024725925910374 8.18323799166682 0.5607062375000235 4.14235039999996 0.26868539583320356 0.9988145923430786 0.03945205443445993 0.7497689492788967 0.04052878338062551 13.734220008333645 0.7313144374993138
hasty hy 2 45.333333333333336 2.3333333333333335 45.333333333333336 2.3333333333333335 1.0 0.0 2.266666666666667 0.11666666666666677 0.9626161574234194 0.04997796162600491 2.9553065583332887 0.17388395000005352 0.6354531000000492 0.12594213333308998 0.820671202148907 0.025648671076710816 0.179328797851093 0.025648671076710938 3.5846284333331795 0.2574082749996447 3.5882889000000895 0.22711252083320788 1.1704807074999766 0.047932776666686994 0.5106764930555648 0.04643575393520408 5.555833766666517 0.2847939083333631
hasty hy 3 20.0 0.0 20.0 0.0 1.0 0.0 1.0 0.0 0.0 0.0 1.1426835750000186 0.006152279166688257 0.8145047499999816 0.11173444166663711 0.5840222585658847 0.03283756024433656 0.4159777414341151 0.03283756024433646 1.9604211416667194 0.11284329583331554 1.9604211416667194 0.11284329583331554 1.9604211416667194 0.11284329583331554 0.0 0.0 1.9604211416667194 0.11284329583331554
steady cf 1 77.5 4.75 77.5 4.75 1.0 0.0 1.7366600790513835 0.06764602631538112 0.6720677373949903 0.07959827859258517 7.12343170833334 0.48205986666659867 1.0571723999999267 0.21468600416664577 0.8708352205622446 0.020000552034727965 0.1291647794377553 0.020000552034727937 8.239723300000135 0.6596800166667846 6.3746095000000595 0.301540320833612 1.0801866574314427 0.05720473369760517 0.6332455113007468 0.04513722704143928 13.864480241666753 0.8578422958334203
steady cf 2 45.166666666666664 2.0 45.166666666666664 2.0 1.0 0.0 2.2583333333333333 0.10000000000000009 0.9626923053216118 0.053276602758784576 2.962708558333302 0.17385310833347392 0.667975625000017 0.12064575833358049 0.8141575136381887 0.023360930568171196 0.18584248636181133 0.023360930568171154 3.638634225000033 0.2741789708335342 3.6424403333331363 0.19380463750018184 1.4033762052778282 0.0635328308333452 0.6408024215277579 0.06619893634264955 5.56024126666684 0.30136878333351486
steady cf 3 20.0 0.0 20.0 0.0 1.0 0.0 1.0 0.0 0.0 0.0 1.1474780416666874 0.004719070833362833 0.7914367333333523 0.09836753750005804 0.5918473531606879 0.02976607733250884 0.40815264683931196 0.029766077332508828 1.9414239999999505 0.0996702500003301 1.9414239999999505 0.0996702500003301 1.9414239999999505 0.0996702500003301 0.0 0.0 1.9414239999999505 0.0996702500003301
steady gf 1 76.16666666666667 5.166666666666667 76.16666666666667 5.166666666666667 1.0 0.0 1.699635241301908 0.0695311947580548 0.6208130207186096 0.08922933552079448 6.85989436666685 0.5347946999999094 1.0818228916667323 0.20242963333318817 0.863458716804543 0.017602578983163347 0.13654128319545702 0.017602578983163326 7.9726194499997804 0.6410770749998923 4.349920399999976 0.23389706666673327 1.1690019450793858 0.0644465326693807 0.8580518739852913 0.06308906547657794 13.542504133333177 0.920186216666656
steady gf 2 45.0 2.1666666666666665 45.0 2.1666666666666665 1.0 0.0 2.25 0.10833333333333346 0.9589242321083962 0.04877629299946131 2.9277550833333392 0.18049185000011744 0.6919700166666326 0.13833763750018116 0.8074178157340155 0.025584835762387032 0.19258218426598459 0.02558483576238707 3.6279332416666286 0.3048905708334097 3.6249047499998013 0.2227812249999659 1.3983089594443934 0.06997680652777437 0.6405999465277911 0.07586395833332095 5.546447108333315 0.3355887583333252
steady gf 3 20.0 0.0 20.0 0.0 1.0 0.0 1.0 0.0 0.0 0.0 1.1361551333333135 0.007859700000021527 0.786670733333319 0.11079234583340487 0.5910591382016487 0.03444115781691013 0.4089408617983512 0.034441157816910185 1.9244026333333413 0.1128380791668037 1.9244026333333413 0.1128380791668037 1.9244026333333413 0.1128380791668037 0.0 0.0 1.9244026333333413 0.1128380791668037
steady hy 1 76.58333333333333 5.583333333333333 76.58333333333333 5.583333333333333 1.0 0.0 1.7084938366718028 0.07465451215451198 0.6280277326942577 0.061405804954876665 7.011189724999969 0.5785315583332399 1.0878450749999935 0.19793805833354602 0.8645788452160231 0.019593780424072355 0.1354211547839769 0.01959378042407243 8.193586449999911 0.7262010833334195 4.3477750416664875 0.2116576375001018 1.1527736778747892 0.06693880532835485 0.842628210455494 0.05629462660306559 13.819291233333251 0.965269437500243
steady hy 2 45.666666666666664 2.8333333333333335 45.666666666666664 2.8333333333333335 1.0 0.0 2.2833333333333337 0.14166666666666675 0.9644117169133257 0.05552645081725852 2.9872596250000174 0.21581397083330614 0.6659720416667364 0.12236991249999522 0.8148616213202432 0.02155392208753622 0.18513837867975683 0.021553922087536165 3.6518350500000256 0.2973578875002793 3.625887324999906 0.19223401250015817 1.4119659261111233 0.07457680527779798 0.6481002155093103 0.0749464513889226 5.611383216666631 0.34345010416656113
steady hy 3 20.0 0.0 20.0 0.0 1.0 0.0 1.0 0.0 0.0 0.0 1.1502134333333465 0.013750899999967777 0.7971204249999483 0.1324952625000456 0.590573763002168 0.03929460681896916 0.4094262369978321 0.039294606818968986 1.944129733333284 0.13722798333354214 1.944129733333284 0.13722798333354214 1.944129733333284 0.13722798333354214 0.0 0.0 1.944129733333284 0.13722798333354214
