online_method   cf cf cf cf cf cf cf cf gf gf gf gf gf gf gf gf hy hy hy hy hy hy hy hy
   "Wait time" "Yield time" "Percent wait time" "Percent yield time" Size Length "Expansion factor" "Sub-Plan expansion deviation" "Wait time" "Yield time" "Percent wait time" "Percent yield time" Size Length "Expansion factor" "Sub-Plan expansion deviation" "Wait time" "Yield time" "Percent wait time" "Percent yield time" Size Length "Expansion factor" "Sub-Plan expansion deviation"
strategy AL PN                        
hasty 1.0 1.0 3.1558979000004683 3.1558979000004683   2.0 3.0 1.75 0.5477225575051661 3.1610849999999147 3.1610849999999147   2.0 3.0 2.0 0.0 3.1206607500000554 3.1206607500000554   2.0 3.0 2.0 0.0
hasty 1.0 2.0 1.6981479500002474 4.890985399999863   2.0 6.0 2.666666666666667 2.82842712474619 1.611645649999787 4.927334600000606   2.0 6.0 2.0 0.816496580927726 1.620668600000158 4.87126939999979   2.0 6.0 2.0 0.816496580927726
hasty 1.0 3.0 1.4334683499999985 6.444138799999763   2.0 6.0 1.5 0.5773502691896257 1.3385067999999904 6.387847450000038   2.0 4.0 1.0 0.0 1.3827649500003076 6.269043799999579   2.0 4.0 1.0 0.0
hasty 1.0 4.0 1.1591775499999244 7.626772499999987   2.0 5.0 1.25 0.5 1.0784428999999984 7.5479459000003   2.0 4.0 1.25 0.5 1.1009980500001004 7.508060699999806   2.0 5.0 1.25 0.5
hasty 1.0 5.0 0.884094949999934 8.423199550000334   2.0 6.0 2.0 0.816496580927726 0.8497988000000305 8.266218999999694   2.0 4.0 2.0 0.0 0.7786290000002509 8.182949300000757   2.0 4.0 1.8 0.4472135954999579
hasty 1.0 6.0 0.6865736000003437 9.131008399999843   2.0 4.0 1.5 0.5773502691896257 0.5960072999999397 8.927292900000015   2.0 4.0 1.5 0.5773502691896257 0.6234746000001365 8.89560324999988   2.0 4.0 1.5 0.5773502691896257
hasty 1.0 7.0 0.6886907499997506 9.731913149999372   2.0 5.0 1.5 0.7071067811865476 0.6978925000001084 9.511166399999937   2.0 5.0 1.5 0.7071067811865476 0.6594028000000094 9.411492749999667   2.0 5.0 1.5 0.7071067811865476
hasty 1.0 8.0 0.5864126000001306 10.0867731999989   2.0 4.0 1.5 0.7071067811865476 0.5465548000001377 9.968239300000597   2.0 4.0 1.5 0.7071067811865476 0.5821622000000843 9.95154390000107   2.0 5.0 1.5 0.7071067811865476
hasty 1.0 9.0 0.6378778999999497 10.52369439999947   2.0 5.0 2.0 0.7071067811865476 0.5614948999997296 10.41482230000031   2.0 5.0 1.5 0.7071067811865476 0.572137600000012 10.111759199999984   2.0 5.0 1.75 0.7071067811865476
hasty 1.0 10.0 0.5234678499999745 11.03720440000069   2.0 4.0 1.5 0.7071067811865476 0.4624258000001191 10.71861810000013   2.0 3.0 1.5 0.5773502691896257 0.5342350999999326 10.61554149999995   2.0 4.0 1.5 0.7071067811865476
hasty 1.0 11.0 0.5002490000000819 11.501572299999726   2.0 3.0 1.25 0.5 0.4550851999998713 11.1622772000012   2.0 4.0 1.333333333333333 0.5773502691896257 0.5182091999999727 11.042919650000655   2.0 5.0 1.5 0.7071067811865476
hasty 1.0 12.0 0.3661260000002358 11.57254240000032   2.0 3.0 1.5 0.5 0.3651398000001791 11.58564109999986   2.0 3.0 1.333333333333333 0.5 0.44628295000001117 11.356597699999782   2.0 3.0 1.25 0.5
hasty 1.0 13.0 0.3558472000001984 11.86262159999967   2.0 3.0 1.5 0.7071067811865476 0.3886236999996981 11.88990029999962   2.0 3.0 1.333333333333333 0.5 0.3540435000001025 11.48443569999699   2.0 3.0 1.5 0.7071067811865476
hasty 1.0 14.0 0.3559900000000198 12.23885449999955   2.0 3.0 1.5 0.7071067811865476 0.3492427000001044 11.97484880000007   2.0 3.0 1.333333333333333 0.0 0.353409200000101 11.83780919999981   2.0 3.0 1.5 0.7071067811865476
hasty 1.0 15.0 0.3567993999998862 12.55928930000022   2.0 3.0 1.5 0.7071067811865476 0.3564111000002868 12.23731249999992   2.0 3.0 1.5 0.7071067811865476 0.3554690000000136 12.16998999999851   2.0 3.0 1.5 0.7071067811865476
hasty 1.0 16.0 0.3657097999999905 12.97712670000215   2.0 3.0 1.5 0.7071067811865476 0.3589609500000108 12.690623050000141   2.0 3.0 1.5 0.0 0.3629124000002548 12.58218779999982   2.0 3.0 1.5 0.7071067811865476
hasty 1.0 17.0 0.4631853999999862 13.42605230000015   2.0 4.0 2.0 0.7071067811865476 0.3555895000000646 13.05429029999999   2.0 3.0 1.5 0.7071067811865476 0.4464661000000376 12.98065534999964   2.0 3.0 1.5 0.7071067811865476
hasty 1.0 18.0 0.36626165000001265 13.84434659999964   2.0 3.0 1.5 0.7071067811865476 0.3613388999999643 13.44308199999995   2.0 3.0 1.5 0.7071067811865476 0.4482758000000331 13.422959299999889   2.0 4.0 2.0 0.7071067811865476
hasty 1.0 19.0 0.35567585000006824 14.21913135000051   2.0 3.0 1.5 0.7071067811865476 0.4417709999999673 13.82121645000003   2.0 3.0 1.5 0.7071067811865476 0.3549796499999331 13.840074999999974   2.0 3.0 1.5 0.7071067811865476
hasty 1.0 20.0 0.35802334999978314 14.642711900000846   2.0 3.0 1.5 0.7071067811865476 0.3548483500000259 14.204881900000615   2.0 3.0 1.5 0.7071067811865476 0.35513415000005466 14.23189260000062   2.0 3.0 1.5 0.7071067811865476
hasty 1.0 21.0 0.3553044499999771 15.017371049999586   2.0 3.0 1.5 0.7071067811865476 0.35412810000005374 14.61332490000137   2.0 3.0 1.5 0.7071067811865476 0.3532693500001187 14.60013854999869   2.0 3.0 1.5 0.7071067811865476
hasty 1.0 22.0 0.3537720000000775 15.43259540000145   2.0 3.0 1.5 0.7071067811865476 0.34829374999984 14.99358820000058   2.0 3.0 1.5 0.7071067811865476 0.3532459999997855 15.06255600000213   2.0 3.0 1.5 0.7071067811865476
hasty 1.0 23.0 0.34621500000005767 16.04982334999892   2.0 3.0 1.5 0.0 0.3427047000000698 15.363207450000147   2.0 3.0 1.5 0.7071067811865476 0.3508587999999122 15.50818279999908   2.0 3.0 1.5 0.7071067811865476
hasty 1.0 24.0 0.35399144999990995 16.753031399999372   2.0 3.0 1.5 0.7071067811865476 0.28664310000010573 15.826558199999996   2.0 2.0 1.0 0.0 0.3506997999998589 16.02668159999956   2.0 3.0 1.5 0.7071067811865476
hasty 1.0 25.0 0.36980550000001244 17.591532249999858   2.0 3.0 1.5 0.7071067811865476 0.3559436999998979 16.34595510000122   2.0 3.0 1.5 0.7071067811865476 0.3544592999999168 16.70551310000155   2.0 3.0 1.5 0.7071067811865476
hasty 1.0 26.0 0.3591276000001926 18.05734679999796   2.0 3.0 1.5 0.7071067811865476 0.2777806500000821 16.871660650000635   2.0 2.0 1.0 0.0 0.359420499999942 17.57026850000102   2.0 3.0 1.5 0.7071067811865476
hasty 1.0 27.0 0.3558409500000437 18.570291150000998   2.0 3.0 1.5 0.7071067811865476 0.3529708000002074 17.49119979999892   2.0 3.0 1.5 0.0 0.3554843999999093 17.95670530000109   2.0 3.0 1.5 0.7071067811865476
hasty 1.0 28.0 0.3508955500000184 18.895769050000666   2.0 3.0 1.5 0.7071067811865476 0.3586672500000532 18.178400399999802   2.0 3.0 1.5 0.7071067811865476 0.35434480000022006 18.387763100000512   2.0 3.0 1.5 0.7071067811865476
hasty 1.0 29.0 0.3563382000000104 19.50566659999708   2.0 3.0 1.5 0.7071067811865476 0.3145914500000231 18.589741800001004   2.0 2.5 1.25 0.0 0.3042727499999387 19.079576400000125   2.0 2.5 1.25 0.3535533905932738
hasty 1.0 30.0 0.3602227000001221 20.0747901999971   2.0 3.0 1.5 0.7071067811865476 0.26611255000022993 18.891080350000234   2.0 2.0 1.0 0.0 0.3569504999995843 20.03164520000016   2.0 3.0 1.5 0.7071067811865476
hasty 1.0 31.0 0.3501755000000344 21.01341449999995   2.0 3.0 1.5 0.7071067811865476 0.2676298999999744 19.34783919999938   2.0 2.0 1.0 0.0 0.268019900000013 21.5785083999989   2.0 2.0 1.0 0.0
hasty 1.0 32.0 0.3628427999999531 21.37653210000008   2.0 3.0 1.5 0.7071067811865476 0.2655297000001156 19.82800600000006   2.0 2.0 1.0 0.0 0.36312059999994517 22.1437671000009   2.0 3.0 1.5 0.7071067811865476
hasty 1.0 33.0 0.4522333999998409 21.48313430000007   2.0 4.0 2.0 1.414213562373095 0.46810790000006364 21.734723450000924   2.0 4.0 2.0 0.7071067811865476 0.4667206999997688 22.52504360000103   2.0 4.0 2.0 0.7071067811865476
hasty 1.0 34.0 0.4616278000002012 22.36670455000086   2.0 4.0 2.0 1.4142135623730947 0.364475099999936 22.26645480000252   2.0 3.0 1.5 0.7071067811865476 0.6724139000000378 23.60602939999933   2.0 6.0 3.0 2.82842712474619
hasty 1.0 35.0 0.262253999999956 22.751342200001062   2.0 2.0 1.0 0.0 0.42145874999991406 22.44173390000049   2.0 3.5 1.75 0.7071067811865476 0.5860115499999665 24.462357850000217   2.0 5.0 2.5 0.7071067811865476
hasty 1.0 36.0         0.3694409000004271 22.6364485999996   2.0 3.0 1.5 0.7071067811865476 0.42365814999982376 24.88601600000004   2.0 3.5 1.75 0.3535533905932738
hasty 1.0 37.0         0.1758736999997836 23.28971790000128   1.0 1.0 1.0 0.0 0.26532944999985375 25.151345449999894   2.0 2.0 1.0 0.0
hasty 1.0 38.0         0.2681837999998606 23.88033580000115   2.0 2.0 1.0 0.0 0.31084814999996974 25.462193599999864   2.0 2.5 1.25 0.3535533905932738
hasty 1.0 39.0         0.36432794999996077 24.39376565000066   2.0 3.0 1.5 0.7071067811865476        
hasty 2.0 1.0 2.6925448000000927 2.6925448000000927   4.0 17.0 4.5 3.646916505762094 2.6926227499999413 2.6926227499999413   4.0 17.0 4.5 3.646916505762094 2.6910417999998515 2.6910417999998515   4.0 17.0 4.5 3.646916505762094
hasty 2.0 2.0 0.9506131000000551 3.693562049999912   4.0 6.0 1.666666666666667 0.8944271909999159 0.9906681500000332 3.738441749999936   4.0 8.0 2.0 0.9574271077563381 0.9438179500000174 3.6911801000001674   4.0 7.0 2.0 0.8366600265340756
hasty 2.0 3.0 0.8277578500001255 4.6213727500007735   4.0 8.0 1.666666666666667 0.8944271909999159 0.8346096500004023 4.655177600000314   4.0 7.0 1.75 0.7071067811865476 0.863553249999768 4.634301449999668   4.0 8.0 1.8 0.8366600265340756
hasty 2.0 4.0 0.5446260499999198 5.260263750000121   4.0 6.0 1.333333333333333 0.5 0.47378454999997643 5.203777199999436   4.0 5.0 1.4 0.5773502691896257 0.5046362500001464 5.189652700000039   4.0 6.0 1.4 0.5081988897471611
hasty 2.0 5.0 0.3672007999996367 5.460468999998625   4.0 5.0 1.25 0.5 0.39017605000009326 5.393275950000884   3.0 5.0 1.4 0.5320601684997441 0.3572308999998768 5.374684800000296   4.0 5.0 1.25 0.5
hasty 2.0 6.0 0.35945424999995623 5.741204950000167   3.0 4.0 1.25 0.5 0.35809485000015684 5.598373449999805   2.5 4.0 1.5 0.5 0.357022099999881 5.607340400000282   3.0 4.0 1.25 0.5
hasty 2.0 7.0 0.3566703000000189 5.5489718999999695   2.0 3.0 1.5 0.5773502691896257 0.3302492000000257 5.856320500000265   2.0 4.0 1.333333333333333 0.5 0.4083266999995203 5.45837189999952   2.0 4.0 1.5 0.7071067811865476
hasty 2.0 8.0 0.26598999999987427 5.777753649999681   2.0 3.0 1.5 0.7071067811865476 0.2628410500000342 5.701924499999748   2.0 3.0 1.5 0.7071067811865476 0.259403500000019 5.609314699999914   2.0 3.0 1.5 0.0
hasty 2.0 9.0 0.2610299500000508 6.064725399999574   2.0 3.0 1.5 0.0 0.2302001499998596 5.8976691999999815   2.0 2.5 1.5 0.0 0.24699585000007568 5.847442649999692   2.0 3.0 1.5 0.3535533905932738
hasty 2.0 10.0 0.2476908999999523 6.332592800000462   2.0 3.0 1.5 0.7071067811865476 0.24333380000012989 6.227391000000125   2.0 2.5 1.5 0.0 0.24286715000000925 6.1273260000000676   2.0 2.0 1.0 0.0
hasty 2.0 11.0 0.2566806499997654 6.5897978500005365   2.0 2.5 1.25 0.0 0.2560617000000036 6.526871350001329   2.0 3.0 1.5 0.0 0.25663805000033335 6.394284100001414   2.0 3.0 1.5 0.7071067811865476
hasty 2.0 12.0 0.2610107000000426 7.321093300000427   2.0 3.0 1.5 0.7071067811865476 0.2568992000000208 6.837836600000287   2.0 3.0 1.5 0.7071067811865476 0.2570699999998851 6.65691039999956   2.0 3.0 1.5 0.7071067811865476
hasty 2.0 13.0 0.2598893999999063 7.445738100000113   2.0 3.0 1.5 0.7071067811865476 0.260515999999825 7.381673699999737   2.0 3.0 1.5 0.7071067811865476 0.2591888000000182 7.458536050000152   2.0 3.0 1.5 0.7071067811865476
hasty 2.0 14.0 0.259194999999977 7.545252099999857   2.0 3.0 1.5 0.7071067811865476 0.2621940999999879 7.851435399999986   2.0 3.0 1.5 0.7071067811865476 0.2580901999999838 7.838232700000191   2.0 3.0 1.5 0.7071067811865476
hasty 2.0 15.0         0.2599038999999266 8.197212199999854   2.0 3.0 1.5 0.0 0.2658993000000009 8.38585370000024   2.0 3.0 1.5 0.7071067811865476
hasty 2.0 16.0         0.27363050000005273 8.52773679999973   2.0 3.0 1.5 0.3535533905932738 0.4062021499998991 10.295767899998282   2.0 3.5 1.75 0.3535533905932738
hasty 2.0 17.0         0.3463155500001562 8.874052349999886   2.0 4.0 2.0 0.7071067811865475 0.190326699999332 9.668497999997044   2.0 2.0 1.0 0.0
hasty 2.0 18.0         0.22826305000000957 9.102315399999895   2.0 2.5 1.25 0.3535533905932738        
hasty 2.0 19.0         0.1918403000001945 9.499519000000419   2.0 2.0 1.0 0.0        
hasty 3.0 1.0 1.0240787500000579 1.0240787500000579   3.0 5.0 1.0 0.0 1.021741000000304 1.021741000000304   3.0 5.0 1.0 0.0 1.017672699999924 1.017672699999924   3.0 5.0 1.0 0.0
hasty 3.0 2.0 0.4205947500001912 1.40806890000016   4.0 6.0 2.0 1.0 0.4146254000003182 1.3953253999998765   4.0 6.0 1.666666666666667 0.9574271077563381 0.41482945000004173 1.3956248500002175   4.0 6.0 1.75 0.9574271077563381
hasty 3.0 3.0 0.49521169999995607 2.0873967499999395   5.0 7.0 1.8 0.8944271909999159 0.4999194000001239 2.080049950000131   5.0 8.0 2.0 1.0 0.4982817499997054 2.0759526000000506   5.0 8.0 1.8 0.8944271909999159
hasty 3.0 4.0 0.6208081500000446 2.223080000000266   4.0 9.0 2.25 1.0 0.5809041000000548 2.2418454999999824   4.0 8.5 2.25 1.0 0.6160188000000346 2.2106305000006046   4.0 8.0 2.25 0.9574271077563381
hasty 3.0 5.0 0.23286304999987806 1.9446188999996825   2.0 3.0 1.5 0.7071067811865476 0.18664560000004826 1.9116172500002904   2.0 2.0 1.0 0.0 0.23242145000008912 1.8298532999998969   2.0 3.0 1.5 0.7071067811865476
hasty 3.0 6.0 0.30159034999994105 2.1533780999995997   2.0 3.5 1.75 0.0 0.30640634999974736 2.219587399999568   2.0 4.0 2.0 0.0 0.305728000000272 2.1408971000002452   2.0 4.0 2.0 0.0
hasty 3.0 7.0 0.3712896500000511 2.458511049999856   2.0 5.0 2.5 0.0 0.38195310000011773 2.5666299000000024   2.0 5.0 2.5 0.0 0.3732832999999118 2.4705287000007843   2.0 5.0 2.5 0.7071067811865476
hasty 4.0 1.0 0.7115391500000499 0.7115391500000499   1.0 13.0 1.0 0.0 0.7070293000001513 0.7070293000001513   1.0 13.0 1.0 0.0 0.7055078500001741 0.7055078500001741   1.0 13.0 1.0 0.0
steady 1.0 1.0 3.8384963499997298 3.8384963499997298   2.0 3.0 1.5 0.7071067811865476 3.92911215000008 3.92911215000008   2.0 3.0 1.5 0.7071067811865476 3.9003922500001593 3.9003922500001593   2.0 3.0 1.5 0.7071067811865476
steady 1.0 2.0 1.8966361000000234 5.551526349999847   2.0 6.0 3.0 2.82842712474619 1.982070599999858 5.678345499999693   2.0 6.0 3.0 2.82842712474619 1.9599540499999364 5.570881499999928   2.0 6.0 3.0 2.82842712474619
steady 1.0 3.0 1.4215096000000926 7.121372549999904   2.0 7.0 1.833333333333333 0.816496580927726 1.34232850000005 7.318074999999936   2.0 7.0 1.714285714285714 0.816496580927726 1.345191499999885 7.254589500000122   2.0 7.0 1.732142857142857 0.816496580927726
steady 1.0 4.0 0.7357408499999849 7.936306900000147   2.0 2.0 1.0 0.0 0.9660037000002148 8.280382100000537   3.0 5.0 1.666666666666667 0.5773502691896257 0.9281223499997395 8.224096249999945   3.0 5.0 1.666666666666667 0.5773502691896257
steady 1.0 5.0 0.9490676500001456 8.58314360000005   2.0 6.0 2.0 1.414213562373095 0.8151009999999417 8.893280049999916   2.0 4.0 1.5 0.7071067811865476 0.8167348499999321 8.918670000000162   2.0 4.0 1.5 0.7071067811865476
steady 1.0 6.0 0.5242240000000606 9.082543049999458   2.0 4.0 1.5 0.5 0.6373161500001032 9.359052499999876   2.0 5.0 1.75 0.5 0.5239320499999565 9.443431599999997   2.0 5.0 1.75 0.5
steady 1.0 7.0 0.6022053000001222 9.599625750000541   2.0 5.0 1.5 0.7071067811865476 0.5696014000000389 9.693489000001591   2.0 3.0 1.5 0.7071067811865476 0.5205597500000465 9.630824199999921   2.0 3.0 1.5 0.7071067811865476
steady 1.0 8.0 0.5222132999999474 9.821576299999833   2.0 4.0 1.6 0.7071067811865476 0.5999867500000846 10.0592201500003   2.0 4.0 1.75 0.7071067811865476 0.6677776999998457 10.008391149999825   2.0 5.0 1.75 0.8366600265340756
steady 1.0 9.0 0.6187290999999959 10.5148719   2.0 5.0 2.25 0.816496580927726 0.6144909999999157 10.649519800001006   2.0 5.0 1.6 0.7071067811865476 0.5997246999999675 10.604020050001054   2.0 5.0 1.8 0.7071067811865476
steady 1.0 10.0 0.5927292500000121 11.012338200001295   2.0 5.0 1.5 0.7071067811865476 0.5048208999999133 10.93220659999986   2.0 3.0 1.333333333333333 0.5773502691896257 0.5112163999999879 11.01292080000044   2.0 3.0 1.4 0.5773502691896257
steady 1.0 11.0 0.46247780000001626 11.422868599998365   2.0 3.0 1.25 0.5 0.3602578999998514 11.1192403   2.0 3.0 1.333333333333333 0.5773502691896257 0.36015835000000607 11.0775621999999   2.0 3.0 1.5 0.6422285251880866
steady 1.0 12.0 0.3574237500000521 11.46950959999998   2.0 3.0 1.5 0.7071067811865476 0.3520288500002948 11.447419149999435   2.0 3.0 1.5 0.0 0.34721670000000415 11.280162900000274   2.0 3.0 1.5 0.0
steady 1.0 13.0 0.35581879999998733 11.90825294999928   2.0 3.0 1.5 0.7071067811865476 0.35142185000006526 11.793151849999767   2.0 3.0 1.5 0.7071067811865476 0.35275319999993826 11.651890150000215   2.0 3.0 1.5 0.7071067811865476
steady 1.0 14.0 0.3529437999999345 12.28633619999971   2.0 3.0 1.5 0.7071067811865476 0.45527884999995644 12.289766750001094   2.0 4.0 2.0 0.7071067811865476 0.3551185000000601 12.05868840000056   2.0 3.0 1.5 0.7071067811865476
steady 1.0 15.0 0.3553800000000251 12.67413160000012   2.0 3.0 1.5 0.7071067811865476 0.44244459999998753 12.763963250001545   2.0 4.0 1.5 0.5773502691896257 0.35791184999988707 12.49023880000013   2.0 3.0 1.5 0.7071067811865476
steady 1.0 16.0 0.4454385500000626 13.08061715000008   2.0 4.0 2.0 0.7071067811865476 0.3644921499999612 13.177924550002956   2.0 3.0 1.5 0.7071067811865476 0.3593518000000131 12.934471650000035   2.0 3.0 1.5 0.7071067811865476
steady 1.0 17.0 0.4526144499999418 13.534770050000276   2.0 4.0 2.0 0.7071067811865476 0.3684152500000195 13.622547750000535   2.0 3.0 1.5 0.7071067811865476 0.44988185000001124 13.363632149999814   2.0 4.0 2.0 0.7071067811865476
steady 1.0 18.0 0.36537359999996966 13.978187449998586   2.0 3.0 1.5 0.7071067811865476 0.36349300000028967 14.07181114999994   2.0 3.0 1.5 0.7071067811865476 0.36531329999994 13.78609315000011   2.0 3.0 1.5 0.7071067811865476
steady 1.0 19.0 0.35182790000012437 14.332073450000227   2.0 3.0 1.5 0.7071067811865476 0.35484989999991967 14.45909250000119   2.0 3.0 1.5 0.7071067811865476 0.35577779999997006 14.172944250000686   2.0 3.0 1.5 0.7071067811865476
steady 1.0 20.0 0.3563836000000151 14.720876450000784   2.0 3.0 1.5 0.7071067811865476 0.3554820999999038 14.83995919999938   2.0 3.0 1.5 0.7071067811865476 0.354908349999846 14.584743799999849   2.0 3.0 1.5 0.7071067811865476
steady 1.0 21.0 0.3536413499999753 15.129350699999975   2.0 3.0 1.5 0.7071067811865476 0.354115699999852 15.30357180000019   2.0 3.0 1.5 0.5773502691896257 0.3571623000000272 15.0051971   2.0 3.0 1.5 0.7071067811865476
steady 1.0 22.0 0.35390044999996917 15.56378244999976   2.0 3.0 1.5 0.7071067811865476 0.35493585000001815 16.091923099999747   2.0 3.0 1.5 0.5773502691896257 0.354778999999894 15.47052969999994   2.0 3.0 1.5 0.7071067811865476
steady 1.0 23.0 0.3537187999999674 16.24671959999986   2.0 3.0 1.5 0.7071067811865476 0.3548577999999907 16.71496219999904   2.0 3.0 1.5 0.7071067811865476 0.3516492999997354 16.14679730000091   2.0 3.0 1.5 0.5773502691896257
steady 1.0 24.0 0.3508969999999749 16.81747410000025   2.0 3.0 1.5 0.7071067811865476 0.366019649999771 17.566518050000454   2.0 3.0 1.5 0.5773502691896257 0.3559369999999262 16.95202839999945   2.0 3.0 1.5 0.7071067811865476
steady 1.0 25.0 0.448315399999899 17.69222514999882   2.0 4.0 2.0 0.7071067811865476 0.36197934999989917 18.071399249999956   2.0 3.0 1.5 0.7071067811865476 0.3668242000000248 17.57731679999938   2.0 3.0 1.5 0.7071067811865476
steady 1.0 26.0 0.36189839999997275 18.12397555000053   2.0 3.0 1.5 0.7071067811865476 0.3280932999999493 18.56101675000036   2.0 3.0 1.0 0.0 0.3678160999997999 18.16101680000065   2.0 3.0 1.5 0.7071067811865476
steady 1.0 27.0 0.3513877499998159 18.69253694999918   2.0 3.0 1.333333333333333 0.5773502691896257 0.3566140999996605 18.85002020000059   2.0 3.0 1.5 0.7071067811865476 0.3545451999999614 18.67390980000346   2.0 3.0 1.5 0.7071067811865476
steady 1.0 28.0 0.3248456999998552 19.338731100000874   2.0 3.0 1.0 0.0 0.3400407000000314 19.630008749999433   2.0 3.0 1.25 0.3535533905932738 0.3600177000000713 19.34739680000143   2.0 3.0 1.333333333333333 0.5773502691896257
steady 1.0 29.0 0.421721299999831 19.84634710000046   3.0 4.0 1.333333333333333 0.5773502691896257 0.37004504999997323 20.94745139999942   2.0 3.0 1.5 0.0 0.32990025000000855 19.94203875000042   2.0 3.0 1.0 0.0
steady 1.0 30.0 0.26574645000016517 21.446422199999233   2.0 2.0 1.0 0.0 0.3623053999999684 21.4835221999989   2.0 3.0 1.5 0.7071067811865476 0.36400815000001785 20.355319799999847   2.0 3.0 1.5 0.3535533905932738
steady 1.0 31.0 0.35528610000005756 21.80170829999929   2.5 3.0 1.1666666666666665 0.28867513459481287 0.4783403000000135 21.96186249999892   2.0 4.0 2.0 1.414213562373095 0.3621519500000261 21.560606099999234   2.0 3.0 1.5 0.7071067811865476
steady 1.0 32.0         0.5802863000000116 22.54214879999893   2.0 5.0 2.5 2.121320343559642 0.476336899999751 21.31965729999888   2.0 4.0 2.0 1.414213562373095
steady 1.0 33.0                 0.5797557999999299 21.89941309999881   2.0 5.0 2.5 2.121320343559642
steady 2.0 1.0 3.2439287499999807 3.2439287499999807   4.0 18.0 4.25 3.535533905932738 3.439982399999998 3.439982399999998   5.0 18.0 3.8 3.535533905932738 3.415170749999845 3.415170749999845   5.0 18.0 3.6 3.535533905932738
steady 2.0 2.0 1.0780330999999705 4.116327200000104   4.0 9.5 1.714285714285714 0.816496580927726 1.1599606000000051 4.288159250000035   5.0 10.0 1.857142857142857 0.983192080250175 1.0900197000000844 4.285910999999913   4.0 10.0 1.857142857142857 1.0
steady 2.0 3.0 0.689384800000056 4.932218100000057   4.0 8.0 1.714285714285714 0.95430841948384 0.6183544500000551 5.104930249999903   4.0 7.0 1.5 0.7071067811865476 0.6144426000001886 5.128630550000096   4.0 7.0 1.5 0.7071067811865476
steady 2.0 4.0 0.36432509999997365 5.1197924999997895   4.0 5.0 1.5 0.5 0.430581050000086 5.135760450000248   4.0 6.0 1.9 0.5773502691896257 0.40581825000002425 5.105594699999841   4.0 5.0 1.5 0.523861278752583
steady 2.0 5.0 0.40093775000008236 5.526932299999999   4.0 5.0 1.25 0.5 0.34612740000005715 5.441169850000023   4.0 5.0 1.25 0.5 0.345857749999908 5.439448550000009   4.0 5.0 1.25 0.5
steady 2.0 6.0 0.400344699999863 5.256165650000625   2.0 4.0 1.5 0.7071067811865476 0.4003461500002743 5.22397575000025   2.0 3.0 1.5 0.7071067811865476 0.40215100000023085 5.217972349999286   2.0 3.0 1.5 0.6422285251880866
steady 2.0 7.0 0.24698740000003028 5.483926850000188   2.0 3.0 1.5 0.7071067811865476 0.2604468500002213 5.576639550000181   2.0 3.0 1.5 0.7071067811865476 0.1923246499999891 5.450926700000423   2.0 2.0 1.0 0.0
steady 2.0 8.0 0.2641371000000845 5.786530449999987   2.0 3.0 1.5 0.7071067811865476 0.2608415000001116 5.847774649999238   2.0 3.0 1.5 0.7071067811865476 0.26490240000006793 5.7380746000008   2.0 3.0 1.5 0.7071067811865476
steady 2.0 9.0 0.19239854999989348 6.02441980000026   2.0 2.0 1.0 0.0 0.1929579999999902 6.088062849999574   2.0 2.0 1.0 0.0 0.2463826000000324 6.0082798000006505   2.0 2.5 1.25 0.0
steady 2.0 10.0 0.24555759999987004 6.294315499999811   2.0 3.0 1.333333333333333 0.5773502691896257 0.2453620999999799 6.375720599999852   2.0 3.0 1.333333333333333 0.5773502691896257 0.2445606000003977 6.240983999999969   2.0 3.0 1.333333333333333 0.5773502691896257
steady 2.0 11.0 0.22993029999997822 6.712433350000481   2.0 3.0 1.0 0.0 0.2608132000000296 7.22423439999983   2.0 3.0 1.5 0.7071067811865476 0.2581021499999281 6.809513050000561   2.0 3.0 1.5 0.7071067811865476
steady 2.0 12.0 0.2621470000000272 7.141437000000451   2.0 3.0 1.5 0.5773502691896257 0.30469335000003633 7.636691100000462   3.0 4.0 1.333333333333333 0.5773502691896257 0.3004599500000893 7.349049149999928   2.0 3.5 1.5833333333333335 0.7071067811865476
steady 2.0 13.0 0.2602757000000224 7.731100100000106   2.0 3.0 1.5 0.7071067811865476         0.3474161000001459 7.645430800000213   2.0 4.5 1.5833333333333335 0.7071067811865476
steady 2.0 14.0 0.2353105999998206 9.634409699999878   3.0 3.0 1.0 0.0         0.2620346000000211 8.055054500000125   2.0 3.0 1.5 0.7071067811865476
steady 2.0 15.0                 0.260203099999984 8.315257600000109   2.0 3.0 1.5 0.7071067811865476
steady 3.0 1.0 1.35032004999988 1.35032004999988   4.0 10.0 1.166666666666667 0.408248290463863 1.350123499999768 1.350123499999768   4.0 10.0 1.166666666666667 0.408248290463863 1.3468688499999786 1.3468688499999786   4.0 9.0 1.166666666666667 0.408248290463863
steady 3.0 2.0 0.7211620999999724 2.0706913499998336   7.0 11.0 1.857142857142857 1.0 0.767893150000166 2.0737307500001947   7.0 11.0 1.857142857142857 0.9574271077563381 0.7766239999999911 2.07008055000037   7.0 12.0 1.857142857142857 1.0
steady 3.0 3.0 0.6047573500000141 2.1418547999999196   5.0 9.0 2.0 1.0 0.5823598999999859 2.132186150000393   5.0 9.0 2.0 0.8944271909999159 0.5870851999999331 2.1403233499997043   5.0 9.0 2.0 0.8944271909999159
steady 3.0 4.0 0.17243650000000343 1.65786525   2.0 2.0 1.0 0.0 0.17223519999995313 1.591931450000036   2.0 2.0 1.0 0.0 0.2328849500000274 1.7943678500000289   2.0 3.0 1.5 0.7071067811865476
steady 3.0 5.0 0.23506889999998748 1.905454700000007   2.0 3.0 1.5 0.0 0.2691939500000444 1.8946648500000265   2.0 3.5 1.75 0.0 0.23459424999995798 1.9988782000001497   2.0 3.0 1.5 0.7071067811865476
steady 3.0 6.0 0.5742848499999127 2.4096620499999233   3.0 8.0 2.666666666666667 1.0 0.5794404999999188 2.471198849999951   3.0 8.0 2.666666666666667 1.154700538379251 0.5749800500001356 2.462907949999931   3.0 8.0 2.666666666666667 1.154700538379251
steady 4.0 1.0 0.7084779999999284 0.7084779999999284   1.0 13.0 1.0 0.0 0.7073364999999967 0.7073364999999967   1.0 13.0 1.0 0.0 0.7071106500001747 0.7071106500001747   1.0 13.0 1.0 0.0
