 RU IT AL GT ST TT S A 1 2 3 4 5 6 7 8 9 10 11 12 13 14 15 16 17 18 19 20 21 22 23 24 25 26 27 28 29 30 31
0 0 1 3 1.049689 2.390705 3.506442 20 20 0.046648499999975 0.03430950000000621 0.03606600000000526 0.04107519999999454 0.041461699999956636 0.04386690000001181 0.04579140000001303 0.04899120000001744 0.049368700000030685 0.05607689999999366 0.05816749999999615 0.06610960000000432 0.0804337000000146 0.0955598999999836 0.14688789999999585 0.21948029999998653 0.3842812999999978 0.6106726000000151 0.8966347000000212 0.4220877999999857 0.0 0.0 0.0 0.0 0.0 0.0 0.0 0.0 0.0 0.0 0.0
1 0 1 2 4.365706 28.768439 33.45916 44 44 0.9791104000000246 0.09080610000000888 0.08973210000002041 0.09732700000003547 0.10149599999999737 0.1117458999999883 0.11314409999999953 0.11385620000001495 0.10758169999999723 0.12694909999999027 0.14243430000001922 0.13525759999998854 0.20003489999999147 0.2051761999999826 0.40135809999998173 0.5123301999999796 1.129890400000022 1.33277369999999 2.0981695000000116 2.9674939000000222 3.8652299000000028 2.0894387000000165 2.3652485999999726 2.3790353999999923 4.996207800000008 6.364511499999992 0.0 0.0 0.0 0.0 0.0
2 0 1 1 22.708484 60.690515 84.409138 73 73 7.365859600000022 0.510674100000017 0.5267781999999954 0.5295035999999982 0.5424725999999964 0.5650384999999858 0.5711383999999953 0.5971410999999875 0.5856076999999971 0.6408212999999989 0.6036073999999871 0.6272970999999927 0.7404333000000065 0.7356936999999562 0.7834141000000159 0.8707204000000104 0.9448346000000356 1.0024396000000024 1.302542800000026 1.7861714000000006 1.2761303000000055 1.8831411000000173 1.2258231000000137 1.1257616999999982 2.4419242000000168 6.5056500999999685 3.890301199999982 6.698462899999981 9.238711800000004 13.57713910000001 13.683658399999956
3 1 1 3 1.051332 2.299317 3.419858 20 20 0.046633099999951355 0.03354660000002241 0.036545800000055806 0.0410633000000189 0.04240390000001071 0.04436989999999241 0.051042100000017854 0.0462252000000376 0.04976179999999886 0.05208390000007057 0.05951780000003737 0.063235700000007 0.07963910000000851 0.09342239999995172 0.16045459999998002 0.24724060000005466 0.4125373000000536 0.5763955999999553 0.9145532000000003 0.28373349999998254 0.0 0.0 0.0 0.0 0.0 0.0 0.0 0.0 0.0 0.0 0.0
4 1 1 2 3.684416 7.520509 11.437193 42 42 0.9729383999999754 0.09260850000003984 0.09106270000006589 0.09640830000000733 0.1051722999999356 0.10316000000005943 0.09804739999998446 0.10226479999994353 0.11492240000006859 0.12244829999997364 0.14117889999999989 0.13379669999994803 0.1489069999999515 0.18368990000004715 0.1448920000000271 0.19695450000006076 0.18832459999998719 0.6134819999999763 0.7221395000000257 0.8766469000000257 1.301087099999961 1.7095583999999917 1.8168028999999706 1.111039299999959 0.0 0.0 0.0 0.0 0.0 0.0 0.0
5 1 1 1 21.685215 31.594917 54.194581 71 71 6.912492899999961 0.490434300000004 0.4891699000000358 0.5090389999999729 0.5227998999999954 0.5810312000000408 0.5303801000000021 0.6512029000000439 0.6148719000000256 0.5643158000000312 0.563082100000031 0.5962771999999745 0.6751666000000114 0.6948598999999831 0.7483742999999663 0.8457636999999636 0.8396266999999966 0.8781354999999849 0.7871230000000082 0.915340199999946 1.4452369999999632 1.73590310000003 1.8395975000000249 2.142324599999995 1.7357382000000712 2.085661899999991 1.767938499999957 4.231499699999972 3.8966631999999777 7.251822799999957 5.719136800000001
6 2 1 3 1.058168 2.434894 3.562078 20 20 0.04988670000000184 0.03479320000002417 0.038110299999971176 0.04246649999998908 0.04427299999997558 0.04387759999997343 0.04635619999999108 0.047039200000028814 0.04899929999999131 0.053904499999987365 0.05889590000003864 0.06669529999999213 0.07681500000001051 0.10118679999993674 0.15388569999998936 0.2324449000000186 0.33692460000003166 0.5516104999999811 1.136175900000012 0.31253359999999475 0.0 0.0 0.0 0.0 0.0 0.0 0.0 0.0 0.0 0.0 0.0
7 2 1 2 3.990671 6.507302 10.734818 42 42 0.9625547999999071 0.08922840000002452 0.09004759999999123 0.09688690000001543 0.09700520000001234 0.10068860000001223 0.10801809999998113 0.10680030000003171 0.11440959999998768 0.12165540000006558 0.11026440000000548 0.1383562999999981 0.16606619999998884 0.16133010000004333 0.20633490000000165 0.20936720000003106 0.3755271000000562 0.5053378000000066 0.8248204000000214 0.9228769000000057 0.9478839000000221 1.304665 1.1845394000000056 1.5345010000000343 0.0 0.0 0.0 0.0 0.0 0.0 0.0
8 2 1 1 21.542209 35.411346 57.848815 71 71 6.921283100000039 0.47444669999998723 0.48850220000002764 0.50368009999994 0.5054941999999869 0.5363199999999892 0.5250469000000635 0.5303252000000498 0.5574081999999976 0.574571399999968 0.6090298000000303 0.6331536999999798 0.6167298999999957 0.7662427000000207 0.7482422999999585 0.9375289999999836 0.9747817999999597 1.095088799999985 0.9885093999999413 1.7846458999999868 1.1749128999999812 0.977188300000023 0.9868234000000484 0.9482608999999798 1.1794744999999693 1.9274996000000328 2.5465745999999854 2.563334999999995 3.9493430999999646 5.4274562000000515 14.479494799999998
9 3 1 3 1.063511 2.56229 3.700651 20 20 0.049005300000033 0.03574070000001939 0.037977499999954034 0.04518669999998792 0.046244500000000244 0.04556039999999939 0.045606200000065655 0.05039620000002287 0.05072680000000673 0.05461150000002135 0.06098399999996218 0.07709089999997332 0.09843119999999317 0.13438249999995833 0.22362459999999373 0.28701699999999164 0.542293099999938 0.638131699999974 0.8742477999999778 0.21098890000001802 0.0 0.0 0.0 0.0 0.0 0.0 0.0 0.0 0.0 0.0 0.0
10 3 1 2 3.710914 7.685115 11.631254 42 42 0.9745018999999502 0.08880770000001803 0.09264769999998634 0.09550630000001092 0.09534660000002759 0.10580750000002581 0.10235750000003918 0.10033300000003464 0.10879019999998718 0.11095820000002732 0.12522769999998218 0.13751919999998563 0.15072040000006837 0.13781380000006038 0.17698999999998932 0.21619529999998122 0.2569754000000444 0.5976596000000427 0.9134955000000105 1.2722042999999985 1.2092653999999357 1.2681474000000321 1.3467827999999713 1.695068699999979 0.0 0.0 0.0 0.0 0.0 0.0 0.0
11 3 1 1 21.496877 34.205161 56.584535 71 71 6.966511199999957 0.4931502000000023 0.49987989999999627 0.5048847999999566 0.5364860999999337 0.5163589999999658 0.5280088999999748 0.5646922999999902 0.5777149999999551 0.6127788999999666 0.617650900000001 0.5840236000000232 0.6675653000000352 0.6646575999999982 0.7841262999999685 0.852052199999946 1.0566928999999732 0.9799476000000027 1.3050960000000487 0.8291771000000381 1.428577100000041 1.0504255999999828 0.9883678999999574 1.2746978000000126 2.289998099999991 1.4657548000000133 2.9696669999999585 3.1998060000000237 4.409992000000045 7.0373038999999835 9.425222899999994
12 4 1 3 1.049017 1.863121 2.979674 20 20 0.04559740000001966 0.03406430000001137 0.03813289999993685 0.041750300000046536 0.04297009999999091 0.042847900000026584 0.04628339999999298 0.04755399999999099 0.04897360000001072 0.05277890000002117 0.05882539999998926 0.06599969999996347 0.08288009999995438 0.13530179999997927 0.17637209999992365 0.23344609999998056 0.29491780000000745 0.47549849999995786 0.7923829000000069 0.13844159999996464 0.0 0.0 0.0 0.0 0.0 0.0 0.0 0.0 0.0 0.0 0.0
13 4 1 2 4.375234 29.127066 33.817694 44 44 0.9709660999999983 0.10719860000000381 0.09764949999998862 0.09854079999996657 0.09858280000003106 0.10757860000001074 0.10134899999991376 0.11008730000003197 0.10615899999999101 0.11353320000000622 0.14865629999997054 0.20500550000002704 0.14384400000000142 0.18739240000002155 0.2619301999999948 0.39393590000003087 0.9090823999999884 1.2983406000000173 2.2613213999999857 3.3978276999999935 4.91828419999996 3.589646900000048 5.174087499999928 3.205616799999916 3.036211900000012 2.4408588999999665 0.0 0.0 0.0 0.0 0.0
14 4 1 1 22.549364 42.531923 66.00152 73 73 7.315259699999956 0.5085362999999461 0.5227934999999206 0.5195289000000685 0.5396546999999146 0.5351924000000281 0.5676211999999623 0.5950997999999572 0.640480099999877 0.610793899999976 0.6236253999999235 0.7596514000000525 0.6033369000000448 0.8410880999998653 0.7148731000000907 0.6592369000001099 0.7215332999999191 1.3063413000000992 0.9983776000000262 1.4901650999998992 0.9800155000000359 1.3586404999999786 1.638911300000018 1.0927222999999913 1.670159799999965 3.06499359999998 3.0935346999999638 4.728396800000041 5.873228100000119 8.852500100000043 11.633856000000037
15 5 1 3 1.054322 2.374866 3.504502 20 20 0.04626520000010714 0.03514939999990929 0.035625299999878735 0.042377500000043256 0.041934299999979885 0.04356389999986732 0.04721870000003037 0.04754640000010113 0.052148099999953956 0.06996710000009898 0.07242809999991096 0.09145130000013069 0.08206690000008621 0.1233114999999998 0.17736890000003314 0.308689700000059 0.43288920000009057 0.5114149999999427 0.7070371000000932 0.4449566999999206 0.0 0.0 0.0 0.0 0.0 0.0 0.0 0.0 0.0 0.0 0.0
16 5 1 2 3.708286 8.910968 12.859768 42 42 0.9802336999999852 0.09465860000011617 0.09296930000004977 0.09658100000001468 0.10017360000006192 0.10563460000003033 0.10594209999999293 0.10155069999996158 0.10667820000003303 0.12504860000001372 0.11843179999993936 0.13988710000000992 0.1621307999999999 0.1678282999999965 0.13554839999994783 0.25819300000000567 0.38056159999996453 0.7063631999999416 1.0697169999999687 1.0345077000000629 1.3414009000000533 1.404921300000069 1.628581199999985 2.1447494999998753 0.0 0.0 0.0 0.0 0.0 0.0 0.0
17 5 1 1 21.638088 22.420138 44.896825 71 71 7.027483099999927 0.4832085000000461 0.49897250000003623 0.5083406000001105 0.5502656999999544 0.5503111000000445 0.5284691000000521 0.5749559000000772 0.576606800000036 0.5619765000000143 0.6129574000000275 0.658314599999926 0.7347658000001047 0.6672325999999202 0.6520748000000367 0.6986441999999897 0.7946720000001051 0.7167987999999923 1.5181612999999743 0.8707341000000497 0.8039575999999897 0.9343990999999505 0.9718665999999985 0.9158989999999676 1.086889000000042 1.0723748999999998 1.5195650999999089 4.660932099999968 2.5507341999999653 3.5793869000000313 6.157317199999966
18 6 1 3 1.011433 1.869574 2.945549 20 20 0.04638719999991281 0.03474959999994098 0.03622250000000804 0.04098399999998037 0.041415999999912856 0.04574930000001132 0.050734099999885984 0.04686349999997219 0.05007720000003246 0.05125950000001467 0.05546900000001642 0.06188099999997121 0.07398650000004636 0.10058249999997315 0.12599610000006578 0.20802160000005188 0.29564430000004904 0.5777276000001166 0.7784440000000359 0.14268830000003163 0.0 0.0 0.0 0.0 0.0 0.0 0.0 0.0 0.0 0.0 0.0
19 6 1 2 4.364082 21.34684 26.035415 44 44 0.9656932999999981 0.09172229999990122 0.09159469999997327 0.09800159999986136 0.10086569999998574 0.10888220000003912 0.1061243999998851 0.10785069999997177 0.12459820000003674 0.13690420000011727 0.11611660000005486 0.1750981000000138 0.13449070000001484 0.2363246000001027 0.20278000000007523 0.44619919999991 0.42599009999992177 0.8390438999999787 1.4518000000000484 1.8486699999998564 2.90207769999995 2.807219200000077 2.5308837000001176 3.400357299999996 3.955747200000019 2.286770800000113 0.0 0.0 0.0 0.0 0.0
20 6 1 1 22.488082 53.268627 76.716837 73 73 7.284962000000178 0.5163724000000229 0.5231661000000258 0.5394403000000239 0.5519560000000183 0.5674850000000333 0.5842928000000711 0.5584066999999777 0.5704418999999916 0.6599060999999438 0.6553504000000885 0.6479029000000764 0.6967462000000069 0.7745377999999619 0.9145236000000523 0.7843019000000595 0.904511800000023 1.0205576999999266 1.199098900000081 1.622028999999884 2.582079199999953 0.847672100000068 0.8908171000000493 0.9560874999999669 1.0806936999999834 4.174812999999972 1.8967214000000467 5.136936100000071 8.600719600000048 17.635280599999987 10.35889080000004
21 7 1 3 1.043737 1.722328 2.830019 20 20 0.04506879999996727 0.03331169999989925 0.03655939999998736 0.04377670000008038 0.04216069999995398 0.043717200000060075 0.04517329999998765 0.047123199999987264 0.048308199999951285 0.053615400000012414 0.05965400000002319 0.06977730000005522 0.07867529999998624 0.09458990000007361 0.16388150000000223 0.19876789999989342 0.29104690000008304 0.449281600000063 0.7789260000000695 0.12619410000002063 0.0 0.0 0.0 0.0 0.0 0.0 0.0 0.0 0.0 0.0 0.0
22 7 1 2 4.387507 9.556886 14.231084 44 44 0.9669738999999709 0.09102890000008301 0.09017889999995532 0.0983433999999761 0.10823830000003909 0.10041560000001937 0.10676280000006955 0.11248799999998482 0.12317929999994703 0.11985670000001392 0.12153829999999743 0.15748180000002776 0.13397249999991345 0.13424579999991693 0.1768594000001258 0.33080919999997604 0.4705784999999878 0.6003670000000056 0.9236313999998629 1.2584070999999994 1.1634286000000884 0.7355139999999665 0.8879005000000006 1.333326100000022 1.3380950000000666 2.243707600000107 0.0 0.0 0.0 0.0 0.0
23 7 1 1 22.4656 47.747691 71.185924 73 73 7.310045200000104 0.4983673000000408 0.51870550000001 0.5257126999999855 0.5511000999999851 0.5771127999998953 0.5528188999999202 0.5392363999999361 0.6024758000000929 0.6064003999998704 0.6677307999999584 0.7452832999998691 0.629574600000069 0.8254508999999643 0.7957221999998865 0.79317489999994 0.7933888000000024 0.7683177000000114 0.8824094999999943 1.5006328000001758 1.3477064000001064 0.8093013000000155 1.5005339999999023 2.895896599999901 1.8185712999999168 3.155386300000032 2.030466600000068 3.979524099999935 12.895560500000101 9.902131800000006 9.172266899999954
24 8 1 3 1.018391 2.360562 3.446495 20 20 0.04637630000001991 0.0348289000000932 0.03622419999987869 0.04180909999990945 0.041984899999988556 0.04433920000008129 0.04758859999992637 0.05021769999996195 0.05140260000007402 0.0542392000000973 0.05685039999991659 0.06391019999989567 0.07548770000005334 0.09932419999995545 0.14986129999999775 0.26091729999996005 0.40019069999993917 0.5529321999999866 0.87626350000005 0.3778151000000207 0.0 0.0 0.0 0.0 0.0 0.0 0.0 0.0 0.0 0.0 0.0
25 8 1 2 3.864955 7.597446 11.704027 42 42 0.9674835000000712 0.09294699999998102 0.09261540000011337 0.09540860000004159 0.096779999999967 0.10104410000008102 0.10103219999996327 0.1167920000000322 0.11128020000001015 0.11825510000005579 0.12610090000009677 0.1320011999999906 0.14301179999995384 0.1756526000000349 0.2350378000001001 0.30454840000004424 0.6149806999999328 0.8640475000000833 1.2008035000000064 0.7311505000001262 0.9374927000000071 1.2651747999999543 1.6066820000000916 1.2140081999999666 0.0 0.0 0.0 0.0 0.0 0.0 0.0
26 8 1 1 21.640421 26.290009 48.844311 71 71 6.954595499999982 0.5122669000002134 0.4932036999999809 0.5067736000000878 0.50933950000001 0.553338100000019 0.5504471999998941 0.5741603000000168 0.5744460999999319 0.5901646999999457 0.5720217999999022 0.6415316000000075 0.6884972999999945 0.6826115000000073 0.6944019000000026 0.8503495999999586 0.9135351000001037 0.6365972999999485 1.101034000000027 1.0933972000000267 1.6309068999999 1.26390240000012 1.2232709999999543 2.2375716999999895 2.060073099999954 3.263733600000023 1.9236852000000226 2.9279993000000104 3.743262100000038 4.095662000000061 3.8464991000000737
27 9 1 3 1.056688 2.158178 3.280047 20 20 0.045764099999928476 0.03389199999992343 0.03556070000013278 0.04641289999995024 0.042054399999983616 0.04754420000006121 0.04846150000014404 0.047030700000050274 0.0510977000000139 0.053469999999947504 0.05961700000000292 0.06547980000004827 0.08159829999999602 0.09891430000004675 0.1458632999999736 0.18305869999994684 0.3049271000000999 0.5223856999999725 0.8405642000000171 0.44522749999987354 0.0 0.0 0.0 0.0 0.0 0.0 0.0 0.0 0.0 0.0 0.0
28 9 1 2 4.229741 14.539791 19.052435 44 44 0.9686279000000013 0.09181180000007316 0.08807439999998223 0.09749710000005507 0.10181020000004537 0.10207319999994979 0.10844160000010561 0.10929049999992912 0.11158339999997224 0.12107490000005328 0.12054190000003473 0.1241947999999411 0.13837049999995088 0.13667999999995573 0.20698459999982788 0.25475550000010116 0.2217247999999472 0.41743590000010045 0.712101500000017 1.0421082000001434 1.3777850000000171 1.960608799999818 2.108342599999901 2.7874916999999186 3.4281645999999455 1.8144984000000477 0.0 0.0 0.0 0.0 0.0
29 9 1 1 21.170705 53.890578 75.937656 71 71 7.42328509999993 0.5035847000000331 0.5286221000000069 0.5283007000000453 0.5758574000001317 0.5552192999999761 0.5411268000001428 0.5710247000000663 0.5908350000000837 0.6357620999999654 0.630636400000185 0.6801490999999942 0.8826117999999497 0.6455468999999994 0.7187275999999656 0.8793365000000222 0.960453799999982 1.3515709000000697 1.1911826000000474 1.1344921999999542 2.0375146999999743 1.0004626000001053 1.2829206000000113 3.5725126999999475 3.609214399999928 7.109210699999949 9.678049200000032 12.601048400000082 12.621666399999981 0.0 0.0
30 10 1 3 1.062782 1.829879 2.954905 20 20 0.0460245000000441 0.034056900000109636 0.0360292999999956 0.041052400000126 0.04141239999989921 0.04449609999983295 0.04581469999993715 0.046241900000040914 0.0531109999999444 0.05315920000009555 0.057880400000044574 0.06383519999985765 0.07358410000006188 0.08769210000002658 0.14238379999994777 0.2161621999999852 0.30460340000013275 0.44555589999993117 0.8767302000001109 0.16600440000001981 0.0 0.0 0.0 0.0 0.0 0.0 0.0 0.0 0.0 0.0 0.0
31 10 1 2 4.192562 11.201998 15.674603 44 44 0.9620310000000245 0.09119870000006358 0.09187029999998231 0.09963220000008732 0.10128379999991921 0.1016346999997495 0.10355780000008963 0.11064379999993434 0.11004289999982575 0.11712859999988723 0.10918270000024677 0.12524529999996048 0.1352095999998255 0.12291589999995267 0.21020399999997608 0.1787037000001419 0.1409454999998161 0.34771890000001804 0.43560459999980594 0.6750232000001688 0.8668620999999348 1.748607600000014 1.5344789999999193 2.2852788999998666 2.2246389000001727 2.345645999999988 0.0 0.0 0.0 0.0 0.0
32 10 1 1 22.244228 38.39693 61.576974 73 73 7.296620900000107 0.5094563000000107 0.5091261000000031 0.5256868999999824 0.550876899999821 0.5907621999999719 0.5904128000001947 0.5481003999998393 0.6056570999999167 0.6238385999999991 0.6400639000000865 0.6914164000002074 0.7571174000001974 0.7910480000000462 0.8096579000000474 1.0534884000001057 1.031222200000002 0.7978520000001481 0.9614125999996759 0.8568771000000197 2.4899914000002354 1.8650538999997934 0.9706320999998752 0.9578581999996914 2.5017982000001666 1.7655237999999827 6.94830909999996 4.505462999999736 4.164877400000023 6.878652500000044 6.831193799999937
33 11 1 3 1.06388 2.403001 3.533805 20 20 0.04604039999981069 0.03481850000025588 0.03658140000015919 0.0420696000001044 0.042438300000185336 0.045958599999949 0.04842719999987821 0.04776739999988422 0.05319350000013401 0.05406050000033247 0.056913699999995515 0.06563450000021476 0.08082890000014231 0.1111819000000196 0.19666619999998147 0.2260627000000568 0.30674390000012863 0.6192639999999301 0.8622560999999678 0.4726708000000599 0.0 0.0 0.0 0.0 0.0 0.0 0.0 0.0 0.0 0.0 0.0
34 11 1 2 4.179908 6.643763 11.082363 44 44 0.9694498000001204 0.0924630999998044 0.09230779999984406 0.09856230000013966 0.10011950000011893 0.10301700000013625 0.1083545999999842 0.10497349999991457 0.11096620000012081 0.11563139999998384 0.11601109999992332 0.12075979999985975 0.12508419999994658 0.11479300000019066 0.15845109999986562 0.31235309999965466 0.15849950000006174 0.2910466000002998 0.37338690000001407 0.8143648999998732 0.4151825999999801 0.5423355000000356 0.7657984999998462 1.4643223999999009 1.425167099999726 1.7127152000002752 0.0 0.0 0.0 0.0 0.0
35 11 1 1 21.236114 57.656582 79.778436 71 71 7.330485100000033 0.4984231999999338 0.5208267000000433 0.5292962000003172 0.5603962000002412 0.5525962999997773 0.5547913000000335 0.5868183000000045 0.5799295000001621 0.6177769999999327 0.7691019999999753 0.7202239999999165 0.7815154000002167 0.6251744000001054 0.9147146999998768 0.7118242000001374 0.8359914000000117 1.1880210000001625 1.0794123000000582 1.143970199999785 2.440734799999973 2.005036400000108 1.7719756000001325 2.4858398000001216 2.7202720000000227 5.873338899999908 11.944361099999924 12.290252399999872 16.23926469999992 0.0 0.0
36 12 1 3 1.050894 2.219994 3.340026 20 20 0.045374300000048606 0.03474819999973988 0.036340300000119896 0.04186529999992672 0.04203979999988405 0.04330019999997603 0.04615030000013576 0.04752380000013545 0.04940499999997883 0.053391800000099465 0.05730209999978797 0.06634879999978693 0.08746759999985443 0.10473709999996572 0.17711559999997917 0.24290849999988495 0.3491609000000153 0.5467985000000226 0.9309367999999267 0.2522982000002685 0.0 0.0 0.0 0.0 0.0 0.0 0.0 0.0 0.0 0.0 0.0
37 12 1 2 4.324079 11.364088 15.946105 44 44 0.9624883999999838 0.09161459999995714 0.09385080000015478 0.09688860000005661 0.10481589999994867 0.10343330000000606 0.10003490000008242 0.10637389999988045 0.10141770000041106 0.11703970000007757 0.12294199999996636 0.1251454000000649 0.13471899999990455 0.13092760000017734 0.16080310000006648 0.19143179999991844 0.25159350000012637 0.6244501999999557 0.2825189000000137 0.437299400000029 0.7257119999999304 0.9938048000001345 1.776055599999836 2.4156425000001036 2.5715732000001026 2.84780980000005 0.0 0.0 0.0 0.0 0.0
38 12 1 1 22.451673 38.75907 62.195815 73 73 7.293445199999951 0.5053411000001233 0.5160229000000527 0.5351034000000254 0.5340620000001763 0.5460436000000755 0.5425018000000819 0.5585826999999881 0.5654963999998017 0.5949006999999256 0.6672575999998571 0.6934178000001339 0.6995061000002352 0.7741927000001851 0.8733243000001494 0.913535199999842 1.0515301999998883 1.1171305000000302 1.6333942999997362 2.136023500000192 1.1812725999998293 0.9741647999999259 1.077910799999927 4.282110699999976 3.074107799999865 1.0992142000000058 1.433689700000059 3.5705687000001944 8.17705960000012 12.050122699999974 1.5195756999999048
39 13 1 3 1.060159 2.087513 3.215273 20 20 0.0503771000001052 0.05025260000002163 0.03738789999988512 0.04063099999984843 0.04109629999993558 0.045032900000251175 0.04439660000002732 0.047847000000047046 0.04876099999978578 0.05213319999984378 0.05854240000007849 0.06669480000005024 0.08674359999986336 0.09990479999987656 0.17518920000020444 0.2189654999999675 0.33706179999990127 0.48142029999985425 0.9821047000000362 0.16711129999998775 0.0 0.0 0.0 0.0 0.0 0.0 0.0 0.0 0.0 0.0 0.0
40 13 1 2 4.414218 8.649209 13.344091 44 44 0.9885666999998648 0.09252470000001267 0.09234760000003917 0.09768839999992451 0.09948670000017046 0.10858419999999569 0.10944089999975404 0.10668050000003859 0.11191800000005969 0.12216089999992619 0.11849929999993947 0.1767763999998806 0.1672088000000258 0.1272425000001931 0.21532060000004094 0.18515770000021803 0.3927672999998322 0.4200544999998783 0.6231233999999404 0.8524018000000524 1.1464065000000119 1.466182900000149 1.5030021000000033 1.4141672000000653 1.8137793999999303 0.4949707999999191 0.0 0.0 0.0 0.0 0.0
41 13 1 1 22.469507 41.985626 65.390083 73 73 7.369332799999938 0.5056605999998283 0.5193061000002217 0.5338978000002044 0.5301392999997461 0.5439352000003055 0.5518319000000247 0.576897800000097 0.5922935000000962 0.6156952999999703 0.6689467999997305 0.6418125000000146 0.7365205999999489 0.6413108000001557 0.7832984999997734 0.8228619000001345 0.8307128000001285 0.7437216999999237 1.2990124000000378 1.4546686999999565 0.7343506999998226 1.6857234999999946 1.0155727999999726 1.742234099999905 1.4703629999999066 3.989855900000066 5.548260199999959 2.207661100000223 6.226792699999805 6.584874199999831 12.267954299999928
42 14 1 3 1.020073 2.333291 3.421547 20 20 0.04657789999987472 0.03415140000015526 0.03624179999997068 0.043811499999947046 0.04272299999979623 0.04484249999995882 0.046970399999963774 0.04752940000025774 0.047895399999788424 0.05288790000008703 0.05794589999982236 0.06774100000006911 0.08431689999997616 0.09713710000005449 0.11707350000006045 0.20932250000009844 0.37212399999998524 0.6485033000001295 0.9484849000000395 0.29121439999994436 0.0 0.0 0.0 0.0 0.0 0.0 0.0 0.0 0.0 0.0 0.0
43 14 1 2 3.699016 6.398605 10.318766 42 42 0.9642407999997431 0.09166760000016438 0.09013049999998657 0.09756749999996828 0.0973354999998719 0.09865879999983918 0.10131890000025123 0.10693879999985256 0.11217150000015863 0.11292100000014216 0.12045599999987644 0.13156739999976708 0.12833389999991596 0.13748259999988477 0.15321640000001935 0.1558056999999735 0.20581560000005084 0.4686495000000832 0.6545458000000508 0.842214199999944 0.9460833000000548 1.2581513999998606 1.3993315999998686 1.6064573999999539 0.0 0.0 0.0 0.0 0.0 0.0 0.0
44 14 1 1 20.348627 22.449098 43.588604 69 69 6.976866299999983 0.48355880000008256 0.5066604999997253 0.5070117000000209 0.5219408999998905 0.5052894999998898 0.5484098999997968 0.6101558000000296 0.5502543999998579 0.62860969999997 0.6483771999999135 0.7220397999997203 0.6925831999999446 0.9291239000001497 0.8164873999999145 0.8373313000001872 1.2564481999997952 1.2542599000000791 0.826915099999951 1.068191699999943 1.4959702999999536 1.955098899999939 1.8127848999997696 1.5787299000000985 1.8490225999998984 0.8384377000002132 3.846133099999861 3.1863930999998047 5.322607100000141 0.0 0.0
45 15 1 3 1.061581 2.10164 3.231091 20 20 0.04546299999992698 0.0342451000001347 0.035595300000068164 0.04087580000009439 0.04198279999991428 0.04440449999992779 0.0463084999998955 0.0474435999999514 0.04693380000003344 0.054076300000133415 0.057271999999784384 0.0689031999997951 0.08313170000019454 0.12298889999988205 0.19477670000014768 0.24177209999993465 0.34655259999999544 0.5626710999997613 0.7849077000000761 0.24632769999993798 0.0 0.0 0.0 0.0 0.0 0.0 0.0 0.0 0.0 0.0 0.0
46 15 1 2 4.367324 22.385583 27.08865 44 44 0.9699090000001434 0.09037720000014815 0.091213899999957 0.11706000000003769 0.10218920000011167 0.10405070000001615 0.10482829999978094 0.10731659999987642 0.11761609999985012 0.12356130000011945 0.12353189999998904 0.14400819999991654 0.2049101000002338 0.11869579999984126 0.1368750999997701 0.2386594999998124 0.5919211999998879 0.9013094000001729 1.3082615999999234 2.5707356999998865 2.9404947000000448 4.185589399999799 4.265946799999938 3.0493953999998666 3.100505600000133 0.925093600000082 0.0 0.0 0.0 0.0 0.0
47 15 1 1 22.458386 73.500468 96.970037 73 73 7.320011099999874 0.5448394000000008 0.5184819999997217 0.5329509000000598 0.5557707999998911 0.580289300000004 0.5410530999999992 0.5649276999999984 0.5786530999998831 0.6233747000001131 0.840746199999785 0.5948030999998082 0.7111160000001746 0.7989916999999878 0.9432675999998992 0.6959916000000703 0.8313227000001007 1.1146258000001126 1.1826815999997962 1.5824087000000873 1.884144200000037 2.2457132999998066 1.4142456999998103 1.0867706999999882 3.8548718000001827 1.6572307999999794 2.973314500000015 10.55159239999989 11.128440700000283 14.719128400000045 22.768010900000036
48 16 1 3 1.020817 1.816848 2.904073 20 20 0.046102300000256946 0.03363409999997202 0.036422399999992194 0.04232170000000224 0.044965399999910005 0.0446391999998923 0.046233699999902456 0.047708699999930104 0.0477226000000428 0.05457000000001244 0.05870869999989736 0.07239980000008472 0.08122239999966041 0.10992399999986446 0.12623119999989285 0.2290642000000389 0.31544960000019273 0.4258700000000317 0.8358927999997832 0.1224984000002678 0.0 0.0 0.0 0.0 0.0 0.0 0.0 0.0 0.0 0.0 0.0
49 16 1 2 4.360197 8.559486 13.199969 44 44 0.9723636000001079 0.09268580000002657 0.0898205000003145 0.10105980000003001 0.10686239999972713 0.10214479999967807 0.0990740999998252 0.10411520000002383 0.12786010000013448 0.12221369999997478 0.11074950000011086 0.12234579999994821 0.16914509999992333 0.2680714000000535 0.12136340000006385 0.2373973000001115 0.338674299999866 0.5045932999998968 0.4265594000000874 0.4433965000000626 1.1221806999999444 1.3231596000000536 1.5663430000001881 1.694893699999966 1.4904493999999886 1.0453276999999161 0.0 0.0 0.0 0.0 0.0
50 16 1 1 22.548331 54.119627 77.626722 73 73 7.370412600000009 0.5055328999999347 0.5223021999997854 0.5204830000000129 0.5511608999997861 0.5667138999999679 0.5628516000001582 0.5847585999999865 0.6513271000001168 0.609417300000132 0.603690099999767 0.7310403000001315 0.8659769000000779 0.8206781000001229 0.864715699999806 0.5990305000000262 1.130273999999872 0.9667464999999993 1.8217553000001772 1.974087999999938 0.8418411999998625 1.1780934000000798 1.6722944999999072 4.320392400000173 2.0432974000000286 3.017003700000032 8.889120899999853 2.820689899999934 5.70716920000018 15.8132028 7.521616900000026
51 17 1 3 1.052013 1.781432 2.895752 20 20 0.04651869999997871 0.0346918000000187 0.035751299999901676 0.04202130000021498 0.04175390000000334 0.0438638999999057 0.048971599999958926 0.04792039999983899 0.04814250000026732 0.05281190000005154 0.05479870000021947 0.0662836999999854 0.08225939999988441 0.0948212999999214 0.14574100000004364 0.18704159999992953 0.2666502000001856 0.476065200000221 0.6148047000001498 0.3860402000002523 0.0 0.0 0.0 0.0 0.0 0.0 0.0 0.0 0.0 0.0 0.0
52 17 1 2 4.392516 11.437228 16.116905 44 44 0.9772291999997833 0.09100670000020727 0.09084410000014032 0.09670830000004571 0.0989425000002484 0.1043177999999898 0.10032710000018596 0.10827879999988 0.11885619999975461 0.11442740000006779 0.13757680000003347 0.1444642000001295 0.1737796999998409 0.12004219999994348 0.22823619999985567 0.2140383999999358 0.4290235000000848 0.6604828000001817 0.7678078000001278 0.9944046000000526 1.3581206999999722 1.1738007999999809 1.2108600999999908 2.2032076000000416 2.2151197999999113 1.8806927000000542 0.0 0.0 0.0 0.0 0.0
53 17 1 1 21.082338 40.109256 62.125164 71 71 7.300068499999952 0.5192257000001064 0.5135715000001255 0.535301299999901 0.548332500000015 0.5383810000000722 0.5459243000002516 0.6446292999999059 0.5851659999998446 0.7099248999998053 0.6256504000000405 0.6157590000000255 0.6639839999998003 0.8540182999997796 0.9294634999998834 0.8777217999997902 1.1139568999999483 2.0267897000001085 0.8271944000000531 0.6762453000001187 0.8989360999999008 1.9181866000001264 3.3694359000000986 2.3114494999999806 3.144933999999921 5.701436600000079 3.478399599999875 8.742568899999924 9.95508309999991 0.0 0.0
54 18 1 3 1.034655 2.120329 3.21713 20 20 0.0465151999999307 0.03499999999985448 0.05292190000000119 0.04176800000004732 0.04249830000003385 0.04416620000006333 0.04595159999985299 0.048330600000099366 0.04782749999981206 0.053052100000059 0.055878300000131276 0.06417089999990822 0.06778239999994184 0.08440040000004956 0.1022973000001457 0.1644380000000183 0.2596791999999368 0.4981112000000394 0.7376460999998926 0.6461953000000449 0.0 0.0 0.0 0.0 0.0 0.0 0.0 0.0 0.0 0.0 0.0
55 18 1 2 4.398566 9.559981 14.237186 44 44 0.970354400000133 0.09156699999994089 0.09033999999996922 0.09938879999981509 0.10789399999976013 0.10029300000019248 0.10391789999994216 0.1065112000001136 0.11133239999981015 0.1239768999998887 0.12361009999995076 0.1513265999997202 0.12397659999987809 0.1913041999998768 0.17321530000003804 0.16139939999993658 0.3084368000002087 0.33722850000003746 0.5583098999998128 0.773334099999829 1.131974899999932 1.6762457999998333 1.411600000000135 1.5272216000000753 1.6145050000000083 1.7720979000000625 0.0 0.0 0.0 0.0 0.0
56 18 1 1 21.065904 30.762918 52.686748 71 71 7.249114999999847 0.5009425999999166 0.5200548000000254 0.5282451000000492 0.5421341000001121 0.5358466999998655 0.5593225000000075 0.5763669000000391 0.6321364000000358 0.5811260000002676 0.7410142000001088 0.9045390999999654 0.8506024000000707 0.8420783000001393 0.9148600000000897 0.975007400000095 1.306368799999973 1.382086599999866 1.582194999999956 0.8809479999999894 0.7292145999997501 0.7720750999999382 0.8081303999999818 1.3101506999998946 1.8554004999998597 4.210236199999827 6.094802200000004 5.724728599999935 7.698678900000004 0.0 0.0
57 19 1 3 1.078283 1.587655 2.731947 20 20 0.04663030000006074 0.03453569999987849 0.036171299999978146 0.04129590000002281 0.04174830000010843 0.04365239999992809 0.046408800000108386 0.04776189999984126 0.048011200000019016 0.05526830000007976 0.057178600000042934 0.06506000000013046 0.07515740000008009 0.0925064000000475 0.14584590000004027 0.19258609999997134 0.29762430000005224 0.42910600000004706 0.6686153000000559 0.18468480000001364 0.0 0.0 0.0 0.0 0.0 0.0 0.0 0.0 0.0 0.0 0.0
58 19 1 2 3.831897 8.720458 12.809854 42 42 0.9719044999999369 0.09153139999989435 0.08768600000007609 0.09561650000000554 0.09659909999982119 0.09899380000024394 0.11008420000030128 0.10469590000002427 0.11251429999992979 0.11726199999998244 0.123638800000208 0.12684490000015103 0.1444334999998773 0.17391169999996237 0.21855100000016137 0.2555322000000615 0.6080292999999983 0.9168835999998919 1.3310519000001477 1.1808037000000695 1.376902100000052 1.5032086000001073 1.3739352999998573 1.3145281000001887 0.0 0.0 0.0 0.0 0.0 0.0 0.0
59 19 1 1 20.482579 31.388647 52.746789 69 69 7.078582500000266 0.48262529999988146 0.49747949999982666 0.5138314000000719 0.5211710999999468 0.5192951999999877 0.5207964000001084 0.6277675999999701 0.5968714000002819 0.5843465999996624 0.6049201000000721 0.6677446999999574 0.6876640999998926 0.9100665000000845 0.9264728000000559 0.9640251000000717 0.9397593999999572 1.183695200000102 1.2637485000000197 1.6997893000000204 1.9028821000001699 1.646853100000044 1.7229242000000795 1.6886492999997245 1.6858316999998806 1.9565005999997993 5.1088868999997885 6.2866199000002325 8.061466899999914 0.0 0.0
