   LE LE AC AC CF CF CP_EF_L CP_EF_L SP_EB_L SP_EB_L GT GT ST ST GT_POTT GT_POTT ST_POTT ST_POTT TT TT LT LT WT WT MET MET CT CT
statistic   0.5 IQR 0.5 IQR 0.5 IQR 0.5 IQR 0.5 IQR 0.5 IQR 0.5 IQR 0.5 IQR 0.5 IQR 0.5 IQR 0.5 IQR 0.5 IQR 0.5 IQR 0.5 IQR
problem online_bounds AL                            
ps1 "(2, 2)" 1 39.0 0.0 39.0 0.0 1.0 0.0 1.5 0.0 0.4320493798938573 0.0393551408971744 3.872329750000063 0.009072549999878277 1.0191460499999039 0.11279792500014829 0.7915469573789461 0.01775277971263456 0.20845304262105396 0.017752779712634642 4.888741950000011 0.11469617500004503 4.074407900000011 0.057197600000193916 4.583380775000098 0.14231963124991776 4.746290383333372 0.0826765250000463 8.442954000000256 0.30654210000022175
ps1 "(2, 2)" 2 26.0 0.0 26.0 0.0 1.0 0.0 1.444444444444444 0.0 0.6152408521677522 0.1382545606333635 1.749060949999887 0.006281775000345657 0.4385734000001378 0.010687899999947348 0.7998140913256706 0.004014771635216352 0.20018590867432967 0.004014771635216879 2.1903387500000235 0.012814599999657172 2.678191800000178 0.047563574999731184 2.4354722000000915 0.02733460000004273 2.1903387500000235 0.012814599999657172 3.54042124999998 0.04887312499984331
ps1 "(2, 2)" 3 18.0 0.0 18.0 0.0 1.0 0.0 1.0 0.0 0.0 0.0 0.9916393999998689 0.004058274999941602 0.36122605000009855 0.03697897500006775 0.7329230275751922 0.021341175324971817 0.26707697242480777 0.021341175324972206 1.3534255500000825 0.03686992500009345 1.3534255500000825 0.03686992500009345 1.3534255500000825 0.03686992500009345 0.0 0.0 1.3534255500000825 0.03686992500009345
ps1 "(2, 4)" 1 43.0 3.0 43.0 3.0 1.0 0.0 1.653846153846154 0.11538461538461542 0.5524889016887978 0.17377421699375462 4.239100350000243 0.4002721250001997 0.9995164499997171 0.2026398500002209 0.8134585058373862 0.025698586283695146 0.18654149416261376 0.025698586283695035 5.262455149999784 0.6577446750005871 3.5498310499995682 0.18924362499991831 3.9545934312500375 0.4849264656251209 4.007604478571492 0.585443578571093 8.946983999999972 0.6880300500002932
ps1 "(2, 4)" 2 26.0 0.0 26.0 0.0 1.0 0.0 1.444444444444444 0.0 0.6381534447172755 0.17847295599855661 1.7522787500001158 0.011528549999972437 0.44611094999997647 0.014037225000080866 0.7975309104633808 0.0052826534603975794 0.2024690895366193 0.005282653460397718 2.199163500000111 0.021752049999662848 2.714297299999842 0.057844950000216944 2.4598877999999686 0.039487212499881075 2.199163500000111 0.021752049999662848 3.575313299999607 0.06817757500015276
ps1 "(2, 4)" 3 18.0 0.0 18.0 0.0 1.0 0.0 1.0 0.0 0.0 0.0 1.000397899999996 0.00492304999984583 0.3679299000000711 0.051372199999892953 0.7317097086115569 0.027076290274091086 0.2682902913884433 0.02707629027409142 1.374888399999925 0.055518125000034946 1.374888399999925 0.055518125000034946 1.374888399999925 0.055518125000034946 0.0 0.0 1.374888399999925 0.055518125000034946
ps1 "(4, 2)" 1 39.0 0.0 39.0 0.0 1.0 0.0 1.5 0.0 0.4103897531084387 0.04331925357083716 3.7675561999999445 0.02702205000014901 0.8426974499999886 0.2969115000002309 0.8179504159787976 0.043734621078752145 0.18204958402120253 0.04373462107875223 4.622073700000286 0.33308274999936316 3.098320099999853 0.07906480000050253 3.9525683374997342 0.19478784999933296 4.061067078571098 0.22044964285735702 8.234538900000167 0.5143272999994508
ps1 "(4, 2)" 2 26.0 0.0 26.0 0.0 1.0 0.0 1.444444444444444 0.0 0.5923282596182288 0.0955064920121167 1.8216170999999122 0.008266549999987216 0.3423732500000085 0.00552619999995585 0.8418514452937842 0.002060676078224244 0.15814855470621603 0.002060676078224244 2.1631991500000396 0.011104900000206364 2.138990800000329 0.07347912499993425 1.8185644374999086 0.031546343749678574 1.7090140166667045 0.013378274999884532 3.5472530999999345 0.08372142499963076
ps1 "(4, 2)" 3 18.0 0.0 18.0 0.0 1.0 0.0 1.0 0.0 0.0 0.0 1.0014208000000056 0.010088074999899277 0.3710558500000616 0.06181647499995785 0.7313075792284441 0.03272844727330748 0.2686924207715561 0.032728447273307926 1.365673399999707 0.06254180000007636 1.365673399999707 0.06254180000007636 1.365673399999707 0.06254180000007636 0.0 0.0 1.365673399999707 0.06254180000007636
ps1 "(4, 4)" 1 43.0 2.0 43.0 2.0 1.0 0.0 1.653846153846154 0.07692307692307687 0.5392541370610704 0.07872372774470321 4.105578400000127 0.22787685000019264 0.7777078500001835 0.45642372499990835 0.8408418953019627 0.06945284254998518 0.15915810469803726 0.06945284254998516 4.890017400000602 0.6756450750011567 2.574100900000019 0.04730472499971938 3.4180147625000785 0.29642064375003896 3.4739707633333516 0.2923749283334023 8.412594700000426 0.781751425000202
ps1 "(4, 4)" 2 26.0 0.0 26.0 0.0 1.0 0.0 1.444444444444444 0.0 0.5923282596182288 0.1382545606333635 1.805481400000133 0.010892000000178204 0.3434983000000784 0.0048666249998916555 0.8401610800722141 0.0019714555774758002 0.15983891992778598 0.0019714555774757725 2.147475999999898 0.012887250000179762 2.125680450000175 0.04744062500000723 1.804370712499633 0.026320468750342663 1.698011566666461 0.029350891666839463 3.5132462999994236 0.05890262500012966
ps1 "(4, 4)" 3 18.0 0.0 18.0 0.0 1.0 0.0 1.0 0.0 0.0 0.0 0.9944963499998494 0.004704850000337046 0.36261954999986307 0.049022299999848085 0.732416438172282 0.02703874136853779 0.2675835618277181 0.027038741368537955 1.3587650499998745 0.043163174999932385 1.3587650499998745 0.043163174999932385 1.3587650499998745 0.043163174999932385 0.0 0.0 1.3587650499998745 0.043163174999932385
ps2 "(2, 2)" 1 55.0 4.0 55.0 4.0 1.0 0.0 1.617647058823529 0.117647058823529 0.6459335513559756 0.1532835108066848 5.904422749999924 0.586880525000101 2.179969899999776 0.48974422500008297 0.7293560232049248 0.03336374355699556 0.2706439767950752 0.03336374355699556 8.163096950000039 1.0999945249998966 6.821351000000192 0.5983463749998137 8.000148137499167 0.5398037437502445 8.322517600000236 0.9130653583325898 13.16248049999956 1.025797799999582
ps2 "(2, 2)" 2 34.0 0.0 34.0 0.0 1.0 0.0 1.888888888888889 0.0 1.189204442210631 0.04184247626645621 2.6012610000000795 0.025079200000110546 0.9650181499998212 0.13186150000007046 0.7294760630360548 0.02706569223719757 0.27052393696394517 0.02706569223719779 3.5681572000002006 0.15108242500025382 4.001906549999973 0.1271648999995989 3.7849215499998934 0.14635356249999276 3.5681572000002006 0.15108242500025382 4.962409400000013 0.1314094499998646
ps2 "(2, 2)" 3 18.0 0.0 18.0 0.0 1.0 0.0 1.0 0.0 0.0 0.0 1.0020517999999754 0.0090328999999012 0.36679775000007453 0.06285439999998493 0.7326361567986927 0.03234555980002707 0.26736384320130757 0.032345559800026846 1.367125950000144 0.06683367499925885 1.367125950000144 0.06683367499925885 1.367125950000144 0.06683367499925885 0.0 0.0 1.367125950000144 0.06683367499925885
ps2 "(2, 4)" 1 57.0 2.0 57.0 2.0 1.0 0.0 1.676470588235294 0.05882352941176494 0.7292224481095975 0.36195389609107653 5.935883899999951 0.32082479999994007 1.7885700999996745 0.5772951999996887 0.7711082064830381 0.0424056802219952 0.22889179351696187 0.04240568022199512 7.717775599999499 0.8770043750003538 5.584225550000156 0.17745067499973288 6.23223723750052 0.5491441906252543 6.311884121428511 0.628129332142878 12.794989449999514 1.105346299999887
ps2 "(2, 4)" 2 34.0 0.0 34.0 0.0 1.0 0.0 1.888888888888889 0.0 1.189204442210631 0.056129162174451075 2.6004179500001783 0.017352275000099837 0.9714642499998831 0.14784262500007372 0.7276466056912687 0.027336908913988545 0.27235339430873134 0.027336908913988933 3.570136799999773 0.16905907500044748 3.980258400000707 0.16582142500001806 3.769733375000072 0.17240187499973914 3.570136799999773 0.16905907500044748 4.93698459999996 0.18577732499997168
ps2 "(2, 4)" 3 18.0 0.0 18.0 0.0 1.0 0.0 1.0 0.0 0.0 0.0 1.002093550000211 0.005228174999508894 0.36318445000000565 0.058434400000329845 0.7348382204622549 0.030956803352475304 0.2651617795377451 0.030956803352474638 1.3660584999997956 0.06619677500118115 1.3660584999997956 0.06619677500118115 1.3660584999997956 0.06619677500118115 0.0 0.0 1.3660584999997956 0.06619677500118115
ps2 "(4, 2)" 1 55.0 2.0 55.0 2.0 1.0 0.0 1.617647058823529 0.05882352941176405 0.6548078460203188 0.045833895322075824 5.6360513500000025 0.27299392500041364 1.830747849999909 0.2885054749995226 0.7540617037237727 0.027444726787407503 0.24593829627622735 0.027444726787407225 7.476074200000255 0.46307732499990095 5.011941650000097 0.08587027499999067 6.862099868750072 0.2882915468746674 7.123799528571478 0.3632875214277824 12.153580799999816 0.5393825500000009
ps2 "(4, 2)" 2 34.0 0.0 34.0 0.0 1.0 0.0 1.888888888888889 0.0 1.189204442210631 0.013783898756965174 2.5306667500001936 0.013320650000153922 0.6981294999995384 0.0699459500005446 0.7846443649120418 0.017146195332815806 0.21535563508795835 0.017146195332815806 3.2278660999993463 0.0832204499998288 3.069857400000103 0.09696445000034615 2.822864512500203 0.08193846250027192 2.741874566666577 0.07065770000001326 4.589488549999601 0.14243157500001402
ps2 "(4, 2)" 3 18.0 0.0 18.0 0.0 1.0 0.0 1.0 0.0 0.0 0.0 0.9972108499998171 0.004685825001217836 0.36234684999988076 0.06286285000025771 0.7332767565083356 0.03501558849759279 0.2667232434916644 0.035015588497592814 1.3567393500001685 0.05966602500011153 1.3567393500001685 0.05966602500011153 1.3567393500001685 0.05966602500011153 0.0 0.0 1.3567393500001685 0.05966602500011153
ps2 "(4, 4)" 1 57.0 2.0 57.0 2.0 1.0 0.0 1.676470588235294 0.05882352941176516 0.6754603636242609 0.030043862139736754 5.748593949999929 0.2557736499999814 1.592308499999831 1.1520355249998175 0.7891691225668076 0.10312698165982281 0.21083087743319237 0.1031269816598227 7.560520850001353 1.1406471750002964 3.8241728500001955 0.1264317499987726 5.799774378125605 0.39412477343812746 5.934041229999795 0.4144439683334866 12.191935049999845 1.4663084999996414
ps2 "(4, 4)" 2 34.0 0.0 34.0 0.0 1.0 0.0 1.888888888888889 0.0 1.189204442210631 0.027729449385393012 2.548373049999782 0.015271574999537574 0.6869475000000023 0.06768857500014747 0.7877538217971536 0.015328955046956971 0.21224617820284658 0.015328955046956694 3.2412679000001106 0.07794954999964476 3.079278400000476 0.12844824999996263 2.833604087500092 0.09823753124897694 2.7460101666665553 0.09171223333319789 4.612656799999911 0.12011357500009012
ps2 "(4, 4)" 3 18.0 0.0 18.0 0.0 1.0 0.0 1.0 0.0 0.0 0.0 1.006291999999803 0.012286549999884988 0.36157265000007044 0.060909500000178696 0.7350922608876338 0.03368503661956024 0.2649077391123663 0.03368503661956013 1.3733460999996225 0.07022317500006614 1.3733460999996225 0.07022317500006614 1.3733460999996225 0.07022317500006614 0.0 0.0 1.3733460999996225 0.07022317500006614
ps3 "(2, 2)" 1 73.0 2.0 73.0 2.0 1.0 0.0 1.659090909090909 0.047619047619047006 0.6249585956441005 0.06521557055991056 8.269365200000081 0.3425744750002906 3.4384346999999025 0.9373699999995608 0.7070287992471809 0.043905193416086674 0.292971200752819 0.04390519341608701 11.696445700000101 0.9436300499991894 7.844018350000397 2.0163174999999853 9.925713775000354 1.4687548624996563 10.594174433333356 1.5622664999996143 18.625559299999622 1.7227557749998574
ps3 "(2, 2)" 2 44.0 1.5 44.0 1.5 1.0 0.0 2.2 0.07500000000000018 0.9625433902762094 0.06038280894431025 3.5471376999994675 0.05162262500027737 1.3059214500000065 0.8063007249999501 0.7284760577301655 0.11028012069206494 0.27152394226983445 0.11028012069206483 4.862481099999812 0.8472157999999652 4.615759299999951 1.315416374999673 4.73588797499994 1.1309143624999232 4.862481099999812 0.8472157999999652 6.755414300000041 0.8200414249998058
ps3 "(2, 2)" 3 20.0 0.0 20.0 0.0 1.0 0.0 1.0 0.0 0.0 0.0 1.136394349999975 0.007400525000242908 0.7517407000001981 0.09642459999969333 0.6020229330409725 0.03063405561727517 0.39797706695902724 0.030634055617274947 1.8930317500002052 0.0898773749999997 1.8930317500002052 0.0898773749999997 1.8930317500002052 0.0898773749999997 0.0 0.0 1.8930317500002052 0.0898773749999997
ps3 "(2, 4)" 1 75.0 2.0 75.0 2.0 1.0 0.0 1.704545454545455 0.09090909090909105 0.6226405625252222 0.05717092559887804 8.236638649999918 0.5259955500004585 2.689117099999919 0.46076882500059924 0.7536745217641998 0.015157082930312482 0.24632547823580037 0.01515708293031251 10.953893999999138 0.914099075000049 6.266162599999603 0.5769975249991859 7.524897412500165 0.9108459281239902 7.722994150000217 0.8624635178559856 18.040546899999953 1.1373095500021186
ps3 "(2, 4)" 2 44.0 0.0 44.0 0.0 1.0 0.0 2.2 0.0 0.9625433902762094 0.03409845293953817 3.5731247000005335 0.06019867500046816 1.311767599999996 0.2941119249999393 0.7348243742003759 0.04030035429115142 0.26517562579962395 0.0403003542911512 4.905021600000055 0.43722827499967476 4.640447100000159 0.5217871249993209 4.756731350000479 0.4065559999998092 4.905021600000055 0.43722827499967476 6.8223439999997595 0.48588369999845327
ps3 "(2, 4)" 3 20.0 0.0 20.0 0.0 1.0 0.0 1.0 0.0 0.0 0.0 1.1386540500001274 0.011088299999936657 0.7796886499999118 0.11342719999947803 0.5937705575753593 0.037142921442536725 0.40622944242464054 0.037142921442536836 1.9199737999993545 0.11335575000032394 1.9199737999993545 0.11335575000032394 1.9199737999993545 0.11335575000032394 0.0 0.0 1.9199737999993545 0.11335575000032394
ps3 "(4, 2)" 1 73.0 2.0 73.0 2.0 1.0 0.0 1.659090909090909 0.061688311688312014 0.6302361307148585 0.08727239953069443 8.05517250000021 0.494197875001106 2.9389897500004736 0.47254502500019324 0.7323475374278495 0.03414755166590844 0.2676524625721506 0.03414755166590866 10.976987450000195 0.9762693250004393 5.93619799999982 0.7067092500001024 8.987636256249873 0.637058624999554 9.431781592857133 0.69152743214201 17.398291999999458 1.2605959250008993
ps3 "(4, 2)" 2 44.0 2.0 44.0 2.0 1.0 0.0 2.2 0.10000000000000009 0.968684231786848 0.04550136025169271 3.440984499999786 0.17449877500024513 0.9755281999998147 0.14064262499980607 0.7768710677101776 0.0267178321727658 0.22312893228982247 0.02671783217276566 4.387425249999751 0.20001702499982343 3.8481011999996615 0.32052140000033136 3.617615512499782 0.20944756249918894 3.529922833333387 0.2186114583332852 6.281601350000528 0.25227660000092555
ps3 "(4, 2)" 3 20.0 0.0 20.0 0.0 1.0 0.0 1.0 0.0 0.0 0.0 1.1417826499999535 0.010608175000157871 0.7719415500003493 0.1019036999999372 0.5949832593723581 0.028808385188212604 0.40501674062764204 0.028808385188213048 1.9306682499993717 0.11203552499949843 1.9306682499993717 0.11203552499949843 1.9306682499993717 0.11203552499949843 0.0 0.0 1.9306682499993717 0.11203552499949843
ps3 "(4, 4)" 1 75.0 4.0 75.0 4.0 1.0 0.0 1.704545454545455 0.04545454545454497 0.6346555141896433 0.058624356914492415 8.00162305000007 0.502792449999049 2.519807550000195 1.035138424999392 0.7625019845313256 0.06521650208891971 0.23749801546867455 0.0652165020889196 10.57229165000075 1.0082596750002821 4.68815769999992 0.3766990000006416 7.207755156250541 0.7323132765609577 7.373322106667244 0.7897917766653659 17.07555955000055 2.0743287250010383
ps3 "(4, 4)" 2 44.0 2.0 44.0 2.0 1.0 0.0 2.2 0.10000000000000009 0.9625433902762094 0.04520229318684166 3.4227327500004776 0.057532274999744004 0.977979600000026 0.15790320000026292 0.7764763991889194 0.027239013270321077 0.22352360081108044 0.027239013270321077 4.3756190500000685 0.21351760000059627 3.841955299999995 0.2855540500006981 3.591917062500084 0.19773908125066653 3.5040577666662784 0.21279836666597163 6.290141549999305 0.24652859999929433
ps3 "(4, 4)" 3 20.0 0.0 20.0 0.0 1.0 0.0 1.0 0.0 0.0 0.0 1.1376920499999985 0.005616075000602461 0.7668200499998648 0.1051762000000025 0.5977764276566147 0.03305884243505508 0.40222357234338524 0.033058842435055136 1.91960805000042 0.11211137500032442 1.91960805000042 0.11211137500032442 1.91960805000042 0.11211137500032442 0.0 0.0 1.91960805000042 0.11211137500032442
