    IT IT PN PN TT TT WT WT SIZE SIZE LE LE AC AC CF CF PP_EF_L PP_EF_L SP_EB_L SP_EB_L
statistic    0.5 IQR 0.5 IQR 0.5 IQR 0.5 IQR 0.5 IQR 0.5 IQR 0.5 IQR 0.5 IQR 0.5 IQR 0.5 IQR
problem online_bounds preach_type AL                    
ps1 "(2, 2)" NONE 1 2.5 1.5 2.5 1.5 1.3547599000000616 0.7631624750000405 1.96036509999999 3.305359149999955 6.5 3.0 13.0 7.25 13.0 7.25 1.0 0.0 1.555555555555556 0.2625000000000002 0.4578608056263661 0.2527139518645053
ps1 "(2, 2)" NONE 2 1.5 1.0 1.5 1.0 1.136800199999755 0.8112333999998644 1.7782378499996985 2.1547899499999867 9.0 0.0 13.0 8.0 13.0 8.0 1.0 0.0 1.4444444444444444 0.8888888888888891 0.3569301070510337 0.5580489988532434
ps1 "(2, 2)" NONE 3 1.0 0.0 1.0 0.0 1.3473304499997596 0.05590604999995441 1.3473304499997596 0.05590604999995441 1.0 0.0 18.0 0.0 18.0 0.0 1.0 0.0 1.0 0.0 0.0 0.0
ps1 "(2, 2)" opt 1 2.5 1.5 2.5 1.5 1.261453200000062 0.6677559749999267 1.6015623000000685 2.145095350000005 6.5 3.0 10.0 6.25 10.0 6.25 1.0 0.0 1.4777777777777779 0.2625000000000002 0.4 0.07579448858995352
ps1 "(2, 2)" opt 2 1.5 1.0 1.5 1.0 1.13155809999995 0.6912825999999384 1.7843280999999678 2.071136099999933 9.0 0.0 13.0 8.0 13.0 8.0 1.0 0.0 1.4444444444444444 0.8888888888888891 0.3569301070510337 0.5580489988532434
ps1 "(2, 2)" opt 3 1.0 0.0 1.0 0.0 1.3639246499999014 0.05632687499988265 1.3639246499999014 0.05632687499988265 1.0 0.0 18.0 0.0 18.0 0.0 1.0 0.0 1.0 0.0 0.0 0.0
ps1 "(2, 4)" NONE 1 4.5 3.5 4.5 3.5 0.5928159999999423 0.5044386250000343 0.7312421500000141 1.0715513250000015 3.5 2.0 6.0 5.0 6.0 5.0 1.0 0.0 1.5 0.75 0.46104921511201513 0.17442320818222834
ps1 "(2, 4)" NONE 2 1.5 1.0 1.5 1.0 1.070334200000005 0.811444299999863 1.7098240500000446 2.185504075000054 9.0 0.0 13.0 8.0 13.0 8.0 1.0 0.0 1.4444444444444444 0.8888888888888891 0.3569301070510337 0.5580489988532434
ps1 "(2, 4)" NONE 3 1.0 0.0 1.0 0.0 1.3722622500001194 0.06560959999960381 1.3722622500001194 0.06560959999960381 1.0 0.0 18.0 0.0 18.0 0.0 1.0 0.0 1.0 0.0 0.0 0.0
ps1 "(2, 4)" opt 1 4.5 3.5 4.5 3.5 0.49924864999999846 0.47207932499989624 0.5987642000000477 0.8400375999999383 3.5 2.0 4.5 4.25 4.5 4.25 1.0 0.0 1.5 0.5625 0.4330127018922193 0.08650434133128115
ps1 "(2, 4)" opt 2 1.5 1.0 1.5 1.0 1.152893499999976 0.6944453499999548 1.817174799999833 2.060066675000016 9.0 0.0 13.0 8.0 13.0 8.0 1.0 0.0 1.4444444444444444 0.8888888888888891 0.3569301070510337 0.5580489988532434
ps1 "(2, 4)" opt 3 1.0 0.0 1.0 0.0 1.355864150000105 0.04271407499993152 1.355864150000105 0.04271407499993152 1.0 0.0 18.0 0.0 18.0 0.0 1.0 0.0 1.0 0.0 0.0 0.0
ps1 "(2, 6)" NONE 1 6.5 5.5 6.5 5.5 0.40819969999995465 0.2750651750000514 0.40855190000007724 0.45521312500002503 2.0 1.0 4.0 3.0 4.0 3.0 1.0 0.0 1.5 1.0 0.3464101615137754 0.4714045207910317
ps1 "(2, 6)" NONE 2 1.5 1.0 1.5 1.0 0.9317311000000499 0.8103753250002792 1.6023677000000165 2.190650774999886 9.0 0.0 13.0 8.0 13.0 8.0 1.0 0.0 1.4444444444444444 0.8888888888888891 0.3569301070510337 0.5580489988532434
ps1 "(2, 6)" NONE 3 1.0 0.0 1.0 0.0 1.3653646500000884 0.05359189999998604 1.3653646500000884 0.05359189999998604 1.0 0.0 18.0 0.0 18.0 0.0 1.0 0.0 1.0 0.0 0.0 0.0
ps1 "(2, 6)" opt 1 6.5 5.5 6.5 5.5 0.4025622500000736 0.27028479999998467 0.40298569999998796 0.381741749999847 2.0 1.0 3.0 3.0 3.0 3.0 1.0 0.0 1.5 1.0 0.4330127018922193 0.4714045207910317
ps1 "(2, 6)" opt 2 1.5 1.0 1.5 1.0 1.1564934500001414 0.6883765749999564 1.855293199999892 2.0599810749999885 9.0 0.0 13.0 8.0 13.0 8.0 1.0 0.0 1.4444444444444444 0.8888888888888891 0.3569301070510337 0.6176470588235294
ps1 "(2, 6)" opt 3 1.0 0.0 1.0 0.0 1.3616151499999776 0.050562549999895845 1.3616151499999776 0.050562549999895845 1.0 0.0 18.0 0.0 18.0 0.0 1.0 0.0 1.0 0.0 0.0 0.0
ps1 "(4, 2)" NONE 1 4.5 3.5 4.5 3.5 0.4207223500000197 0.5812056999998774 0.7316565000000708 1.0865172750000023 3.0 0.75 4.0 6.0 4.0 6.0 1.0 0.0 1.5 0.466666666666667 0.4330127018922193 0.22295252329105508
ps1 "(4, 2)" NONE 2 2.5 1.5 2.5 1.5 0.395899049999997 0.44801200000006247 0.395899049999997 0.8557117250003756 4.5 1.0 5.5 2.0 5.5 2.0 1.0 0.0 1.225 0.75 0.2309401076758503 0.4
ps1 "(4, 2)" NONE 3 1.0 0.0 1.0 0.0 1.3571768499996608 0.04960544999999361 1.3571768499996608 0.04960544999999361 1.0 0.0 18.0 0.0 18.0 0.0 1.0 0.0 1.0 0.0 0.0 0.0
ps1 "(4, 2)" opt 1 4.5 3.5 4.5 3.5 0.4220409499999924 0.5512839499999025 0.7316948499999967 0.8278648249999065 3.0 0.75 4.0 2.25 4.0 2.25 1.0 0.0 1.333333333333333 0.466666666666667 0.4330127018922193 0.22295252329105508
ps1 "(4, 2)" opt 2 2.5 1.5 2.5 1.5 0.4137340000000336 0.4328791249999248 0.4137340000000336 0.8190072749999082 4.5 1.0 5.5 2.0 5.5 2.0 1.0 0.0 1.225 0.75 0.3726779962499649 0.5163977794943222
ps1 "(4, 2)" opt 3 1.0 0.0 1.0 0.0 1.363669950000073 0.06432014999948943 1.363669950000073 0.06432014999948943 1.0 0.0 18.0 0.0 18.0 0.0 1.0 0.0 1.0 0.0 0.0 0.0
ps1 "(4, 4)" NONE 1 8.5 7.5 8.5 7.5 0.2611303499999593 0.28630419999990053 0.26241869999996936 0.6457915499999984 1.5 1.0 2.0 3.0 2.0 3.0 1.0 0.0 1.5 1.0 0.0 0.4330127018922193
ps1 "(4, 4)" NONE 2 2.5 1.5 2.5 1.5 0.3961831500001551 0.4119955499998582 0.3961831500001551 0.7364307249999342 4.5 1.0 5.5 2.0 5.5 2.0 1.0 0.0 1.225 0.75 0.3726779962499649 0.4
ps1 "(4, 4)" NONE 3 1.0 0.0 1.0 0.0 1.359466050000151 0.07719577499997121 1.359466050000151 0.07719577499997121 1.0 0.0 18.0 0.0 18.0 0.0 1.0 0.0 1.0 0.0 0.0 0.0
ps1 "(4, 4)" opt 1 8.5 7.5 8.5 7.5 0.25804274999991605 0.2846049500000447 0.2585105499999827 0.5166453249999137 1.5 1.0 2.0 3.0 2.0 3.0 1.0 0.0 1.5 1.0 0.0 0.4714045207910317
ps1 "(4, 4)" opt 2 2.5 1.5 2.5 1.5 0.42101419999997347 0.4423734499998134 0.42101419999997347 0.9352128499999994 4.5 1.0 5.5 2.0 5.5 2.0 1.0 0.0 1.225 0.75 0.2309401076758503 0.5163977794943222
ps1 "(4, 4)" opt 3 1.0 0.0 1.0 0.0 1.3635813499999896 0.05961302500015386 1.3635813499999896 0.05961302500015386 1.0 0.0 18.0 0.0 18.0 0.0 1.0 0.0 1.0 0.0 0.0 0.0
ps1 "(4, 6)" NONE 1 11.5 11.0 11.5 11.0 0.2515601999999717 0.0923735499998379 0.2515601999999717 0.3884718750000111 1.0 0.0 2.0 1.0 2.0 1.0 1.0 0.0 1.0 1.0 0.0 0.0
ps1 "(4, 6)" NONE 2 2.5 1.5 2.5 1.5 0.3956835500000011 0.4515767249998603 0.3956835500000011 0.9778800500001235 4.5 1.0 5.5 2.0 5.5 2.0 1.0 0.0 1.225 0.75 0.3726779962499649 0.4
ps1 "(4, 6)" NONE 3 1.0 0.0 1.0 0.0 1.366306750000007 0.061980675000008256 1.366306750000007 0.061980675000008256 1.0 0.0 18.0 0.0 18.0 0.0 1.0 0.0 1.0 0.0 0.0 0.0
ps1 "(4, 6)" opt 1 11.5 11.0 11.5 11.0 0.25099144999995815 0.09198247499996626 0.25099144999995815 0.3805320499999141 1.0 0.0 2.0 1.0 2.0 1.0 1.0 0.0 1.0 1.0 0.0 0.0
ps1 "(4, 6)" opt 2 2.5 1.5 2.5 1.5 0.4204444999999737 0.44126697499994444 0.4204444999999737 0.9327700000002146 4.5 1.0 5.5 2.0 5.5 2.0 1.0 0.0 1.225 0.75 0.3726779962499649 0.6666666666666666
ps1 "(4, 6)" opt 3 1.0 0.0 1.0 0.0 1.3724412000000115 0.0609455249998454 1.3724412000000115 0.0609455249998454 1.0 0.0 18.0 0.0 18.0 0.0 1.0 0.0 1.0 0.0 0.0 0.0
ps1 "(6, 2)" NONE 1 6.5 5.5 6.5 5.5 0.34618540000001014 0.29965637499996944 0.5100860000000011 0.746477325000038 2.0 1.25 3.0 3.0 3.0 3.0 1.0 0.0 1.5 0.75 0.4330127018922193 0.4714045207910317
ps1 "(6, 2)" NONE 2 3.5 3.0 3.5 3.0 0.29634980000008687 0.22222157500000955 0.29634980000008687 0.2827155500000984 3.0 0.0 3.5 3.0 3.5 3.0 1.0 0.0 1.1666666666666665 1.0 0.0 0.4497595264191645
ps1 "(6, 2)" NONE 3 1.0 0.0 1.0 0.0 1.3428370500000995 0.052988475000262714 1.3428370500000995 0.052988475000262714 1.0 0.0 18.0 0.0 18.0 0.0 1.0 0.0 1.0 0.0 0.0 0.0
ps1 "(6, 2)" opt 1 6.5 5.5 6.5 5.5 0.35561909999992736 0.2618959249998838 0.490888699999978 0.6894457499999138 2.0 1.25 3.0 2.25 3.0 2.25 1.0 0.0 1.5 0.666666666666667 0.4330127018922193 0.4714045207910317
ps1 "(6, 2)" opt 2 3.5 3.0 3.5 3.0 0.3016093999999896 0.2168566250000481 0.3016093999999896 0.2763482499999981 3.0 0.0 3.5 3.0 3.5 3.0 1.0 0.0 1.1666666666666665 1.0 0.0 0.4497595264191645
ps1 "(6, 2)" opt 3 1.0 0.0 1.0 0.0 1.3636805500001115 0.04465952499999615 1.3636805500001115 0.04465952499999615 1.0 0.0 18.0 0.0 18.0 0.0 1.0 0.0 1.0 0.0 0.0 0.0
ps1 "(6, 4)" NONE 1 11.0 10.0 11.0 10.0 0.2520289499999251 0.17746872500000418 0.2528919499999063 0.39846685000006227 1.0 0.0 2.0 2.0 2.0 2.0 1.0 0.0 1.5 1.0 0.0 0.0
ps1 "(6, 4)" NONE 2 3.5 3.0 3.5 3.0 0.29679125000002676 0.22194550000001811 0.29679125000002676 0.2821139249999973 3.0 0.0 3.5 3.0 3.5 3.0 1.0 0.0 1.1666666666666665 1.0 0.0 0.4330127018922193
ps1 "(6, 4)" NONE 3 1.0 0.0 1.0 0.0 1.364398300000012 0.05954252499954271 1.364398300000012 0.05954252499954271 1.0 0.0 18.0 0.0 18.0 0.0 1.0 0.0 1.0 0.0 0.0 0.0
ps1 "(6, 4)" opt 1 11.0 10.0 11.0 10.0 0.2508391999999873 0.09456594999999263 0.25232429999999795 0.39256517500014354 1.0 0.0 2.0 1.0 2.0 1.0 1.0 0.0 1.0 1.0 0.0 0.0
ps1 "(6, 4)" opt 2 3.5 3.0 3.5 3.0 0.2988043999999377 0.21921627499994398 0.2988043999999377 0.2781931750000126 3.0 0.0 3.5 3.0 3.5 3.0 1.0 0.0 1.1666666666666665 1.0 0.0 0.5
ps1 "(6, 4)" opt 3 1.0 0.0 1.0 0.0 1.368811700000009 0.04953012499981435 1.368811700000009 0.04953012499981435 1.0 0.0 18.0 0.0 18.0 0.0 1.0 0.0 1.0 0.0 0.0 0.0
ps1 "(6, 6)" NONE 1 13.0 12.0 13.0 12.0 0.17493645000007516 0.09040920000010289 0.25241715000004206 0.30458630000000925 1.0 0.0 1.0 1.0 1.0 1.0 1.0 0.0 1.0 1.0 0.0 0.0
ps1 "(6, 6)" NONE 2 3.5 3.0 3.5 3.0 0.29723690000000147 0.22467827499998094 0.29723690000000147 0.28384882500000685 3.0 0.0 3.5 3.0 3.5 3.0 1.0 0.0 1.1666666666666665 1.0 0.0 0.5
ps1 "(6, 6)" NONE 3 1.0 0.0 1.0 0.0 1.3730986499999176 0.04147937499966847 1.3730986499999176 0.04147937499966847 1.0 0.0 18.0 0.0 18.0 0.0 1.0 0.0 1.0 0.0 0.0 0.0
ps1 "(6, 6)" opt 1 13.0 12.0 13.0 12.0 0.1689258499999653 0.08841440000001202 0.24960210000011074 0.23521157499998502 1.0 0.0 1.0 1.0 1.0 1.0 1.0 0.0 1.0 1.0 0.0 0.0
ps1 "(6, 6)" opt 2 3.5 3.0 3.5 3.0 0.2983366999999788 0.21912347499985074 0.2983366999999788 0.27792702499965927 3.0 0.0 3.5 3.0 3.5 3.0 1.0 0.0 1.1666666666666665 1.0 0.0 0.4330127018922193
ps1 "(6, 6)" opt 3 1.0 0.0 1.0 0.0 1.3674235000000579 0.05161342499983945 1.3674235000000579 0.05161342499983945 1.0 0.0 18.0 0.0 18.0 0.0 1.0 0.0 1.0 0.0 0.0 0.0
ps2 "(2, 2)" NONE 1 2.5 1.5 2.5 1.5 2.1498858500000324 2.3698816999997305 2.6524362000000465 5.5448295500006 8.5 7.0 19.0 17.25 19.0 17.25 1.0 0.0 1.833333333333333 0.6375000000000002 0.7071067811865476 0.5854310631217635
ps2 "(2, 2)" NONE 2 1.5 1.0 1.5 1.0 1.4454975500000555 1.7843473500002172 2.1037168000000293 3.1386740499999632 9.0 0.0 17.0 16.0 17.0 16.0 1.0 0.0 1.8888888888888888 1.7777777777777781 0.6573460357586329 1.076661506695582
ps2 "(2, 2)" NONE 3 1.0 0.0 1.0 0.0 1.3452360000001988 0.046896949999841286 1.3452360000001988 0.046896949999841286 1.0 0.0 18.0 0.0 18.0 0.0 1.0 0.0 1.0 0.0 0.0 0.0
ps2 "(2, 2)" opt 1 2.5 1.5 2.5 1.5 1.6507143999999414 1.8657950000000105 1.989863799999952 4.036326425000045 8.5 7.0 12.5 15.25 12.5 15.25 1.0 0.0 1.4307692307692306 0.4708333333333332 0.42473328748774736 0.3742926548008284
ps2 "(2, 2)" opt 2 1.5 1.0 1.5 1.0 1.6687357000000986 1.6791598749998897 2.3308264999998016 3.0340883000001 9.0 0.0 17.0 16.0 17.0 16.0 1.0 0.0 1.8888888888888888 1.7777777777777781 0.6573460357586329 1.061508360777248
ps2 "(2, 2)" opt 3 1.0 0.0 1.0 0.0 1.3646806999998375 0.06178140000006138 1.3646806999998375 0.06178140000006138 1.0 0.0 18.0 0.0 18.0 0.0 1.0 0.0 1.0 0.0 0.0 0.0
ps2 "(2, 4)" NONE 1 4.5 3.5 4.5 3.5 0.8895972499999942 0.9527990000000806 0.9009982000000178 1.3545887250000488 4.5 4.0 9.0 8.0 9.0 8.0 1.0 0.0 1.5 1.047619047619047 0.4714045207910317 0.341583967349264
ps2 "(2, 4)" NONE 2 1.5 1.0 1.5 1.0 1.6543269499999835 1.8003027749999632 2.3223277000000166 3.1743899999999883 9.0 0.0 17.0 16.0 17.0 16.0 1.0 0.0 1.8888888888888888 1.7777777777777781 0.6573460357586329 1.061508360777248
ps2 "(2, 4)" NONE 3 1.0 0.0 1.0 0.0 1.3643171500000335 0.0456090249998764 1.3643171500000335 0.0456090249998764 1.0 0.0 18.0 0.0 18.0 0.0 1.0 0.0 1.0 0.0 0.0 0.0
ps2 "(2, 4)" opt 1 4.5 3.5 4.5 3.5 0.5527377499999488 0.6746068750000251 0.8006317000000536 1.0504699250000726 4.5 4.0 5.0 7.0 5.0 7.0 1.0 0.0 1.5 0.38095238095238093 0.4714045207910317 0.20064640117138954
ps2 "(2, 4)" opt 2 1.5 1.0 1.5 1.0 1.653994449999914 1.6709893500000632 2.3255642999999115 3.059623799999997 9.0 0.0 17.0 16.0 17.0 16.0 1.0 0.0 1.8888888888888888 1.7777777777777781 0.6573460357586329 1.046135746449762
ps2 "(2, 4)" opt 3 1.0 0.0 1.0 0.0 1.3595929000000524 0.05026467500008325 1.3595929000000524 0.05026467500008325 1.0 0.0 18.0 0.0 18.0 0.0 1.0 0.0 1.0 0.0 0.0 0.0
ps2 "(2, 6)" NONE 1 6.5 5.5 6.5 5.5 0.5103974999998968 0.5988590499998736 0.5103974999998968 0.9460604999998454 3.0 2.0 5.0 6.0 5.0 6.0 1.0 0.0 1.625 1.0 0.4 0.5471012044321932
ps2 "(2, 6)" NONE 2 1.5 1.0 1.5 1.0 1.436582849999951 1.8148343750002738 2.11404399999995 3.1777557500000877 9.0 0.0 17.0 16.0 17.0 16.0 1.0 0.0 1.8888888888888888 1.7777777777777781 0.6573460357586329 1.076661506695582
ps2 "(2, 6)" NONE 3 1.0 0.0 1.0 0.0 1.3459970999998916 0.0365468250002583 1.3459970999998916 0.0365468250002583 1.0 0.0 18.0 0.0 18.0 0.0 1.0 0.0 1.0 0.0 0.0 0.0
ps2 "(2, 6)" opt 1 6.5 5.5 6.5 5.5 0.44704294999998956 0.47250874999997095 0.44704294999998956 0.5957635249999775 3.0 2.0 3.5 5.0 3.5 5.0 1.0 0.0 1.5 1.0 0.4 0.4714045207910317
ps2 "(2, 6)" opt 2 1.5 1.0 1.5 1.0 1.6513500499999625 1.706897724999834 2.3180840000000558 3.050185524999023 9.0 0.0 17.0 16.0 17.0 16.0 1.0 0.0 1.8888888888888888 1.7777777777777781 0.6573460357586329 1.061508360777248
ps2 "(2, 6)" opt 3 1.0 0.0 1.0 0.0 1.3413644999996563 0.03971690000025818 1.3413644999996563 0.03971690000025818 1.0 0.0 18.0 0.0 18.0 0.0 1.0 0.0 1.0 0.0 0.0 0.0
ps2 "(4, 2)" NONE 1 4.5 3.5 4.5 3.5 0.4214036499999736 1.5849194500003703 0.7332315500000561 2.0958567249999054 3.0 1.75 4.0 14.0 4.0 14.0 1.0 0.0 1.5 0.555555555555556 0.4714045207910317 0.2378076913577175
ps2 "(4, 2)" NONE 2 2.5 1.5 2.5 1.5 0.39921990000001983 0.8461479499999811 0.39921990000001983 1.1748493999999496 4.5 1.0 5.5 4.0 5.5 4.0 1.0 0.0 1.225 1.25 0.3787890878548577 0.7053803056742485
ps2 "(4, 2)" NONE 3 1.0 0.0 1.0 0.0 1.353601400000116 0.05323379999967437 1.353601400000116 0.05323379999967437 1.0 0.0 18.0 0.0 18.0 0.0 1.0 0.0 1.0 0.0 0.0 0.0
ps2 "(4, 2)" opt 1 4.5 3.5 4.5 3.5 0.4172058000000334 0.8202184500000667 0.6891722000002574 1.1676985000002846 3.0 1.75 4.0 3.75 4.0 3.75 1.0 0.0 1.333333333333333 0.3333333333333339 0.4330127018922193 0.03839181889881238
ps2 "(4, 2)" opt 2 2.5 1.5 2.5 1.5 0.4225164000000632 0.7851341499999194 0.4225164000000632 1.1099280750000844 4.5 1.0 5.5 4.0 5.5 4.0 1.0 0.0 1.225 1.25 0.3787890878548577 0.7053803056742485
ps2 "(4, 2)" opt 3 1.0 0.0 1.0 0.0 1.3557581000000454 0.05068987499998889 1.3557581000000454 0.05068987499998889 1.0 0.0 18.0 0.0 18.0 0.0 1.0 0.0 1.0 0.0 0.0 0.0
ps2 "(4, 4)" NONE 1 8.5 7.5 8.5 7.5 0.25791909999995255 0.552157649999824 0.25791909999995255 1.080171175000011 1.5 1.5 2.0 6.0 2.0 6.0 1.0 0.0 1.5 1.0 0.0 0.4714045207910317
ps2 "(4, 4)" NONE 2 2.5 1.5 2.5 1.5 0.3977787000000319 0.7375087000000917 0.3977787000000319 1.069968750000072 4.5 1.0 5.5 4.0 5.5 4.0 1.0 0.0 1.225 1.25 0.3787890878548577 0.7053803056742485
ps2 "(4, 4)" NONE 3 1.0 0.0 1.0 0.0 1.3649345000002309 0.04901572500003559 1.3649345000002309 0.04901572500003559 1.0 0.0 18.0 0.0 18.0 0.0 1.0 0.0 1.0 0.0 0.0 0.0
ps2 "(4, 4)" opt 1 8.5 7.5 8.5 7.5 0.2597094000000979 0.5243372250000391 0.2597094000000979 0.8418185000003293 1.5 1.5 2.0 5.25 2.0 5.25 1.0 0.0 1.5 1.0 0.0 0.4714045207910317
ps2 "(4, 4)" opt 2 2.5 1.5 2.5 1.5 0.41061294999998665 0.7453987999998137 0.41061294999998665 1.080732474999957 4.5 1.0 5.5 4.0 5.5 4.0 1.0 0.0 1.225 1.25 0.3787890878548577 0.7053803056742485
ps2 "(4, 4)" opt 3 1.0 0.0 1.0 0.0 1.3599572999999974 0.06457785000023741 1.3599572999999974 0.06457785000023741 1.0 0.0 18.0 0.0 18.0 0.0 1.0 0.0 1.0 0.0 0.0 0.0
ps2 "(4, 6)" NONE 1 11.5 11.0 11.5 11.0 0.25287104999986804 0.28077989999998276 0.25287104999986804 0.4577670750001719 1.0 2.0 2.0 3.0 2.0 3.0 1.0 0.0 1.0 1.0 0.0 0.0
ps2 "(4, 6)" NONE 2 2.5 1.5 2.5 1.5 0.3961128500000264 0.7401363749998708 0.3961128500000264 1.073138824999937 4.5 1.0 5.5 4.0 5.5 4.0 1.0 0.0 1.225 1.25 0.3787890878548577 0.7053803056742485
ps2 "(4, 6)" NONE 3 1.0 0.0 1.0 0.0 1.359988249999887 0.06715557500021418 1.359988249999887 0.06715557500021418 1.0 0.0 18.0 0.0 18.0 0.0 1.0 0.0 1.0 0.0 0.0 0.0
ps2 "(4, 6)" opt 1 11.5 11.0 11.5 11.0 0.2513962000000731 0.25312214999996024 0.2513962000000731 0.3883458750000059 1.0 2.0 2.0 3.0 2.0 3.0 1.0 0.0 1.0 1.0 0.0 0.0
ps2 "(4, 6)" opt 2 2.5 1.5 2.5 1.5 0.4128154499999823 0.879432099999846 0.4128154499999823 1.2117063499998717 4.5 1.0 5.5 4.0 5.5 4.0 1.0 0.0 1.225 1.25 0.3787890878548577 0.7053803056742485
ps2 "(4, 6)" opt 3 1.0 0.0 1.0 0.0 1.3673614500002884 0.062134374999758046 1.3673614500002884 0.062134374999758046 1.0 0.0 18.0 0.0 18.0 0.0 1.0 0.0 1.0 0.0 0.0 0.0
ps2 "(6, 2)" NONE 1 6.5 5.5 6.5 5.5 0.7596954500000521 0.7649604749999244 0.9880863000000915 1.6745031999997517 4.5 4.0 8.0 8.0 8.0 8.0 1.0 0.0 1.5 0.523809523809524 0.4106032651140442 0.4898979485566356
ps2 "(6, 2)" NONE 2 3.5 3.0 3.5 3.0 0.7309168499999998 0.7882254999997971 0.7309168499999998 0.8817062749998785 3.0 0.0 9.0 10.0 9.0 10.0 1.0 0.0 3.0 3.333333333333333 0.787295821622217 1.138357583611442
ps2 "(6, 2)" NONE 3 1.0 0.0 1.0 0.0 1.3618273999997546 0.042741499999532584 1.3618273999997546 0.042741499999532584 1.0 0.0 18.0 0.0 18.0 0.0 1.0 0.0 1.0 0.0 0.0 0.0
ps2 "(6, 2)" opt 1 6.5 5.5 6.5 5.5 0.7114837000000307 0.5573829499997665 0.7704538999999926 1.5594071000003278 4.0 4.0 5.5 6.0 5.5 6.0 1.0 0.0 1.5 0.4571428571428571 0.4330127018922193 0.1406856069079579
ps2 "(6, 2)" opt 2 3.5 3.0 3.5 3.0 0.8117543499997737 0.779023975000086 0.8117543499997737 0.8928747750000454 3.0 0.0 8.0 10.0 8.0 10.0 1.0 0.0 2.6666666666666665 3.333333333333333 0.8331955809010619 1.138357583611442
ps2 "(6, 2)" opt 3 1.0 0.0 1.0 0.0 1.359644299999914 0.04177577499981977 1.359644299999914 0.04177577499981977 1.0 0.0 18.0 0.0 18.0 0.0 1.0 0.0 1.0 0.0 0.0 0.0
ps2 "(6, 4)" NONE 1 11.0 11.0 11.0 11.0 0.32699199999990464 0.3921248250000815 0.42273180000020716 0.7323475000000315 2.0 2.0 3.0 5.0 3.0 5.0 1.0 0.0 1.333333333333333 1.0 0.0 0.4714045207910317
ps2 "(6, 4)" NONE 2 3.5 3.0 3.5 3.0 0.8215515500000095 0.7885791249999414 0.8215515500000095 0.8774852750000497 3.0 0.0 9.5 8.25 9.5 8.25 1.0 0.0 3.1666666666666665 2.75 0.787295821622217 1.138357583611442
ps2 "(6, 4)" NONE 3 1.0 0.0 1.0 0.0 1.3694747500001085 0.06205565000000424 1.3694747500001085 0.06205565000000424 1.0 0.0 18.0 0.0 18.0 0.0 1.0 0.0 1.0 0.0 0.0 0.0
ps2 "(6, 4)" opt 1 11.0 11.0 11.0 11.0 0.3149538000000121 0.4651748999999086 0.4125409999999192 0.6932742000000189 2.0 2.0 3.0 4.0 3.0 4.0 1.0 0.0 1.333333333333333 1.0 0.0 0.4714045207910317
ps2 "(6, 4)" opt 2 3.5 3.0 3.5 3.0 0.819123900000065 0.7788035000002118 0.819123900000065 0.8813119500001003 3.0 0.0 8.0 10.0 8.0 10.0 1.0 0.0 2.6666666666666665 3.333333333333333 0.8331955809010619 1.138357583611442
ps2 "(6, 4)" opt 3 1.0 0.0 1.0 0.0 1.3486082999999665 0.043413200000166796 1.3486082999999665 0.043413200000166796 1.0 0.0 18.0 0.0 18.0 0.0 1.0 0.0 1.0 0.0 0.0 0.0
ps2 "(6, 6)" NONE 1 14.0 14.0 14.0 14.0 0.258872349999848 0.20103390000004856 0.3484995499998149 0.3479402750000418 2.0 1.0 2.0 2.0 2.0 2.0 1.0 0.0 1.5 1.0 0.0 0.4330127018922193
ps2 "(6, 6)" NONE 2 3.5 3.0 3.5 3.0 0.8512806500000067 0.7900601000006875 0.868175099999803 0.8847445749999852 3.0 0.0 9.0 10.0 9.0 10.0 1.0 0.0 3.0 3.333333333333333 0.787295821622217 1.138357583611442
ps2 "(6, 6)" NONE 3 1.0 0.0 1.0 0.0 1.365904300000068 0.05766500000019881 1.365904300000068 0.05766500000019881 1.0 0.0 18.0 0.0 18.0 0.0 1.0 0.0 1.0 0.0 0.0 0.0
ps2 "(6, 6)" opt 1 15.0 14.0 15.0 14.0 0.2576594999999884 0.24276684999999176 0.34449824999999373 0.3803911000000042 2.0 1.0 2.0 2.0 2.0 2.0 1.0 0.0 1.333333333333333 1.0 0.0 0.4330127018922193
ps2 "(6, 6)" opt 2 3.5 3.0 3.5 3.0 0.8242748000002678 0.7866493249999567 0.8242748000002678 0.8987714250000778 3.0 0.0 8.0 10.0 8.0 10.0 1.0 0.0 2.6666666666666665 3.333333333333333 0.787295821622217 1.138357583611442
ps2 "(6, 6)" opt 3 1.0 0.0 1.0 0.0 1.3778070499994328 0.06639389999966805 1.3778070499994328 0.06639389999966805 1.0 0.0 18.0 0.0 18.0 0.0 1.0 0.0 1.0 0.0 0.0 0.0
ps3 "(2, 2)" NONE 1 2.5 1.5 2.5 1.5 2.466938700000057 1.477166174999923 3.607837499999974 5.227628149999816 11.0 4.0 20.0 9.25 20.0 9.25 1.0 0.0 1.666666666666667 0.5 0.6666666666666666 0.3087608031572393
ps3 "(2, 2)" NONE 2 1.5 1.0 1.5 1.0 2.04928915000022 1.0609896749998042 3.0960075000003826 2.9686273749999827 10.0 0.0 22.0 8.0 22.0 8.0 1.0 0.0 2.2 0.8 0.7591022543706094 0.5432534940622793
ps3 "(2, 2)" NONE 3 1.0 0.0 1.0 0.0 1.900415499999582 0.10759782500036841 1.900415499999582 0.10759782500036841 1.0 0.0 20.0 0.0 20.0 0.0 1.0 0.0 1.0 0.0 0.0 0.0
ps3 "(2, 2)" opt 1 2.5 1.5 2.5 1.5 2.003348699999805 1.6976230249997568 3.0491629000001694 5.127087774999893 11.0 4.0 18.0 11.0 18.0 11.0 1.0 0.0 1.625 0.37179487179487203 0.5314672310939026 0.2787326990971442
ps3 "(2, 2)" opt 2 1.5 1.0 1.5 1.0 2.0563208499996226 0.8688079500001036 3.048092400000087 2.9044857249998444 10.0 0.0 22.0 9.0 22.0 9.0 1.0 0.0 2.2 0.9000000000000001 0.7782268600273006 0.5679529434142674
ps3 "(2, 2)" opt 3 1.0 0.0 1.0 0.0 1.922408099999757 0.10055712499995173 1.922408099999757 0.10055712499995173 1.0 0.0 20.0 0.0 20.0 0.0 1.0 0.0 1.0 0.0 0.0 0.0
ps3 "(2, 4)" NONE 1 4.5 3.5 4.5 3.5 1.0810483999999718 0.818204600000044 1.153337399999913 1.4616990500001137 5.5 3.0 10.0 6.25 10.0 6.25 1.0 0.0 1.625 0.6607142857142856 0.5006882315714639 0.3512403173533234
ps3 "(2, 4)" NONE 2 1.5 1.0 1.5 1.0 1.861614400000121 1.0203694500002949 2.7602158500003213 2.941549950000542 10.0 0.0 22.0 8.0 22.0 8.0 1.0 0.0 2.2 0.8 0.785292702795124 0.5497911183169892
ps3 "(2, 4)" NONE 3 1.0 0.0 1.0 0.0 1.887833099999913 0.07590827500067121 1.887833099999913 0.07590827500067121 1.0 0.0 20.0 0.0 20.0 0.0 1.0 0.0 1.0 0.0 0.0 0.0
ps3 "(2, 4)" opt 1 4.5 3.5 4.5 3.5 0.9457872499999098 0.5620918999998885 1.0712709500000561 1.3032543250002675 5.5 3.0 9.0 4.25 9.0 4.25 1.0 0.0 1.6 0.666666666666667 0.4898979485566356 0.2210273191490666
ps3 "(2, 4)" opt 2 1.5 1.0 1.5 1.0 2.068951600000105 0.802239399999876 3.129596850000098 2.6882934250002815 10.0 0.0 22.0 8.0 22.0 8.0 1.0 0.0 2.2 0.8 0.7801721805878563 0.5651810585871273
ps3 "(2, 4)" opt 3 1.0 0.0 1.0 0.0 1.9093356500001164 0.11459975000002509 1.9093356500001164 0.11459975000002509 1.0 0.0 20.0 0.0 20.0 0.0 1.0 0.0 1.0 0.0 0.0 0.0
ps3 "(2, 6)" NONE 1 6.5 5.5 6.5 5.5 0.7274031499997591 0.4544299750000249 0.7429630500001281 0.728040774999926 4.0 1.25 7.0 4.0 7.0 4.0 1.0 0.0 1.75 0.6000000000000001 0.4648111258522642 0.3202565051528912
ps3 "(2, 6)" NONE 2 1.5 1.0 1.5 1.0 1.8730311499998606 1.1106161499999634 2.8013431499996955 2.946655399999827 10.0 0.0 21.5 8.25 21.5 8.25 1.0 0.0 2.15 0.8250000000000002 0.766159474147414 0.5034290087131601
ps3 "(2, 6)" NONE 3 1.0 0.0 1.0 0.0 1.886201149999522 0.1481112999999039 1.886201149999522 0.1481112999999039 1.0 0.0 20.0 0.0 20.0 0.0 1.0 0.0 1.0 0.0 0.0 0.0
ps3 "(2, 6)" opt 1 6.5 5.5 6.5 5.5 0.7181143500000928 0.4462032250002039 0.7198245499998563 0.6153322250001518 4.0 2.0 6.0 4.0 6.0 4.0 1.0 0.0 1.666666666666667 0.666666666666667 0.4648111258522642 0.21260683286117193
ps3 "(2, 6)" opt 2 1.5 1.0 1.5 1.0 2.0743008499998155 1.2439748250004075 3.2089050500001126 3.162030925000124 10.0 0.0 22.0 9.0 22.0 9.0 1.0 0.0 2.2 0.9000000000000001 0.7441499000162617 0.5380786436757594
ps3 "(2, 6)" opt 3 1.0 0.0 1.0 0.0 1.909896649999979 0.13803032500009538 1.909896649999979 0.13803032500009538 1.0 0.0 20.0 0.0 20.0 0.0 1.0 0.0 1.0 0.0 0.0 0.0
ps3 "(4, 2)" NONE 1 4.5 3.5 4.5 3.5 0.9689882999999782 1.5338288749997275 1.146246950000034 1.5812048500000344 5.0 4.5 9.0 13.0 9.0 13.0 1.0 0.0 1.7 0.666666666666667 0.4714045207910317 0.3450434588611845
ps3 "(4, 2)" NONE 2 2.5 1.5 2.5 1.5 0.656749199999922 0.9006135250000114 0.656749199999922 1.362221599999927 5.0 0.0 9.0 8.25 9.0 8.25 1.0 0.0 1.8 1.6500000000000001 0.5 0.4751132516406936
ps3 "(4, 2)" NONE 3 1.0 0.0 1.0 0.0 1.9043416500000774 0.0845965250002938 1.9043416500000774 0.0845965250002938 1.0 0.0 20.0 0.0 20.0 0.0 1.0 0.0 1.0 0.0 0.0 0.0
ps3 "(4, 2)" opt 1 4.5 3.5 4.5 3.5 0.8231337999999084 1.3185576999997084 1.0707967999999894 1.6643638250000659 5.0 4.5 7.0 11.0 7.0 11.0 1.0 0.0 1.5 0.466666666666667 0.4330127018922193 0.1597598535351601
ps3 "(4, 2)" opt 2 2.5 1.5 2.5 1.5 0.7349813000000118 1.1027869250000322 0.7349813000000118 1.7574267750000843 5.0 0.0 10.0 8.25 10.0 8.25 1.0 0.0 2.0 1.6500000000000001 0.5 0.4751132516406936
ps3 "(4, 2)" opt 3 1.0 0.0 1.0 0.0 1.9138797499998366 0.10975089999993481 1.9138797499998366 0.10975089999993481 1.0 0.0 20.0 0.0 20.0 0.0 1.0 0.0 1.0 0.0 0.0 0.0
ps3 "(4, 4)" NONE 1 8.5 7.5 8.5 7.5 0.4558300499998893 0.5842089499996916 0.4558300499998893 1.1505880249995353 2.0 2.0 4.0 6.0 4.0 6.0 1.0 0.0 1.6 1.0 0.408248290463863 0.5471012044321932
ps3 "(4, 4)" NONE 2 2.5 1.5 2.5 1.5 0.7325703500001168 1.1252618999999415 0.7325703500001168 1.8983769750002604 5.0 0.0 10.0 8.25 10.0 8.25 1.0 0.0 2.0 1.6500000000000001 0.5 0.4751132516406936
ps3 "(4, 4)" NONE 3 1.0 0.0 1.0 0.0 1.8923387500001354 0.07734267500060721 1.8923387500001354 0.07734267500060721 1.0 0.0 20.0 0.0 20.0 0.0 1.0 0.0 1.0 0.0 0.0 0.0
ps3 "(4, 4)" opt 1 8.5 7.5 8.5 7.5 0.40551084999992426 0.5649825500001526 0.40551084999992426 0.866312275000112 2.0 2.0 3.0 6.0 3.0 6.0 1.0 0.0 1.5 1.0 0.3535533905932738 0.5
ps3 "(4, 4)" opt 2 2.5 1.5 2.5 1.5 0.7296567000000493 0.9380125250000622 0.7296567000000493 1.3924214000001318 5.0 0.0 9.5 8.25 9.5 8.25 1.0 0.0 1.9 1.6500000000000001 0.5 0.4751132516406936
ps3 "(4, 4)" opt 3 1.0 0.0 1.0 0.0 1.8989042499998732 0.10237687500023895 1.8989042499998732 0.10237687500023895 1.0 0.0 20.0 0.0 20.0 0.0 1.0 0.0 1.0 0.0 0.0 0.0
ps3 "(4, 6)" NONE 1 12.0 12.0 12.0 12.0 0.3163098999999647 0.400202900000167 0.3489489999998341 0.5457698000001017 2.0 2.0 3.0 4.0 3.0 4.0 1.0 0.0 1.5 1.0 0.0 0.408248290463863
ps3 "(4, 6)" NONE 2 2.5 1.5 2.5 1.5 0.7327303000000143 1.1269875999998116 0.7327303000000143 1.776729524999713 5.0 0.0 10.0 8.25 10.0 8.25 1.0 0.0 2.0 1.6500000000000001 0.5 0.46816393439451554
ps3 "(4, 6)" NONE 3 1.0 0.0 1.0 0.0 1.890908149999973 0.1271673499996946 1.890908149999973 0.1271673499996946 1.0 0.0 20.0 0.0 20.0 0.0 1.0 0.0 1.0 0.0 0.0 0.0
ps3 "(4, 6)" opt 1 12.0 12.0 12.0 12.0 0.3126052500000469 0.38688547499981496 0.34578479999993306 0.47020449999996217 2.0 2.0 3.0 4.0 3.0 4.0 1.0 0.0 1.5 1.0 0.0 0.4618065660663286
ps3 "(4, 6)" opt 2 2.5 1.5 2.5 1.5 0.7324684999998681 0.9922062249998902 0.7324684999998681 1.4577979999999187 5.0 0.0 9.5 8.25 9.5 8.25 1.0 0.0 1.9 1.6500000000000001 0.5 0.4751132516406936
ps3 "(4, 6)" opt 3 1.0 0.0 1.0 0.0 1.954611250000056 0.1206769999996593 1.954611250000056 0.1206769999996593 1.0 0.0 20.0 0.0 20.0 0.0 1.0 0.0 1.0 0.0 0.0 0.0
ps3 "(6, 2)" NONE 1 6.5 5.5 6.5 5.5 0.829840699999977 0.7258162499999159 1.062037350000054 1.2627904500002245 4.0 4.0 8.0 7.0 8.0 7.0 1.0 0.0 1.6 0.6875000000000002 0.4330127018922193 0.26138691871790753
ps3 "(6, 2)" NONE 2 3.5 3.0 3.5 3.0 0.6322164500002714 0.6856763749995802 0.6322164500002714 0.7612156249998778 3.0 1.0 8.0 7.0 8.0 7.0 1.0 0.0 2.5 2.333333333333334 0.6928203230275508 0.47177978870813475
ps3 "(6, 2)" NONE 3 1.0 0.0 1.0 0.0 1.8989731999996595 0.12651635000092942 1.8989731999996595 0.12651635000092942 1.0 0.0 20.0 0.0 20.0 0.0 1.0 0.0 1.0 0.0 0.0 0.0
ps3 "(6, 2)" opt 1 6.5 5.5 6.5 5.5 0.7592138000000546 0.6256173749999192 0.9543768499997896 1.201655999999929 4.0 4.0 7.0 6.0 7.0 6.0 1.0 0.0 1.6 0.583333333333333 0.4330127018922193 0.4898979485566356
ps3 "(6, 2)" opt 2 3.5 3.0 3.5 3.0 0.6281452000000627 0.6736694250000568 0.6281452000000627 0.7269020499998504 3.0 1.0 8.0 7.0 8.0 7.0 1.0 0.0 2.333333333333333 2.416666666666667 0.5081988897471611 0.47177978870813475
ps3 "(6, 2)" opt 3 1.0 0.0 1.0 0.0 1.8884236500001634 0.1128109999995568 1.8884236500001634 0.1128109999995568 1.0 0.0 20.0 0.0 20.0 0.0 1.0 0.0 1.0 0.0 0.0 0.0
ps3 "(6, 4)" NONE 1 12.0 12.0 12.0 12.0 0.35862630000005424 0.39867445000034957 0.51745614999993 0.6620613750000075 2.0 2.0 3.0 4.0 3.0 4.0 1.0 0.0 1.5 1.0 0.0 0.5
ps3 "(6, 4)" NONE 2 3.5 3.0 3.5 3.0 0.6277873999998462 0.6632742499999755 0.6277873999998462 0.6935350500000972 3.0 1.0 8.0 7.0 8.0 7.0 1.0 0.0 2.333333333333333 2.333333333333334 0.5773502691896257 0.47177978870813475
ps3 "(6, 4)" NONE 3 1.0 0.0 1.0 0.0 1.9209846499993546 0.07064302500002317 1.9209846499993546 0.07064302500002317 1.0 0.0 20.0 0.0 20.0 0.0 1.0 0.0 1.0 0.0 0.0 0.0
ps3 "(6, 4)" opt 1 12.0 12.0 12.0 12.0 0.3531807999997909 0.38641590000028714 0.4554924000000256 0.5575287000000912 2.0 2.0 3.0 4.0 3.0 4.0 1.0 0.0 1.5 1.0 0.0 0.4714045207910317
ps3 "(6, 4)" opt 2 3.5 3.0 3.5 3.0 0.6236190999999849 0.6495406000002648 0.6236190999999849 0.6833556750000582 3.0 1.0 8.0 7.0 8.0 7.0 1.0 0.0 2.333333333333333 2.416666666666667 0.5773502691896257 0.47177978870813475
ps3 "(6, 4)" opt 3 1.0 0.0 1.0 0.0 1.919059999999831 0.11269327499989878 1.919059999999831 0.11269327499989878 1.0 0.0 20.0 0.0 20.0 0.0 1.0 0.0 1.0 0.0 0.0 0.0
ps3 "(6, 6)" NONE 1 17.0 16.0 17.0 16.0 0.2616704999999797 0.2925100499998336 0.3503675000000612 0.4930575999998225 2.0 1.0 2.0 3.0 2.0 3.0 1.0 0.0 1.5 1.0 0.0 0.4330127018922193
ps3 "(6, 6)" NONE 2 3.5 3.0 3.5 3.0 0.6300344000001701 0.6841967500008368 0.6300344000001701 0.7562449500005926 3.0 1.0 8.0 7.0 8.0 7.0 1.0 0.0 2.5 2.333333333333334 0.6606601686873219 0.5552341118791089
ps3 "(6, 6)" NONE 3 1.0 0.0 1.0 0.0 1.9055973499999364 0.10816172500034305 1.9055973499999364 0.10816172500034305 1.0 0.0 20.0 0.0 20.0 0.0 1.0 0.0 1.0 0.0 0.0 0.0
ps3 "(6, 6)" opt 1 16.0 16.0 16.0 16.0 0.2589755000000764 0.2839086999997562 0.2723218999999517 0.3968548999999939 1.0 1.0 2.0 3.0 2.0 3.0 1.0 0.0 1.333333333333333 1.0 0.0 0.282842712474619
ps3 "(6, 6)" opt 2 3.5 3.0 3.5 3.0 0.5983309499998768 0.6298512500001223 0.5983309499998768 0.6866124499996213 3.0 1.0 8.0 6.0 8.0 6.0 1.0 0.0 2.0 2.333333333333334 0.5471012044321932 0.47177978870813475
ps3 "(6, 6)" opt 3 1.0 0.0 1.0 0.0 1.921411950000163 0.11255732499994031 1.921411950000163 0.11255732499994031 1.0 0.0 20.0 0.0 20.0 0.0 1.0 0.0 1.0 0.0 0.0 0.0
