problem   ps1 ps1 ps1 ps1 ps1 ps1 ps1 ps1 ps2 ps2 ps2 ps2 ps2 ps2 ps2 ps2 ps3 ps3 ps3 ps3 ps3 ps3 ps3 ps3
   "Wait time" "Yield time" "Percent wait time" "Percent yield time" Size Length "Expansion factor" "Sub-Plan expansion deviation" "Wait time" "Yield time" "Percent wait time" "Percent yield time" Size Length "Expansion factor" "Sub-Plan expansion deviation" "Wait time" "Yield time" "Percent wait time" "Percent yield time" Size Length "Expansion factor" "Sub-Plan expansion deviation"
planning_mode AL PN                        
online 1.0 1.0 2.6279767500003 2.6279767500003   2.0 4.0 2.0 0.0 3.767326949999699 3.767326949999699   4.0 7.0 1.833333333333333 0.5477225575051661 4.691520200000468 4.691520200000468   5.0 8.0 1.888888888888889 0.5477225575051661
online 1.0 2.0 1.025186199999922 3.7307336500000474   3.0 5.0 2.0 0.5 1.520514050000088 5.185857099999936   4.0 9.0 2.0 1.364225461978742 1.9766770499998074 6.579047900000148   5.0 9.0 2.0 1.224744871391589
online 1.0 3.0 0.7256063000001518 4.517132250000117   3.0 4.0 1.333333333333333 0.5773502691896257 1.048224250000203 6.607884699999886   4.0 5.0 1.333333333333333 0.5477225575051661 1.222874199999978 7.8963369500004035   4.0 7.0 1.5 0.7071067811865476
online 1.0 4.0 0.7319429499999259 5.330231499999513   3.0 6.0 1.75 0.9574271077563381 0.9859112999999695 7.726916800000154   4.0 8.0 1.333333333333333 0.5773502691896257 1.2248996000001284 9.178692649999988   4.0 8.0 1.714285714285714 0.7352534831998119
online 1.0 5.0 0.3898035999999792 5.773246900000217   2.0 3.0 1.333333333333333 0.0 0.48639915000012474 8.032669299999554   3.0 3.0 1.333333333333333 0.5773502691896257 0.7715570999999954 9.616590950000273   3.0 5.0 1.25 0.5
online 1.0 6.0 0.4753702499999122 6.236986150000263   2.0 3.0 1.5 0.5773502691896257 0.625080850000046 8.90077274999976   3.0 6.0 2.0 0.7071067811865476 0.8637853000002167 10.252098750000016   3.0 7.0 1.75 0.816496580927726
online 1.0 7.0 0.25380524999997073 6.468327449999791   1.0 2.0 1.5 0.0 0.26038454999988403 9.187330400000803   2.0 2.0 1.0 0.0 0.32098370000005616 10.600688399999939   2.5 3.0 1.0 0.0
online 1.0 8.0 0.3873213999999763 6.75677330000039   2.0 3.0 1.5 0.7071067811865476 0.4104524500000082 9.589884699999857   2.0 4.0 1.5 0.5773502691896257 0.5219727499999465 11.202784249999354   3.0 5.0 1.5 0.7071067811865476
online 1.0 9.0 0.16695830000000456 6.774404849999854   1.0 1.0 1.0 0.0 0.17600234999999032 9.401172050000099   1.0 1.0 1.0 0.0 0.3496937000000173 10.989819949999486   2.0 3.0 1.5 0.5
online 1.0 10.0 0.3442774999999614 6.983133050000276   1.0 2.5 1.5 0.0 0.31192539999989327 9.751437049999836   2.0 2.0 1.5 0.0 0.3482228000000589 11.364221900000045   2.0 3.0 1.4 0.5
online 1.0 11.0 0.16738619999992466 7.18592840000019   1.0 1.0 1.0 0.0 0.25617500000004156 9.99767274999982   2.0 2.0 1.0 0.0 0.2660507999998458 11.91521899999941   2.0 2.0 1.333333333333333 0.0
online 1.0 12.0 0.34609054999997113 7.43059664999987   2.0 3.0 1.5 0.7071067811865476 0.4267366500000378 10.506598399999916   2.0 4.0 1.5 0.7071067811865476 0.569873200000302 12.535058700000254   3.0 5.0 2.0 0.7071067811865476
online 1.0 13.0 0.2509675499999737 7.360036600000029   1.0 2.0 2.0 0.0 0.25339429999991125 10.179637700000356   1.0 2.0 1.5 0.0 0.17037229999998976 11.842765249999498   1.0 1.0 1.0 0.0
online 1.0 14.0 0.16640645000001092 7.532255349999986   1.0 1.0 1.0 0.0 0.1712611499999923 10.455585900000184   1.0 1.0 1.0 0.0 0.25767440000004177 12.15675429999931   1.0 2.0 1.5 0.0
online 1.0 15.0 0.16632055000007995 7.712804799999944   1.0 1.0 1.0 0.0 0.16773870000002944 10.803514700000111   1.0 1.0 1.0 0.0 0.3493958500000076 12.596414199999284   2.0 3.0 1.5 0.0
online 1.0 16.0 0.16709915000006959 7.909543500000112   1.0 1.0 1.0 0.0 0.257233250000013 11.852423499999361   1.0 2.0 1.5 0.0 0.5653978000000563 13.064475949999519   2.0 5.0 2.5 0.7071067811865476
online 1.0 17.0 0.219258850000017 7.926098300000177   1.0 1.5 1.5 0.0 0.2535382499999912 11.977968799998505   1.0 2.0 1.0 0.0 0.35633545000018785 12.97852925000046   2.0 3.0 1.5 0.0
online 1.0 18.0 0.16760644999997965 8.157621299999995   1.0 1.0 1.0 0.0 0.2539260499999898 12.335778849999116   1.0 2.0 2.0 0.0 0.36224034999986543 13.44884819999919   2.0 3.0 1.5 0.7071067811865476
online 1.0 19.0 0.16445935000007234 8.325011349999748   1.0 1.0 1.0 0.0 0.1665738000000374 12.54231700000119   1.0 1.0 1.0 0.0 0.17733079999987922 13.769840849999925   1.0 1.0 1.0 0.0
online 1.0 20.0 0.16668254999999027 8.507380000000232   1.0 1.0 1.0 0.0 0.1669163499999513 12.786011350001331   1.0 1.0 1.0 0.0 0.34929594999999836 14.03898515000003   1.0 3.0 1.5 0.0
online 1.0 21.0 0.25298899999989993 8.879720000000361   1.0 2.0 2.0 0.0 0.2542662000000888 12.9847731000003   1.0 2.0 2.0 0.0 0.1703096000000528 14.31210065000019   1.0 1.0 1.0 0.0
online 1.0 22.0 0.16601845000000282 8.985368250000278   1.0 1.0 1.0 0.0 0.1682728999999199 13.26721359999976   1.0 1.0 1.0 0.0 0.25516765000008945 14.59001669999941   1.0 2.0 1.5 0.0
online 1.0 23.0 0.16437165000002102 8.923783549999882   1.0 1.0 1.0 0.0 0.2536342999999306 13.84714049999951   1.0 2.0 2.0 0.0 0.2615799000000152 15.23859199999447   1.0 2.0 2.0 0.0
online 1.0 24.0 0.25298619999998095 9.17715179999982   1.0 2.0 2.0 0.0 0.1665048500000239 14.007875349999594   1.0 1.0 1.0 0.0 0.45141099999992207 16.0501306500002   2.0 4.0 2.0 0.0
online 1.0 25.0 1.9894992999999777 11.187908899999854   1.0 16.0 16.0 0.0 0.1655488999998056 14.14637675000064   1.0 1.0 1.0 0.0 0.17011539999998604 15.133411149998775   1.0 1.0 1.0 0.0
online 1.0 26.0         0.25327595000001674 14.328508900000715   1.0 2.0 2.0 0.0 0.25726570000006177 15.549374600000931   1.0 2.0 1.25 0.0
online 1.0 27.0         1.989359849999573 15.970837450000685   1.0 16.0 16.0 0.0 0.26035810000018955 15.850744849998305   1.0 2.0 2.0 0.0
online 1.0 28.0         1.989256249999869 16.213567749999413   1.0 16.0 16.0 0.0 0.16939569999993864 16.115224149999335   1.0 1.0 1.0 0.0
online 1.0 29.0         0.2544431000003442 15.89850959999978   1.0 2.0 2.0 0.0 0.2553612500000497 16.622313149998888   1.0 2.0 2.0 0.0
online 1.0 30.0         1.1264322499996522 16.72044724999995   1.0 9.0 9.0 0.0 0.3505052500000759 16.950877199999354   1.0 3.0 2.0 0.0
online 1.0 31.0         0.1690481999999065 16.32352109999954   1.0 1.0 1.0 0.0 0.16948385000006283 17.6139399999999   1.0 1.0 1.0 0.0
online 1.0 32.0         0.3498604999998634 16.6733815999994   2.0 3.0 1.5 0.7071067811865476 0.5563961999999947 18.23891459999925   1.0 5.0 2.5 0.0
online 1.0 33.0         2.005500099999722 18.67888169999912   2.0 16.0 8.0 9.899494936611665 1.994426449999935 19.310630649999435   2.0 16.0 8.5 1.7028886969679078
online 1.0 34.0                 1.0942275499998002 19.695332350000257   2.0 9.0 4.5 0.7071067811865476
online 1.0 35.0                 0.30498359999984354 19.954634650000084   2.0 2.5 1.25 0.0
online 1.0 36.0                 2.28405829999997 22.25683920000029   2.0 17.0 8.5 10.60660171779821
online 2.0 1.0 2.133416199999829 2.133416199999829   4.0 10.0 2.0 1.0 2.9797594499996762 2.9797594499996762   4.0 18.0 3.666666666666667 3.055050463303894 3.6988238500002524 3.6988238500002524   5.0 20.0 3.666666666666667 3.055050463303894
online 2.0 2.0 0.49994780000001526 2.5487668499999927   4.0 7.0 1.5 0.5773502691896257 0.5029521500000556 3.4140573499999505   4.0 9.0 1.5 0.5773502691896257 0.9167406499999515 4.195157899999828   5.0 13.0 1.8 0.9189365834726815
online 2.0 3.0 0.3099047500000438 2.8156922000003988   4.0 4.5 1.2 0.4472135954999579 0.4005022000000906 4.0441747499997405   4.0 6.0 1.2 0.4472135954999579 0.6327832499999602 4.817581999999888   4.0 9.0 2.0 1.0
online 2.0 4.0 0.30551159999997424 3.1190662999996164   4.0 4.5 1.0 0.0 0.31137530000009406 4.38762335000002   4.0 5.0 1.0 0.0 0.47665204999998423 5.315794700000112   4.0 7.0 1.4 0.5773502691896257
online 2.0 5.0 0.2243540999999496 3.0738450500000027   3.0 3.0 1.0 0.0 0.22649364999995214 4.825861949999762   3.0 3.0 1.0 0.0 0.5995049500001528 5.58082949999951   4.0 8.0 2.0 0.816496580927726
online 2.0 6.0 0.2204360000000065 3.299510549999695   3.0 3.0 1.0 0.0 0.2231345999998666 5.05786495000018   3.0 3.0 1.0 0.0 0.3539691499999833 6.167276250000384   4.0 5.0 1.25 0.5
online 3.0 1.0 1.3613920500000756 1.3613920500000756   1.0 18.0 1.0 0.0 1.3580648500004031 1.3580648500004031   1.0 18.0 1.0 0.0 1.900368900000473 1.900368900000473   1.0 20.0 1.0 0.0
