   LE LE AC AC CF CF CP_EF_L CP_EF_L SP_EB_L SP_EB_L GT GT ST ST GT_POTT GT_POTT ST_POTT ST_POTT TT TT LT LT WT WT MET MET CT CT
statistic   0.5 IQR 0.5 IQR 0.5 IQR 0.5 IQR 0.5 IQR 0.5 IQR 0.5 IQR 0.5 IQR 0.5 IQR 0.5 IQR 0.5 IQR 0.5 IQR 0.5 IQR 0.5 IQR
problem online_bounds AL                            
ps1 "(2, 2)" 1 39.0 0.0 39.0 0.0 1.0 0.0 1.5 0.0 0.4320493798938573 0.08267439446801156 3.9581423499999175 0.010359225000257322 0.9292272500000536 0.2702204500000105 0.8063874548898229 0.043826777734567446 0.1895112885352091 0.044168690618656054 4.904415649999947 0.28657372499996825 4.677031499999938 0.2318529750000149 2.222906462500081 0.044562393750110285 1.4032750499999809 0.08438599166671978 8.744824599999717 0.17222560000048048
ps1 "(2, 2)" 2 26.0 0.0 26.0 0.0 1.0 0.0 1.444444444444444 0.0 0.5674876061616938 0.049681306913069934 1.9619114000000766 0.0055781249999855564 0.41627240000000043 0.2077881250000928 0.8208148525075127 0.06860603842015478 0.17396174619723404 0.06906434653143995 2.39289730000001 0.19806159999989648 3.001218649999835 0.13623445000015266 1.9090156499999544 0.12391415000014616 0.7894451000001723 0.009090874999996501 3.7898762999999036 0.2482015000005271
ps1 "(2, 2)" 3 18.0 0.0 18.0 0.0 1.0 0.0 1.0 0.0 0.0 0.0 1.0053029999999836 0.005591950000350732 0.36010525000004634 0.06034684999997181 0.7358384869220286 0.03225883730275525 0.26416151307797126 0.03225883730275472 1.363766499999947 0.06514787499996344 1.363766499999947 0.06514787499996344 1.363766499999947 0.06514787499996344 0.0 0.0 1.363766499999947 0.06514787499996344
ps1 "(2, 4)" 1 43.0 0.0 43.0 0.0 1.0 0.0 1.653846153846154 0.0 0.6610871620317074 0.29003234141117085 4.170839199999705 0.03147925000008911 0.658525950000012 0.3118527500000212 0.8607495447260982 0.056153480414862234 0.13572083140876995 0.056595178952092165 4.869599999999984 0.4984616249996776 3.832245749999913 0.29306129999999797 1.1383269375000116 0.06565855937500786 0.7535097428571486 0.0856255357143405 8.79803860000004 0.5367993250005583
ps1 "(2, 4)" 2 26.0 0.0 26.0 0.0 1.0 0.0 1.444444444444444 0.0 0.5923282596182288 0.049681306913069934 1.9556171499999095 0.007225974999833351 0.39686950000005083 0.20165830000014756 0.82719643112908 0.06594186975217609 0.16746182025625733 0.06644664977883921 2.3767114000000795 0.20356987500050439 2.967779100000161 0.10202487499984558 1.9008803000000394 0.10814311249995634 0.7826456999996481 0.059661449999946825 3.7734001000000887 0.2155228749999063
ps1 "(2, 4)" 3 18.0 0.0 18.0 0.0 1.0 0.0 1.0 0.0 0.0 0.0 1.0034694499997694 0.006798599999974897 0.3575323499999996 0.06416087499988515 0.7374504117415341 0.03431543600697162 0.262549588258466 0.034315436006971484 1.3591055999999855 0.06671772499946349 1.3591055999999855 0.06671772499946349 1.3591055999999855 0.06671772499946349 0.0 0.0 1.3591055999999855 0.06671772499946349
ps1 "(2, 6)" 1 41.0 0.0 41.0 0.0 1.0 0.0 1.576923076923077 0.0 0.4803825562579583 0.03239295695249628 3.998506199999895 0.014944000000102875 0.6041127000000266 0.3158717500002126 0.8666362005226607 0.05946049938343201 0.1306797670511427 0.05955100127935735 4.624120900000051 0.2791419750003463 3.453512150000005 0.10452464999921363 0.7401319750000255 0.020835945833297842 0.49146675454546723 0.02174242727277359 8.478812800000213 0.24763819999962067
ps1 "(2, 6)" 2 26.0 0.0 26.0 0.0 1.0 0.0 1.444444444444444 0.0 0.5426469527051588 0.049681306913069934 1.9524905499999652 0.006420924999997357 0.375940350000036 0.15703899999997972 0.8344310569294004 0.05303768617211002 0.16026101987951483 0.05335842308179803 2.3440965500000175 0.16396144999997064 2.9817009000000567 0.10709374999984833 1.8959951249998994 0.10030611249994537 0.7827942499999949 0.09781044999974142 3.763836399999832 0.20048319999989506
ps1 "(2, 6)" 3 18.0 0.0 18.0 0.0 1.0 0.0 1.0 0.0 0.0 0.0 1.003962800000025 0.006861225000008853 0.36523135000011203 0.07633322500006656 0.7329607424435343 0.041660472505490764 0.2670392575564656 0.04166047250549021 1.368075250000345 0.0724329249999267 1.368075250000345 0.0724329249999267 1.368075250000345 0.0724329249999267 0.0 0.0 1.368075250000345 0.0724329249999267
ps1 "(4, 2)" 1 39.0 0.0 39.0 0.0 1.0 0.0 1.5 0.0 0.4320493798938573 0.04331925357083716 3.7846957499999974 0.011454224999816631 0.6036979000000997 0.31924827500016306 0.8595810010759177 0.06155170149615585 0.13675900170206678 0.061885919063470046 4.414335600000108 0.31445585000013665 3.241739300000091 0.13937807500010502 1.0450354562499533 0.025471865624963952 0.723640100000046 0.03924555714282807 8.0203415499996 0.2537321999998845
ps1 "(4, 2)" 2 26.0 0.0 26.0 0.0 1.0 0.0 1.444444444444444 0.0 0.5674876061616938 0.049681306913069934 1.800757949999948 0.005321125000041116 0.2613360500000397 0.21540937499997875 0.8688605598056455 0.08217125625489008 0.12623362769896246 0.08253514987019861 2.074469749999949 0.21565412499991599 2.1917317999997574 0.06415302499988984 0.8842868624999554 0.06622339375000008 0.442852283333328 0.020632058333244385 3.452446150000142 0.2649926999999974
ps1 "(4, 2)" 3 18.0 0.0 18.0 0.0 1.0 0.0 1.0 0.0 0.0 0.0 0.9995318000001063 0.0032047250001312477 0.347938549999995 0.05141144999996783 0.7425619991246943 0.027723862079305994 0.2574380008753058 0.0277238620793063 1.3487032999999546 0.05149334999957511 1.3487032999999546 0.05149334999957511 1.3487032999999546 0.05149334999957511 0.0 0.0 1.3487032999999546 0.05149334999957511
ps1 "(4, 4)" 1 43.0 2.0 43.0 2.0 1.0 0.0 1.653846153846154 0.07692307692307687 0.5392541370610704 0.08534111005856698 4.267729200000446 0.24830945000018279 0.5469049499999965 0.30884414999972165 0.8826543343561652 0.05928265211925199 0.11545819771645997 0.05921171911793563 4.843612699999909 0.32456805000001054 2.6811147499998924 0.07341405000004064 0.5645531625000082 0.01810057812500654 0.42221535666666815 0.01962572333330259 8.424567600000188 0.3058146249998579
ps1 "(4, 4)" 2 26.0 0.0 26.0 0.0 1.0 0.0 1.444444444444444 0.0 0.5426469527051588 0.049681306913069934 1.8017832999998975 0.006837625000144509 0.26016315000005363 0.14023542499989716 0.8699089738256145 0.0555314148317434 0.12549529727097575 0.05574527972428478 2.072988500000246 0.14185505000021026 2.2220067999998605 0.06898519999973018 0.8927070875001988 0.043453800000117226 0.44180516666666847 0.030146224999987425 3.4848555500007024 0.17333097500021477
ps1 "(4, 4)" 3 18.0 0.0 18.0 0.0 1.0 0.0 1.0 0.0 0.0 0.0 1.006100099999969 0.006118225000100841 0.36185050000001695 0.053463399999738925 0.7341429976597567 0.02980891992541934 0.26585700234024345 0.029808919925419064 1.371991850000086 0.052056199999921615 1.371991850000086 0.052056199999921615 1.371991850000086 0.052056199999921615 0.0 0.0 1.371991850000086 0.052056199999921615
ps1 "(4, 6)" 1 43.0 4.0 43.0 4.0 1.0 0.0 1.653846153846154 0.15384615384615397 0.5392541370610704 0.2043792749155518 4.436511949999982 0.39623742500036485 0.4900927000003037 0.15599222499979426 0.9043261140549386 0.026491225954289654 0.09496089789621304 0.02654710864707703 4.9383297500000225 0.539205324999589 2.4586324000000133 0.11458334999975506 0.42414148863636436 0.02247210795452953 0.32452549523809576 0.023553896428573806 8.5238681000001 0.46782489999961285
ps1 "(4, 6)" 2 26.0 0.0 26.0 0.0 1.0 0.0 1.444444444444444 0.0 0.5923282596182288 0.049681306913069934 1.7985755499999532 0.005794749999956661 0.26084034999997385 0.1388515249998079 0.8694355230396718 0.054538275621819565 0.12550345643240107 0.05482913037063063 2.0697946000001366 0.14429462500022172 2.204736499999996 0.10851847500013223 0.8898788000000337 0.05314516875003239 0.4410603833333179 0.016794124999880866 3.459739850000119 0.1745064750001255
ps1 "(4, 6)" 3 18.0 0.0 18.0 0.0 1.0 0.0 1.0 0.0 0.0 0.0 1.0018921500000602 0.00474264999998264 0.3493357500001082 0.05868412500011638 0.7409277197256857 0.03333929597261964 0.25907228027431395 0.03333929597261931 1.356005999999923 0.0597434750001824 1.356005999999923 0.0597434750001824 1.356005999999923 0.0597434750001824 0.0 0.0 1.356005999999923 0.0597434750001824
ps1 "(6, 2)" 1 41.0 0.0 41.0 0.0 1.0 0.0 1.576923076923077 0.0 0.5720851161591906 0.22092651912986827 4.036556449999836 0.011876100000349332 0.5219942999999496 0.21055762499991465 0.8843862917876988 0.04033273762235634 0.11275086220831007 0.04047554791506029 4.577199350000086 0.23151289999961655 2.4319147000000494 0.1072494249996514 0.7246340833333609 0.021743112499929773 0.5633879090909681 0.03203784318179681 8.139825600000073 0.30029019999958706
ps1 "(6, 2)" 2 26.0 0.0 26.0 0.0 1.0 0.0 1.444444444444444 0.0 0.5674876061616938 0.049681306913069934 1.7643418499999655 0.0065809250000090636 0.21663565000017115 0.12867360000004877 0.8870094664166989 0.054263310430708644 0.10842183104948036 0.05472994138664067 1.99394810000021 0.16395627499981513 1.863623000000075 0.08457387499996183 0.593340416666674 0.03319035833333028 0.33058334000004375 0.023378275000025817 3.40977149999992 0.17592999999989178
ps1 "(6, 2)" 3 18.0 0.0 18.0 0.0 1.0 0.0 1.0 0.0 0.0 0.0 0.9996755000000022 0.006070775000182493 0.3736337999999719 0.0449233750000681 0.7284468081395701 0.025600447809319915 0.27155319186042987 0.02560044780931947 1.3756921500000492 0.05913357499981231 1.3756921500000492 0.05913357499981231 1.3756921500000492 0.05913357499981231 0.0 0.0 1.3756921500000492 0.05913357499981231
ps1 "(6, 4)" 1 41.0 4.0 41.0 4.0 1.0 0.0 1.576923076923077 0.15384615384615397 0.4803825562579583 0.3774988422040672 4.281674500000086 0.3974471000002371 0.5334830499999832 0.2446204000000876 0.8957897066933191 0.04886668915921921 0.10336299084819883 0.048770997646387246 5.139503300000058 0.33360817499986695 2.120657849999532 0.08738407500007517 0.4448540642856791 0.0181984226190397 0.36124010500000314 0.01923731999998507 8.519405199999284 0.3682362249998121
ps1 "(6, 4)" 2 26.0 0.0 26.0 0.0 1.0 0.0 1.444444444444444 0.0 0.5426469527051588 0.049681306913069934 1.7660306499999194 0.0064355250000647235 0.21785529999988285 0.08204350000031368 0.8868157944406153 0.03537794169759367 0.1089920870670952 0.03536137818346867 1.9955954499995125 0.11933120000017339 1.8617401499999744 0.06316147500054847 0.5886745249999545 0.027265162499976237 0.3306777699999714 0.01629303000001775 3.3874516500002017 0.16624980000017864
ps1 "(6, 4)" 3 18.0 0.0 18.0 0.0 1.0 0.0 1.0 0.0 0.0 0.0 1.0070545499997081 0.005496875000005952 0.362617900000032 0.06363004999994365 0.7346124151824722 0.031237621390147963 0.26538758481752833 0.031237621390148157 1.3760723999999271 0.06186307500021404 1.3760723999999271 0.06186307500021404 1.3760723999999271 0.06186307500021404 0.0 0.0 1.3760723999999271 0.06186307500021404
ps1 "(6, 6)" 1 45.0 2.0 45.0 2.0 1.0 0.0 1.730769230769231 0.0769230769230771 0.6847618311735101 0.06950598909082495 4.711399800000208 0.18181297500002813 0.48607414999992216 0.22515410000007918 0.9064811180392978 0.039614115720562504 0.09337336209587618 0.03960723530358799 5.215213599999856 0.2967568250001458 2.1214597499999854 0.0821833250002868 0.38659569400000865 0.01327877299998581 0.3112876687500131 0.012085563541685274 8.636672549999947 0.26173817500033536
ps1 "(6, 6)" 2 26.0 0.0 26.0 0.0 1.0 0.0 1.444444444444444 0.0 0.5923282596182288 0.049681306913069934 1.7595896000000266 0.004983400000067917 0.2152325000000559 0.005765900000085339 0.8874448384215556 0.002133561233665482 0.10840566058902691 0.002236718017221112 1.983881800000347 0.038756175000253856 1.8659693000000674 0.07613065000020969 0.5880476666666656 0.031899391666688315 0.32924989000001975 0.008014454999941745 3.378275299999899 0.10281092499997513
ps1 "(6, 6)" 3 18.0 0.0 18.0 0.0 1.0 0.0 1.0 0.0 0.0 0.0 1.0032139999999856 0.009004750000272566 0.3707736499998511 0.06307389999987839 0.7313348161855459 0.032093603372894575 0.26866518381445426 0.03209360337289452 1.3717361499997764 0.06264049999977628 1.3717361499997764 0.06264049999977628 1.3717361499997764 0.06264049999977628 0.0 0.0 1.3717361499997764 0.06264049999977628
ps2 "(2, 2)" 1 55.0 4.0 55.0 4.0 1.0 0.0 1.617647058823529 0.1176470588235301 0.6459335513559756 0.3071416473944424 5.951969100000127 0.466421975000884 1.952397950000204 0.3362425999997847 0.7584785945150847 0.025775623439635353 0.23794905564415514 0.02601988557269186 8.006146999999828 0.616572200000391 7.324475449999937 0.4590322750005811 3.203402537499933 0.1842868875000474 1.7848048999998314 0.40033290833334445 12.6836243499998 0.7360780500001649
ps2 "(2, 2)" 2 34.0 0.0 34.0 0.0 1.0 0.0 1.888888888888889 0.0 1.16114586470114 0.03528720428338028 2.6511545999999555 0.018910374999698387 0.6328201500001285 0.1913979000003323 0.8041714130013662 0.044296370177347666 0.19164074591867825 0.04431448504672966 3.3160538000001054 0.20343702500017402 3.9016040999994743 0.1600960000003231 2.354220124999912 0.1300125874996958 0.7823634000001789 0.007800224999748195 4.663373450000051 0.24622462500015985
ps2 "(2, 2)" 3 18.0 0.0 18.0 0.0 1.0 0.0 1.0 0.0 0.0 0.0 0.9995597999999859 0.005514074999908303 0.3437810500000751 0.04698975000010819 0.7433679568001221 0.02555230514506135 0.256632043199878 0.02555230514506107 1.3435285999999809 0.050750124999964674 1.3435285999999809 0.050750124999964674 1.3435285999999809 0.050750124999964674 0.0 0.0 1.3435285999999809 0.050750124999964674
ps2 "(2, 4)" 1 55.0 4.0 55.0 4.0 1.0 0.0 1.617647058823529 0.1176470588235301 0.6407055989346437 0.18501358292313663 5.434799149999947 0.45688409999920054 1.079715999999955 0.3511681250000156 0.8352113726795785 0.04711445282323157 0.16122104379927382 0.04712199254904298 6.759400149999692 0.5817704749999884 5.730411250000003 0.2996962250007007 1.4747890687500416 0.0741573281248682 0.8717013214285549 0.08522858571432357 11.49355434999967 0.5322099249994494
ps2 "(2, 4)" 2 34.0 0.0 34.0 0.0 1.0 0.0 1.888888888888889 0.0 1.16114586470114 0.024871456068792375 2.6442674500000116 0.014014225000088754 0.7052485000000388 0.2998471999997818 0.7880275821979825 0.06707460573127466 0.2081066770607719 0.06754405778388578 3.370965050000123 0.29189409999989335 3.9559148500000347 0.25063507500065185 2.4043841250000373 0.1649650124996711 0.7812616999999022 0.08834527500009592 4.7807250000000785 0.32985634999935254
ps2 "(2, 4)" 3 18.0 0.0 18.0 0.0 1.0 0.0 1.0 0.0 0.0 0.0 1.0000079500000574 0.004068474999968208 0.355858550000022 0.06887404999994118 0.7375220284229438 0.03725610448678407 0.262477971577056 0.03725610448678471 1.356864749999978 0.06921512500010607 1.356864749999978 0.06921512500010607 1.356864749999978 0.06921512500010607 0.0 0.0 1.356864749999978 0.06921512500010607
ps2 "(2, 6)" 1 57.0 4.0 57.0 4.0 1.0 0.0 1.676470588235294 0.1176470588235301 0.6548844368712387 0.1348577523085318 5.556157649999932 0.41722702500045017 0.8467000500002655 0.3384166749998694 0.8671617402359717 0.04412464508594682 0.12966480080243592 0.04413023322342689 6.453150949999895 0.7119161500000235 4.71991579999996 0.22875515000004043 0.9725615250000411 0.0529261625000067 0.6281578999999986 0.06308332727271648 11.26800315000034 0.6564142499999228
ps2 "(2, 6)" 2 34.0 0.0 34.0 0.0 1.0 0.0 1.888888888888889 0.0 1.16114586470114 0.028399712789058063 2.647493950000154 0.013805824999792549 0.6707219000002276 0.3475803499999728 0.797294478348354 0.07849921262927462 0.19884894524525337 0.07892194253588261 3.3770825499996415 0.3526275749997154 3.895213350000063 0.19817534999985087 2.3921016500000327 0.16379236250006146 0.7791921999997911 0.09768324999998867 4.756298250000064 0.3278132000000369
ps2 "(2, 6)" 3 18.0 0.0 18.0 0.0 1.0 0.0 1.0 0.0 0.0 0.0 1.0000119999999626 0.0039764250000566825 0.3508103499999571 0.05071112499975433 0.742315992734385 0.027734150438793237 0.2576840072656148 0.027734150438793514 1.355028749999903 0.05859712499969283 1.355028749999903 0.05859712499969283 1.355028749999903 0.05859712499969283 0.0 0.0 1.355028749999903 0.05859712499969283
ps2 "(4, 2)" 1 55.0 2.0 55.0 2.0 1.0 0.0 1.617647058823529 0.05882352941176405 0.6547764665010818 0.045833895322075824 5.588593250000059 0.21175055000008847 1.2553539500000355 0.3739839500000728 0.8099010165317501 0.04838820739036265 0.18685904038815399 0.04865926321928471 6.788021900000487 0.4427445250003359 5.220789899999659 0.22025665000022343 1.443353574999983 0.051381456250002344 0.8844198785714252 0.05360151071417163 11.22132024999988 0.44240470000019805
ps2 "(4, 2)" 2 34.0 0.0 34.0 0.0 1.0 0.0 1.888888888888889 0.0 1.16114586470114 0.0423452634174859 2.4232553999999737 0.010474850000044444 0.4256545500001181 0.1696458249999253 0.8474149207491177 0.04731089669094268 0.14899999894248003 0.04750305412883543 2.8621652499999612 0.1755967499997202 2.9982154999999295 0.06948174999965318 1.0836560500001795 0.06121339374992574 0.4407039666667458 0.032089233333219114 4.250305350000616 0.2224162499997444
ps2 "(4, 2)" 3 18.0 0.0 18.0 0.0 1.0 0.0 1.0 0.0 0.0 0.0 0.9994150999999221 0.004624024999984266 0.36594280000002755 0.056975074999883135 0.7325283125139717 0.030076555526151183 0.2674716874860287 0.03007655552615124 1.3668454499999925 0.05933504999976669 1.3668454499999925 0.05933504999976669 1.3668454499999925 0.05933504999976669 0.0 0.0 1.3668454499999925 0.05933504999976669
ps2 "(4, 4)" 1 57.0 0.0 57.0 0.0 1.0 0.0 1.676470588235294 0.0 0.6490226478796648 0.03307820097789649 5.654931200000078 0.05869952500043496 0.888992750000213 0.39647897500015006 0.8637546914779071 0.055592894105051305 0.13367007495415423 0.055670653413741084 6.576678449999832 0.29579779999992617 3.837081400000159 0.15247140000052095 0.7234418781250014 0.017670190624991644 0.5149256599999983 0.023298411666671126 10.95878904999967 0.3120671750003936
ps2 "(4, 4)" 2 34.0 0.0 34.0 0.0 1.0 0.0 1.888888888888889 0.0 1.146859178793145 0.028399712789058063 2.43575219999979 0.013531375000496837 0.4329702000000566 0.22801047499985572 0.8468118256425599 0.06209602006661785 0.1494875094462959 0.06239557309481175 2.884762100000273 0.23448199999978447 3.0049819500001713 0.08998012500028896 1.093727587500032 0.0752249499999813 0.44360989999997 0.04396699166667162 4.289666750000141 0.3012527999998653
ps2 "(4, 4)" 3 18.0 0.0 18.0 0.0 1.0 0.0 1.0 0.0 0.0 0.0 1.0030973000001495 0.008042024999994624 0.35771580000003667 0.05971282500023989 0.737020647736844 0.02810711851979808 0.2629793522631564 0.028107118519798302 1.3604472499997655 0.06293527499960283 1.3604472499997655 0.06293527499960283 1.3604472499997655 0.06293527499960283 0.0 0.0 1.3604472499997655 0.06293527499960283
ps2 "(4, 6)" 1 57.0 2.0 57.0 2.0 1.0 0.0 1.676470588235294 0.05882352941176516 0.6459335513559756 0.08383669365770641 5.771899749999989 0.23407410000014917 0.7475989499999969 0.40779974999995283 0.887026205897463 0.053008880273608505 0.11145595734405392 0.05314029032289655 6.654605750000172 0.5998749249996607 3.724312550000093 0.17674144999995134 0.5426147136363785 0.02058100227272619 0.3886991380952419 0.02046280476187423 11.08422065000019 0.4764892249998205
ps2 "(4, 6)" 2 34.0 0.0 34.0 0.0 1.0 0.0 1.888888888888889 0.0 1.1540025217471426 0.0423452634174859 2.432081450000055 0.012604374999678924 0.43457364999974857 0.16389930000033098 0.8465559376979805 0.04571890891930497 0.14979992816922785 0.04616954896066064 2.8813843999999733 0.19865714999944828 3.0091571000000954 0.14664729999983628 1.0907590750000935 0.07006371249991905 0.4424312999999719 0.03400754166661285 4.274325550000178 0.2771417499999629
ps2 "(4, 6)" 3 18.0 0.0 18.0 0.0 1.0 0.0 1.0 0.0 0.0 0.0 1.004207749999864 0.006577449999575435 0.3547244500000275 0.06938742500001649 0.7382954063397933 0.03710073801930569 0.2617045936602067 0.037100738019304885 1.360363049999922 0.07246979999959535 1.360363049999922 0.07246979999959535 1.360363049999922 0.07246979999959535 0.0 0.0 1.360363049999922 0.07246979999959535
ps2 "(6, 2)" 1 68.0 9.0 68.0 9.0 1.0 0.0 1.4598646034816245 0.14192949907235608 0.4140410055329776 0.10120243442338467 6.6713057999999705 0.9444786249999595 1.309068200000155 0.5006224999997215 0.8260871168887649 0.055230987116327235 0.17029601625494295 0.05510802238704399 8.010601049998911 1.2143174499996299 3.1810615000000553 0.14851135000008453 1.143708662499937 0.1026735937500809 0.9557341499999449 0.11874030681823211 13.2090522999992 1.2307778500012017
ps2 "(6, 2)" 2 47.0 3.0 47.0 3.0 1.0 0.0 2.611111111111111 0.16666666666666607 1.161178002768247 0.07576089945475206 3.2426692500001764 0.20625807499991433 0.4994891999999922 0.2516613249998371 0.8685735460394213 0.06231690655644029 0.12890660182836816 0.06250519256168202 3.7452455999997487 0.24314470000004418 2.2433392000002073 0.07615484999980238 0.8763428833333222 0.0464023458334305 0.5986623900000041 0.05149382499992039 5.116314799999913 0.25113815000056405
ps2 "(6, 2)" 3 18.0 0.0 18.0 0.0 1.0 0.0 1.0 0.0 0.0 0.0 1.0001900999999975 0.0058385749997036385 0.35099840000006566 0.049063574999980375 0.7406930418835902 0.020679514113577047 0.2593069581164096 0.020679514113576908 1.3506108499998675 0.06277754999990792 1.3506108499998675 0.06277754999990792 1.3506108499998675 0.06277754999990792 0.0 0.0 1.3506108499998675 0.06277754999990792
ps2 "(6, 4)" 1 70.0 6.0 70.0 6.0 1.0 0.0 1.590909090909091 0.13265306122449005 0.6198497357414583 0.07919233512270463 6.939874250000315 0.6580747249996648 1.0922812500000205 0.6219304749993029 0.8721668125431512 0.060021099787278875 0.12568382557600838 0.06001385118463243 8.41125205000003 1.1109270499998019 2.621636699999911 0.09843574999965554 0.6633326385281745 0.05463796688312206 0.5646488142857065 0.0584231907143572 13.46287285000028 1.2320834500000917
ps2 "(6, 4)" 2 46.0 3.0 46.0 3.0 1.0 0.0 2.555555555555555 0.16666666666666607 1.167864601023572 0.0571766435835781 3.218979899999738 0.21592552500008155 0.46387424999971927 0.07809522499984928 0.8711706629926187 0.010295738315149405 0.126183705098722 0.010407284096834044 3.7199731000000043 0.4141641000004701 2.2679837000000025 0.09707459999981038 0.8786136333332852 0.0581180083335604 0.5945305500000586 0.07510362500004109 5.11054609999978 0.35173732500035726
ps2 "(6, 4)" 3 18.0 0.0 18.0 0.0 1.0 0.0 1.0 0.0 0.0 0.0 1.0045722500000238 0.005620524999563781 0.3613948000000988 0.059372074999707536 0.7358740778266029 0.02913397278466967 0.26412592217339714 0.02913397278466906 1.3650525000003886 0.059031350000033234 1.3650525000003886 0.059031350000033234 1.3650525000003886 0.059031350000033234 0.0 0.0 1.3650525000003886 0.059031350000033234
ps2 "(6, 6)" 1 74.0 6.0 74.0 6.0 1.0 0.0 1.590909090909091 0.10185889173598994 0.6964791713055112 0.17888816915086847 7.416206550000993 0.6209553500000027 0.9017251000000215 0.4954538749985884 0.8915215040405535 0.05609887248852197 0.10660283418273536 0.05623797378044307 8.373681649999753 0.9446773500001413 2.5427976499999545 0.08730704999997085 0.52084221296295 0.028311922837267578 0.4437328296296432 0.02938789063390318 13.641957350000325 1.275708525000793
ps2 "(6, 6)" 2 46.0 3.0 46.0 3.0 1.0 0.0 2.555555555555555 0.16666666666666607 1.1587960429106925 0.058834183378196014 3.219334749999632 0.22024514999989542 0.4817480000007208 0.13337835000010223 0.8705960070057073 0.03066218824810729 0.1267082643456617 0.030686217861134624 3.7387360500006395 0.4541052500010072 2.2829633500002444 0.08134194999980426 0.8774241916667241 0.07336132916681015 0.5944838200001413 0.08832555500014505 5.106081600000067 0.4410802500005877
ps2 "(6, 6)" 3 18.0 0.0 18.0 0.0 1.0 0.0 1.0 0.0 0.0 0.0 1.007709500000061 0.006517674999940937 0.3658450000000464 0.04897957499942157 0.7334229327640873 0.026034944178776054 0.26657706723591257 0.02603494417877622 1.3763880499998606 0.05665032500008538 1.3763880499998606 0.05665032500008538 1.3763880499998606 0.05665032500008538 0.0 0.0 1.3763880499998606 0.05665032500008538
ps3 "(2, 2)" 1 73.0 2.0 73.0 2.0 1.0 0.0 1.659090909090909 0.03138528138528107 0.5903796503862453 0.052212972603705166 7.981498050000013 0.29116132500021763 2.5943092500001086 0.7071398999997669 0.7493325723136712 0.04557176575612254 0.2473895260337855 0.046023438882639905 10.597482950000224 0.9286713749993609 8.466228150000802 1.6904083750007572 4.319095887499991 0.3395426562500763 2.9121834500001 0.29644282499997887 17.10774570000021 1.3455700750007829
ps3 "(2, 2)" 2 44.0 0.0 44.0 0.0 1.0 0.0 2.2 0.0 0.9511788432374488 0.032649679798985365 3.562211849999926 0.052860425000140765 1.0895819000001834 0.4032983750000412 0.7635164412220555 0.06606408774479366 0.23304540711403612 0.06634710824707307 4.66489114999996 0.4157212750000694 4.665134750000121 1.12820465000015 3.299952900000278 0.23858343750002176 1.762167000000034 0.6636432249997499 6.571646700000571 0.4766640000000022
ps3 "(2, 2)" 3 20.0 0.0 20.0 0.0 1.0 0.0 1.0 0.0 0.0 0.0 1.1465367499999954 0.00753040000010019 0.7710350000001256 0.08919722500018423 0.5970091855492203 0.027550187238237878 0.40299081445077956 0.027550187238237656 1.917104150000085 0.09330459999994645 1.917104150000085 0.09330459999994645 1.917104150000085 0.09330459999994645 0.0 0.0 1.917104150000085 0.09330459999994645
ps3 "(2, 4)" 1 73.0 2.0 73.0 2.0 1.0 0.0 1.69047619047619 0.07954545454545481 0.597458006071081 0.06560794171620699 7.3222858999994855 0.2512380250000632 1.5335051499998684 0.5373861500005999 0.826653534668873 0.050725126263142184 0.1699001540534462 0.050990088999052136 8.827151149999224 0.474508175000679 6.5835620500001255 1.1285271250001436 1.9816230062501532 0.0907574999999563 1.3067452214286281 0.15392125357153041 15.582799300001145 0.7247710499998856
ps3 "(2, 4)" 2 44.0 2.0 44.0 2.0 1.0 0.0 2.2 0.10000000000000009 0.9625433902762094 0.04837685549421322 3.5365404499996775 0.044387699999432595 1.202751250000148 0.5223740499997334 0.7442750527271622 0.07953853333859462 0.25228361829589707 0.0800376528192785 4.784382500000163 0.5326984749998473 4.7415983500001175 1.0129070000000056 3.360796025000056 0.28630308749961886 1.8886424999999465 0.66312729999974 6.69326120000008 0.5725491499992899
ps3 "(2, 4)" 3 20.0 0.0 20.0 0.0 1.0 0.0 1.0 0.0 0.0 0.0 1.137897349999832 0.005045425000084203 0.7514637500001413 0.10037902499990103 0.602190328178712 0.03235682059444722 0.3978096718212881 0.032356820594447055 1.8923193000000396 0.09946314999998274 1.8923193000000396 0.09946314999998274 1.8923193000000396 0.09946314999998274 0.0 0.0 1.8923193000000396 0.09946314999998274
ps3 "(2, 6)" 1 75.0 3.5 75.0 3.5 1.0 0.0 1.738095238095238 0.04545454545454497 0.640875379843316 0.06784236658091403 7.261907350000513 0.24969927500067168 1.2546494999999709 0.5520889250000774 0.8502190408995824 0.05735474124239115 0.14649256667167634 0.057357805033600426 8.658839049999642 0.665013524999928 5.529001800000337 0.6304855749997884 1.309147487499968 0.06035923541671062 0.9136821772727175 0.0616123295454607 15.26949069999958 0.7258327250003997
ps3 "(2, 6)" 2 44.0 0.0 44.0 0.0 1.0 0.0 2.2 0.0 0.9511788432374488 0.043197436162257685 3.539971000000293 0.04098580000015728 1.0172183500000644 0.4188053500000708 0.7731222539573653 0.06807781024152193 0.22309671071540965 0.06814313867192229 4.583483849999752 0.4160365749996231 4.704529300000544 0.6194654500001384 3.2828716000000924 0.1863485624997785 1.830477250000257 0.2557795499994602 6.537044400000013 0.37204477499945554
ps3 "(2, 6)" 3 20.0 0.0 20.0 0.0 1.0 0.0 1.0 0.0 0.0 0.0 1.1351260999999795 0.0044014750001863945 0.758183149999951 0.12801507499994003 0.5996890862539432 0.04116159489201476 0.40031091374605643 0.04116159489201471 1.8933752499999912 0.12169334999981252 1.8933752499999912 0.12169334999981252 1.8933752499999912 0.12169334999981252 0.0 0.0 1.8933752499999912 0.12169334999981252
ps3 "(4, 2)" 1 73.0 4.0 73.0 4.0 1.0 0.0 1.69047619047619 0.04545454545454608 0.6272766287629788 0.05883192811927429 7.516799250000133 0.43152542499982616 1.768585800000068 0.4985680499998786 0.8105906094998397 0.04262239217594899 0.18608411022688393 0.04266491659721641 9.269762649999706 0.7019236000001641 6.201208450000308 0.6911046999996913 1.9364665499998994 0.07757584062512546 1.2921221928571276 0.12921491428567933 15.161758549999265 0.6208468000003293
ps3 "(4, 2)" 2 44.0 2.0 44.0 2.0 1.0 0.0 2.2 0.10000000000000009 0.9511788432374488 0.04786773561391444 3.199749050000349 0.13769937499947105 0.6059043999998437 0.3267036500003684 0.838781573150517 0.07232759466870464 0.15788700249482712 0.07243647263242053 3.844340450000132 0.324668425000155 3.772322349999513 0.24369050000030468 1.4772479250000536 0.09174339999997216 0.721029216666698 0.08471888333326183 5.8235558000002925 0.36729455000022426
ps3 "(4, 2)" 3 20.0 0.0 20.0 0.0 1.0 0.0 1.0 0.0 0.0 0.0 1.1392733999996807 0.007350424999907679 0.8105443000001458 0.11912600000005114 0.5830617164368768 0.035862353404145564 0.41693828356312335 0.035862353404145175 1.9434427999999284 0.11727784999998625 1.9434427999999284 0.11727784999998625 1.9434427999999284 0.11727784999998625 0.0 0.0 1.9434427999999284 0.11727784999998625
ps3 "(4, 4)" 1 74.0 3.5 74.0 3.5 1.0 0.0 1.704545454545455 0.047619047619047894 0.6252853626056976 0.07177777756309744 7.292353450000007 0.43011774999995467 1.1806901499999825 0.5462587750009644 0.8580522348851991 0.05271366523818233 0.1392550559570991 0.052903704398400614 8.533030200000681 0.6883905000000574 4.732240699999977 0.41016370000026825 0.9385802125000229 0.0488589078125059 0.6924627866666621 0.04845108833333711 14.36543455000026 0.8068941750002878
ps3 "(4, 4)" 2 44.0 2.0 44.0 2.0 1.0 0.0 2.2 0.10000000000000009 0.9511788432374488 0.05922773985011831 3.194802249999967 0.14646660000008094 0.6002451500000348 0.22023897499990852 0.8399698598593951 0.045578622842682215 0.1568474439261192 0.04583835026578387 3.822737049999944 0.1986722000003347 3.7695676000013805 0.2146193749999865 1.4546351125000223 0.07889210625000609 0.6884044666666682 0.06461314166642751 5.730294300002129 0.3164503000004899
ps3 "(4, 4)" 3 20.0 0.0 20.0 0.0 1.0 0.0 1.0 0.0 0.0 0.0 1.136158200000068 0.006241450000096904 0.7916572500000427 0.12293217499973963 0.5904321698191675 0.03887392340907969 0.40956783018083276 0.038873923409079525 1.932908800000021 0.12264032499918898 1.932908800000021 0.12264032499918898 1.932908800000021 0.12264032499918898 0.0 0.0 1.932908800000021 0.12264032499918898
ps3 "(4, 6)" 1 77.0 4.0 77.0 4.0 1.0 0.0 1.75 0.09090909090908994 0.6532841225713867 0.07979312696479346 7.601225099999851 0.36986492499958956 0.9552296000000808 0.2694479000007104 0.8898152457769211 0.027819776218920067 0.10818207399276675 0.027591606598498505 8.657843799999739 0.5978629999989806 4.4821913499997095 0.2196127500008318 0.6535671543478447 0.02815138197460132 0.4777483695652144 0.02846037954548214 14.592823699999405 0.7045724749995657
ps3 "(4, 6)" 2 44.0 2.0 44.0 2.0 1.0 0.0 2.2 0.10000000000000009 0.9511788432374488 0.032649679798985365 3.1953566499997237 0.08026639999977947 0.5880769000000328 0.2719852000004934 0.8411999448203051 0.05314204268981548 0.15530385417026543 0.05354980409906335 3.8051054999996836 0.3085530500011511 3.785544800000025 0.20608905000051436 1.4600705500000402 0.0968143375002426 0.6780863000000181 0.0594461583333773 5.738107750000111 0.38686687500112527
ps3 "(4, 6)" 3 20.0 0.0 20.0 0.0 1.0 0.0 1.0 0.0 0.0 0.0 1.1411321499997484 0.00843957500052639 0.790120049999949 0.1105284999997096 0.5902948332743629 0.033737315580059546 0.40970516672563695 0.03373731558005977 1.9299335499999306 0.09720822500003101 1.9299335499999306 0.09720822500003101 1.9299335499999306 0.09720822500003101 0.0 0.0 1.9299335499999306 0.09720822500003101
ps3 "(6, 2)" 1 78.0 12.5 78.0 12.5 1.0 0.0 1.618298368298368 0.12062937062936996 0.5223219689107417 0.08586178886153906 7.663563300000014 1.2322213999997942 1.546599650000047 0.5270099749999102 0.8414897641015568 0.051532938506859804 0.15497694080443103 0.05142211923604148 9.185243150000247 1.4279585500006604 3.927798700000068 1.3698998749998879 1.3267236500000101 0.18445819375007932 1.085331340909125 0.32703612500032275 15.39932100000027 2.279672749999458
ps3 "(6, 2)" 2 52.0 10.0 52.0 10.0 1.0 0.0 2.6 0.5 0.9764282147163739 0.08480775797209328 3.6234952499995075 0.7568759249999997 0.5359875500004705 0.30369912499949336 0.8666913786588678 0.039246197355918055 0.13055903961328824 0.039633703956694744 4.3067520000003015 0.9927850250003374 2.9232437000006826 0.3988535749993001 1.056782424999909 0.15664347916655186 0.6867532399998084 0.26593438000020053 6.198758749999456 0.9405760499996063
ps3 "(6, 2)" 3 20.0 0.0 20.0 0.0 1.0 0.0 1.0 0.0 0.0 0.0 1.1377914499996682 0.009714725000062652 0.7800703499999742 0.11272365000002083 0.5922749111130357 0.03681755193491987 0.40772508888696435 0.03681755193491992 1.9174199999997725 0.10982355000047672 1.9174199999997725 0.10982355000047672 1.9174199999997725 0.10982355000047672 0.0 0.0 1.9174199999997725 0.10982355000047672
ps3 "(6, 4)" 1 88.0 13.75 88.0 13.75 1.0 0.0 1.714285714285714 0.0946067821067822 0.6539346304859275 0.07526867766654954 8.591458949999733 1.16022055000046 1.337091000000413 0.5646385499990174 0.8632705729358925 0.05060129903289878 0.13448358864145482 0.05068599477065647 10.073024899999766 1.2502207249999664 3.289959050000618 0.7190959499992573 0.7195543164854709 0.12131594180263205 0.618458615217399 0.14660264194659933 16.194695099999745 2.1095816999998505
ps3 "(6, 4)" 2 52.0 11.5 52.0 11.5 1.0 0.0 2.6 0.5749999999999997 1.0011028565559879 0.1202875704972377 3.663970999999975 0.7973933250004128 0.6013901499998155 0.269221649999988 0.8645378467472873 0.044078454356694 0.13297109339745733 0.04424640330676122 4.317452349999542 0.8134193750007204 2.9265276000005542 0.37990984999908894 1.0565833416665955 0.14628142083333728 0.6976320299999983 0.2523641800001787 6.196813849999501 0.8835440000000858
ps3 "(6, 4)" 3 20.0 0.0 20.0 0.0 1.0 0.0 1.0 0.0 0.0 0.0 1.1397152999998355 0.006967500000094162 0.7705315999999982 0.1427535500002861 0.5973347177398666 0.04433417335462442 0.40266528226013343 0.04433417335462431 1.915168999999793 0.14506075000052476 1.915168999999793 0.14506075000052476 1.915168999999793 0.14506075000052476 0.0 0.0 1.915168999999793 0.14506075000052476
ps3 "(6, 6)" 1 83.0 14.75 83.0 14.75 1.0 0.0 1.7638888888888888 0.15870370370370335 0.7019764055046522 0.1165562279609228 8.436109749999616 1.1780319750004509 1.061721899999938 0.5825220000000539 0.8949493002618742 0.04205614015846337 0.10315422554551687 0.04193157847232505 9.603752350000018 1.3894591999992958 3.4380041000000006 0.5217732500002228 0.5341408145161155 0.04748712420427781 0.4382001103029848 0.060824176348040104 15.534679050000445 2.2026708250008653
ps3 "(6, 6)" 2 51.0 10.0 51.0 10.0 1.0 0.0 2.55 0.5 1.0001403861627522 0.10962252568118414 3.5418253000000277 0.7379145250006189 0.5615043000001378 0.2691948499994226 0.8672526304732755 0.050231631524543796 0.1299323433682015 0.05095130817089527 4.196665899999999 0.9433493000007607 3.0813957499998996 0.42849040000011396 1.03964515833336 0.1621766833335725 0.6629911799999604 0.27020746500030557 6.09606365000019 0.9733401000013799
ps3 "(6, 6)" 3 20.0 0.0 20.0 0.0 1.0 0.0 1.0 0.0 0.0 0.0 1.139770449999858 0.006636949999773156 0.7591472499999554 0.10959802499989024 0.6001612476894853 0.036493364291495856 0.3998387523105145 0.03649336429149613 1.9073949500001675 0.11089017499980658 1.9073949500001675 0.11089017499980658 1.9073949500001675 0.11089017499980658 0.0 0.0 1.9073949500001675 0.11089017499980658
