problem   ps1 ps1 ps1 ps1 ps1 ps1 ps1 ps1 ps2 ps2 ps2 ps2 ps2 ps2 ps2 ps2 ps3 ps3 ps3 ps3 ps3 ps3 ps3 ps3
   "Wait time" "Yield time" "Percent wait time" "Percent yield time" Size Length "Expansion factor" "Sub-Plan expansion deviation" "Wait time" "Yield time" "Percent wait time" "Percent yield time" Size Length "Expansion factor" "Sub-Plan expansion deviation" "Wait time" "Yield time" "Percent wait time" "Percent yield time" Size Length "Expansion factor" "Sub-Plan expansion deviation"
online_bounds AL PN                        
"(2, 2)" 1.0 1.0 4.677031499999938 4.677031499999938   8.0 13.0 1.625 0.7440238091428449 7.324475449999937 7.324475449999937   12.0 22.0 1.833333333333333 1.414213562373095 8.466228150000802 8.466228150000802   13.0 25.0 1.866666666666667 1.382120258970402
"(2, 2)" 1.0 2.0 2.6771871500000373 7.412446799999842   9.0 14.0 1.555555555555556 0.7264831572567789 3.953178349999973 11.345954400000494   13.0 19.0 1.5 0.8770580193070292 5.044305150000184 13.27574914999995   13.0 20.0 1.538461538461539 0.75
"(2, 2)" 1.0 3.0 0.5849577999998701 8.037575700000218   4.0 5.0 1.25 0.5 0.5780910499998981 11.936544200000466   4.0 5.0 1.25 0.5 1.651714949999928 15.287979250000436   9.0 13.0 1.6 0.7167949692216633
"(2, 2)" 1.0 4.0 0.834562350000084 8.891625850000324   5.0 7.0 1.4 0.5477225575051661 0.8266016000002878 12.813610149999729   5.0 7.0 1.4 0.5477225575051661 1.8735493500000757 17.27638354999996   9.0 14.5 1.5 0.7264831572567789
"(2, 2)" 2.0 1.0 3.001218649999835 3.001218649999835   9.0 17.0 1.888888888888889 1.012958934598505 3.9016040999994743 3.9016040999994743   9.0 25.0 2.777777777777778 2.905932629027116 4.665134750000121 4.665134750000121   10.0 26.0 2.6 2.756809750418044
"(2, 2)" 2.0 2.0 0.7894451000001723 3.8180312999999084   9.0 9.0 1.0 0.0 0.7823634000001789 4.708440249999825   9.0 9.0 1.0 0.0 1.762167000000034 6.599905800000556   10.0 18.0 1.8 0.9189365834726815
"(2, 2)" 3.0 1.0 1.363766499999947 1.363766499999947   1.0 18.0 1.0 0.0 1.3435285999999809 1.3435285999999809   1.0 18.0 1.0 0.0 1.917104150000085 1.917104150000085   1.0 20.0 1.0 0.0
"(2, 4)" 1.0 1.0 3.832245749999913 3.832245749999913   4.0 6.0 1.5 0.5773502691896257 5.730411250000003 5.730411250000003   6.0 14.0 2.333333333333333 1.861898672502525 6.5835620500001255 6.5835620500001255   6.0 14.0 2.333333333333333 1.861898672502525
"(2, 4)" 1.0 2.0 2.039951300000098 5.732494199999911   4.0 11.0 2.75 2.362907813126304 1.790042000000007 7.567427600000016   6.0 8.0 1.333333333333333 0.816496580927726 2.936916599999904 9.609442849999951   6.0 10.0 1.571428571428571 0.7867957924694432
"(2, 4)" 1.0 3.0 0.90651475000017 6.610211899999811   4.0 8.0 2.0 0.816496580927726 1.467667550000101 9.138098650000018   6.0 10.0 1.666666666666667 1.032795558988644 1.444151500000146 11.302101000000535   7.0 12.0 1.666666666666667 0.7713623692439489
"(2, 4)" 1.0 4.0 0.7020022000000523 7.496157899999986   5.0 6.0 1.2 0.4472135954999579 1.0714692999998618 10.260623049998799   7.0 9.0 1.285714285714286 0.4879500364742666 1.3471285000000535 12.737312850000025   7.0 11.0 1.571428571428571 0.7499763775806496
"(2, 4)" 1.0 5.0 0.34983705000001913 7.911941599999906   2.0 3.0 1.5 0.7071067811865476 0.3479704000000368 10.63736439999883   2.0 3.0 1.5 0.7071067811865476 0.5776909500002034 13.28034100000002   4.0 5.0 1.5 0.7071067811865476
"(2, 4)" 1.0 6.0 0.2589190499999745 8.22235775000015   2.0 2.0 1.0 0.0 0.26002189999990577 10.946711199999815   2.0 2.0 1.0 0.0 0.9237554999997997 14.12314095000022   4.0 8.0 1.6 0.816496580927726
"(2, 4)" 1.0 7.0 0.349355399999979 8.57172955000015   2.0 3.0 1.5 0.7071067811865476 0.34994889999990164 11.337945400000365   2.0 3.0 1.5 0.7071067811865476 1.0368513500001484 15.147424650000652   5.0 8.0 1.7000000000000002 0.7071067811865476
"(2, 4)" 1.0 8.0 0.4567660499998283 9.106615500000089   3.0 4.0 1.333333333333333 0.5773502691896257 0.4579996500000192 11.798312550000329   3.0 4.0 1.333333333333333 0.5773502691896257 0.6923307500001101 15.852984050001226   5.0 6.0 1.333333333333333 0.5477225575051661
"(2, 4)" 2.0 1.0 2.967779100000161 2.967779100000161   9.0 17.0 1.888888888888889 1.05409255338946 3.9559148500000347 3.9559148500000347   9.0 25.0 2.777777777777778 2.905932629027116 4.7415983500001175 4.7415983500001175   10.0 26.0 2.6 2.756809750418044
"(2, 4)" 2.0 2.0 0.7826456999996481 3.80176060000008   9.0 9.0 1.0 0.0 0.7812616999999022 4.808768250000075   9.0 9.0 1.0 0.0 1.8886424999999465 6.721592050000112   10.0 18.0 1.8 0.8972658096217974
"(2, 4)" 3.0 1.0 1.3591055999999855 1.3591055999999855   1.0 18.0 1.0 0.0 1.356864749999978 1.356864749999978   1.0 18.0 1.0 0.0 1.8923193000000396 1.8923193000000396   1.0 20.0 1.0 0.0
"(2, 6)" 1.0 1.0 3.453512150000005 3.453512150000005   2.0 4.0 2.0 0.0 4.71991579999996 4.71991579999996   4.0 7.0 1.75 0.5 5.529001800000337 5.529001800000337   4.0 7.0 1.75 0.5
"(2, 6)" 1.0 2.0 1.3510809499998575 4.841547249999941   3.0 5.0 1.666666666666667 0.5773502691896257 1.792692099999989 6.659195749999185   4.0 9.0 2.25 2.5 2.89895314999967 8.469378850000254   4.0 9.0 2.25 2.5
"(2, 6)" 1.0 3.0 0.45304185000006214 5.357459349999829   3.0 4.0 1.333333333333333 0.5773502691896257 0.6684602000000552 7.3956077000001414   4.0 6.0 1.5 0.816496580927726 0.899650299999621 9.402495100000031   4.0 8.0 1.8 0.816496580927726
"(2, 6)" 1.0 4.0 0.6730511500001342 6.03907855000007   3.0 6.0 2.0 1.0 0.5850296999999571 8.28700540000014   4.0 5.0 1.25 0.5 0.7957223500000197 10.28532209999986   4.0 7.0 1.75 0.8366600265340756
"(2, 6)" 1.0 5.0 0.6822942499999556 6.827468499999959   3.0 6.0 2.0 1.527525231651947 0.9106465000000696 9.1598055999998   4.0 8.0 2.0 0.816496580927726 0.9282879500001826 11.266845850000319   5.0 8.0 1.8 0.8366600265340756
"(2, 6)" 1.0 6.0 0.4603683500000102 7.281420399999931   3.0 4.0 1.333333333333333 0.5773502691896257 0.6894827499999963 10.076268500000085   5.0 6.0 1.2 0.4472135954999579 0.6997424500001443 11.937354750001244   5.0 6.0 1.25 0.5
"(2, 6)" 1.0 7.0 0.16896420000000484 7.494023099999964   1.0 1.0 1.0 0.0 0.167103600000047 10.280809500000466   1.0 1.0 1.0 0.0 0.35389015000004065 12.33961480000087   3.0 3.0 1.0 0.0
"(2, 6)" 1.0 8.0 0.16967900000001634 7.722188100000096   1.0 1.0 1.0 0.0 0.25028774999996983 10.506863450000012   1.0 1.5 1.5 0.0 0.4808035000000004 12.876799299999956   3.0 4.0 2.0 1.0
"(2, 6)" 1.0 9.0 0.1682517499999818 7.9019049499998175   1.0 1.0 1.0 0.0 0.1673389000000043 10.67225590000001   1.0 1.0 1.0 0.0 0.683138299999996 13.750858449999795   3.0 6.0 2.0 1.0
"(2, 6)" 1.0 10.0 0.34952064999998816 8.250767699999841   2.0 3.0 1.5 0.7071067811865476 0.34852334999999357 11.025211999999904   2.0 3.0 1.5 0.7071067811865476 0.5716050499999739 14.376977399999886   3.0 5.0 1.666666666666667 1.0
"(2, 6)" 1.0 11.0 0.2567591999999479 8.518409349999999   2.0 2.0 1.0 0.0 0.256007450000034 11.321388600000546   2.0 2.0 1.0 0.0 0.7867787499999537 15.138527799999855   3.0 7.0 1.75 0.9574271077563381
"(2, 6)" 1.0 12.0 0.34984609999992244 8.881583700000306   2.0 3.0 1.5 0.7071067811865476 0.35068360000002485 11.670738300000496   2.0 3.0 1.5 0.7071067811865476 0.45825905000001654 15.709769849999615   3.0 4.0 1.25 0.5
"(2, 6)" 2.0 1.0 2.9817009000000567 2.9817009000000567   9.0 17.0 1.888888888888889 0.927960727138337 3.895213350000063 3.895213350000063   9.0 25.0 2.777777777777778 2.905932629027116 4.704529300000544 4.704529300000544   10.0 26.0 2.6 2.756809750418045
"(2, 6)" 2.0 2.0 0.7827942499999949 3.7919902499997984   9.0 9.0 1.0 0.0 0.7791921999997911 4.784203300000065   9.0 9.0 1.0 0.0 1.830477250000257 6.565743200000185   10.0 18.0 1.8 0.9189365834726815
"(2, 6)" 3.0 1.0 1.368075250000345 1.368075250000345   1.0 18.0 1.0 0.0 1.355028749999903 1.355028749999903   1.0 18.0 1.0 0.0 1.8933752499999912 1.8933752499999912   1.0 20.0 1.0 0.0
"(4, 2)" 1.0 1.0 3.241739300000091 3.241739300000091   5.0 9.0 1.8 0.4472135954999579 5.220789899999659 5.220789899999659   9.0 17.0 1.888888888888889 1.615893285805443 6.201208450000308 6.201208450000308   10.0 18.0 1.888888888888889 1.563471919941143
"(4, 2)" 1.0 2.0 1.5076244500001796 4.792161399999998   5.0 9.0 1.8 0.8366600265340756 2.736174850000225 8.057193599999838   9.0 17.0 1.888888888888889 1.0860632710696776 3.0155491500000693 9.437156699999974   10.0 17.0 1.7 0.8025042811595682
"(4, 2)" 1.0 3.0 0.8812389499998403 5.741463250000155   3.0 4.0 1.333333333333333 0.5773502691896257 0.8786830500001201 8.966747250000182   3.0 4.0 1.333333333333333 0.5773502691896257 1.4465636499997458 10.89730780000037   3.0 4.0 1.333333333333333 0.5773502691896257
"(4, 2)" 1.0 4.0 0.8813006499999005 6.670497949999941   3.0 4.0 1.333333333333333 0.5773502691896257 0.8736524999997641 9.86362010000072   3.0 4.0 1.333333333333333 0.5773502691896257 1.3124060000000384 12.095867649999121   3.0 4.0 1.333333333333333 0.5773502691896257
"(4, 2)" 1.0 5.0 0.3519412500000527 7.049036449999676   2.0 3.0 1.0 0.0 0.3494577499999423 10.23066815000021   2.0 3.0 1.1666666666666665 0.0 0.8972396500002944 13.08225335000003   5.0 7.0 1.5 0.8366600265340756
"(4, 2)" 1.0 6.0 0.46447430000002043 7.509150249999777   3.0 4.0 1.333333333333333 0.5773502691896257 0.45850514999993663 10.6884128500004   3.0 4.0 1.333333333333333 0.5773502691896257 1.0696200500000546 14.486570549999755   5.0 9.0 1.8 0.9574271077563381
"(4, 2)" 1.0 7.0 0.35349354999998184 7.865384749999407   2.0 3.0 1.5 0.7071067811865476 0.34823485000003984 11.088039649999955   2.0 3.0 1.5 0.7071067811865476 0.4588772499997731 14.875118700000485   3.0 4.0 1.333333333333333 0.5773502691896257
"(4, 2)" 1.0 8.0 0.4631222500000547 8.36028364999963   3.0 4.0 1.333333333333333 0.5773502691896257 0.4572450500000045 11.54682859999986   3.0 4.0 1.333333333333333 0.5773502691896257 0.5740396000000487 15.491732399999194   3.0 4.0 1.333333333333333 0.5477225575051661
"(4, 2)" 2.0 1.0 2.1917317999997574 2.1917317999997574   4.0 10.0 2.5 1.0 2.9982154999999295 2.9982154999999295   4.0 18.0 4.5 3.872983346207417 3.772322349999513 3.772322349999513   5.0 20.0 4.0 3.535533905932738
"(4, 2)" 2.0 2.0 0.4840333000000214 2.645402899999926   4.0 6.0 1.5 0.5773502691896257 0.48409915000002 3.4711487999998383   4.0 6.0 1.5 0.5773502691896257 0.6258749499998828 4.433400049999619   5.0 6.0 1.2 0.4472135954999579
"(4, 2)" 2.0 3.0 0.41831984999998895 3.10252039999996   5.0 5.0 1.0 0.0 0.41667650000013623 3.9044040999996525   5.0 5.0 1.0 0.0 0.8357928500000682 5.3386764499994115   5.0 10.0 2.0 1.0
"(4, 2)" 2.0 4.0 0.4242741499999738 3.5371474499998214   5.0 5.0 1.0 0.0 0.4195410000000379 4.334624200000718   5.0 5.0 1.0 0.0 0.5624303499999428 5.908991700000215   5.0 6.0 1.2 0.4472135954999579
"(4, 2)" 3.0 1.0 1.3487032999999546 1.3487032999999546   1.0 18.0 1.0 0.0 1.3668454499999925 1.3668454499999925   1.0 18.0 1.0 0.0 1.9434427999999284 1.9434427999999284   1.0 20.0 1.0 0.0
"(4, 4)" 1.0 1.0 2.6811147499998924 2.6811147499998924   2.0 4.0 2.0 0.0 3.837081400000159 3.837081400000159   4.0 7.0 1.75 0.5 4.732240699999977 4.732240699999977   5.0 8.0 1.6 0.5477225575051661
"(4, 4)" 1.0 2.0 0.9427761999999547 3.5979271999998446   2.0 4.0 2.0 0.0 1.503049549999918 5.451748000000066   4.0 9.0 2.25 2.5 1.931721750000172 6.666952500000061   5.0 10.0 2.25 2.23606797749979
"(4, 4)" 1.0 3.0 0.9307953499999826 4.615237400000282   3.0 4.0 1.333333333333333 0.5773502691896257 1.4488055000001339 6.969148749999874   5.0 9.0 1.8 0.8366600265340756 1.7982847000000248 8.457735400000757   5.0 8.0 1.6 0.8366600265340756
"(4, 4)" 1.0 4.0 1.08764254999997 5.810330950000015   3.0 6.0 2.0 1.0 1.4543919499996605 8.462718500000335   5.0 9.0 1.8 0.8366600265340756 1.6476774500000606 10.192319799999936   5.0 9.0 1.8 0.8366600265340756
"(4, 4)" 1.0 5.0 0.1666252999999962 5.976975049999915   1.0 1.0 1.0 0.0 0.1669054500000584 8.629717950000384   1.0 1.0 1.0 0.0 0.17029224999991044 10.441976249999914   1.0 1.0 1.0 0.0
"(4, 4)" 1.0 6.0 0.44393574999995167 6.337926799999963   1.0 4.0 4.0 0.0 0.44687879999980856 9.062810650000102   1.0 4.0 4.0 0.0 0.2541613999999939 10.733053399999644   1.0 2.0 1.5 0.0
"(4, 4)" 1.0 7.0 0.260029149999923 6.750790400000454   2.0 2.0 1.0 0.0 0.25577255000007426 9.318117699999931   2.0 2.0 1.0 0.0 0.34884555000013506 11.066671000000785   2.0 2.5 1.333333333333333 0.28867513459481287
"(4, 4)" 1.0 8.0 0.3510622499999556 7.174813150000205   2.0 3.0 1.5 0.7071067811865476 0.3520617500000469 9.686243749999846   2.0 3.0 1.5 0.7071067811865476 0.35122845000009306 11.603084250000165   2.0 3.0 1.5 0.5773502691896257
"(4, 4)" 1.0 9.0 0.16764835000000744 7.362355299999969   1.0 1.0 1.0 0.0 0.16625490000001264 9.861354649999896   1.0 1.0 1.0 0.0 0.35103904999994023 11.94064029999888   2.0 3.0 1.0 0.0
"(4, 4)" 1.0 10.0 0.169756499999977 7.578335750000207   1.0 1.0 1.0 0.0 0.16952064999997415 10.086331099999825   1.0 1.0 1.0 0.0 0.40071429999996155 12.375078849998658   2.0 3.0 2.0 0.7071067811865476
"(4, 4)" 1.0 11.0 0.16858499999995047 7.783198100000142   1.0 1.0 1.0 0.0 0.25380859999996375 10.349507200000005   1.0 2.0 1.0 0.0 0.6796228499999302 13.04587154999838   2.0 6.0 2.1666666666666665 1.0
"(4, 4)" 1.0 12.0 0.25998810000000105 8.086124600000232   2.0 2.0 1.0 0.0 0.2574956499999814 10.642329049999915   2.0 2.0 1.0 0.0 0.6743627000001169 13.682212050000398   3.0 6.0 2.0 0.7071067811865476
"(4, 4)" 1.0 13.0 0.2532275500000196 8.345788000000113   1.0 2.0 2.0 0.0 0.25213409999999925 10.89395674999986   1.0 2.0 2.0 0.0 0.1791140999999996 13.892661250000446   1.0 1.0 1.0 0.0
"(4, 4)" 1.0 14.0 0.16423515000005295 8.509073650000175   1.0 1.0 1.0 0.0 0.16480650000001162 11.05771989999988   1.0 1.0 1.0 0.0 0.2140991000000554 14.15438560000004   1.0 1.5 1.25 0.0
"(4, 4)" 1.0 15.0 0.1638387500001102 8.673611050000176   1.0 1.0 1.0 0.0 0.1648738000000094 11.223194749999864   1.0 1.0 1.0 0.0 0.2842272000000321 14.5489977000002   2.0 2.0 1.0 0.0
"(4, 4)" 1.0 16.0 0.3509735999999748 9.032850600000131   2.0 3.0 1.5 0.7071067811865476 0.351643499999966 11.575070050000026   2.0 3.0 1.5 0.7071067811865476 0.34954175000018495 15.01728340000037   2.0 3.0 1.5 0.7071067811865476
"(4, 4)" 2.0 1.0 2.2220067999998605 2.2220067999998605   4.0 10.0 2.5 1.0 3.0049819500001713 3.0049819500001713   4.0 18.0 4.5 3.785938897200182 3.7695676000013805 3.7695676000013805   5.0 20.0 4.0 3.535533905932738
"(4, 4)" 2.0 2.0 0.485890350000119 2.691728849999933   4.0 6.0 1.5 0.5773502691896257 0.48611629999996353 3.480918799999415   4.0 6.0 1.5 0.5773502691896257 0.5070095999999751 4.431076649999795   5.0 6.0 1.2 0.4472135954999579
"(4, 4)" 2.0 3.0 0.4177817499999321 3.1458218000007037   5.0 5.0 1.0 0.0 0.45253605000008434 3.9411200499997676   5.0 5.0 1.0 0.0 0.8459508500002357 5.277997400000089   5.0 9.0 1.8 1.0
"(4, 4)" 2.0 4.0 0.42115329999992923 3.570828350000795   5.0 5.0 1.0 0.0 0.4211897500001669 4.374910350000128   5.0 5.0 1.0 0.0 0.5569031999997947 5.818540450000089   5.0 6.0 1.2 0.4472135954999579
"(4, 4)" 3.0 1.0 1.371991850000086 1.371991850000086   1.0 18.0 1.0 0.0 1.3604472499997655 1.3604472499997655   1.0 18.0 1.0 0.0 1.932908800000021 1.932908800000021   1.0 20.0 1.0 0.0
"(4, 6)" 1.0 1.0 2.4586324000000133 2.4586324000000133   1.0 2.0 2.0 0.0 3.724312550000093 3.724312550000093   3.0 6.0 2.0 0.0 4.4821913499997095 4.4821913499997095   3.0 6.0 2.0 0.0
"(4, 6)" 1.0 2.0 0.7419659999999766 3.190534900000003   1.0 2.0 2.0 0.0 1.3717900999998212 5.131890650000585   3.0 8.0 2.666666666666667 2.886751345948129 1.3908412999998065 5.959114049999897   3.0 8.0 2.666666666666667 2.886751345948129
"(4, 6)" 1.0 3.0 0.8720102499998745 4.074012850000019   2.0 4.0 2.0 0.0 0.7677130000000005 5.910502799999847   3.0 3.0 1.0 0.0 1.107552999999882 7.177460749999597   3.0 3.0 1.0 0.0
"(4, 6)" 1.0 4.0 0.7677418000000671 5.0751736999999935   2.0 3.0 1.5 0.7071067811865476 1.2148831500000057 7.12482379999976   3.0 7.0 2.333333333333333 0.5773502691896257 1.338127699999575 8.570787950000522   3.0 6.0 2.0 0.5773502691896257
"(4, 6)" 1.0 5.0 0.25785719999998236 5.379605250000196   2.0 2.0 1.0 0.0 0.45254365000002394 7.851953549999948   3.0 4.0 1.333333333333333 0.5773502691896257 0.6736333999999431 9.433815599998923   4.0 6.0 2.0 1.0
"(4, 6)" 1.0 6.0 0.558838200000082 5.949537700000377   2.0 5.0 2.5 0.7071067811865476 0.6669315999999981 8.556164700000323   3.0 6.0 2.0 1.0 0.923748450000204 10.30584319999967   4.0 8.0 2.0 0.816496580927726
"(4, 6)" 1.0 7.0 0.166785999999945 6.124096600000456   1.0 1.0 1.0 0.0 0.16612014999998334 8.72255555000035   1.0 1.0 1.0 0.0 0.16814619999996333 10.47327304999985   1.0 1.0 1.0 0.0
"(4, 6)" 1.0 8.0 0.4449041499998998 6.557056849999739   1.0 4.0 4.0 0.0 0.4458043000000771 9.125506650000517   1.0 4.0 4.0 0.0 0.25208465000008573 10.657585999999885   1.0 2.0 2.0 0.0
"(4, 6)" 1.0 9.0 0.16816040000006185 6.769785250000531   1.0 1.0 1.0 0.0 0.1685445999999331 9.372458399999829   1.0 1.0 1.0 0.0 0.16863914999998997 10.95093889999919   1.0 1.0 1.0 0.0
"(4, 6)" 1.0 10.0 0.16779414999997755 6.967384050000732   1.0 1.0 1.0 0.0 0.16858674999999576 9.609422750000135   1.0 1.0 1.0 0.0 0.1680870000001278 11.264860950000266   1.0 1.0 1.0 0.0
"(4, 6)" 1.0 11.0 0.17168520000001308 7.161519600000197   1.0 1.0 1.0 0.0 0.1699793999999883 9.793261549999926   1.0 1.0 1.0 0.0 0.17096769999994882 11.43429165000005   1.0 1.0 1.0 0.0
"(4, 6)" 1.0 12.0 0.1679719999999989 7.40926669999979   1.0 1.0 1.0 0.0 0.1671410499999837 9.997772150000253   1.0 1.0 1.0 0.0 0.1798805999999331 11.77488684999992   1.0 1.0 1.0 0.0
"(4, 6)" 1.0 13.0 0.1660057499999965 7.575969099999924   1.0 1.0 1.0 0.0 0.16617090000002577 10.17529829999998   1.0 1.0 1.0 0.0 0.1702163999999797 12.024082300000316   1.0 1.0 1.0 0.0
"(4, 6)" 1.0 14.0 0.17029114999999712 7.7804901000006055   1.0 1.0 1.0 0.0 0.1702362999998286 10.35275650000045   1.0 1.0 1.0 0.0 0.2574904499999775 12.334270750000545   1.0 2.0 1.5 0.0
"(4, 6)" 1.0 15.0 0.16686180000004924 7.994577799999888   1.0 1.0 1.0 0.0 0.1669940999999824 10.58716494999976   1.0 1.0 1.0 0.0 0.26882765000021897 12.67275549999971   1.0 2.0 2.0 0.0
"(4, 6)" 1.0 16.0 0.16699264999999747 8.161113499999658   1.0 1.0 1.0 0.0 0.1668318000000717 10.758654849999974   1.0 1.0 1.0 0.0 0.3466623499999457 13.07154299999945   2.0 3.0 1.5 0.3535533905932738
"(4, 6)" 1.0 17.0 0.1661401000000353 8.329216699999677   1.0 1.0 1.0 0.0 0.16576040000009584 10.93709009999975   1.0 1.0 1.0 0.0 0.3569847999996227 13.461566849999599   2.0 3.0 1.5 0.7071067811865476
"(4, 6)" 1.0 18.0 0.2523905000000041 8.582598899999851   1.0 2.0 2.0 0.0 0.2531281499999949 11.189203900000141   1.0 2.0 2.0 0.0 0.35509989999991376 13.799533449999615   2.0 3.0 1.5 0.7071067811865476
"(4, 6)" 1.0 19.0 0.1639034499999923 8.74851865000062   1.0 1.0 1.0 0.0 0.16543694999998595 11.353538550000081   1.0 1.0 1.0 0.0 0.16812979999996 13.993506749999934   1.0 1.0 1.0 0.0
"(4, 6)" 1.0 20.0 0.164116049999933 8.912407599999845   1.0 1.0 1.0 0.0 0.16468054999998571 11.519144400000044   1.0 1.0 1.0 0.0 0.22064609999995355 14.379558349999261   1.0 1.0 1.0 0.0
"(4, 6)" 1.0 21.0 0.2530468000000212 9.167121650000048   1.0 2.0 2.0 0.0 0.2542154999999724 11.7732501000003   1.0 2.0 2.0 0.0 0.21906975000030116 14.673707850000184   1.0 1.5 1.25 0.0
"(4, 6)" 1.0 22.0 0.16483780000007187 9.331112750000017   1.0 1.0 1.0 0.0 0.16565359999998464 11.937523700000325   1.0 1.0 1.0 0.0 0.2536146000001054 14.984319300000195   1.0 2.0 2.0 0.0
"(4, 6)" 1.0 23.0                 0.2609937499999546 15.300050700000494   2.0 2.0 1.75 0.0
"(4, 6)" 1.0 24.0                 0.261229650000061 15.586568750000566   2.0 2.0 1.0 0.0
"(4, 6)" 2.0 1.0 2.204736499999996 2.204736499999996   4.0 10.0 2.5 1.0 3.0091571000000954 3.0091571000000954   4.0 18.0 4.5 3.785938897200182 3.785544800000025 3.785544800000025   5.0 20.0 4.0 3.514191872623667
"(4, 6)" 2.0 2.0 0.4854346499999451 2.670001550000105   4.0 6.0 1.5 0.5773502691896257 0.4860162499999916 3.4991123000000357   4.0 6.0 1.5 0.5773502691896257 0.4957368000002589 4.351215199999828   5.0 6.0 1.2 0.4472135954999579
"(4, 6)" 2.0 3.0 0.41708939999998057 3.130444299999965   5.0 5.0 1.0 0.0 0.41861939999998293 3.937523600000162   5.0 5.0 1.0 0.0 0.7602439999997017 5.198223250000169   5.0 9.0 1.8 1.0
"(4, 6)" 2.0 4.0 0.41941739999995775 3.5595152000001344   5.0 5.0 1.0 0.0 0.4206215499998791 4.363036300000374   5.0 5.0 1.0 0.0 0.5826062499999409 5.840282200000161   5.0 7.0 1.4 0.7071067811865476
"(4, 6)" 3.0 1.0 1.356005999999923 1.356005999999923   1.0 18.0 1.0 0.0 1.360363049999922 1.360363049999922   1.0 18.0 1.0 0.0 1.9299335499999306 1.9299335499999306   1.0 20.0 1.0 0.0
"(6, 2)" 1.0 1.0 2.4319147000000494 2.4319147000000494   3.0 5.0 1.666666666666667 0.5773502691896257 3.1810615000000553 3.1810615000000553   5.0 8.0 1.6 0.5477225575051661 3.927798700000068 3.927798700000068   5.0 8.0 1.6 0.5477225575051661
"(6, 2)" 1.0 2.0 1.4438065500001471 3.937129449999958   3.0 8.0 2.666666666666667 2.081665999466133 2.0535769500000924 5.290053149999672   6.0 9.0 1.5 0.5477225575051661 2.1285314999999123 6.216573399999945   6.0 9.0 1.5 0.8345229603962802
"(6, 2)" 1.0 3.0 0.7801490499999169 4.721580699999901   3.0 4.0 1.333333333333333 0.5773502691896257 2.2184714999995983 7.567829050000057   6.0 10.0 1.666666666666667 0.816496580927726 1.4281625999999434 8.100514299999361   6.0 10.0 1.666666666666667 0.816496580927726
"(6, 2)" 1.0 4.0 1.0587474999999635 5.869712649999897   4.0 7.0 1.75 0.9574271077563381 1.3957231500002933 8.966741700000057   7.0 8.0 1.142857142857143 0.3779644730092272 1.3322330499999 9.372007099998939   7.0 8.0 1.142857142857143 0.3779644730092272
"(6, 2)" 1.0 5.0 0.605503499999827 6.464704899999845   2.0 3.0 1.5 0.7071067811865476 1.078022349999912 10.288025599999685   5.0 7.0 1.4 0.5477225575051661 1.198407400000008 10.629815750000315   3.0 3.0 1.4 0.0
"(6, 2)" 1.0 6.0 0.5330552499999115 7.064388500000035   2.0 2.0 1.0 0.0 1.4355813500002625 11.796059850000066   6.0 8.0 1.4 0.7214191060257176 1.2450055500003714 11.720346599999399   3.0 6.0 1.5 0.7559289460184544
"(6, 2)" 1.0 7.0 0.21754414999998065 7.284025950000654   1.0 1.5 1.0 0.0 0.3493331000001376 12.096096799999485   2.0 3.0 1.333333333333333 0.5773502691896257 0.35764340000005745 12.46520975000027   3.0 3.0 1.5 0.5
"(6, 2)" 1.0 8.0 0.3502090499999895 7.597215449999993   2.0 3.0 1.5 0.7071067811865476 0.36783294999980853 12.60051814999997   2.0 3.0 1.333333333333333 0.5773502691896257 0.7358302499998786 13.324453350000166   3.0 6.0 1.9166666666666665 0.816496580927726
"(6, 2)" 1.0 9.0 0.16697805000001148 7.763168599999986   1.0 1.0 1.0 0.0 0.16761469999988776 12.802646300000106   1.0 1.0 1.0 0.0 0.4668301999999045 13.779809850000564   4.0 4.0 1.5 0.5477225575051661
"(6, 2)" 1.0 10.0 0.35387804999996314 8.158147000000241   2.0 3.0 1.5 0.7071067811865476 0.3530904000000845 13.204165249999221   2.0 3.0 1.5 0.7071067811865476 1.043665599999713 14.564046499999996   4.0 9.0 1.7571428571428571 0.7071067811865476
"(6, 2)" 1.0 11.0 0.1662322000000529 8.326650650000204   1.0 1.0 1.0 0.0 0.1658897500000407 13.370459299999194   1.0 1.0 1.0 0.0 0.26266245000013555 15.00787580000009   2.0 2.0 1.0 0.0
"(6, 2)" 1.0 12.0 0.3554031500000008 8.695609000000331   2.0 3.0 1.5 0.7071067811865476 0.35429080000002955 13.724503949999246   2.0 3.0 1.5 0.7071067811865476 0.463545699999969 15.92068380000012   3.0 4.0 1.333333333333333 0.5773502691896257
"(6, 2)" 2.0 1.0 1.863623000000075 1.863623000000075   3.0 6.0 2.0 0.5 2.2433392000002073 2.2433392000002073   3.0 11.0 3.666666666666667 3.055050463303894 2.9232437000006826 2.9232437000006826   3.0 11.0 3.666666666666667 3.055050463303894
"(6, 2)" 2.0 2.0 0.5449203000002854 2.415148050000198   3.0 7.0 2.333333333333333 1.527525231651947 1.0227027500000792 3.2775222000001207   3.0 13.0 4.333333333333333 4.932882862316247 1.0513496499999349 3.8016164000002597   3.0 13.0 4.333333333333333 4.932882862316247
"(6, 2)" 2.0 3.0 0.3309448500000798 2.7436542000003215   3.0 4.0 1.333333333333333 0.5773502691896257 0.9665522999999752 4.3757505500000775   3.0 11.0 3.666666666666667 4.618802153517007 0.48339865000001936 4.264682150000009   3.0 6.0 2.0 1.0
"(6, 2)" 2.0 4.0 0.2575640500000276 3.0254964999998037   3.0 3.0 1.0 0.0 0.33227839999998565 4.7075872000002335   3.0 4.0 1.333333333333333 0.5773502691896257 0.4913768500001936 4.849707699999932   3.0 6.0 2.0 0.7886751345948129
"(6, 2)" 2.0 5.0 0.25861374999993814 3.301370250000048   3.0 3.0 1.0 0.0 0.2580205500002535 4.975748849999825   3.0 3.0 1.0 0.0 0.66791835000015 5.6068882499997414   4.0 8.0 2.0 0.816496580927726
"(6, 2)" 2.0 6.0 0.2581559499999848 3.560042500000044   3.0 3.0 1.0 0.0 0.2565935500001046 5.258057299999933   3.0 3.0 1.0 0.0 0.4178159499999765 6.340694549999455   4.0 5.0 1.25 0.5
"(6, 2)" 3.0 1.0 1.3756921500000492 1.3756921500000492   1.0 18.0 1.0 0.0 1.3506108499998675 1.3506108499998675   1.0 18.0 1.0 0.0 1.9174199999997725 1.9174199999997725   1.0 20.0 1.0 0.0
"(6, 4)" 1.0 1.0 2.120657849999532 2.120657849999532   1.0 2.0 2.0 0.0 2.621636699999911 2.621636699999911   2.0 3.0 1.5 0.7071067811865476 3.289959050000618 3.289959050000618   2.0 3.0 1.5 0.7071067811865476
"(6, 4)" 1.0 2.0 0.8058189500000879 2.9326827499997137   1.0 2.0 2.0 0.0 1.802709849999758 4.441622749999979   3.0 7.0 2.333333333333333 2.309401076758503 1.84171780000014 5.153088349999692   3.0 7.0 2.333333333333333 2.309401076758503
"(6, 4)" 1.0 3.0 0.7183591999999521 3.6771108000000368   2.0 4.0 2.0 0.0 1.3316835499998945 5.862508649999796   3.0 3.0 1.0 0.0 1.0130494999998514 6.342735349999288   3.0 3.0 1.0 0.0
"(6, 4)" 1.0 4.0 0.752965049999986 4.700444950000161   2.0 3.0 1.5 0.7071067811865476 1.2397004999997705 7.246947599999729   3.0 8.0 2.666666666666667 2.081665999466133 1.7722907999996664 8.046647749999977   3.0 8.0 2.666666666666667 1.707825127659933
"(6, 4)" 1.0 5.0 0.42559180000003494 5.148512600000018   1.0 1.0 1.0 0.0 0.7065440499999909 7.895477250000283   3.0 4.0 1.333333333333333 0.5773502691896257 1.018874200000255 9.084297650000014   3.0 3.0 1.0 0.0
"(6, 4)" 1.0 6.0 0.6059378499998402 5.753609550000192   2.0 3.0 1.5 0.7071067811865476 0.9422899500001733 8.941124549999898   3.0 6.0 2.0 1.0 1.1590412499998588 10.27579640000113   3.0 6.0 2.333333333333333 0.5773502691896257
"(6, 4)" 1.0 7.0 0.4581770500000317 6.218390150000005   2.0 4.0 2.0 1.414213562373095 0.34899749999988217 9.304679699999554   3.0 3.0 1.0 0.0 0.3502618999999001 10.627239899999465   3.0 3.0 1.0 0.0
"(6, 4)" 1.0 8.0 0.565191850000005 6.783504899999912   2.0 5.0 2.5 2.121320343559642 0.5806748999994227 9.895483099999822   4.0 5.0 1.25 0.5 0.5851857499999369 11.20087490000162   4.0 5.0 1.25 0.5
"(6, 4)" 1.0 9.0 0.1683172000000113 6.95548129999986   1.0 1.0 1.0 0.0 0.35186329999999444 10.34955665000007   2.0 3.0 1.5 0.7071067811865476 0.25474220000035075 11.557589050000384   1.0 2.0 2.0 0.0
"(6, 4)" 1.0 10.0 0.1739892500000053 7.1934085999994295   1.0 1.0 1.0 0.0 0.4883404999999641 10.93413604999945   3.0 4.0 1.333333333333333 0.5773502691896257 0.25397815000006574 11.925332799999975   1.0 2.0 1.0 0.0
"(6, 4)" 1.0 11.0 0.1676137999999412 7.3632802000004745   1.0 1.0 1.0 0.0 0.5393286499999022 11.40360320000033   3.0 4.0 1.333333333333333 0.5773502691896257 0.20042914999996242 12.162730149998811   1.0 1.0 1.0 0.0
"(6, 4)" 1.0 12.0 0.16645514999990496 7.539913999999669   1.0 1.0 1.0 0.0 0.8035209499997791 12.197238800000665   3.0 7.0 1.75 0.9574271077563381 0.5623513500001422 12.57561364999992   2.0 5.0 2.0 0.7071067811865476
"(6, 4)" 1.0 13.0 0.16934939999993048 7.7624647499999675   1.0 1.0 1.0 0.0 0.16755779999996884 12.3671685000007   1.0 1.0 1.0 0.0 0.1695680499999952 12.974999050000974   1.0 1.0 1.0 0.0
"(6, 4)" 1.0 14.0 0.1783843000000189 7.955766300000192   1.0 1.0 1.0 0.0 0.2546407000000954 12.693173950000809   1.0 2.0 2.0 0.0 0.3480908000001932 13.41431710000074   2.0 3.0 1.5 0.0
"(6, 4)" 1.0 15.0 0.1661810999999176 8.140533349999941   1.0 1.0 1.0 0.0 0.2541597999999681 12.903760499999866   1.0 1.5 1.0 0.0 0.5665480999999772 13.679701500000835   2.0 5.0 2.0 0.7071067811865476
"(6, 4)" 1.0 16.0 0.16629109999999514 8.306037999999916   1.0 1.0 1.0 0.0 0.16945360000007526 13.138823199999141   1.0 1.0 1.0 0.0 0.46019435000000897 14.251527750001099   2.0 4.0 2.0 0.0
"(6, 4)" 1.0 17.0 0.25271085000002813 8.5590109500003   1.0 2.0 2.0 0.0 0.17029164999998153 13.377298249999711   1.0 1.0 1.0 0.0 0.26281899999986535 14.666296099999446   2.0 2.0 1.0 0.0
"(6, 4)" 1.0 18.0 0.16453970000009122 8.727032100000315   1.0 1.0 1.0 0.0 0.25377964999984215 13.559169499999085   1.0 2.0 2.0 0.0 0.451637150000046 15.23814144999864   2.0 4.0 1.4166666666666665 0.5773502691896257
"(6, 4)" 1.0 19.0 0.16446730000012627 8.896968950000314   1.0 1.0 1.0 0.0 0.1666312500000231 13.724448749999109   1.0 1.0 1.0 0.0 0.45596929999996405 15.693985149998241   2.0 4.0 2.0 0.5773502691896257
"(6, 4)" 1.0 20.0 0.25316585000001623 9.152757400000269   1.0 2.0 2.0 0.0 0.16835154999992596 13.96265109999959   1.0 1.0 1.0 0.0 0.3482740000002309 16.085902849998774   2.0 3.0 1.5 0.5773502691896257
"(6, 4)" 1.0 21.0 0.16516150000002486 9.341935349999261   1.0 1.0 1.0 0.0 0.2552816500003132 14.21732140000029   1.0 2.0 2.0 0.0 0.1701799999999594 16.484504649999426   1.0 1.0 1.0 0.0
"(6, 4)" 1.0 22.0         0.1681065000000217 14.86543040000009   1.0 1.0 1.0 0.0 0.2548881999997974 16.77568840000001   1.0 2.0 1.625 0.0
"(6, 4)" 1.0 23.0         0.1704220000000305 16.27893510000013   1.0 1.0 1.0 0.0 0.25809169999979537 16.70522034999948   2.0 2.0 1.4166666666666665 0.0
"(6, 4)" 1.0 24.0                 0.2601102999999512 17.12434569999954   2.0 2.0 1.0 0.0
"(6, 4)" 2.0 1.0 1.8617401499999744 1.8617401499999744   3.0 6.0 2.0 0.0 2.2679837000000025 2.2679837000000025   3.0 11.0 3.666666666666667 3.055050463303894 2.9265276000005542 2.9265276000005542   3.0 11.0 3.666666666666667 3.055050463303894
"(6, 4)" 2.0 2.0 0.5477772499999105 2.416121549999957   3.0 7.0 2.333333333333333 1.527525231651947 1.0238068000001874 3.299473499999465   3.0 13.0 4.333333333333333 4.932882862316247 1.0537043999999942 3.81708804999937   3.0 13.0 4.333333333333333 4.932882862316247
"(6, 4)" 2.0 3.0 0.33147015000002966 2.746974400000141   3.0 4.0 1.333333333333333 0.5773502691896257 0.9722736499996927 4.337220199999969   3.0 11.0 3.666666666666667 4.618802153517007 0.33192424999998593 4.228716950000489   3.0 4.0 1.333333333333333 0.5773502691896257
"(6, 4)" 2.0 4.0 0.25725380000011455 3.0105801000001406   3.0 3.0 1.0 0.0 0.33607164999989436 4.734800849999914   3.0 4.0 1.333333333333333 0.0 0.5647627499996588 4.881076250000774   3.0 7.0 2.333333333333333 0.5773502691896257
"(6, 4)" 2.0 5.0 0.25774229999984755 3.274905000000274   3.0 3.0 1.0 0.0 0.2584674499999977 5.012761149999605   3.0 3.0 1.0 0.0 0.6856433999998899 5.729121999999904   4.0 8.0 2.0 0.816496580927726
"(6, 4)" 2.0 6.0 0.25691945000001226 3.532047149999727   3.0 3.0 1.0 0.0 0.25809580000003507 5.271681799999712   3.0 3.0 1.0 0.0 0.41965295000005653 6.339500049999572   4.0 5.0 1.25 0.5
"(6, 4)" 3.0 1.0 1.3760723999999271 1.3760723999999271   1.0 18.0 1.0 0.0 1.3650525000003886 1.3650525000003886   1.0 18.0 1.0 0.0 1.915168999999793 1.915168999999793   1.0 20.0 1.0 0.0
"(6, 6)" 1.0 1.0 2.1214597499999854 2.1214597499999854   1.0 2.0 2.0 0.0 2.5427976499999545 2.5427976499999545   1.0 2.0 2.0 0.0 3.4380041000000006 3.4380041000000006   1.0 2.0 2.0 0.0
"(6, 6)" 1.0 2.0 0.8021847999999636 2.9240909999998053   1.0 2.0 2.0 0.0 1.4866077499999335 4.044864949999351   2.0 4.0 2.0 0.0 1.5082754000004006 4.633519150000382   2.0 4.0 2.0 0.0
"(6, 6)" 1.0 3.0 0.49890019999999424 3.431241300000067   1.0 1.0 1.0 0.0 1.237534500000379 5.384773650000028   2.0 2.0 1.0 0.0 1.1040465499999355 5.739338850000877   2.0 2.0 1.0 0.0
"(6, 6)" 1.0 4.0 0.4574679999999205 4.170333150000175   1.0 1.0 1.0 0.0 0.5858412499999659 5.999726850000059   2.0 2.0 1.0 0.0 0.8371919999996749 6.692604299999914   2.0 2.0 1.0 0.0
"(6, 6)" 1.0 5.0 0.9057297000000375 4.738028199999803   1.0 6.0 6.0 0.0 0.5744146500001079 6.660662649999836   2.0 2.0 1.0 0.0 1.3654498500002314 8.065020000000118   2.0 4.0 2.0 0.0
"(6, 6)" 1.0 6.0 0.5957985000000576 5.338578699999751   1.0 3.0 3.0 0.0 1.2627918500000705 7.733875200001336   2.0 9.0 4.5 2.121320343559642 1.094779050000021 9.237093849999965   2.0 6.0 2.0 1.0
"(6, 6)" 1.0 7.0 0.16812010000006694 5.507747850000094   1.0 1.0 1.0 0.0 0.25813334999998006 8.040246549999864   2.0 2.0 1.0 0.0 0.25824000000045544 9.482320150000248   2.0 2.0 1.0 0.0
"(6, 6)" 1.0 8.0 0.166023200000069 5.686970350000159   1.0 1.0 1.0 0.0 0.3541281999999768 8.469269499999584   2.0 3.0 1.5 0.7071067811865476 0.3581918500000043 9.859495300000006   2.0 3.0 1.5 0.7071067811865476
"(6, 6)" 1.0 9.0 0.25442375000001505 5.946927350000351   1.0 2.0 2.0 0.0 0.7714710000000196 9.120552750000122   2.0 7.0 3.5 2.121320343559642 0.5721779500001674 10.41104345000059   2.0 5.0 2.5 0.7071067811865476
"(6, 6)" 1.0 10.0 0.3533800000000724 6.303386550000312   1.0 3.0 3.0 0.0 0.25477460000001884 9.386328600000233   2.0 2.0 1.0 0.0 0.25495999999986907 10.678778100000384   2.0 2.0 1.0 0.0
"(6, 6)" 1.0 11.0 0.1678437499999461 6.475699750000615   1.0 1.0 1.0 0.0 0.2582172999998704 9.641253850000233   2.0 2.0 1.0 0.0 0.25930390000013404 10.893334199999915   2.0 2.0 1.0 0.0
"(6, 6)" 1.0 12.0 0.5639848000000143 7.062904450000474   2.0 5.0 2.5 2.121320343559642 0.46440274999986286 10.16145030000169   3.0 4.0 1.333333333333333 0.5773502691896257 0.4652752500001043 11.242695150001396   3.0 4.0 1.333333333333333 0.5773502691896257
"(6, 6)" 1.0 13.0 0.16834935000005302 7.27334764999997   1.0 1.0 1.0 0.0 0.25720019999995714 10.437278050000014   1.0 2.0 1.5 0.0 0.1713381000000709 11.412415000000765   1.0 1.0 1.0 0.0
"(6, 6)" 1.0 14.0 0.1818412500000477 7.4776500500005625   1.0 1.0 1.0 0.0 0.354511649999921 10.81465875000012   2.0 3.0 1.5 0.7071067811865476 0.2537738500001296 11.68482550000073   1.0 2.0 1.5 0.0
"(6, 6)" 1.0 15.0 0.16735795000005282 7.64552125000057   1.0 1.0 1.0 0.0 0.45411174999992454 11.291740900000491   2.0 3.5 1.75 0.7071067811865476 0.17183970000001025 11.930671050000054   1.0 1.0 1.0 0.0
"(6, 6)" 1.0 16.0 0.1671333500000287 7.846358400000071   1.0 1.0 1.0 0.0 0.45887125000000134 11.811907199998815   2.0 4.0 2.0 0.7071067811865476 0.2540827000000405 12.186351750000085   1.0 1.5 1.0 0.0
"(6, 6)" 1.0 17.0 0.1700878500000158 8.056768200000278   1.0 1.0 1.0 0.0 0.4586638999999195 12.18792629999973   2.0 4.0 2.0 0.7071067811865476 0.26074205000003303 12.42686249999997   2.0 2.0 1.0 0.0
"(6, 6)" 1.0 18.0 0.16850834999996775 8.2495823000001   1.0 1.0 1.0 0.0 0.3591036999999915 12.72173645000029   2.0 3.0 1.5 0.7071067811865476 0.34996959999989485 12.856979849999991   2.0 3.0 1.25 0.0
"(6, 6)" 1.0 19.0 0.16656795000004365 8.46029540000001   1.0 1.0 1.0 0.0 0.1667790999999852 12.88964670000027   1.0 1.0 1.0 0.0 0.2533485999999812 13.03973424999964   1.0 2.0 1.25 0.0
"(6, 6)" 1.0 20.0 0.16556084999997725 8.62907210000003   1.0 1.0 1.0 0.0 0.2531661499999984 13.127092050000245   1.0 2.0 2.0 0.0 0.35081815000012284 13.460878250000071   1.0 3.0 2.0 0.0
"(6, 6)" 1.0 21.0 0.2528511500000263 8.890714799999756   1.0 2.0 2.0 0.0 0.16995469999999102 13.337565550000136   1.0 1.0 1.0 0.0 0.16960754999998784 13.939701850000345   1.0 1.0 1.0 0.0
"(6, 6)" 1.0 22.0 0.16454069999998922 9.063110750000163   1.0 1.0 1.0 0.0 0.167501249999944 13.550257950000177   1.0 1.0 1.0 0.0 0.25456849999999775 14.211891650000055   1.0 2.0 1.0 0.0
"(6, 6)" 1.0 23.0 0.16481200000002622 9.227255549999967   1.0 1.0 1.0 0.0 0.25128094999988093 13.73762919999983   1.0 2.0 2.0 0.0 0.3474098000004915 14.482673249999781   2.0 3.0 1.5 0.0
"(6, 6)" 1.0 24.0 0.25323304999992047 9.492376450000165   1.0 2.0 2.0 0.0 0.16767285000003085 13.931177950000144   1.0 1.0 1.0 0.0 0.2583050999999159 14.854054199999496   2.0 2.0 1.0 0.0
"(6, 6)" 1.0 25.0 0.16460674999996175 9.664892350000216   1.0 1.0 1.0 0.0 0.1658282000000213 14.09803075000019   1.0 1.0 1.0 0.0 0.26482590000011896 15.206110500000026   1.0 2.0 1.75 0.0
"(6, 6)" 1.0 26.0         0.2531887499999356 14.352407800000236   1.0 2.0 2.0 0.0 0.3550514000000078 15.463909899999805   1.0 3.0 1.5 0.0
"(6, 6)" 1.0 27.0         0.16701660000001084 14.51816095000021   1.0 1.0 1.0 0.0 0.25417404999976156 15.71157199999945   1.0 2.0 1.0 0.0
"(6, 6)" 1.0 28.0         0.1648750999999038 14.87823780000031   1.0 1.0 1.0 0.0 0.1697858500000109 16.007160950000582   1.0 1.0 1.0 0.0
"(6, 6)" 1.0 29.0         0.25554970000004573 15.417336899999896   1.0 2.0 2.0 0.0 0.25277639999995927 16.25265524999912   1.0 2.0 1.5833333333333335 0.0
"(6, 6)" 1.0 30.0         0.1666535000000238 15.583905399999896   1.0 1.0 1.0 0.0 0.2535134999997126 16.50819479999905   1.0 2.0 1.5 0.0
"(6, 6)" 1.0 31.0                 0.1678543999998965 16.672864599999   1.0 1.0 1.0 0.0
"(6, 6)" 1.0 32.0                 0.2540194500000439 17.99382385000081   1.0 2.0 1.0 0.0
"(6, 6)" 1.0 33.0                 0.2578550000002906 17.82209429999989   1.0 2.0 1.0 0.0
"(6, 6)" 1.0 34.0                 0.16873714999999834 19.049415099999877   1.0 1.0 1.0 0.0
"(6, 6)" 1.0 35.0                 0.1672961499999701 19.216711249999847   1.0 1.0 1.0 0.0
"(6, 6)" 1.0 36.0                 0.3654927000002317 22.76654680000286   3.0 3.0 1.0 0.0
"(6, 6)" 2.0 1.0 1.8659693000000674 1.8659693000000674   3.0 6.0 2.0 1.0 2.2829633500002444 2.2829633500002444   3.0 11.0 3.666666666666667 3.055050463303894 3.0813957499998996 3.0813957499998996   3.0 11.0 3.666666666666667 3.055050463303894
"(6, 6)" 2.0 2.0 0.5445600999998916 2.4111575999999957   3.0 7.0 2.333333333333333 1.527525231651947 1.027200149999885 3.3117218499995147   3.0 13.0 4.333333333333333 4.932882862316247 1.045852600000387 3.7791035499998316   3.0 13.0 4.333333333333333 4.932882862316247
"(6, 6)" 2.0 3.0 0.331115599999805 2.741599899999997   3.0 4.0 1.333333333333333 0.5773502691896257 0.9805239000003212 4.330383300000037   3.0 11.0 3.666666666666667 4.618802153517007 0.555899250000067 4.315404050000183   3.0 6.0 2.0 0.5773502691896257
"(6, 6)" 2.0 4.0 0.25658210000005965 3.0005354499996955   3.0 3.0 1.0 0.0 0.29612044999998943 4.729948149999949   3.0 3.5 1.1666666666666665 0.0 0.4903256999997154 4.8127555000000655   3.0 6.0 2.0 1.0
"(6, 6)" 2.0 5.0 0.2565975000000087 3.2637823999996414   3.0 3.0 1.0 0.0 0.2593500000000972 4.998193750000077   3.0 3.0 1.0 0.0 0.7422867999995901 5.537981049999331   4.0 8.0 2.0 0.816496580927726
"(6, 6)" 2.0 6.0 0.2558656500000609 3.5282859999999943   3.0 3.0 1.0 0.0 0.2573747500000252 5.264545150000345   3.0 3.0 1.0 0.0 0.4174959999999146 6.237870950000158   4.0 5.0 1.25 0.5
"(6, 6)" 3.0 1.0 1.3717361499997764 1.3717361499997764   1.0 18.0 1.0 0.0 1.3763880499998606 1.3763880499998606   1.0 18.0 1.0 0.0 1.9073949500001675 1.9073949500001675   1.0 20.0 1.0 0.0
