    LE LE AC AC CF CF CP_EF_L CP_EF_L SP_EB_L SP_EB_L GT GT ST ST GT_POTT GT_POTT ST_POTT ST_POTT TT TT LT LT WT WT MET MET CT CT
statistic    0.5 IQR 0.5 IQR 0.5 IQR 0.5 IQR 0.5 IQR 0.5 IQR 0.5 IQR 0.5 IQR 0.5 IQR 0.5 IQR 0.5 IQR 0.5 IQR 0.5 IQR 0.5 IQR
problem online_bounds blend_quantity AL                            
ps1 "(2, 2)" 1 1 28.5 1.0 40.0 0.0 0.7124999999999999 0.025000000000000022 1.5833333333333335 0.055555555555554914 0.3864950670790416 0.018622561712887176 6.344106600000032 0.2020145749997475 0.4473672500000845 0.11553455000011242 0.9337728515135777 0.014806205182219645 0.06622714848642233 0.014806205182219645 6.802067500000234 0.23682539999993946 5.045077900000095 0.23347160000088962 2.611552824999933 0.054878424999779796 1.789344233333433 0.09413006666668178 10.302210850000165 0.227272374999842
ps1 "(2, 2)" 1 2 18.0 0.0 27.0 0.0 0.6666666666666666 0.0 1.384615384615385 0.0 0.4697648479246601 0.0 1.961076049999889 0.0048315499999143086 0.21268404999990054 0.20175940000007841 0.9022903327267349 0.07691288471667912 0.09770966727326488 0.07691288471667918 2.180226699999878 0.20319210000001675 2.712061049999974 0.22915575000046617 1.7727007250000142 0.1266161875002112 0.7599102499999901 0.009976775000057003 3.5171371000000278 0.2535632250004629
ps1 "(2, 2)" 1 3 13.0 0.0 19.0 0.0 0.6842105263157895 0.0 1.0 0.0 0.0 0.0 1.0960237500000432 0.00336365000008243 0.1180532999999286 0.027955374999999436 0.9026821770043014 0.02061609341391779 0.09731782299569866 0.02061609341391725 1.2136949500000327 0.029473050000048184 1.2136949500000327 0.029473050000048184 1.2136949500000327 0.029473050000048184 0.0 0.0 1.2136949500000327 0.029473050000048184
ps1 "(2, 2)" 2 1 28.0 1.0 40.0 0.0 0.7 0.025000000000000022 1.555555555555556 0.055555555555554914 0.3958063479354852 0.018622561712887176 7.181227399999969 0.4255951499999995 0.6332768500000014 0.22668042499990904 0.9207918190306399 0.024546004849907654 0.07920818096936005 0.024546004849907613 7.876816700000095 0.4539648500000375 5.87956749999999 0.14454492499960736 2.8984840749999634 0.12218694374994854 1.912961850000007 0.17983002500002887 11.463844149999854 0.47988987500025004
ps1 "(2, 2)" 2 2 18.0 0.0 27.0 0.0 0.6666666666666666 0.0 1.384615384615385 0.0 0.4697648479246601 0.0 2.0535849500000154 0.005547175000025106 0.23406260000004409 0.17625225000001876 0.8976507267335736 0.06454173582379219 0.10234927326642657 0.0645417358237922 2.2901395500000845 0.17916544999991402 2.7725681000000293 0.12201562500017049 1.7907765000000286 0.11888219999995164 0.7615985500001017 0.07762240000008092 3.5491826000000657 0.22678122500008158
ps1 "(2, 2)" 2 3 13.0 0.0 19.0 0.0 0.6842105263157895 0.0 1.0 0.0 0.0 0.0 1.0935810499999263 0.0026365749999679444 0.11701965000006 0.012425600000019785 0.9033415376298413 0.009312852109389702 0.09665846237015867 0.009312852109389466 1.2108552999997355 0.014322324999989755 1.2108552999997355 0.014322324999989755 1.2108552999997355 0.014322324999989755 0.0 0.0 1.2108552999997355 0.014322324999989755
ps1 "(2, 2)" 3 1 28.5 1.0 40.0 0.0 0.7124999999999999 0.025000000000000022 1.5833333333333335 0.055555555555554914 0.3958063479354852 0.018622561712887176 7.6722178999998505 0.41591162500007073 0.711979750000026 0.224499100000088 0.914266953925249 0.026002155849730202 0.08573304607475088 0.026002155849730105 8.470431500000032 0.39429797500005037 6.264629349999982 0.22071087500000885 3.0659452125000115 0.10841900625002765 1.9972026166666028 0.14180600833331924 12.133994100000045 0.4323882750001147
ps1 "(2, 2)" 3 2 18.0 0.0 27.0 0.0 0.6666666666666666 0.0 1.384615384615385 0.0 0.4697648479246601 0.0 2.132483749999992 0.006585550000153262 0.27211434999995276 0.22839509999997176 0.886967263111979 0.07844017830588657 0.11303273688802076 0.07844017830588641 2.407005349999935 0.22233489999998612 2.9171460500000066 0.18476174999997852 1.8435481750000093 0.1363160999999944 0.758611999999971 0.010263575000074354 3.6587378000000186 0.27299322499998624
ps1 "(2, 2)" 3 3 13.0 0.0 19.0 0.0 0.6842105263157895 0.0 1.0 0.0 0.0 0.0 1.091153900000007 0.0025608000000543196 0.12056769999986015 0.011081124999932981 0.9003569801593169 0.0082769525634514 0.09964301984068319 0.008276952563451484 1.2099961999998035 0.011461150000031228 1.2099961999998035 0.011461150000031228 1.2099961999998035 0.011461150000031228 0.0 0.0 1.2099961999998035 0.011461150000031228
ps1 "(2, 2)" NONE 1 29.0 0.0 40.0 0.0 0.725 0.0 1.611111111111111 0.0 0.377183786222598 0.018622561712887176 5.678981000000043 0.06807865000007496 0.43798415000000546 0.1587979999999476 0.9277216022615832 0.024893515376379183 0.07227839773841682 0.02489351537637917 6.100217599999937 0.18365902500001852 4.41765744999995 0.12362299999999227 2.4300094999999846 0.049731893749937583 1.7470626999999959 0.07927051666664742 9.577582350000057 0.22560059999972637
ps1 "(2, 2)" NONE 2 18.0 0.0 27.0 0.0 0.6666666666666666 0.0 1.384615384615385 0.0 0.4697648479246601 0.0 1.8713605999999814 0.006714125000036875 0.2865539999999527 0.22085417500004922 0.8672704689616493 0.08459029619585279 0.1327295310383506 0.08459029619585291 2.1588528999999568 0.21777987499989138 2.546229800000134 0.10961812500028145 1.747499275000038 0.12206588750007419 0.83107065000004 0.15710609999999292 3.4236104500000373 0.23712700000019327
ps1 "(2, 2)" NONE 3 13.0 0.0 19.0 0.0 0.6842105263157895 0.0 1.0 0.0 0.0 0.0 1.0984801999999831 0.005569050000019615 0.1185313499999552 0.007776349999936427 0.9026245385870381 0.006005055345688848 0.09737546141296129 0.00600505534568882 1.2162228500001504 0.008484999999949894 1.2162228500001504 0.008484999999949894 1.2162228500001504 0.008484999999949894 0.0 0.0 1.2162228500001504 0.008484999999949894
ps1 "(2, 4)" 1 1 29.0 1.0 40.0 0.0 0.725 0.025000000000000022 1.611111111111111 0.055555555555554914 0.377183786222598 0.018622561712887176 6.936242149999998 0.20239507500068044 0.6280982999999694 0.286520450000026 0.9165451583124872 0.035671885291497674 0.08345484168751281 0.03567188529149769 7.5020741499999986 0.22417299999993645 3.6501953500000184 0.1439776249997422 1.407025074999991 0.022395800000052368 1.078796857142811 0.03385815000001258 10.983218599999901 0.19069352499984404
ps1 "(2, 4)" 1 2 18.0 0.0 27.0 0.0 0.6666666666666666 0.0 1.384615384615385 0.0 0.4697648479246601 0.0 1.9567798499999611 0.005143249999910671 0.21081760000006972 0.12782887499990636 0.9030519886059105 0.050693182785846336 0.09694801139408976 0.05069318278584577 2.1707381499999485 0.12741552499998576 2.642046849999957 0.14069214999992896 1.713782899999907 0.07726124999992123 0.7586978499999191 0.012584149999945282 3.3991738999998424 0.15475284999980188
ps1 "(2, 4)" 1 3 13.0 0.0 19.0 0.0 0.6842105263157895 0.0 1.0 0.0 0.0 0.0 1.085594999999927 0.0024255750002237786 0.11657875000014431 0.01017819999986 0.9030339904069069 0.00758560760268856 0.09696600959309282 0.007585607602688935 1.202503450000165 0.010154649999922327 1.202503450000165 0.010154649999922327 1.202503450000165 0.010154649999922327 0.0 0.0 1.202503450000165 0.010154649999922327
ps1 "(2, 4)" 2 1 26.5 1.0 38.0 1.0 0.7066145092460883 0.00782361308677093 1.65625 0.0625 0.3810087306873171 0.0242207431675453 8.588209199999966 0.39909757499995635 0.7805264999998371 0.29187012499959053 0.9157921214042042 0.02779035658043172 0.0842078785957958 0.027790356580431802 9.325747950000022 0.4358529750000031 4.448019149999936 0.2134986999998736 1.8862544714285554 0.06668656785708493 1.442614324999937 0.07440719583337363 12.921791950000054 0.4545845750001103
ps1 "(2, 4)" 2 2 18.0 0.0 27.0 0.0 0.6666666666666666 0.0 1.384615384615385 0.0 0.4697648479246601 0.0 2.03941274999994 0.008305024999970101 0.23493250000003485 0.1416324749999518 0.8968567842954577 0.05308224453765975 0.10314321570454263 0.05308224453766004 2.2791979499999684 0.1398921249999816 2.778819299999867 0.18369057500026953 1.786851575 0.1092947124999919 0.7414983499999721 0.014969425000010972 3.5457734000000016 0.21882522499998913
ps1 "(2, 4)" 2 3 13.0 0.0 19.0 0.0 0.6842105263157895 0.0 1.0 0.0 0.0 0.0 1.091739099999998 0.0042078000003022975 0.1167814000000078 0.011001925000186957 0.9034778572825581 0.008283539310640076 0.09652214271744167 0.008283539310640659 1.2101953000000665 0.011866274999945858 1.2101953000000665 0.011866274999945858 1.2101953000000665 0.011866274999945858 0.0 0.0 1.2101953000000665 0.011866274999945858
ps1 "(2, 4)" 3 1 26.5 1.0 38.0 1.0 0.7066145092460883 0.00782361308677093 1.65625 0.0625 0.3810087306873171 0.0242207431675453 9.418158399999953 0.47585722500011585 0.8683334000000968 0.31927332500031724 0.9137623245810631 0.028615011826856218 0.08623767541893744 0.028615011826856676 10.24951580000015 0.49056140000018367 4.788860849999992 0.20158764999969492 2.031212614285727 0.08474156785716702 1.5552005000000004 0.10377283750009303 13.970528500000036 0.5657595749995838
ps1 "(2, 4)" 3 2 18.0 0.0 27.0 0.0 0.6666666666666666 0.0 1.384615384615385 0.0 0.4697648479246601 0.0 2.1171460500000023 0.0076659500000104686 0.2792395499998861 0.20102869999989892 0.8837381609397619 0.07028388550142972 0.1162618390602381 0.07028388550142976 2.401103649999918 0.19592347499985818 2.889070350000111 0.18193760000012515 1.8434379499999771 0.11685457500000096 0.7417419999999879 0.014576024999996662 3.6588342999999597 0.2333135249999354
ps1 "(2, 4)" 3 3 13.0 0.0 19.0 0.0 0.6842105263157895 0.0 1.0 0.0 0.0 0.0 1.0928211500000775 0.00456067499986168 0.11994759999987539 0.009922624999710125 0.9009541275799317 0.007606118557696773 0.09904587242006874 0.007606118557696703 1.2139242000000934 0.008078424999808487 1.2139242000000934 0.008078424999808487 1.2139242000000934 0.008078424999808487 0.0 0.0 1.2139242000000934 0.008078424999808487
ps1 "(2, 4)" NONE 1 32.0 1.0 42.0 1.5 0.7380952380952381 0.031926406926406914 1.777777777777778 0.0555555555555558 0.4673119501684229 0.025115306450597008 5.90920385000009 0.14263454999995773 0.43606614999998783 0.2375938249999266 0.9311339067064741 0.03360837942202133 0.06886609329352597 0.03360837942202125 6.3441318999999226 0.2948705999996628 3.3496653500002935 0.11894070000009505 1.264849068749992 0.025626265624895783 0.9617425999999999 0.028160085714326044 9.851762949999795 0.21631442499979414
ps1 "(2, 4)" NONE 2 18.0 0.0 27.0 0.0 0.6666666666666666 0.0 1.384615384615385 0.0 0.4697648479246601 0.0 1.876274900000013 0.004977125000067639 0.2953948500000152 0.19303874999984857 0.8637652155680837 0.07383978199374042 0.1362347844319164 0.07383978199374047 2.1685141000001735 0.19195364999984887 2.559320650000217 0.10824537499997433 1.7312111499999876 0.1054753750000319 0.8440191499999798 0.08466049999994496 3.43439674999998 0.21049612500006454
ps1 "(2, 4)" NONE 3 13.0 0.0 19.0 0.0 0.6842105263157895 0.0 1.0 0.0 0.0 0.0 1.107552900000087 0.005111925000029549 0.11595504999999659 0.0117065250000295 0.9053082877005122 0.008485396100435305 0.09469171229948761 0.008485396100435694 1.223369549999887 0.011849150000021513 1.223369549999887 0.011849150000021513 1.223369549999887 0.011849150000021513 0.0 0.0 1.223369549999887 0.011849150000021513
ps1 "(4, 2)" 1 1 29.0 0.0 40.0 0.0 0.725 0.0 1.611111111111111 0.0 0.377183786222598 0.0 6.527743050000026 0.03680022500007141 0.5600057999998853 0.2657137750002647 0.9201867505651924 0.03662185417228969 0.0798132494348076 0.036621854172289595 6.960389049999943 0.25017989999953016 3.928818649999954 0.06848467500006272 1.412639524999996 0.037480746874966275 1.0503639857143094 0.04059287499988762 10.980270799999985 0.31435339999978673
ps1 "(4, 2)" 1 2 18.0 0.0 27.0 0.0 0.6666666666666666 0.0 1.384615384615385 0.0 0.4697648479246601 0.0 2.3282671999998565 0.0055231999999558745 0.22812894999999855 0.2999923000000848 0.9107642934906892 0.09637997825953648 0.0892357065093108 0.09637997825953636 2.558384550000028 0.2931067250000652 2.298042999999666 0.04872340000028741 0.9877620500000077 0.08530120625008841 0.5169009166666356 0.08910315833334492 3.8498137500000738 0.30321837499985804
ps1 "(4, 2)" 1 3 13.0 0.0 19.0 0.0 0.6842105263157895 0.0 1.0 0.0 0.0 0.0 1.0873909500001129 0.0021802999999780415 0.1191620999999756 0.015362199999827866 0.901220016236953 0.011164552216221146 0.0987799837630468 0.011164552216221563 1.2063855000002375 0.014048974999880892 1.2063855000002375 0.014048974999880892 1.2063855000002375 0.014048974999880892 0.0 0.0 1.2063855000002375 0.014048974999880892
ps1 "(4, 2)" 2 1 27.0 0.0 38.0 1.0 0.7105263157894737 0.019203413940256042 1.6875 0.0 0.3567879875197718 0.0 7.201859350000049 0.13852610000029753 0.6182798500000146 0.30835749999977224 0.9183489238403558 0.036512506380731335 0.08165107615964418 0.036512506380731384 7.732128750000086 0.29724095000044315 4.279351699999999 0.1528512999999947 1.7564246428571835 0.049138382142962955 1.3223616416666486 0.04938852083338219 12.004802000000101 0.3289866249996276
ps1 "(4, 2)" 2 2 18.0 0.0 27.0 0.0 0.6666666666666666 0.0 1.384615384615385 0.0 0.4697648479246601 0.0 2.5979408999999696 0.006795575000054566 0.26533744999994724 0.20482340000008742 0.9074790810265638 0.061241566696577654 0.09252091897343623 0.061241566696577765 2.8652010000000705 0.2019503250001975 2.418590449999897 0.12620670000014567 1.0505027874999795 0.06680187499999546 0.5795392333333211 0.024547774999986727 4.117468649999921 0.26709904999982825
ps1 "(4, 2)" 2 3 13.0 0.0 19.0 0.0 0.6842105263157895 0.0 1.0 0.0 0.0 0.0 1.0896879999999385 0.0032923500000237027 0.118589249999971 0.014793425000043159 0.9017822561839715 0.011561800377010822 0.09821774381602866 0.011561800377010559 1.207534349999861 0.014584950000027908 1.207534349999861 0.014584950000027908 1.207534349999861 0.014584950000027908 0.0 0.0 1.207534349999861 0.014584950000027908
ps1 "(4, 2)" 3 1 27.0 0.0 37.0 1.0 0.7201280227596016 0.019203413940256042 1.6875 0.0 0.3567879875197718 0.0 7.557292249999989 0.14316384999987974 0.6442215000000004 0.2941805249997458 0.9217811371008402 0.034393328744259155 0.07821886289915983 0.034393328744259294 8.187484099999935 0.3469184249998314 4.876546500000188 0.1091506499997621 1.8796360642857255 0.05336927857140816 1.3686689916666595 0.05081092083332406 12.83320350000005 0.39282249999934393
ps1 "(4, 2)" 3 2 18.0 0.0 27.0 0.0 0.6666666666666666 0.0 1.384615384615385 0.0 0.4697648479246601 0.0 2.8815876499997444 0.00578202499995939 0.39116264999998407 0.2681341500000656 0.8803653132833462 0.06979434603881096 0.11963468671665381 0.06979434603881138 3.2705821999999856 0.2724418749998563 2.5351032500001267 0.026838799999939766 1.148381512499995 0.07049069374994277 0.6572055166666928 0.06587468333326751 4.509094749999967 0.278382049999891
ps1 "(4, 2)" 3 3 13.0 0.0 19.0 0.0 0.6842105263157895 0.0 1.0 0.0 0.0 0.0 1.091317700000019 0.005638399999866817 0.11569479999997155 0.011025374999924509 0.9043265812374623 0.008456112765724 0.09567341876253785 0.008456112765723889 1.207777450000009 0.012218499999931742 1.207777450000009 0.012218499999931742 1.207777450000009 0.012218499999931742 0.0 0.0 1.207777450000009 0.012218499999931742
ps1 "(4, 2)" NONE 1 32.0 1.0 44.0 0.0 0.7272727272727273 0.022727272727272707 1.777777777777778 0.0555555555555558 0.564335241417619 0.02665420988768208 6.013109349999997 0.14037482500016552 0.3672921000000713 0.2072912749999034 0.9412778585166597 0.030513308294286334 0.058722141483340394 0.03051330829428637 6.3841506000002255 0.11201889999985148 3.066554800000034 0.10806315000008482 1.2823478750000226 0.023710343750003915 1.014788178571444 0.03523920357147858 9.917849250000017 0.2329455500002915
ps1 "(4, 2)" NONE 2 18.0 0.0 27.0 0.0 0.6666666666666666 0.0 1.384615384615385 0.0 0.4697648479246601 0.0 1.9347393500000574 0.004739699999989577 0.243166900000034 0.22343677500014184 0.8883253154685606 0.08828588955936345 0.11167468453143906 0.0882858895593634 2.187197500000016 0.21696640000003198 2.058792399999902 0.06794889999996867 0.8889300375000246 0.07821994374993313 0.4668157000000205 0.06794405000002257 3.450509049999937 0.3142652999997284
ps1 "(4, 2)" NONE 3 13.0 0.0 19.0 0.0 0.6842105263157895 0.0 1.0 0.0 0.0 0.0 1.0945752999999594 0.0023153249998624226 0.1178899500000341 0.013518875000004316 0.902779999350217 0.010032062109855189 0.097220000649783 0.01003206210985537 1.2127281500000606 0.015585775000035218 1.2127281500000606 0.015585775000035218 1.2127281500000606 0.015585775000035218 0.0 0.0 1.2127281500000606 0.015585775000035218
ps1 "(4, 4)" 1 1 28.0 0.75 39.0 0.0 0.717948717948718 0.019230769230769273 1.647058823529412 0.044117647058823595 0.3681344308587197 0.015896344100802484 8.061130299999945 0.33691760000009907 0.6071485000000507 0.27860542500025787 0.9299273653462043 0.03315728587496358 0.07007263465379573 0.03315728587496346 8.525372100000425 0.2429121500003646 3.1075603500000284 0.08247107500019579 0.936988874999978 0.029208826785688702 0.7629477307692236 0.02599326538461111 12.591223099999794 0.39871479999995785
ps1 "(4, 4)" 1 2 18.0 0.0 27.0 0.0 0.6666666666666666 0.0 1.384615384615385 0.0 0.4697648479246601 0.0 2.3400670999999136 0.006105674999960176 0.3503384000000054 0.29269640000003605 0.8695691723873801 0.09432474806664215 0.13043082761261993 0.09432474806664226 2.685864300000027 0.2896210500000791 2.3168660499999874 0.06965392500030054 1.0008228499999878 0.0841851937499416 0.5180482333333316 0.06967794999999843 3.9192178999999214 0.3376722749998615
ps1 "(4, 4)" 1 3 13.0 0.0 19.0 0.0 0.6842105263157895 0.0 1.0 0.0 0.0 0.0 1.096762250000154 0.004708749999927431 0.11863084999991005 0.01203839999993761 0.9024862088099271 0.009032539138010165 0.0975137911900728 0.009032539138010082 1.217428299999767 0.010776374999621696 1.217428299999767 0.010776374999621696 1.217428299999767 0.010776374999621696 0.0 0.0 1.217428299999767 0.010776374999621696
ps1 "(4, 4)" 2 1 28.0 0.0 39.0 0.0 0.717948717948718 0.0 1.647058823529412 0.0 0.3681344308587197 0.0 8.944908300000066 0.019677025000156334 0.6956758500000184 0.34893562500050734 0.9280076272611483 0.03595375108740839 0.0719923727388517 0.03595375108740847 9.614578999999978 0.3159872750006656 3.418912300000045 0.05926207500001546 1.0251499321428583 0.03191065535718618 0.8391667653846009 0.032154398076903346 13.79998045 0.4479797250010211
ps1 "(4, 4)" 2 2 18.0 0.0 27.0 0.0 0.6666666666666666 0.0 1.384615384615385 0.0 0.4697648479246601 0.0 2.5694426500000205 0.005770899999844925 0.25979760000012675 0.12280069999995646 0.9082099636716394 0.037742482102167796 0.09179003632836044 0.03774248210216791 2.830784600000129 0.12026024999987328 2.4209912499998723 0.026269949999829567 1.0344615500000813 0.058707675000066795 0.5685773166666905 0.024987716666627025 4.052528700000352 0.23372017500046383
ps1 "(4, 4)" 2 3 13.0 0.0 19.0 0.0 0.6842105263157895 0.0 1.0 0.0 0.0 0.0 1.0934590500000634 0.001741850000116285 0.1173320999999703 0.0120010749999295 0.9030385561125944 0.008765274012619062 0.09696144388740541 0.008765274012619076 1.2110829499997635 0.012998200000226001 1.2110829499997635 0.012998200000226001 1.2110829499997635 0.012998200000226001 0.0 0.0 1.2110829499997635 0.012998200000226001
ps1 "(4, 4)" 3 1 28.0 0.0 39.0 0.0 0.717948717948718 0.0 1.647058823529412 0.0 0.3681344308587197 0.0 8.985145950000039 0.02682652499994731 0.8524705499999214 0.4301507500001964 0.9132368204204745 0.04100553772103854 0.08676317957952552 0.04100553772103856 9.795613550000127 0.4059640750000071 3.5380092499999307 0.05175539999995493 1.0586803571428496 0.014015482142818003 0.8642664423077017 0.016485338461525445 14.279132399999881 0.21333587500027562
ps1 "(4, 4)" 3 2 18.0 0.0 27.0 0.0 0.6666666666666666 0.0 1.384615384615385 0.0 0.4697648479246601 0.0 2.8406651500001203 0.007073624999911932 0.31548434999993447 0.1670104749999624 0.8999750188818538 0.04569013184959536 0.10002498111814632 0.045690131849595084 3.157447400000279 0.16675165000005254 2.53481574999995 0.019195400000114216 1.1163864625000455 0.07457036874996126 0.6376798499999932 0.05232548333332687 4.379020450000382 0.2709559749999073
ps1 "(4, 4)" 3 3 13.0 0.0 19.0 0.0 0.6842105263157895 0.0 1.0 0.0 0.0 0.0 1.0946260500000164 0.0023543500002038975 0.1161799500000313 0.008197575000380666 0.9039805548804318 0.006340220146580089 0.09601944511956836 0.006340220146580075 1.2112847500002886 0.00837142500000665 1.2112847500002886 0.00837142500000665 1.2112847500002886 0.00837142500000665 0.0 0.0 1.2112847500002886 0.00837142500000665
ps1 "(4, 4)" NONE 1 34.0 0.0 46.0 0.0 0.7391304347826086 0.0 1.888888888888889 0.0 0.5992056618544698 0.0 6.632840049999913 0.013869074999320219 0.34595245000001285 0.21403777500007948 0.9503788218978949 0.028490334126635597 0.04962117810210513 0.028490334126635625 6.971871349999994 0.21851872500038017 2.4824749000000566 0.023653950000009694 0.73982405000001 0.012816561666639026 0.612027682142855 0.01428903571431206 10.52916570000015 0.20949364999978748
ps1 "(4, 4)" NONE 2 18.0 0.0 27.0 0.0 0.6666666666666666 0.0 1.384615384615385 0.0 0.4697648479246601 0.0 1.9419830499999335 0.005952074999893142 0.21425359999998506 0.1791944000002274 0.9006983198001588 0.07164343921828253 0.09930168019984126 0.071643439218283 2.157611549999988 0.1827496249999423 2.06216904999998 0.021759549999999184 0.8773292625000053 0.06074776875003707 0.4536263999999146 0.05822325833327352 3.4188458000000423 0.24272557500015113
ps1 "(4, 4)" NONE 3 13.0 0.0 19.0 0.0 0.6842105263157895 0.0 1.0 0.0 0.0 0.0 1.09938504999991 0.005833699999882702 0.1174360499998954 0.010477000000079797 0.9033021125458556 0.00766555134700031 0.09669788745414432 0.007665551346999866 1.2162284500000735 0.01429417499977581 1.2162284500000735 0.01429417499977581 1.2162284500000735 0.01429417499977581 0.0 0.0 1.2162284500000735 0.01429417499977581
ps2 "(2, 2)" 1 1 43.0 1.0 56.0 0.0 0.7678571428571429 0.017857142857142905 1.869565217391304 0.043478260869564966 0.9023299404877161 0.15299377049963314 9.261068950000048 0.18778465000033862 1.092302899999908 0.2891260750005529 0.8943918591061825 0.025601209676755166 0.10560814089381722 0.025601209676755096 10.301210299999994 0.26980124999984767 8.576942050000412 0.20309192500005935 3.6522048124999635 0.06537243749998645 2.0016513000000087 0.09985126666658095 14.46854380000005 0.28229517500044565
ps2 "(2, 2)" 1 2 23.0 0.0 37.0 0.0 0.6216216216216216 0.0 1.769230769230769 0.0 0.9556979324672851 0.0 2.582907399999897 0.01812839999998772 0.2710703999999282 0.041733900000352264 0.9051302467659549 0.012883726168582355 0.09486975323404512 0.01288372616858259 2.8589226499998976 0.057608525000176325 3.348920200000407 0.08777749999988949 2.053553799999957 0.0726719124999633 0.7508793999999881 0.01021537499993741 4.071102700000154 0.14383052500003046
ps2 "(2, 2)" 1 3 13.0 0.0 19.0 0.0 0.6842105263157895 0.0 1.0 0.0 0.0 0.0 1.09548309999991 0.0032937249998927776 0.11734895000014944 0.012538325000107903 0.9032004063304684 0.009176518896159225 0.09679959366953164 0.009176518896159655 1.2122851499999001 0.013996300000528317 1.2122851499999001 0.013996300000528317 1.2122851499999001 0.013996300000528317 0.0 0.0 1.2122851499999001 0.013996300000528317
ps2 "(2, 2)" 2 1 42.0 1.0 56.0 0.0 0.75 0.017857142857142905 1.826086956521739 0.043478260869564966 0.9023299404877161 0.07652213573856936 9.696843650000005 0.423582575000097 1.0643661499999835 0.28560984999994354 0.8991999234721332 0.021587772676684325 0.10080007652786646 0.021587772676684394 10.907720049999796 0.4402063249998722 8.928478850000296 0.25919450000023403 3.818223337499994 0.10312608125015688 2.119047450000039 0.14319519166670602 15.141962649999986 0.4136978250006962
ps2 "(2, 2)" 2 2 23.0 0.0 37.0 0.0 0.6216216216216216 0.0 1.769230769230769 0.0 0.9556979324672851 0.0 2.689043049999839 0.015419350000272392 0.2993822499999226 0.18628989999992024 0.8999769361196134 0.05336891501901586 0.10002306388038662 0.05336891501901571 2.99267524999982 0.18237269999959693 3.4800797999999413 0.18211079999997581 2.135820200000021 0.11863713750003058 0.751661050000024 0.007344000000088613 4.24355505000003 0.23682020000006787
ps2 "(2, 2)" 2 3 13.0 0.0 19.0 0.0 0.6842105263157895 0.0 1.0 0.0 0.0 0.0 1.092835799999847 0.0024578999999391726 0.11770704999989334 0.008704050000112304 0.9027785234300891 0.006632783263697428 0.09722147656991062 0.006632783263696818 1.210875850000022 0.010596474999900574 1.210875850000022 0.010596474999900574 1.210875850000022 0.010596474999900574 0.0 0.0 1.210875850000022 0.010596474999900574
ps2 "(2, 2)" 3 1 42.5 1.0 56.0 0.0 0.7589285714285714 0.017857142857142905 1.8478260869565215 0.043478260869564966 0.9023299404877161 0.14571994647830877 10.39608135000023 0.4192609749999736 1.4000659999999954 0.3642697250000422 0.8807228263414592 0.028672054214033404 0.11927717365854085 0.02867205421403364 11.79588434999974 0.33216872499960814 9.739368700000071 0.3011989250000564 4.062362312499992 0.11032559375017392 2.198665900000009 0.14302684166662782 16.11978889999999 0.44177385000018354
ps2 "(2, 2)" 3 2 23.0 0.0 37.0 0.0 0.6216216216216216 0.0 1.769230769230769 0.0 0.9556979324672851 0.0 2.7617467499999866 0.010633750000057507 0.31695649999990394 0.11209402499985543 0.8971979434355898 0.031773313406008974 0.10280205656441013 0.031773313406008835 3.079471099999921 0.11471342499933934 3.5709733999999003 0.0581442250003108 2.1641607000000533 0.070942062499872 0.7478284000000599 0.012677050000007739 4.300156500000071 0.14230947499900637
ps2 "(2, 2)" 3 3 13.0 0.0 19.0 0.0 0.6842105263157895 0.0 1.0 0.0 0.0 0.0 1.0953388999999873 0.0031338250002193035 0.11509494999984325 0.01077862499980145 0.9049068542699208 0.007988498977405167 0.09509314573007929 0.007988498977404626 1.2110038999998096 0.009193625000051053 1.2110038999998096 0.009193625000051053 1.2110038999998096 0.009193625000051053 0.0 0.0 1.2110038999998096 0.009193625000051053
ps2 "(2, 2)" NONE 1 45.0 0.0 60.0 0.0 0.75 0.0 1.956521739130435 0.0 0.890354440265941 0.15152539902939743 9.03750605000009 0.04065990000013642 0.9187856499999896 0.2906795250000087 0.9075810822092902 0.027256086329427887 0.09241891779070968 0.027256086329427942 9.95222664999985 0.2229740999999592 7.661034399999892 0.2478780250000181 3.565294000000026 0.05606813750026074 2.183423933333353 0.07634635833320136 14.121000249999955 0.2289510499999139
ps2 "(2, 2)" NONE 2 23.0 0.0 37.0 0.0 0.6216216216216216 0.0 1.769230769230769 0.0 0.9556979324672851 0.0 2.485624550000125 0.007049475000104888 0.32909229999984296 0.1436151999998927 0.8831565197315243 0.04434171024068301 0.11684348026847566 0.04434171024068334 2.8163109499998598 0.14234052500005134 3.259658450000021 0.20314970000042365 2.055370724999964 0.1416846250000754 0.8073472000000095 0.07868157500002582 4.0822256499999305 0.28355002500007487
ps2 "(2, 2)" NONE 3 13.0 0.0 19.0 0.0 0.6842105263157895 0.0 1.0 0.0 0.0 0.0 1.1016006500000661 0.0022150500002093843 0.11899285000004055 0.03761765000011334 0.9026092551137925 0.0269521536616959 0.09739074488620741 0.026952153661695566 1.2217355499999485 0.03955042499991279 1.2217355499999485 0.03955042499991279 1.2217355499999485 0.03955042499991279 0.0 0.0 1.2217355499999485 0.03955042499991279
ps2 "(2, 4)" 1 1 43.5 1.75 57.0 2.0 0.7678571428571429 0.015240147783251334 1.891304347826087 0.07608695652173991 0.8646181435935756 0.09872051781517788 9.80565965000011 0.2726181500001843 0.9391619000000588 0.39798295000039774 0.9125808098926211 0.032365138299385476 0.08741919010737897 0.0323651382993852 10.848398899999975 0.43387375000015993 6.956946899999707 0.1528830000000383 1.9166448000000145 0.05472671250000927 1.1867264857142865 0.06397266785708622 15.019261899999929 0.39111572500066316
ps2 "(2, 4)" 1 2 23.0 0.0 37.0 0.0 0.6216216216216216 0.0 1.769230769230769 0.0 0.9556979324672851 0.0 2.5833274499999734 0.017119949999713224 0.2691178499998443 0.11489752499988448 0.9058528348753343 0.03501518058815556 0.09414716512466538 0.035015180588155656 2.858495249999905 0.1231281500001451 3.3480318500001545 0.0590696250002245 2.053523424999952 0.09353169999986433 0.7506042500000376 0.06923442499999055 4.078710849999823 0.18710922499974458
ps2 "(2, 4)" 1 3 13.0 0.0 19.0 0.0 0.6842105263157895 0.0 1.0 0.0 0.0 0.0 1.0930184999999994 0.005405574999898688 0.11578050000002806 0.013865575000153244 0.9042399981485527 0.010416407435290376 0.09576000185144781 0.010416407435290431 1.209845999999999 0.016181199999820706 1.209845999999999 0.016181199999820706 1.209845999999999 0.016181199999820706 0.0 0.0 1.209845999999999 0.016181199999820706
ps2 "(2, 4)" 2 1 42.0 2.0 55.0 2.0 0.7636363636363637 0.008597883597883604 2.0 0.0952380952380949 0.8804370148783323 0.13920243774787022 11.293519250000092 0.5943541000003165 1.101803950000118 0.36217320000025666 0.909969699816972 0.02670357150795677 0.09003030018302793 0.026703571507957435 12.53457960000054 0.5890765749993783 7.376849150000254 0.22881807499976503 2.430556342857219 0.10324039642842253 1.5907921416666801 0.1069265625000142 16.73211235000025 0.7234170749990199
ps2 "(2, 4)" 2 2 23.0 0.0 37.0 0.0 0.6216216216216216 0.0 1.769230769230769 0.0 0.9556979324672851 0.0 2.6908207000000175 0.010986200000004942 0.2908179500000188 0.20116564999989345 0.9022684233595998 0.05769322709726854 0.09773157664040016 0.05769322709726844 2.987903749999873 0.2025415749998416 3.473157699999888 0.12105555000005142 2.1165605499998748 0.10662031249992765 0.7523515499999291 0.008999149999819878 4.204680299999751 0.21404594999985704
ps2 "(2, 4)" 2 3 13.0 0.0 19.0 0.0 0.6842105263157895 0.0 1.0 0.0 0.0 0.0 1.096594100000118 0.0043984000000698575 0.11806050000011226 0.010352099999932932 0.9028667130604486 0.007775916777337688 0.09713328693955167 0.0077759167773372995 1.213367899999895 0.008620050000055945 1.213367899999895 0.008620050000055945 1.213367899999895 0.008620050000055945 0.0 0.0 1.213367899999895 0.008620050000055945
ps2 "(2, 4)" 3 1 40.0 1.0 54.0 1.0 0.7547169811320755 0.004542278127183774 1.904761904761905 0.047619047619047006 0.8449852069711044 0.15812806629390208 11.679039199999814 0.40741217500006677 1.22915265000006 0.34882755000025156 0.9064563881520606 0.0244707752991562 0.09354361184793974 0.02447077529915652 12.95377215000002 0.6209468500006974 7.746402250000074 0.2355459500000734 2.5214791785715005 0.06761043214287454 1.648558716666673 0.08345542500007275 17.41594650000053 0.4722896500001106
ps2 "(2, 4)" 3 2 23.0 0.0 37.0 0.0 0.6216216216216216 0.0 1.769230769230769 0.0 0.9556979324672851 0.0 2.7868757000000386 0.012804399999812421 0.3077880000003006 0.11869249999983816 0.9002785898880145 0.033203310694420174 0.09972141011198563 0.03320331069442023 3.0914761999999314 0.1200331499998275 3.596386449999841 0.16025287499985197 2.1838449499999193 0.1051847250000657 0.7492494999999977 0.0063763500003233275 4.339190999999822 0.21034612499991656
ps2 "(2, 4)" 3 3 13.0 0.0 19.0 0.0 0.6842105263157895 0.0 1.0 0.0 0.0 0.0 1.098687799999851 0.004817599999956679 0.11839344999998505 0.011021050000024957 0.9030795315729288 0.008470241390901023 0.09692046842707142 0.008470241390900968 1.2177378000001795 0.011588049999787131 1.2177378000001795 0.011588049999787131 1.2177378000001795 0.011588049999787131 0.0 0.0 1.2177378000001795 0.011588049999787131
ps2 "(2, 4)" NONE 1 47.0 1.0 62.0 2.0 0.7580645161290323 0.008602150537634468 2.043478260869565 0.043478260869564966 0.8846970565364054 0.07451966474035099 9.148113600000002 0.2617204500002259 0.6629361999999972 0.2716455999998999 0.9323302477391457 0.024356452115997684 0.06766975226085434 0.02435645211599774 9.804964099999808 0.47437992500033843 6.626913500000143 0.1820755000001526 1.7823590062499681 0.049156259374996125 1.0799686785714195 0.051829707142808656 13.938758349999976 0.43328842500000064
ps2 "(2, 4)" NONE 2 23.0 0.0 37.0 0.0 0.6216216216216216 0.0 1.769230769230769 0.0 0.9556979324672851 0.0 2.491957549999995 0.012816775000195513 0.30119785000016464 0.1592911249999034 0.8926032802064969 0.04830976337133752 0.107396719793503 0.048309763371337744 2.795129800000211 0.1600925250000027 3.238935900000129 0.12062669999968367 2.0557221000000045 0.12041842500004662 0.809392349999996 0.11752457500001867 4.074051750000052 0.24040837500004386
ps2 "(2, 4)" NONE 3 13.0 0.0 19.0 0.0 0.6842105263157895 0.0 1.0 0.0 0.0 0.0 1.098935350000005 0.006187350000004255 0.1179569000000811 0.028441175000196536 0.9034015650260531 0.020324427571158266 0.09659843497394746 0.020324427571158793 1.2187042499999166 0.03317124999995236 1.2187042499999166 0.03317124999995236 1.2187042499999166 0.03317124999995236 0.0 0.0 1.2187042499999166 0.03317124999995236
ps2 "(4, 2)" 1 1 43.0 0.0 56.0 0.0 0.7678571428571429 0.0 1.869565217391304 0.0 0.8271357787804064 0.09514578800419449 9.270023399999914 0.037479175000108 0.903866099999945 0.3700064249997863 0.9110794158040807 0.03267494203804966 0.08892058419591892 0.032674942038050214 10.126107350000101 0.31170859999927814 7.096723050000051 0.13007982499927095 1.887792056250007 0.043258831250006846 1.1374028785714638 0.04199444999999313 14.77915239999997 0.3447659500003386
ps2 "(4, 2)" 1 2 23.0 0.0 37.0 0.0 0.6216216216216216 0.0 1.769230769230769 0.0 0.9556979324672851 0.0 2.954430599999938 0.014928225000077067 0.3017785500000514 0.20480977500002945 0.9074967022104384 0.054499341361691434 0.09250329778956146 0.0544993413616915 3.259405999999963 0.19995532500006163 3.0180562000000037 0.06854962499965822 1.1508243749999956 0.06315201249992008 0.5126487666666814 0.04501834166661922 4.519102499999995 0.25208827499973463
ps2 "(4, 2)" 1 3 13.0 0.0 19.0 0.0 0.6842105263157895 0.0 1.0 0.0 0.0 0.0 1.093311300000039 0.0027388999999338193 0.11850960000009535 0.01589840000039551 0.9021199285538619 0.011665755426839786 0.0978800714461384 0.011665755426840452 1.212423900000118 0.016390125000611544 1.212423900000118 0.016390125000611544 1.212423900000118 0.016390125000611544 0.0 0.0 1.212423900000118 0.016390125000611544
ps2 "(4, 2)" 2 1 41.0 0.0 53.0 1.0 0.7735849056603774 0.014325646401118108 1.952380952380952 0.0 0.8449852069711044 0.07663302525507276 9.80974124999996 0.14869352499986555 0.86565370000001 0.32592129999993347 0.9188916315682834 0.02692205855438201 0.08110836843171633 0.02692205855438186 10.691836499999965 0.2864730500002324 7.447043749999864 0.22107849999997597 2.288903635714287 0.05022443214290373 1.4185651000000234 0.05474972499997599 15.68508635000001 0.3862139750002491
ps2 "(4, 2)" 2 2 23.0 0.0 37.0 0.0 0.6216216216216216 0.0 1.769230769230769 0.0 0.9556979324672851 0.0 3.2128627499999993 0.024039875000144928 0.4317918500000246 0.3276182499999152 0.8814804590684095 0.07753060807478462 0.11851954093159042 0.07753060807478486 3.6430677000000458 0.33488867499912045 3.138177099999993 0.06057787500005274 1.2505967500000006 0.085137037500161 0.5779108666667032 0.1016315416666227 4.882367500000029 0.32602852499950075
ps2 "(4, 2)" 2 3 13.0 0.0 19.0 0.0 0.6842105263157895 0.0 1.0 0.0 0.0 0.0 1.0963400999999775 0.002380400000248306 0.11823279999990174 0.010568524999953852 0.9026765445572054 0.008092435646691376 0.09732345544279447 0.008092435646691362 1.2148759000000204 0.010437574999954347 1.2148759000000204 0.010437574999954347 1.2148759000000204 0.010437574999954347 0.0 0.0 1.2148759000000204 0.010437574999954347
ps2 "(4, 2)" 3 1 41.0 0.0 53.0 1.0 0.7592592592592593 0.014325646401118108 1.952380952380952 0.0 0.8449852069711044 0.08754659550312394 10.567917399999825 0.14929189999991088 1.13609929999987 0.36412537500017805 0.9031355627833626 0.028288898529774453 0.09686443721663734 0.028288898529774037 11.613277749999895 0.4051335250003749 8.497681049999994 0.3708449999997683 2.469251592857153 0.06314955714280934 1.4334384333333505 0.06930162500005421 16.994209300000115 0.44229649999972054
ps2 "(4, 2)" 3 2 23.0 0.0 37.0 0.0 0.6216216216216216 0.0 1.769230769230769 0.0 0.9556979324672851 0.0 3.471398800000102 0.010673449999969886 0.38108590000018694 0.19468102499984502 0.9010355205496265 0.04390268355191529 0.09896447945037348 0.04390268355191515 3.851722400000085 0.1894535250001681 3.217574400000643 0.21930237499963612 1.3187788625000325 0.09050426249986288 0.6441181333332603 0.061353741666608785 5.1898043500001165 0.36189634999993814
ps2 "(4, 2)" 3 3 13.0 0.0 19.0 0.0 0.6842105263157895 0.0 1.0 0.0 0.0 0.0 1.096329199999843 0.0039113000001120835 0.1166445500000179 0.06733039999997632 0.9035871613980375 0.048047164950742016 0.0964128386019621 0.04804716495074249 1.213193250000046 0.06696822500002098 1.213193250000046 0.06696822500002098 1.213193250000046 0.06696822500002098 0.0 0.0 1.213193250000046 0.06696822500002098
ps2 "(4, 2)" NONE 1 44.0 1.0 56.0 2.0 0.7758620689655172 0.009852216748768461 1.91304347826087 0.043478260869564966 0.8271357787804064 0.10283819398788863 8.527622849999965 0.3527899249997475 0.8433660500000428 0.348313925000056 0.9108635584293113 0.03182549539147139 0.0891364415706887 0.0318254953914715 9.499117700000113 0.5532016749997197 6.602024749999799 0.07366454999987138 1.7396117812499838 0.06312324374995293 1.0489173571427926 0.0731083107142998 13.593037799999875 0.48824804999963867
ps2 "(4, 2)" NONE 2 23.0 0.0 37.0 0.0 0.6216216216216216 0.0 1.769230769230769 0.0 0.9556979324672851 0.0 2.5405602500001123 0.008142674999984223 0.2469904499997995 0.17691244999993216 0.9114111297018801 0.05480325056986113 0.08858887029811968 0.05480325056986138 2.7881629999996567 0.18099217499985132 2.7380835999998396 0.018341649999700227 1.0362316874999935 0.05215816249997807 0.4478501333332569 0.056214733333334266 4.059828349999982 0.20857094999997017
ps2 "(4, 2)" NONE 3 13.0 0.0 19.0 0.0 0.6842105263157895 0.0 1.0 0.0 0.0 0.0 1.095856800000007 0.005717800000187623 0.1149100499999918 0.01295167500017945 0.9052866505684396 0.009514906330061246 0.09471334943156068 0.009514906330061051 1.210472200000254 0.011321325000394955 1.210472200000254 0.011321325000394955 1.210472200000254 0.011321325000394955 0.0 0.0 1.210472200000254 0.011321325000394955
ps2 "(4, 4)" 1 1 43.0 2.0 57.0 2.0 0.7636363636363637 0.01754385964912275 1.954545454545455 0.09090909090909105 0.8491501991607984 0.10441482625612641 10.717552250000011 0.8176100250006169 0.9226871000000187 0.4331034499996913 0.919259209359407 0.034819554390670415 0.08074079064059299 0.03481955439067086 11.793976749999896 0.6986000249996707 6.381763299999932 0.19953492499902215 1.2023667214285956 0.05524153035719337 0.8032478807692724 0.06412889230773944 16.305047850000225 0.7701188750001222
ps2 "(4, 4)" 1 2 23.0 0.0 37.0 0.0 0.6216216216216216 0.0 1.769230769230769 0.0 0.9556979324672851 0.0 2.957677399999909 0.010843350000057761 0.30866694999997435 0.23442887499998477 0.9054033070673174 0.061221279168400033 0.09459669293268261 0.06122127916839998 3.2675539500000355 0.2404730500000838 3.022700899999762 0.07493859999969255 1.171532949999989 0.08681174999994923 0.5134296333333168 0.05913468333326222 4.579165650000025 0.3470488999998622
ps2 "(4, 4)" 1 3 13.0 0.0 19.0 0.0 0.6842105263157895 0.0 1.0 0.0 0.0 0.0 1.096760350000011 0.005352424999998329 0.11728894999993145 0.01598682499972172 0.903369802022248 0.011429458966776385 0.096630197977752 0.011429458966776745 1.2145548500000416 0.01847332500002996 1.2145548500000416 0.01847332500002996 1.2145548500000416 0.01847332500002996 0.0 0.0 1.2145548500000416 0.01847332500002996
ps2 "(4, 4)" 2 1 43.0 2.0 57.0 2.0 0.7636363636363637 0.008293460925039797 1.954545454545455 0.09090909090909105 0.8591246929842246 0.10441482625612641 11.655737850000065 0.8450552000001004 1.0049835999999743 0.3902178749996281 0.918648968300831 0.03059363675722393 0.08135103169916924 0.03059363675722407 12.79543195000065 0.7472917750001908 6.778521050000201 0.2666856000005273 1.305111010714303 0.06108329107136856 0.8746549230768826 0.06800542115387054 17.74147240000022 0.8725776750001266
ps2 "(4, 4)" 2 2 23.0 0.0 37.0 0.0 0.6216216216216216 0.0 1.769230769230769 0.0 0.9556979324672851 0.0 3.217398299999957 0.018214349999986723 0.45802929999999265 0.3563391500001245 0.8755156857336663 0.08237296901135605 0.12448431426633365 0.08237296901135599 3.675523449999986 0.3601886500004099 3.1420074999997496 0.16510515000025094 1.2584090999999715 0.09449153124982934 0.5761128999999793 0.06826527499998036 4.948353449999885 0.3767375999993021
ps2 "(4, 4)" 2 3 13.0 0.0 19.0 0.0 0.6842105263157895 0.0 1.0 0.0 0.0 0.0 1.09410639999993 0.0040013250001891265 0.11566500000009225 0.009288925000248596 0.9045858557169013 0.007045895110911582 0.09541414428309888 0.007045895110910916 1.210539649999788 0.010742425000145328 1.210539649999788 0.010742425000145328 1.210539649999788 0.010742425000145328 0.0 0.0 1.210539649999788 0.010742425000145328
ps2 "(4, 4)" 3 1 44.0 2.0 57.0 2.0 0.7719298245614035 0.008293460925039797 2.0 0.09090909090909105 0.8591246929842246 0.07589474471312363 13.51602675000019 0.9151054749997787 1.184480000000043 0.4310910500004328 0.9171398858186623 0.029176885003470043 0.08286011418133804 0.029176885003469766 14.536599900000109 1.1530560749994123 7.091727650000053 0.10417354999967277 1.4456418178571324 0.06425549285710486 1.004531507692351 0.06928336923080369 19.651700450000703 0.9065256000000623
ps2 "(4, 4)" 3 2 23.0 0.0 37.0 0.0 0.6216216216216216 0.0 1.769230769230769 0.0 0.9556979324672851 0.0 3.4834053999995547 0.010638000000284364 0.37445054999989225 0.18118582500019897 0.9029198660383839 0.04084785093441612 0.09708013396161616 0.04084785093441606 3.862419849999867 0.17451952499989964 3.216867000000036 0.047187025000223315 1.2922479499999044 0.06511871249986467 0.6463044000000384 0.024870775000143452 5.08294019999957 0.26007722499953445
ps2 "(4, 4)" 3 3 13.0 0.0 19.0 0.0 0.6842105263157895 0.0 1.0 0.0 0.0 0.0 1.0971914999999726 0.004645475000116583 0.114739749999913 0.00944837499997675 0.9053437221085966 0.0068709171380064715 0.09465627789140332 0.006870917138006555 1.2136048999999827 0.010245550000262948 1.2136048999999827 0.010245550000262948 1.2136048999999827 0.010245550000262948 0.0 0.0 1.2136048999999827 0.010245550000262948
ps2 "(4, 4)" NONE 1 55.0 2.0 67.0 2.0 0.8153846153846154 0.005510907003444365 2.391304347826087 0.08695652173912993 0.9199663413371043 0.052609387007247266 10.852940099999955 0.4267130000001309 0.6399526000001217 0.24374459999978626 0.9445665588313372 0.01931955036736699 0.05543344116866295 0.01931955036736724 11.489478049999747 0.5019994999999451 5.646335250000163 0.22668685000016353 1.077528446666639 0.030477713333328937 0.7479252750000245 0.028499883928565728 15.58357219999968 0.5039625500006686
ps2 "(4, 4)" NONE 2 23.0 0.0 37.0 0.0 0.6216216216216216 0.0 1.769230769230769 0.0 0.9556979324672851 0.0 2.5670601500001453 0.00702367500013823 0.25182235000016817 0.21683534999985454 0.9105035530896455 0.06602970342788905 0.08949644691035463 0.06602970342788889 2.8559833500000456 0.22365172499997543 2.762625049999997 0.09767764999978867 1.0671940374999913 0.0701653499999253 0.45314325000000133 0.0683728500000077 4.183942599999938 0.2788017249998802
ps2 "(4, 4)" NONE 3 13.0 0.0 19.0 0.0 0.6842105263157895 0.0 1.0 0.0 0.0 0.0 1.104521650000045 0.0068749499999614105 0.1163763000001268 0.012859650000223183 0.9049301296694008 0.009474743223227056 0.0950698703305993 0.009474743223226792 1.222172749999828 0.014438000000019935 1.222172749999828 0.014438000000019935 1.222172749999828 0.014438000000019935 0.0 0.0 1.222172749999828 0.014438000000019935
ps3 "(2, 2)" 1 1 58.0 0.0 74.0 0.0 0.7837837837837838 0.0 1.933333333333333 0.0 0.7306484970274945 0.14046390643195572 12.44623289999953 0.030349599999942356 1.4028488499999696 0.4055753500001067 0.898622387190549 0.0262902076521373 0.1013776128094509 0.02629020765213741 13.835108049999821 0.36157877499983293 8.805439249999438 0.2067840999992825 4.833525300000037 0.07851773750013269 3.474990049999974 0.11806385833351873 19.20233475000025 0.3308293250006642
ps3 "(2, 2)" 1 2 30.0 0.0 47.0 0.0 0.6382978723404256 0.0 2.142857142857143 0.0 0.7288909735221389 0.022631697317753163 3.472904550000351 0.009071849999699566 0.38084495000015295 0.1288519499999765 0.9013967238953213 0.02915285107850918 0.09860327610467857 0.029152851078509234 3.856482949999304 0.13423632499894467 3.6000860499997316 0.04955299999996354 2.6145329500001253 0.07703633749993388 1.6226214000002979 0.014044824999814853 5.200558850000448 0.15364674999989347
ps3 "(2, 2)" 1 3 14.0 0.0 21.0 0.0 0.6666666666666666 0.0 1.0 0.0 0.0 0.0 1.191104349999648 0.0017851250003018126 0.1447064999997849 0.010818449999874302 0.8916818369849604 0.007161921850300734 0.10831816301503965 0.00716192185030011 1.3371477999999115 0.008348449999765029 1.3371477999999115 0.008348449999765029 1.3371477999999115 0.008348449999765029 0.0 0.0 1.3371477999999115 0.008348449999765029
ps3 "(2, 2)" 2 1 58.0 0.0 74.0 0.0 0.7837837837837838 0.0 1.933333333333333 0.0 0.7306484970274945 0.12368667332282046 13.279869500000135 0.03651192499962086 1.5809580500000209 0.34350764999994987 0.89358418093399 0.020955308584836185 0.10641581906600975 0.020955308584835755 14.865315700000036 0.3171622249997643 9.150016499999879 0.2293724500007528 5.1139327124998815 0.08354338124995397 3.7219564666667067 0.10920513333332771 20.31686825000007 0.3736874000002075
ps3 "(2, 2)" 2 2 30.0 0.0 47.0 0.0 0.6382978723404256 0.0 2.142857142857143 0.0 0.7288909735221389 0.022631697317753163 3.569745399999789 0.01301640000015336 0.3911498499995787 0.01856244999984824 0.9012855979190193 0.004160139032993615 0.09871440208098065 0.0041601390329938925 3.9624395499994307 0.022736749999552774 3.716067100000032 0.06678182500014174 2.6738110999999094 0.09381128749997947 1.622702499999832 0.012217449999958774 5.317711949999705 0.18075100000003985
ps3 "(2, 2)" 2 3 14.0 0.0 21.0 0.0 0.6666666666666666 0.0 1.0 0.0 0.0 0.0 1.1946022000000764 0.005352125000108732 0.14815244999994093 0.01801914999953169 0.8898635729801856 0.011963765884339339 0.11013642701981466 0.011963765884339478 1.343455550000158 0.015871299999971722 1.343455550000158 0.015871299999971722 1.343455550000158 0.015871299999971722 0.0 0.0 1.343455550000158 0.015871299999971722
ps3 "(2, 2)" 3 1 58.0 0.0 74.0 0.0 0.7837837837837838 0.0 1.933333333333333 0.0 0.7242797768214144 0.07041839575448428 14.014774249999945 0.03713939999974514 1.93570590000013 0.39612209999995684 0.8784100088255332 0.021976485116105282 0.12158999117446645 0.021976485116105476 15.921680050000294 0.37005140000019665 9.949368400000026 0.24622147500066482 5.430776087499989 0.07633454374994741 3.893114383333322 0.12978392500007363 21.591292100000132 0.32446947499898116
ps3 "(2, 2)" 3 2 30.0 0.0 47.0 0.0 0.6382978723404256 0.0 2.142857142857143 0.0 0.7288909735221389 0.022631697317753163 3.6794387000001336 0.011596024999902976 0.42859819999972615 0.27086804999974134 0.8957431296930217 0.055976473056665754 0.10425687030697829 0.055976473056665615 4.119683049999907 0.26400312499973566 3.843010400000196 0.052369025000686076 2.749459750000085 0.15482937500035687 1.626359300000104 0.05127847500010718 5.470698300000208 0.3099440500007793
ps3 "(2, 2)" 3 3 14.0 0.0 21.0 0.0 0.6666666666666666 0.0 1.0 0.0 0.0 0.0 1.1947331000000498 0.00486375000002659 0.1467793499997754 0.01157202500024826 0.8907097594059439 0.007734811954696386 0.10929024059405607 0.007734811954696094 1.3425862500000105 0.012754225000008557 1.3425862500000105 0.012754225000008557 1.3425862500000105 0.012754225000008557 0.0 0.0 1.3425862500000105 0.012754225000008557
ps3 "(2, 2)" NONE 1 60.0 0.0 78.0 0.0 0.7692307692307693 0.0 2.0 0.0 0.7656414934887764 0.1265322998159394 12.29180705000033 0.019760574999587277 1.375226900000015 0.3660170750001721 0.8995205660867323 0.02455841846981688 0.10047943391326744 0.024558418469817128 13.671363250000184 0.33855225000177214 7.829829350000068 0.19698072500007413 4.7554471750000715 0.06788583124986047 3.693918450000017 0.11370078333350353 18.89060185000028 0.2818849249997193
ps3 "(2, 2)" NONE 2 30.0 0.0 47.0 0.0 0.6382978723404256 0.0 2.142857142857143 0.0 0.7288909735221389 0.022631697317753163 3.378072199999906 0.0167639500001191 0.4203929000000812 0.048421824999579144 0.889295733986367 0.011323171419572398 0.11070426601363303 0.011323171419572273 3.795553649999988 0.051213624999719265 3.4783150499998214 0.0518237749995194 2.5862881750000355 0.058181262500262676 1.680941499999875 0.034831424999979044 5.144142199999976 0.11596842500052418
ps3 "(2, 2)" NONE 3 14.0 0.0 21.0 0.0 0.6666666666666666 0.0 1.0 0.0 0.0 0.0 1.1892625999999211 0.002641700000183045 0.14614400000018435 0.01544050000007502 0.8905361397682028 0.010244184410866386 0.10946386023179709 0.010244184410866636 1.3343277500001705 0.014755999999906289 1.3343277500001705 0.014755999999906289 1.3343277500001705 0.014755999999906289 0.0 0.0 1.3343277500001705 0.014755999999906289
ps3 "(2, 4)" 1 1 60.0 2.0 76.0 2.0 0.7894736842105263 0.005689900426742556 2.0 0.0666666666666671 0.7424732632418052 0.08163677201565134 13.513816899999881 0.442471550000084 1.259738549999895 0.4248512250002674 0.9148619565434977 0.026446627621662833 0.08513804345650232 0.026446627621663124 14.550634549999925 0.40903945000005315 7.250961200000329 0.18056704999975093 2.517706499999978 0.04882310312516758 1.8290483785713965 0.06922683214274428 19.84447209999994 0.4195244250008585
ps3 "(2, 4)" 1 2 30.0 0.0 47.0 0.0 0.6382978723404256 0.0 2.142857142857143 0.0 0.7288909735221389 0.022631697317753163 3.477375850000044 0.0098662249999113 0.38046269999983906 0.020349199999657175 0.9013940416814772 0.004634165938451451 0.09860595831852281 0.004634165938451576 3.8570687499998257 0.023846450000348796 3.598568250000014 0.030364374999634958 2.6119778499999886 0.026301299999914374 1.623959049999904 0.01006517499996562 5.195553200000376 0.05285654999997291
ps3 "(2, 4)" 1 3 14.0 0.0 21.0 0.0 0.6666666666666666 0.0 1.0 0.0 0.0 0.0 1.190212500000257 0.0020084500001189554 0.14834949999990948 0.012665750000081771 0.889211843800107 0.008645548396371994 0.11078815619989324 0.008645548396371702 1.3392221500000685 0.012165949999960901 1.3392221500000685 0.012165949999960901 1.3392221500000685 0.012165949999960901 0.0 0.0 1.3392221500000685 0.012165949999960901
ps3 "(2, 4)" 2 1 59.0 2.0 75.0 2.0 0.786628733997155 0.005689900426742556 1.9666666666666663 0.0666666666666671 0.7542980294561158 0.07335497399541491 15.760680399999854 0.31494424999887904 1.6038538499999646 0.45010090000026914 0.9082173327690892 0.023481867841872006 0.09178266723091083 0.023481867841872103 17.33650545000023 0.5478136499999522 7.585800349999666 0.1751793499994676 2.8709605624998105 0.06082988437506254 2.1897225428571607 0.08663675714292207 22.675825399999326 0.4876841249999586
ps3 "(2, 4)" 2 2 30.0 0.0 47.0 0.0 0.6382978723404256 0.0 2.142857142857143 0.0 0.7288909735221389 0.022631697317753163 3.5627744500000453 0.014814725000547924 0.3928846500002976 0.05705925000042811 0.9006085117657983 0.012810147569065511 0.09939148823420177 0.012810147569065636 3.955568500000368 0.061308974999841226 3.702028200000029 0.042732099999767126 2.6620211500001005 0.060607437500227235 1.6213513000000144 0.011274025000303833 5.295608550000338 0.12151805000019777
ps3 "(2, 4)" 2 3 14.0 0.0 21.0 0.0 0.6666666666666666 0.0 1.0 0.0 0.0 0.0 1.187862999999993 0.003085649999523099 0.14794769999974733 0.01216592499966393 0.8892156773409844 0.008020444750355349 0.11078432265901567 0.008020444750355793 1.3362465499999414 0.014033600000033397 1.3362465499999414 0.014033600000033397 1.3362465499999414 0.014033600000033397 0.0 0.0 1.3362465499999414 0.014033600000033397
ps3 "(2, 4)" 3 1 58.0 0.0 74.0 0.0 0.7837837837837838 0.0 1.933333333333333 0.0 0.7179110566153343 0.06160866103169238 17.473299599999677 0.19122412499987718 1.7474702500000205 0.5693678500009296 0.9081644026010198 0.02787076810439948 0.09183559739898034 0.027870768104399757 19.106490500000348 0.4921691250011051 7.949466750000028 0.13826899999997977 3.1152208937500934 0.06186525937521381 2.412410421428555 0.06056707142858331 24.654339550000444 0.4929462000020486
ps3 "(2, 4)" 3 2 30.0 0.0 47.0 0.0 0.6382978723404256 0.0 2.142857142857143 0.0 0.7288909735221389 0.022631697317753163 3.67053485000001 0.012122950000077015 0.4235657499998524 0.03236874999961975 0.8966344469044034 0.006906010893572123 0.10336555309559647 0.006906010893572331 4.09462710000048 0.05144754999929546 3.8427652000002013 0.04980267500054936 2.734135624999993 0.03410099999923588 1.6245128000000475 0.011941600000077823 5.439987950000102 0.0682450249983555
ps3 "(2, 4)" 3 3 14.0 0.0 21.0 0.0 0.6666666666666666 0.0 1.0 0.0 0.0 0.0 1.1945266000001311 0.0021531750001402283 0.1505696999997781 0.010954550000121771 0.888132662883185 0.007420257488181536 0.1118673371168154 0.00742025748818223 1.3453048499998204 0.013819074999691372 1.3453048499998204 0.013819074999691372 1.3453048499998204 0.013819074999691372 0.0 0.0 1.3453048499998204 0.013819074999691372
ps3 "(2, 4)" NONE 1 62.0 2.0 80.0 2.0 0.775 0.005769230769230749 2.066666666666667 0.06666666666666687 0.7741353650548044 0.08019909044025775 12.15210434999993 0.3671635750005464 1.017631949999874 0.37719717499966565 0.9227828614802833 0.02657591321216146 0.07721713851971668 0.02657591321216124 13.0324849500002 0.40241220000016753 6.886362500000303 0.21713947500020936 2.3327036187500063 0.05480368437489247 1.6589658142856365 0.0460840285714339 18.302631050000173 0.4187253749988997
ps3 "(2, 4)" NONE 2 30.0 0.0 47.0 0.0 0.6382978723404256 0.0 2.142857142857143 0.0 0.7288909735221389 0.022631697317753163 3.387087699999896 0.019244074999960947 0.43871414999993874 0.168398000000046 0.885444974117774 0.03841946693089404 0.11455502588222607 0.038419466930893806 3.8272042999998916 0.17380957500004612 3.4943593500005363 0.06694994999993442 2.6031600750000763 0.10737751250025296 1.692391850000547 0.052265949999732 5.17112510000014 0.21693987500026424
ps3 "(2, 4)" NONE 3 14.0 0.0 21.0 0.0 0.6666666666666666 0.0 1.0 0.0 0.0 0.0 1.1952210000000036 0.00824337500008454 0.14622125000008168 0.00987880000003119 0.891012152007232 0.006269797308890324 0.10898784799276816 0.006269797308890074 1.3408207000001364 0.01154199999996286 1.3408207000001364 0.01154199999996286 1.3408207000001364 0.01154199999996286 0.0 0.0 1.3408207000001364 0.01154199999996286
ps3 "(4, 2)" 1 1 58.0 0.0 74.0 0.0 0.7837837837837838 0.0 1.933333333333333 0.0 0.7179110566153343 0.06160866103169238 12.320013200000025 0.05634877500016877 1.09172925 0.4270389249997777 0.9186249470492783 0.02880481672973123 0.08137505295072207 0.028804816729730884 13.41602780000002 0.44626337500008617 7.270122199999491 0.18635435000008638 2.458709606249993 0.04874873437502414 1.7517616571428931 0.048921567857105774 19.318088849999896 0.3895449250003509
ps3 "(4, 2)" 1 2 30.0 0.0 47.0 0.0 0.6382978723404256 0.0 2.142857142857143 0.0 0.7402068221810155 0.022631697317753163 3.956696899999457 0.1271947750001199 0.38256440000020575 0.19869870000011502 0.9125217828032657 0.038963101096272656 0.08747821719673421 0.03896310109627282 4.40433665000009 0.19810664999982208 3.145665200000124 0.05268467500055829 1.4564238374999405 0.0628082499998277 0.8933994166666537 0.050193058333235285 5.740711150000152 0.22900019999912402
ps3 "(4, 2)" 1 3 14.0 0.0 21.0 0.0 0.6666666666666666 0.0 1.0 0.0 0.0 0.0 1.186554050000012 0.0024827749997484716 0.14942069999989374 0.016551075000185378 0.8881297366607963 0.010639871087318786 0.11187026333920391 0.010639871087318967 1.335153249999905 0.01721502500021188 1.335153249999905 0.01721502500021188 1.335153249999905 0.01721502500021188 0.0 0.0 1.335153249999905 0.01721502500021188
ps3 "(4, 2)" 2 1 58.0 0.0 74.0 0.0 0.7837837837837838 0.0 1.933333333333333 0.0 0.7242797768214144 0.12368667332282046 13.5857050999997 0.11107619999979335 1.2947413500000664 0.5039586249999599 0.912736632616604 0.030622064012135408 0.08726336738339625 0.030622064012135672 14.91163685000029 0.41653120000037624 7.608217400000285 0.1620684249999016 2.69993314374992 0.033637890625054734 1.9845909142856861 0.05209087142864588 21.228118549999806 0.3035462500001316
ps3 "(4, 2)" 2 2 30.0 0.0 47.0 0.0 0.6382978723404256 0.0 2.142857142857143 0.0 0.7288909735221389 0.022631697317753163 4.290598349999925 0.12303025000016987 0.5054351499998546 0.2861055000004313 0.8973857307167598 0.05080493549522336 0.10261426928324024 0.050804935495223136 4.894390349999696 0.33281542500062855 3.250819200000251 0.017153450000193526 1.580565524999777 0.08238038749986809 1.0141167833334257 0.09918594166668893 6.237228199999208 0.3282818249994861
ps3 "(4, 2)" 2 3 14.0 0.0 21.0 0.0 0.6666666666666666 0.0 1.0 0.0 0.0 0.0 1.1930616500001179 0.002588174999788251 0.14535925000024008 0.009424874999936605 0.891674228208744 0.006595515725858592 0.10832577179125569 0.006595515725858786 1.3377355000000644 0.010497750000205475 1.3377355000000644 0.010497750000205475 1.3377355000000644 0.010497750000205475 0.0 0.0 1.3377355000000644 0.010497750000205475
ps3 "(4, 2)" 3 1 58.0 0.0 74.0 0.0 0.7837837837837838 0.0 1.933333333333333 0.0 0.7550841073372605 0.14046390643195572 15.016619199999749 0.15489187500024038 1.7280809499998209 0.520580525000327 0.8964715247980204 0.027315605588214553 0.10352847520197966 0.027315605588214817 16.73845605000036 0.5572060249995907 8.625991800000179 0.1824307249999748 3.0038203749998775 0.044084684375302885 2.1962435071428787 0.03823075357132222 23.652217450000066 0.32312702499979196
ps3 "(4, 2)" 3 2 30.0 0.0 47.0 0.0 0.6382978723404256 0.0 2.142857142857143 0.0 0.7288909735221389 0.022631697317753163 4.864365700000178 0.13236592500032884 0.555069549999871 0.06309637500027421 0.8987283142373612 0.010603140552898016 0.10127168576263863 0.010603140552897974 5.450937099999781 0.16806850000027485 3.391686100000186 0.019094949999800548 1.742094574999982 0.06871101249996259 1.164789016666631 0.054245724999752776 6.868761899999782 0.27528674999982883
ps3 "(4, 2)" 3 3 14.0 0.0 21.0 0.0 0.6666666666666666 0.0 1.0 0.0 0.0 0.0 1.2039724499999234 0.004152200000078654 0.1472916999999967 0.010685900000225929 0.8907687261118116 0.006870586795003852 0.10923127388818815 0.006870586795003686 1.351935850000018 0.010810450000065197 1.351935850000018 0.010810450000065197 1.351935850000018 0.010810450000065197 0.0 0.0 1.351935850000018 0.010810450000065197
ps3 "(4, 2)" NONE 1 61.0 2.0 76.0 2.0 0.8026315789473685 0.005334281650071215 2.033333333333333 0.06666666666666621 0.7361015173508365 0.07823278721995519 12.11760555000009 0.48509767500014433 1.0591620000000785 0.2704493750000765 0.9197697943075667 0.020328572684232604 0.08023020569243286 0.02032857268423323 13.078735550000019 0.5304570749998305 6.767665750000077 0.04227262500030804 2.3139938750000297 0.07736556249984661 1.6730121857142746 0.07415621428563268 18.162799249999466 0.597719574999001
ps3 "(4, 2)" NONE 2 30.0 0.0 47.0 0.0 0.6382978723404256 0.0 2.142857142857143 0.0 0.7515226708398921 0.0 3.3961284500000346 0.005328800000325984 0.3097664499998132 0.20590332500050573 0.9164145865095555 0.04845111641169375 0.08358541349044452 0.04845111641169347 3.7059868000001757 0.20911437499978547 2.883803650000111 0.013850975000395671 1.2847561874999474 0.0645032562498904 0.749033466666712 0.06627983333333032 5.054139749999727 0.2577902499991751
ps3 "(4, 2)" NONE 3 14.0 0.0 21.0 0.0 0.6666666666666666 0.0 1.0 0.0 0.0 0.0 1.193959550000045 0.002211200000374891 0.14734115000007364 0.012570424999708563 0.8902674376181257 0.008219022190806613 0.10973256238187422 0.008219022190806557 1.339999349999971 0.01275645000001191 1.339999349999971 0.01275645000001191 1.339999349999971 0.01275645000001191 0.0 0.0 1.339999349999971 0.01275645000001191
ps3 "(4, 4)" 1 1 58.0 2.0 74.0 2.0 0.7837837837837838 0.005689900426742556 1.933333333333333 0.0666666666666671 0.7542980294561158 0.09980997169947214 14.84778135000005 0.8052505249999165 1.215860049999719 0.4588369500005456 0.9230616824113174 0.029316848846342003 0.07693831758868253 0.02931684884634196 15.965908699999886 0.9087800250002811 6.526587300000557 0.10842527500051968 1.4019516062500106 0.06937756249999572 1.060093453333338 0.07086026333332551 21.83650875000035 1.0791143250003365
ps3 "(4, 4)" 1 2 30.0 0.0 47.0 0.0 0.6382978723404256 0.0 2.142857142857143 0.0 0.7288909735221389 0.022631697317753163 3.9109942000001183 0.1287882749999305 0.38277250000003704 0.273072674999895 0.9122875394811719 0.05331048212149225 0.08771246051882807 0.05331048212149231 4.39882544999999 0.31633772500020996 3.1463107000005266 0.051965374999654035 1.4527452000000505 0.08112419374982593 0.8926456666666478 0.05161659166644961 5.7261889500002425 0.3247803999993977
ps3 "(4, 4)" 1 3 14.0 0.0 21.0 0.0 0.6666666666666666 0.0 1.0 0.0 0.0 0.0 1.1874431999999615 0.0028669000000649536 0.14649880000001755 0.010417975000308388 0.8900797686994097 0.006960504495050035 0.10992023130059025 0.0069605044950497574 1.33319895000011 0.012521800000086847 1.33319895000011 0.012521800000086847 1.33319895000011 0.012521800000086847 0.0 0.0 1.33319895000011 0.012521800000086847
ps3 "(4, 4)" 2 1 59.5 2.0 75.0 2.0 0.7894736842105263 0.005689900426742556 1.9833333333333334 0.0666666666666671 0.7542980294561158 0.1125437419220654 16.778900949999926 0.8320047000007129 1.5301290999997836 0.5232511249999767 0.9164338257196927 0.024038057889404718 0.08356617428030719 0.02403805788940508 18.33230454999989 0.7491712500000105 6.934831650001001 0.2210955000002608 1.5740169562500697 0.05211833281240397 1.2152063900000185 0.049209944999971 24.58607635000067 0.834205849999222
ps3 "(4, 4)" 2 2 30.0 0.0 47.0 0.0 0.6382978723404256 0.0 2.142857142857143 0.0 0.7288909735221389 0.022631697317753163 4.302969999999675 0.12698487499997668 0.467811849999066 0.19404792500063195 0.9028540638692615 0.036009642176805134 0.09714593613073857 0.036009642176805134 4.866744349999905 0.22379737500119035 3.264414150000789 0.04341492500105337 1.5756633124998984 0.07409833125002407 1.005913499999963 0.05966582499991113 6.2178435499995715 0.2957927000000069
ps3 "(4, 4)" 2 3 14.0 0.0 21.0 0.0 0.6666666666666666 0.0 1.0 0.0 0.0 0.0 1.194118199999821 0.00359864999995807 0.14835810000016636 0.011500849999833945 0.8894235806019216 0.007421190366434072 0.11057641939807861 0.007421190366434002 1.3415193999999815 0.012236299999585976 1.3415193999999815 0.012236299999585976 1.3415193999999815 0.012236299999585976 0.0 0.0 1.3415193999999815 0.012236299999585976
ps3 "(4, 4)" 3 1 52.5 2.0 66.0 2.0 0.7909982174688057 0.0062388591800356386 1.9444444444444446 0.07407407407407396 0.7844645405527362 0.06642882857534771 17.529729400000292 0.9009675500009244 1.559417899999971 0.5581654249998709 0.9174946424362911 0.025700167776673388 0.08250535756370869 0.02570016777667318 19.216384500000572 1.141033750001057 7.282772799999691 0.13973637500056668 1.776587023333279 0.07138290999994035 1.383940425000016 0.0687733071429033 26.089307599999017 1.099419249998494
ps3 "(4, 4)" 3 2 30.0 0.0 47.0 0.0 0.6382978723404256 0.0 2.142857142857143 0.0 0.7288909735221389 0.0 4.858284100000276 0.024982250000107342 0.5708718999999292 0.373398200000004 0.8948015182153944 0.05854614523890578 0.10519848178460557 0.058546145238905584 5.527462899999989 0.3806984000002558 3.385415349999789 0.0501586000003158 1.7453383000000076 0.11993687500024564 1.159220816666732 0.08546988333326233 6.89659450000002 0.47894272500094814
ps3 "(4, 4)" 3 3 14.0 0.0 21.0 0.0 0.6666666666666666 0.0 1.0 0.0 0.0 0.0 1.1975321999998414 0.0024152250003977027 0.14951110000009749 0.009758150000095667 0.8889276946215552 0.006267452891634107 0.11107230537844469 0.006267452891633621 1.3467917000000256 0.010321250000174809 1.3467917000000256 0.010321250000174809 1.3467917000000256 0.010321250000174809 0.0 0.0 1.3467917000000256 0.010321250000174809
ps3 "(4, 4)" NONE 1 72.0 2.0 87.0 2.0 0.8275862068965517 0.0040567951318458695 2.4 0.06666666666666687 0.8228728855644472 0.04326753788380977 14.189765800000028 0.4325101249994887 1.053206349999982 0.4018524749990249 0.9311812959448468 0.02431929344289363 0.06881870405515333 0.02431929344289379 15.03451840000014 0.5036786749992856 5.800589499999717 0.06638722499972882 1.3139495406249888 0.03131330937491961 1.0115412199999967 0.036790316666714395 20.4036440000001 0.5014452249993333
ps3 "(4, 4)" NONE 2 30.0 0.0 47.0 0.0 0.6382978723404256 0.0 2.142857142857143 0.0 0.7515226708398921 0.0 3.4273180499998546 0.010417799999600685 0.3082910999999626 0.2073999500000525 0.9175592586192447 0.048315282245017244 0.08244074138075522 0.04831528224501756 3.739680650000423 0.2122946750002086 2.904126899999994 0.020160400000015954 1.295141062500008 0.0565283624999684 0.7570803333333533 0.04039237500008619 5.09494849999993 0.22571622499985722
ps3 "(4, 4)" NONE 3 14.0 0.0 21.0 0.0 0.6666666666666666 0.0 1.0 0.0 0.0 0.0 1.2044992499999125 0.008734875000069087 0.14733879999996452 0.009395424999993907 0.8909092374514422 0.006309365284428381 0.10909076254855757 0.006309365284428561 1.351698150000047 0.012419524999557785 1.351698150000047 0.012419524999557785 1.351698150000047 0.012419524999557785 0.0 0.0 1.351698150000047 0.012419524999557785
