  \theta \theta \theta \theta \beta_d \beta_d \beta_d \beta_d \beta_e \beta_e \beta_e \beta_e b_d b_d b_d b_d b_e b_e b_e b_e
online_bounds  "(2, 2)" "(2, 4)" "(4, 2)" "(4, 4)" "(2, 2)" "(2, 4)" "(4, 2)" "(4, 4)" "(2, 2)" "(2, 4)" "(4, 2)" "(4, 4)" "(2, 2)" "(2, 4)" "(4, 2)" "(4, 4)" "(2, 2)" "(2, 4)" "(4, 2)" "(4, 4)"
blend_quantity AL                    
1 1.0 1.869565217391304 1.891304347826087 1.869565217391304 1.933333333333333 0.2090406147065886 0.2945752086843504 0.2495604167619628 0.3484787839192724 0.2620689655172413 0.5977011494252873 0.8429118773946359 2.779017857142857 0.7306484970274945 0.7424732632418052 0.7179110566153343 0.7542980294561158 1.417241379310345 1.55 1.4 1.4
1 2.0 1.769230769230769 1.769230769230769 1.769230769230769 1.769230769230769 0.3647773077549649 0.3647773077549649 0.4861442633292395 0.4815945736128402 0.07407407407407407 0.07407407407407407 0.2222222222222222 0.2222222222222222 0.7288909735221389 0.7288909735221389 0.7402068221810155 0.7288909735221389 1.222222222222222 1.222222222222222 1.222222222222222 1.222222222222222
2 1.0 1.826086956521739 1.933333333333333 1.933333333333333 1.933333333333333 0.2494531607221427 0.2535211516821886 0.2255713625251945 0.2897581020936156 0.2857142857142857 1.803102247546692 2.024691358024691 2.779017857142857 0.7306484970274945 0.7542980294561158 0.7242797768214144 0.7542980294561158 1.417241379310345 1.5077586206896552 1.4 1.475
2 2.0 1.769230769230769 1.769230769230769 1.769230769230769 1.769230769230769 0.3191801442855944 0.3191801442855944 0.3764195354477058 0.3764195354477058 0.07407407407407407 0.07407407407407407 0.2222222222222222 0.2222222222222222 0.7288909735221389 0.7288909735221389 0.7288909735221389 0.7288909735221389 1.222222222222222 1.222222222222222 1.222222222222222 1.222222222222222
3 1.0 1.8478260869565215 1.904761904761905 1.933333333333333 1.925925925925926 0.22489185613682672 0.1966119846357957 0.2342083090523081 0.2650391037106157 0.2738916256157635 1.811965811965812 2.05761316872428 3.004524886877828 0.7242797768214144 0.7179110566153343 0.7550841073372605 0.7844645405527362 1.413793103448276 1.4 1.4 1.553418803418804
3 2.0 1.769230769230769 1.769230769230769 1.769230769230769 1.769230769230769 0.2837156838094173 0.2837156838094173 0.3039647139473641 0.3039647139473641 0.07407407407407407 0.07407407407407407 0.2222222222222222 0.2222222222222222 0.7288909735221389 0.7288909735221389 0.7288909735221389 0.7288909735221389 1.222222222222222 1.222222222222222 1.222222222222222 1.222222222222222
NONE 1.0 1.956521739130435 2.0 1.91304347826087 2.333333333333333 0.1895062110929512 0.3994523901312481 0.2800616636301154 0.467135442353413 0.2620689655172413 0.5232974910394265 0.7777777777777778 1.751633986928105 0.7656414934887764 0.7741353650548044 0.7361015173508365 0.8228728855644472 1.516666666666667 1.699999999999998 1.47049180327869 2.122222222222223
NONE 2.0 1.769230769230769 1.769230769230769 1.769230769230769 1.769230769230769 0.4255735257141258 0.4255735257141258 0.6330652454038774 0.6330652454038774 0.07407407407407407 0.07407407407407407 0.2222222222222222 0.2222222222222222 0.7288909735221389 0.7288909735221389 0.7515226708398921 0.7515226708398921 1.222222222222222 1.222222222222222 1.222222222222222 1.222222222222222
