online_bounds   "(2, 2)" "(2, 2)" "(2, 2)" "(2, 2)" "(2, 4)" "(2, 4)" "(2, 4)" "(2, 4)" "(4, 2)" "(4, 2)" "(4, 2)" "(4, 2)" "(4, 4)" "(4, 4)" "(4, 4)" "(4, 4)"
   "Total Time" "Wait time" Size Length "Total Time" "Wait time" Size Length "Total Time" "Wait time" Size Length "Total Time" "Wait time" Size Length
blend_quantity AL PN                
1 1.0 1.0 5.148661350000054 8.576942050000412 9.0 22.0 3.5954496999999037 6.956946899999707 5.0 16.0 4.065026699999748 7.096723050000051 7.0 18.0 3.334879549999499 6.381763299999932 4.0 15.0
1 1.0 2.0 3.014906650000114 3.787106650000112 8.0 14.0 1.444738199999847 2.5769621500001274 5.0 7.0 2.360411800000165 2.9457849000002057 6.0 11.0 1.1846574499999178 1.7730598500000379 4.0 6.0
1 1.0 3.0 1.1625319000000114 1.1625319000000114 4.0 5.0 1.867156550000061 1.867156550000061 5.0 9.0 0.8488618000001082 1.4349779000000633 3.0 4.0 1.247793950000073 2.080791799999915 4.0 6.0
1 1.0 4.0 1.1130215999999535 1.1130215999999535 4.0 5.0 1.239669050000032 1.239669050000032 4.0 6.0 0.5668039000000533 1.0894195500000166 2.0 3.0 1.1917119500000695 1.6670859500001711 3.0 6.0
1 1.0 5.0     0.5853156500000267 0.5853156500000267 2.0 3.0 0.5833027499999162 0.5833027499999162 2.0 3.0 0.6298058999999725 0.6298058999999725 2.0 3.0
1 1.0 6.0     0.8486073999999633 0.8486073999999633 3.0 4.0 0.5728548500000201 0.5728548500000201 2.0 3.0 0.426239199999884 0.426239199999884 2.0 2.0
1 1.0 7.0     0.8533938999999435 0.8533938999999435 3.0 4.0 0.8530634500000929 0.8530634500000929 3.0 4.0 0.5647402000004149 0.5647402000004149 2.0 3.0
1 1.0 8.0     0.43394495000001143 0.43394495000001143 2.0 2.0 0.43176584999994816 0.43176584999994816 2.0 2.0 0.4162526500000894 0.4162526500000894 1.0 2.0
1 1.0 9.0             0.5749718499998835 0.5749718499998835 2.0 3.0
1 1.0 10.0             0.5700423500000795 0.5700423500000795 2.0 3.0
1 1.0 11.0             0.2926989499999877 0.2926989499999877 1.0 1.0
1 1.0 12.0             0.5698195499999485 0.5698195499999485 2.0 3.0
1 1.0 13.0             0.43763740000002826 0.43763740000002826 2.0 2.0
1 1.0 14.0             0.4355121000000395 0.4355121000000395 2.0 2.0
1 1.0 15.0             1.2277776000000387 1.2277776000000387 3.0 6.0
1 1.0 16.0             1.2793744999999745 1.2793744999999745 3.0 6.0
1 2.0 1.0 2.1317159499999576 3.348920200000407 7.0 17.0 2.133373899999924 3.3480318500001545 7.0 17.0 1.791430100000099 3.0180562000000037 4.0 14.0 1.790009349999991 3.022700899999762 4.0 14.0
1 2.0 2.0 0.7662343499999906 0.7662343499999906 7.0 7.0 0.7688825999998841 0.7688825999998841 7.0 7.0 0.5855292500000928 0.5855292500000928 4.0 5.0 0.5882639999999881 0.5882639999999881 4.0 5.0
1 2.0 3.0         0.480521399999958 0.480521399999958 4.0 4.0 0.4833792500000591 0.4833792500000591 4.0 4.0
1 2.0 4.0         0.4801982499999724 0.4801982499999724 4.0 4.0 0.47994769999996834 0.47994769999996834 4.0 4.0
1 3.0 1.0 1.2236971000003225 1.2236971000003225 1.0 13.0 1.2158760499998773 1.2158760499998773 1.0 13.0 1.2206301000002782 1.2206301000002782 1.0 13.0 1.2224153000000795 1.2224153000000795 1.0 13.0
2 1.0 1.0 5.371364350000022 8.928478850000296 10.0 23.0 3.858190600000057 7.376849150000254 6.0 17.0 4.2948537999999985 7.447043749999864 8.0 19.0 3.6149852499997337 6.778521050000201 5.0 16.0
2 1.0 2.0 3.0105158499999334 3.764751450000006 8.0 14.0 2.1080983500000627 2.8872536499999697 6.0 10.0 2.3651103999999776 3.051878999999829 6.0 11.0 1.4116020999998686 2.104301550000116 5.0 7.0
2 1.0 3.0 1.5677520500000246 1.5677520500000246 5.0 7.0 2.343012850000164 2.343012850000164 6.0 11.0 1.257083850000072 1.8468253500000316 4.0 6.0 1.688029349999994 2.7193935000003933 5.0 8.0
2 1.0 4.0 1.1077469000001086 1.1077469000001086 4.0 5.0 1.2597630499997758 1.2597630499997758 4.0 6.0 0.565484850000118 1.0540008999999206 2.0 3.0 1.198858349999938 1.672485399999999 3.0 6.0
2 1.0 5.0     0.8302317499999958 0.8302317499999958 3.0 4.0 0.8340544500000391 0.8340544500000391 3.0 4.0 0.6278599500000723 0.6278599500000723 2.0 3.0
2 1.0 6.0     1.326089500000137 1.326089500000137 4.0 6.0 0.5750753499998495 0.5750753499998495 2.0 3.0 0.42680025000004207 0.42680025000004207 2.0 2.0
2 1.0 7.0     1.090995250000049 1.090995250000049 4.0 5.0 1.1098500499999915 1.1098500499999915 4.0 5.0 0.5682661500000847 0.5682661500000847 2.0 3.0
2 1.0 8.0     1.7322278499999584 1.7322278499999584 4.0 8.0 1.9304809499999749 1.9304809499999749 5.0 9.0 0.4179115500000989 0.4179115500000989 1.0 2.0
2 1.0 9.0             0.574191949999971 0.574191949999971 2.0 3.0
2 1.0 10.0             0.5696468999999809 0.5696468999999809 2.0 3.0
2 1.0 11.0             0.28942415000004473 0.28942415000004473 1.0 1.0
2 1.0 12.0             0.5598123500000156 0.5598123500000156 2.0 3.0
2 1.0 13.0             0.43032060000003014 0.43032060000003014 2.0 2.0
2 1.0 14.0             0.42836069999975734 0.42836069999975734 2.0 2.0
2 1.0 15.0             1.4788091499998754 1.4788091499998754 4.0 7.0
2 1.0 16.0             1.2826017499999125 1.2826017499999125 3.0 6.0
2 2.0 1.0 2.265532300000473 3.4800797999999413 8.0 18.0 2.256458749999986 3.473157699999888 8.0 18.0 1.9018403499999155 3.138177099999993 5.0 15.0 1.9075629499999425 3.1420074999997496 5.0 15.0
2 2.0 2.0 0.7661499500000275 0.7661499500000275 7.0 7.0 0.7565420999999901 0.7565420999999901 7.0 7.0 0.6839085999999384 0.6839085999999384 5.0 6.0 0.6843949000000435 0.6843949000000435 5.0 6.0
2 2.0 3.0         0.5772364000000323 0.5772364000000323 5.0 5.0 0.5725886999999261 0.5725886999999261 5.0 5.0
2 2.0 4.0         0.4818626499999823 0.4818626499999823 4.0 4.0 0.4727170499999147 0.4727170499999147 4.0 4.0
2 3.0 1.0 1.2181263000002214 1.2181263000002214 1.0 13.0 1.2177821499999482 1.2177821499999482 1.0 13.0 1.218950900000081 1.218950900000081 1.0 13.0 1.2156831000002062 1.2156831000002062 1.0 13.0
3 1.0 1.0 6.0119922999999815 9.739368700000071 11.0 25.0 4.071492200000023 7.746402250000074 7.0 18.0 5.156638700000144 8.497681049999994 9.0 22.0 3.8524819500000262 7.091727650000053 6.0 17.0
3 1.0 2.0 3.026109400000223 3.7768690500002435 8.0 14.0 2.066881799999969 3.10201660000007 7.0 10.0 2.361421150000041 3.1539774500000135 6.0 11.0 1.6447520999998915 2.4410344499999326 6.0 8.0
3 1.0 3.0 1.792172549999833 1.792172549999833 6.0 8.0 2.5407859000001736 2.5407859000001736 7.0 12.0 1.2611441500000642 1.9670123500000183 4.0 6.0 2.3905172500003573 3.5520670500002893 6.0 11.0
3 1.0 4.0 1.1138506999999866 1.1138506999999866 4.0 5.0 1.2536716499999445 1.2536716499999445 4.0 6.0 0.5686522499999995 1.0550081000001226 2.0 3.0 1.1967237500000611 1.6732295500000873 3.0 6.0
3 1.0 5.0     0.8297964999999863 0.8297964999999863 3.0 4.0 0.8373145500000163 0.8373145500000163 3.0 4.0 0.6315254500000123 0.6315254500000123 2.0 3.0
3 1.0 6.0     1.3236892500000579 1.3236892500000579 4.0 6.0 0.5769804499998941 0.5769804499998941 2.0 3.0 0.4291681499999598 0.4291681499999598 2.0 2.0
3 1.0 7.0     1.0781381500001146 1.0781381500001146 4.0 5.0 1.115742400000045 1.115742400000045 4.0 5.0 0.5689444499998899 0.5689444499998899 2.0 3.0
3 1.0 8.0     1.7318961000000423 1.7318961000000423 4.0 8.0 1.9092621999998869 1.9092621999998869 5.0 9.0 0.4185755499999573 0.4185755499999573 1.0 2.0
3 1.0 9.0             0.5757434000000785 0.5757434000000785 2.0 3.0
3 1.0 10.0             0.5717924499996343 0.5717924499996343 2.0 3.0
3 1.0 11.0             0.2919583000000614 0.2919583000000614 1.0 1.0
3 1.0 12.0             0.5626389500000428 0.5626389500000428 2.0 3.0
3 1.0 13.0             0.43201044999989335 0.43201044999989335 2.0 2.0
3 1.0 14.0             0.42812224999997284 0.42812224999997284 2.0 2.0
3 1.0 15.0             1.943810400000416 1.943810400000416 5.0 9.0
3 2.0 1.0 2.3566605999999695 3.5709733999999003 9.0 19.0 2.371427700000055 3.596386449999841 9.0 19.0 2.0001060000000166 3.217574400000643 6.0 16.0 2.001501049999888 3.216867000000036 6.0 16.0
3 2.0 2.0 0.7606896999999435 0.7606896999999435 7.0 7.0 0.7520145499999558 0.7520145499999558 7.0 7.0 0.7920616000000251 0.7920616000000251 6.0 7.0 0.7878145999998196 0.7878145999998196 6.0 7.0
3 2.0 3.0         0.6879641000000447 0.6879641000000447 6.0 6.0 0.677308199999942 0.677308199999942 6.0 6.0
3 2.0 4.0         0.48122930000002384 0.48122930000002384 4.0 4.0 0.47520874999993623 0.47520874999993623 4.0 4.0
3 3.0 1.0 1.216025850000051 1.216025850000051 1.0 13.0 1.2216188000002144 1.2216188000002144 1.0 13.0 1.2195107000000964 1.2195107000000964 1.0 13.0 1.2177542500002692 1.2177542500002692 1.0 13.0
NONE 1.0 1.0 4.300058349999944 7.661034399999892 8.0 19.0 3.3484368000002007 6.626913500000143 4.0 15.0 3.8493329499999613 6.602024749999799 6.0 17.0 2.8666342000000924 5.646335250000163 3.0 13.0
NONE 1.0 2.0 3.7904764000000735 4.59985014999998 8.0 17.0 1.0172129999999415 2.0039937000000236 4.0 5.0 2.394913900000006 2.8872173000001453 6.0 11.0 2.226818750000021 2.7167374999997946 3.0 11.0
NONE 1.0 3.0 0.843517549999973 0.843517549999973 3.0 4.0 2.3544854999999814 2.3544854999999814 4.0 11.0 0.6314326499997946 1.031984849999986 2.0 3.0 1.15523125 1.5815768000001214 3.0 6.0
NONE 1.0 4.0 1.1276564499999608 1.1276564499999608 4.0 5.0 1.4663906499999655 1.4663906499999655 4.0 7.0 0.5676115500000378 1.209208500000045 2.0 3.0 1.2044340499999744 1.7040842999998915 3.0 6.0
NONE 1.0 5.0     0.4227261999999712 0.4227261999999712 1.0 1.0 0.2948940500000106 0.2948940500000106 1.0 1.0 0.2875470500000574 0.2875470500000574 1.0 1.0
NONE 1.0 6.0     0.5821346500000288 0.5821346500000288 2.0 3.0 0.5734052500000502 0.5734052500000502 2.0 3.0 0.7732320500000078 0.7732320500000078 1.0 4.0
NONE 1.0 7.0     0.583244599999972 0.583244599999972 2.0 3.0 0.5816386499999453 0.5816386499999453 2.0 3.0 0.2906266500000356 0.2906266500000356 1.0 1.0
NONE 1.0 8.0     0.5793401500000925 0.5793401500000925 2.0 3.0 0.5805896500000074 0.5805896500000074 2.0 3.0 0.42317040000006045 0.42317040000006045 1.0 2.0
NONE 1.0 9.0             0.2927135499999167 0.2927135499999167 1.0 1.0
NONE 1.0 10.0             0.4258878999998785 0.4258878999998785 1.0 2.0
NONE 1.0 11.0             0.29400934999986816 0.29400934999986816 1.0 1.0
NONE 1.0 12.0             0.4247731000001522 0.4247731000001522 1.0 2.0
NONE 1.0 13.0             0.4307014499999724 0.4307014499999724 1.0 2.0
NONE 1.0 14.0             0.4243371999999681 0.4243371999999681 1.0 2.0
NONE 1.0 15.0             0.29508760000004486 0.29508760000004486 1.0 1.0
NONE 1.0 16.0             1.3051192999998875 1.3051192999998875 3.0 6.0
NONE 2.0 1.0 2.0074880999998186 3.259658450000021 6.0 16.0 2.0116070000000548 3.238935900000129 6.0 16.0 1.528846550000054 2.7380835999998396 3.0 12.0 1.538318249999918 2.762625049999997 3.0 12.0
NONE 2.0 2.0 0.8902734500000093 0.8902734500000093 7.0 7.0 0.909668599999975 0.909668599999975 7.0 7.0 0.48688720000012603 0.48688720000012603 3.0 4.0 0.48980939999978546 0.48980939999978546 3.0 4.0
NONE 2.0 3.0         0.37508215000000433 0.37508215000000433 3.0 3.0 0.3775416999999663 0.3775416999999663 3.0 3.0
NONE 2.0 4.0         0.5396493999999947 0.5396493999999947 4.0 4.0 0.49977019999997196 0.49977019999997196 4.0 4.0
NONE 3.0 1.0 1.227816449999974 1.227816449999974 1.0 13.0 1.230688349999973 1.230688349999973 1.0 13.0 1.217597750000053 1.217597750000053 1.0 13.0 1.2289005499999917 1.2289005499999917 1.0 13.0
