    IT IT PN PN TT TT WT WT SIZE SIZE LE LE AC AC CF CF PP_EF_L PP_EF_L SP_EB_L SP_EB_L
statistic    0.5 IQR 0.5 IQR 0.5 IQR 0.5 IQR 0.5 IQR 0.5 IQR 0.5 IQR 0.5 IQR 0.5 IQR 0.5 IQR
problem online_bounds blend_quantity AL                    
ps1 "(2, 2)" 1 1 2.5 1.5 2.5 1.5 1.814066250000053 1.2367063500000204 2.193642700000069 2.7354855249999166 5.0 2.0 8.0 6.0 11.0 4.75 0.7238095238095238 0.19407814407814405 1.5833333333333335 0.583333333333333 0.4 0.17996993057094948
ps1 "(2, 2)" 1 2 1.5 1.0 1.5 1.0 1.2692713500000536 0.682721649999962 1.8721743499999728 1.950178499999971 7.0 0.0 9.5 5.0 14.5 6.0 0.6515151515151515 0.06951871657754016 1.357142857142857 0.714285714285714 0.2204792759220492 0.4409585518440984
ps1 "(2, 2)" 1 3 1.0 0.0 1.0 0.0 1.2136949500000327 0.029473050000048184 1.2136949500000327 0.029473050000048184 1.0 0.0 13.0 0.0 19.0 0.0 0.6842105263157895 0.0 1.0 0.0 0.0 0.0
ps1 "(2, 2)" 2 1 2.5 1.5 2.5 1.5 1.9642945499999769 1.5148872749999285 2.34741575000001 2.778911174999841 5.5 1.5 8.5 6.0 12.0 5.5 0.746031746031746 0.21153846153846156 1.5333333333333334 0.6249999999999998 0.3912303982179758 0.12192813051923129
ps1 "(2, 2)" 2 2 1.5 1.0 1.5 1.0 1.3361086500000279 0.7898331249999582 1.9417608500001506 2.010632724999958 7.5 1.0 10.0 6.0 15.5 8.0 0.6431818181818182 0.04784688995215314 1.3125 0.625 0.22893040281318305 0.4578608056263661
ps1 "(2, 2)" 2 3 1.0 0.0 1.0 0.0 1.2108552999997355 0.014322324999989755 1.2108552999997355 0.014322324999989755 1.0 0.0 13.0 0.0 19.0 0.0 0.6842105263157895 0.0 1.0 0.0 0.0 0.0
ps1 "(2, 2)" 3 1 2.5 1.5 2.5 1.5 2.126270000000119 1.421752299999902 2.5072677500000964 2.7051233499999294 6.0 1.0 9.0 5.5 13.0 5.75 0.7321428571428572 0.18825910931174084 1.5 0.5937499999999998 0.3872983346207416 0.06880596140116119
ps1 "(2, 2)" 3 2 1.5 1.0 1.5 1.0 1.3613123499998778 0.9096979249999468 1.9622073999999545 2.157989324999999 8.0 2.0 10.5 7.0 16.5 10.0 0.6515151515151515 0.030303030303030276 1.2777777777777781 0.555555555555556 0.23351244340396465 0.4670248868079293
ps1 "(2, 2)" 3 3 1.0 0.0 1.0 0.0 1.2099961999998035 0.011461150000031228 1.2099961999998035 0.011461150000031228 1.0 0.0 13.0 0.0 19.0 0.0 0.6842105263157895 0.0 1.0 0.0 0.0 0.0
ps1 "(2, 2)" NONE 1 2.5 1.5 2.5 1.5 1.5853431999999832 0.9413554750000306 2.1621973999999398 2.6603106999999047 4.5 1.5 7.0 4.5 9.5 5.0 0.6794871794871795 0.10576923076923073 1.5 0.48750000000000027 0.4053016325570221 0.0708997025172251
ps1 "(2, 2)" NONE 2 1.5 1.0 1.5 1.0 1.223422399999862 0.49559997499999575 1.8297231999999042 1.7122840250000362 6.5 1.0 9.0 4.0 13.5 5.0 0.6619318181818181 0.051136363636363646 1.4166666666666665 0.833333333333333 0.2053016325570221 0.4106032651140442
ps1 "(2, 2)" NONE 3 1.0 0.0 1.0 0.0 1.2162228500001504 0.008484999999949894 1.2162228500001504 0.008484999999949894 1.0 0.0 13.0 0.0 19.0 0.0 0.6842105263157895 0.0 1.0 0.0 0.0 0.0
ps1 "(2, 4)" 1 1 4.5 3.5 4.5 3.5 0.8489115000001561 0.696343100000135 0.8489115000001561 1.3084195250000477 3.0 0.5 4.0 2.5 6.0 3.0 0.6666666666666666 0.19696969696969702 1.4166666666666665 0.3541666666666672 0.408248290463863 0.1472984161779336
ps1 "(2, 4)" 1 2 1.5 1.0 1.5 1.0 1.247296899999995 0.6776830500001341 1.8430521499996644 1.8830404999999786 7.0 0.0 9.5 5.0 14.5 6.0 0.6515151515151515 0.06951871657754016 1.357142857142857 0.714285714285714 0.2204792759220492 0.4409585518440984
ps1 "(2, 4)" 1 3 1.0 0.0 1.0 0.0 1.202503450000165 0.010154649999922327 1.202503450000165 0.010154649999922327 1.0 0.0 13.0 0.0 19.0 0.0 0.6842105263157895 0.0 1.0 0.0 0.0 0.0
ps1 "(2, 4)" 2 1 4.0 4.0 4.0 4.0 1.2754489499999124 1.0453476749999737 1.2754489499999124 2.0112163999998103 4.0 2.0 5.0 5.0 9.0 5.0 0.7142857142857143 0.10227272727272729 1.333333333333333 0.666666666666667 0.4 0.07945931129894551
ps1 "(2, 4)" 2 2 1.5 1.0 1.5 1.0 1.2669225500000039 0.8156375499998627 1.8681679500000425 2.036226274999862 7.5 1.0 10.0 6.0 15.5 8.0 0.6431818181818182 0.04784688995215314 1.3125 0.625 0.22893040281318305 0.4578608056263661
ps1 "(2, 4)" 2 3 1.0 0.0 1.0 0.0 1.2101953000000665 0.011866274999945858 1.2101953000000665 0.011866274999945858 1.0 0.0 13.0 0.0 19.0 0.0 0.6842105263157895 0.0 1.0 0.0 0.0 0.0
ps1 "(2, 4)" 3 1 4.0 4.0 4.0 4.0 1.2809637499999265 1.468793649999867 1.2809637499999265 2.2349197499998503 4.0 3.0 5.0 7.0 10.0 7.0 0.6666666666666666 0.10833333333333328 1.333333333333333 0.5624999999999998 0.4106032651140442 0.048112522432468774
ps1 "(2, 4)" 3 2 1.5 1.0 1.5 1.0 1.369126149999886 0.925247899999988 1.9770009499998764 2.146748625000044 8.0 2.0 10.5 7.0 16.5 10.0 0.6515151515151515 0.030303030303030276 1.2777777777777781 0.555555555555556 0.23351244340396465 0.4670248868079293
ps1 "(2, 4)" 3 3 1.0 0.0 1.0 0.0 1.2139242000000934 0.008078424999808487 1.2139242000000934 0.008078424999808487 1.0 0.0 13.0 0.0 19.0 0.0 0.6842105263157895 0.0 1.0 0.0 0.0 0.0
ps1 "(2, 4)" NONE 1 4.5 3.5 4.5 3.5 0.7850270499999823 0.6544027500000245 1.088047799999913 1.2296721499999776 2.0 1.0 3.5 2.25 5.0 3.0 0.75 0.4 1.666666666666667 0.5 0.4714045207910317 0.47855339059327373
ps1 "(2, 4)" NONE 2 1.5 1.0 1.5 1.0 1.264038999999968 0.4835315000001401 1.8746430500000315 1.712002300000108 6.5 1.0 9.0 4.0 13.5 5.0 0.6619318181818181 0.051136363636363646 1.4166666666666665 0.833333333333333 0.2053016325570221 0.4106032651140442
ps1 "(2, 4)" NONE 3 1.0 0.0 1.0 0.0 1.223369549999887 0.011849150000021513 1.223369549999887 0.011849150000021513 1.0 0.0 13.0 0.0 19.0 0.0 0.6842105263157895 0.0 1.0 0.0 0.0 0.0
ps1 "(4, 2)" 1 1 4.5 3.5 4.5 3.5 0.8355541500000214 0.817949574999858 0.9068456000000111 1.3354048749996537 2.5 1.25 3.5 2.0 5.0 4.0 0.7272727272727273 0.15000000000000002 1.5 0.29166666666666696 0.4330127018922193 0.4714045207910317
ps1 "(4, 2)" 1 2 2.5 1.5 2.5 1.5 0.5847776000000238 0.5684024999997777 0.5847776000000238 0.8681710999998273 4.0 0.0 4.5 2.0 7.0 2.25 0.6666666666666666 0.1116071428571429 1.125 0.5 0.1111111111111111 0.26666666666666666
ps1 "(4, 2)" 1 3 1.0 0.0 1.0 0.0 1.2063855000002375 0.014048974999880892 1.2063855000002375 0.014048974999880892 1.0 0.0 13.0 0.0 19.0 0.0 0.6842105263157895 0.0 1.0 0.0 0.0 0.0
ps1 "(4, 2)" 2 1 4.0 4.0 4.0 4.0 1.1004596999999312 1.0836702750001095 1.1143381999999629 1.522556925000444 4.0 2.0 5.0 5.0 8.0 6.0 0.6794871794871795 0.10227272727272729 1.5 0.466666666666667 0.408248290463863 0.048112522432468774
ps1 "(4, 2)" 2 2 2.5 1.5 2.5 1.5 0.6753631999999854 0.5139774999999389 0.6753631999999854 0.8139560249999107 5.0 0.25 5.5 2.25 9.0 3.25 0.6666666666666666 0.06730769230769229 1.1 0.3999999999999999 0.1767766952966369 0.3583345420074466
ps1 "(4, 2)" 2 3 1.0 0.0 1.0 0.0 1.207534349999861 0.014584950000027908 1.207534349999861 0.014584950000027908 1.0 0.0 13.0 0.0 19.0 0.0 0.6842105263157895 0.0 1.0 0.0 0.0 0.0
ps1 "(4, 2)" 3 1 4.0 4.0 4.0 4.0 1.1044535999999425 1.1001941500001704 1.124605000000031 1.597631875000138 4.0 2.0 5.0 5.0 8.0 6.0 0.7272727272727273 0.10833333333333328 1.5 0.583333333333333 0.4 0.048112522432468774
ps1 "(4, 2)" 3 2 2.5 1.5 2.5 1.5 0.7870806500000072 0.6204988000001064 0.7870806500000072 0.9205292500000795 6.0 0.5 6.5 2.5 11.0 3.0 0.6515151515151515 0.044602272727272796 1.0833333333333335 0.3333333333333335 0.17496355305594125 0.3650961458624229
ps1 "(4, 2)" 3 3 1.0 0.0 1.0 0.0 1.207777450000009 0.012218499999931742 1.207777450000009 0.012218499999931742 1.0 0.0 13.0 0.0 19.0 0.0 0.6842105263157895 0.0 1.0 0.0 0.0 0.0
ps1 "(4, 2)" NONE 1 4.5 3.5 4.5 3.5 0.583439599999938 0.3860121499998783 0.9289650000000336 1.2297539500001802 2.0 0.25 3.0 0.5 4.0 3.0 0.75 0.16666666666666674 1.5 0.16666666666666696 0.4714045207910317 0.12499435927725627
ps1 "(4, 2)" NONE 2 2.5 1.5 2.5 1.5 0.491103049999996 0.35869174999994163 0.491103049999996 0.7077501749999939 3.0 0.25 4.0 1.0 6.0 1.25 0.6666666666666666 0.050000000000000044 1.1666666666666665 0.583333333333333 0.12371791482634835 0.29383004771257737
ps1 "(4, 2)" NONE 3 1.0 0.0 1.0 0.0 1.2127281500000606 0.015585775000035218 1.2127281500000606 0.015585775000035218 1.0 0.0 13.0 0.0 19.0 0.0 0.6842105263157895 0.0 1.0 0.0 0.0 0.0
ps1 "(4, 4)" 1 1 7.5 7.0 7.5 7.0 0.578567699999951 0.3558276749998015 0.578567699999951 1.028784975000164 2.0 0.0 3.0 2.0 4.0 2.0 0.6666666666666666 0.4 1.5 1.0 0.0 0.4714045207910317
ps1 "(4, 4)" 1 2 2.5 1.5 2.5 1.5 0.5857227999999637 0.6067432999999767 0.5857227999999637 0.9276630999999893 4.0 0.0 4.5 2.0 7.0 2.25 0.6666666666666666 0.1116071428571429 1.125 0.5 0.1111111111111111 0.26666666666666666
ps1 "(4, 4)" 1 3 1.0 0.0 1.0 0.0 1.217428299999767 0.010776374999621696 1.217428299999767 0.010776374999621696 1.0 0.0 13.0 0.0 19.0 0.0 0.6842105263157895 0.0 1.0 0.0 0.0 0.0
ps1 "(4, 4)" 2 1 7.5 7.0 7.5 7.0 0.5611404499999253 0.5693444500000098 0.5611404499999253 1.0337827250001475 2.0 0.0 3.0 3.0 4.0 3.0 0.696969696969697 0.19696969696969702 1.5 0.75 0.2857142857142857 0.4714045207910317
ps1 "(4, 4)" 2 2 2.5 1.5 2.5 1.5 0.6735543500000176 0.5138841750000724 0.6735543500000176 0.814646725000046 5.0 0.25 5.5 2.25 9.0 3.25 0.6666666666666666 0.06730769230769229 1.1 0.3999999999999999 0.1767766952966369 0.3583345420074466
ps1 "(4, 4)" 2 3 1.0 0.0 1.0 0.0 1.2110829499997635 0.012998200000226001 1.2110829499997635 0.012998200000226001 1.0 0.0 13.0 0.0 19.0 0.0 0.6842105263157895 0.0 1.0 0.0 0.0 0.0
ps1 "(4, 4)" 3 1 7.5 7.0 7.5 7.0 0.5642275999999526 0.5698776750000007 0.5642275999999526 1.0351426249999913 2.0 0.0 3.0 3.0 4.0 3.0 0.7272727272727273 0.19696969696969702 1.5 0.75 0.2857142857142857 0.4714045207910317
ps1 "(4, 4)" 3 2 2.5 1.5 2.5 1.5 0.7750609500000678 0.6465181250001708 0.7750609500000678 0.9468561750001927 6.0 0.5 6.5 2.5 11.0 3.0 0.6515151515151515 0.044602272727272796 1.0833333333333335 0.3333333333333335 0.17496355305594125 0.3650961458624229
ps1 "(4, 4)" 3 3 1.0 0.0 1.0 0.0 1.2112847500002886 0.00837142500000665 1.2112847500002886 0.00837142500000665 1.0 0.0 13.0 0.0 19.0 0.0 0.6842105263157895 0.0 1.0 0.0 0.0 0.0
ps1 "(4, 4)" NONE 1 8.0 8.0 8.0 8.0 0.42302884999999435 0.3155061999999873 0.4261315499999512 0.8053398500000921 1.0 0.0 2.0 2.0 3.0 3.0 0.75 0.33333333333333337 2.0 1.0 0.0 0.0
ps1 "(4, 4)" NONE 2 2.5 1.5 2.5 1.5 0.4912223000000182 0.35607655000007554 0.4912223000000182 0.6867388250001625 3.0 0.25 4.0 1.0 6.0 1.25 0.6666666666666666 0.050000000000000044 1.1666666666666665 0.583333333333333 0.12371791482634835 0.29383004771257737
ps1 "(4, 4)" NONE 3 1.0 0.0 1.0 0.0 1.2162284500000735 0.01429417499977581 1.2162284500000735 0.01429417499977581 1.0 0.0 13.0 0.0 19.0 0.0 0.6842105263157895 0.0 1.0 0.0 0.0 0.0
ps2 "(2, 2)" 1 1 2.5 1.5 2.5 1.5 2.2357827000000157 2.786230599999954 2.6090641000001256 4.171862074999893 6.0 4.25 9.5 11.0 14.0 12.25 0.7255639097744361 0.20977279800809212 1.5625 0.6736111111111112 0.4020305089104422 0.21484334521090542
ps2 "(2, 2)" 1 2 1.5 1.0 1.5 1.0 1.6309717499997873 1.3806915249999743 2.237695799999983 2.5979797000002733 7.0 0.0 12.0 10.0 19.5 16.0 0.6296296296296297 0.006734006734006703 1.714285714285714 1.428571428571428 0.4424817292704611 0.8849634585409222
ps2 "(2, 2)" 1 3 1.0 0.0 1.0 0.0 1.2122851499999001 0.013996300000528317 1.2122851499999001 0.013996300000528317 1.0 0.0 13.0 0.0 19.0 0.0 0.6842105263157895 0.0 1.0 0.0 0.0 0.0
ps2 "(2, 2)" 2 1 2.5 1.5 2.5 1.5 2.3006993499998885 2.6204834749999364 2.6786424999999667 4.073018350000375 6.5 3.75 10.0 10.5 15.5 12.0 0.7255639097744361 0.188471940500338 1.5125 0.6375 0.4040610178208843 0.3285351083708776
ps2 "(2, 2)" 2 2 1.5 1.0 1.5 1.0 1.751284200000214 1.5132180250004552 2.3538344500000647 2.72779267500006 7.5 1.0 12.5 11.0 20.5 18.0 0.6206896551724138 0.01567398119122254 1.625 1.25 0.45619390041904484 0.9123878008380897
ps2 "(2, 2)" 2 3 1.0 0.0 1.0 0.0 1.210875850000022 0.010596474999900574 1.210875850000022 0.010596474999900574 1.0 0.0 13.0 0.0 19.0 0.0 0.6842105263157895 0.0 1.0 0.0 0.0 0.0
ps2 "(2, 2)" 3 1 2.5 1.5 2.5 1.5 2.493000300000105 2.652712924999932 2.8905952500001604 4.1364734999996955 7.0 3.25 10.5 10.25 16.0 10.25 0.7255639097744361 0.15975769960589692 1.4791666666666665 0.6306818181818183 0.4040610178208843 0.3031951785670767
ps2 "(2, 2)" 3 2 1.5 1.0 1.5 1.0 1.8064880499999845 1.6083732499999002 2.409384849999981 2.8229129999997435 8.0 2.0 13.0 12.0 21.5 20.0 0.6129032258064516 0.02346041055718473 1.5555555555555556 1.1111111111111112 0.46538787325861564 0.9307757465172313
ps2 "(2, 2)" 3 3 1.0 0.0 1.0 0.0 1.2110038999998096 0.009193625000051053 1.2110038999998096 0.009193625000051053 1.0 0.0 13.0 0.0 19.0 0.0 0.6842105263157895 0.0 1.0 0.0 0.0 0.0
ps2 "(2, 2)" NONE 1 2.5 1.5 2.5 1.5 2.5144835500000795 3.182120525000073 2.927532600000177 4.6001577499998945 6.0 4.25 10.5 12.75 15.0 14.0 0.6875 0.13636363636363635 1.6666666666666665 0.8750000000000002 0.5356128643250597 0.36910412591167674
ps2 "(2, 2)" NONE 2 1.5 1.0 1.5 1.0 1.6078979500000514 1.1993172999999189 2.215451399999978 2.449011425000032 6.5 1.0 11.5 9.0 18.5 15.0 0.6258741258741258 0.020979020979020935 1.8333333333333335 1.666666666666667 0.42204857540335333 0.8440971508067067
ps2 "(2, 2)" NONE 3 1.0 0.0 1.0 0.0 1.2217355499999485 0.03955042499991279 1.2217355499999485 0.03955042499991279 1.0 0.0 13.0 0.0 19.0 0.0 0.6842105263157895 0.0 1.0 0.0 0.0 0.0
ps2 "(2, 4)" 1 1 4.5 3.5 4.5 3.5 1.0352587500000396 1.2399582250000807 1.0352587500000396 1.5209973750000079 3.5 2.25 4.5 6.0 8.0 6.0 0.75 0.08333333333333337 1.5 0.466666666666667 0.4330127018922193 0.0801741225730559
ps2 "(2, 4)" 1 2 1.5 1.0 1.5 1.0 1.5951379499999234 1.3825543249999726 2.1973004499998865 2.5972057000000177 7.0 0.0 12.0 10.0 19.5 16.0 0.6296296296296297 0.006734006734006703 1.714285714285714 1.428571428571428 0.4424817292704611 0.8849634585409222
ps2 "(2, 4)" 1 3 1.0 0.0 1.0 0.0 1.209845999999999 0.016181199999820706 1.209845999999999 0.016181199999820706 1.0 0.0 13.0 0.0 19.0 0.0 0.6842105263157895 0.0 1.0 0.0 0.0 0.0
ps2 "(2, 4)" 2 1 4.0 4.0 4.0 4.0 1.3182181500001207 1.2437076500000335 1.3182181500001207 1.6474505500000873 4.0 2.0 6.0 6.0 10.0 6.0 0.7142857142857143 0.125 1.5 0.5 0.4106032651140442 0.0994241975910794
ps2 "(2, 4)" 2 2 1.5 1.0 1.5 1.0 1.7884808000001726 1.5027147500000702 2.398955900000221 2.7205991249998793 7.5 1.0 12.5 11.0 20.5 18.0 0.6206896551724138 0.01567398119122254 1.625 1.25 0.45619390041904484 0.9123878008380897
ps2 "(2, 4)" 2 3 1.0 0.0 1.0 0.0 1.213367899999895 0.008620050000055945 1.213367899999895 0.008620050000055945 1.0 0.0 13.0 0.0 19.0 0.0 0.6842105263157895 0.0 1.0 0.0 0.0 0.0
ps2 "(2, 4)" 3 1 4.0 4.0 4.0 4.0 1.3247698500001661 1.4489059000000424 1.3247698500001661 1.7084239749998882 4.0 3.0 6.0 7.0 9.5 8.0 0.7142857142857143 0.125 1.428571428571429 0.38095238095238093 0.4 0.056058372384347854
ps2 "(2, 4)" 3 2 1.5 1.0 1.5 1.0 1.83061895000003 1.6217616500000713 2.436789749999946 2.846596524999601 8.0 2.0 13.0 12.0 21.5 20.0 0.6129032258064516 0.02346041055718473 1.5555555555555556 1.1111111111111112 0.46538787325861564 0.9307757465172313
ps2 "(2, 4)" 3 3 1.0 0.0 1.0 0.0 1.2177378000001795 0.011588049999787131 1.2177378000001795 0.011588049999787131 1.0 0.0 13.0 0.0 19.0 0.0 0.6842105263157895 0.0 1.0 0.0 0.0 0.0
ps2 "(2, 4)" NONE 1 4.5 3.5 4.5 3.5 0.8124069499999393 1.3631247250000063 1.0351039500001205 1.7650661250000041 3.0 2.0 3.5 4.25 6.0 6.0 0.75 0.19485294117647056 1.5 0.75 0.4714045207910317 0.33235218455425364
ps2 "(2, 4)" NONE 2 1.5 1.0 1.5 1.0 1.6110939000000997 1.201206375000126 2.220115099999816 2.428943075000212 6.5 1.0 11.5 9.0 18.5 15.0 0.6258741258741258 0.020979020979020935 1.8333333333333335 1.666666666666667 0.42204857540335333 0.8440971508067067
ps2 "(2, 4)" NONE 3 1.0 0.0 1.0 0.0 1.2187042499999166 0.03317124999995236 1.2187042499999166 0.03317124999995236 1.0 0.0 13.0 0.0 19.0 0.0 0.6842105263157895 0.0 1.0 0.0 0.0 0.0
ps2 "(4, 2)" 1 1 4.5 3.5 4.5 3.5 0.8178253000000097 1.0646823500000835 1.0281814500000337 1.5575642000001864 2.5 1.75 3.5 2.75 5.0 5.0 0.7333333333333333 0.20000000000000007 1.5 0.2500000000000002 0.4330127018922193 0.060801255676987465
ps2 "(4, 2)" 1 2 2.5 1.5 2.5 1.5 0.5785162499999359 0.6645021000002345 0.5785162499999359 0.9644437500002425 4.0 0.0 4.5 3.25 7.0 5.5 0.6363636363636364 0.04166666666666663 1.125 0.8125 0.2 0.4700340102034012
ps2 "(4, 2)" 1 3 1.0 0.0 1.0 0.0 1.212423900000118 0.016390125000611544 1.212423900000118 0.016390125000611544 1.0 0.0 13.0 0.0 19.0 0.0 0.6842105263157895 0.0 1.0 0.0 0.0 0.0
ps2 "(4, 2)" 2 1 4.0 4.0 4.0 4.0 1.073268849999806 1.7819029500003727 1.0871701000001224 2.213744175000017 4.0 4.0 5.0 8.0 8.0 10.0 0.6666666666666666 0.125 1.5 0.583333333333333 0.4106032651140442 0.07140452079103166
ps2 "(4, 2)" 2 2 2.5 1.5 2.5 1.5 0.677494849999988 0.8188576999998245 0.677494849999988 1.1210998999998194 5.0 0.25 5.5 3.5 9.0 5.75 0.6521739130434783 0.04166666666666663 1.1 0.6499999999999999 0.18633899812498245 0.47494248718011656
ps2 "(4, 2)" 2 3 1.0 0.0 1.0 0.0 1.2148759000000204 0.010437574999954347 1.2148759000000204 0.010437574999954347 1.0 0.0 13.0 0.0 19.0 0.0 0.6842105263157895 0.0 1.0 0.0 0.0 0.0
ps2 "(4, 2)" 3 1 4.0 4.0 4.0 4.0 1.0754211500001245 1.7772026749999692 1.0882613999999795 2.317022775000069 4.0 4.0 5.0 8.0 8.0 10.0 0.7333333333333333 0.125 1.5 0.583333333333333 0.4106032651140442 0.07140452079103166
ps2 "(4, 2)" 3 2 2.5 1.5 2.5 1.5 0.7801793999998949 0.6540420000001956 0.7801793999998949 0.957433125000172 6.0 0.5 6.5 3.75 11.0 5.5 0.6363636363636364 0.03512820512820514 1.0833333333333335 0.541666666666667 0.17496355305594125 0.47346961728558856
ps2 "(4, 2)" 3 3 1.0 0.0 1.0 0.0 1.213193250000046 0.06696822500002098 1.213193250000046 0.06696822500002098 1.0 0.0 13.0 0.0 19.0 0.0 0.6842105263157895 0.0 1.0 0.0 0.0 0.0
ps2 "(4, 2)" NONE 1 4.5 3.5 4.5 3.5 0.5707782499999325 0.8406780250000059 0.9013131999999473 1.3142953249998894 2.0 1.0 3.0 2.0 4.0 5.25 0.75 0.2947368421052632 1.5 0.33333333333333304 0.4714045207910317 0.12397098877145579
ps2 "(4, 2)" NONE 2 2.5 1.5 2.5 1.5 0.48443845000005586 0.5457736499998731 0.48443845000005586 0.8470159249998446 3.0 0.25 4.0 2.25 6.0 3.75 0.6333333333333333 0.06666666666666665 1.1666666666666665 0.9999999999999998 0.21650635094610965 0.49011898336070137
ps2 "(4, 2)" NONE 3 1.0 0.0 1.0 0.0 1.210472200000254 0.011321325000394955 1.210472200000254 0.011321325000394955 1.0 0.0 13.0 0.0 19.0 0.0 0.6842105263157895 0.0 1.0 0.0 0.0 0.0
ps2 "(4, 4)" 1 1 7.5 7.0 7.5 7.0 0.5698055499999839 0.7503437749999906 0.5698055499999839 1.2280920749999493 2.0 1.0 3.0 4.0 4.0 3.0 0.6666666666666666 0.2823529411764706 1.5 0.5 0.408248290463863 0.4714045207910317
ps2 "(4, 4)" 1 2 2.5 1.5 2.5 1.5 0.5812261000000376 0.8506908499998647 0.5812261000000376 1.152421624999818 4.0 0.0 4.5 3.25 7.0 5.5 0.6363636363636364 0.04166666666666663 1.125 0.8125 0.2 0.4700340102034012
ps2 "(4, 4)" 1 3 1.0 0.0 1.0 0.0 1.2145548500000416 0.01847332500002996 1.2145548500000416 0.01847332500002996 1.0 0.0 13.0 0.0 19.0 0.0 0.6842105263157895 0.0 1.0 0.0 0.0 0.0
ps2 "(4, 4)" 2 1 7.5 7.0 7.5 7.0 0.5729212500000074 0.764583999999815 0.5729212500000074 1.241810899999983 2.0 1.0 3.0 4.0 4.0 4.0 0.75 0.19047619047619047 1.5 0.6000000000000001 0.4714045207910317 0.4714045207910317
ps2 "(4, 4)" 2 2 2.5 1.5 2.5 1.5 0.6771535499998436 0.8139110000001892 0.6771535499998436 1.1151174250001645 5.0 0.25 5.5 3.5 9.0 5.75 0.6521739130434783 0.04166666666666663 1.1 0.6499999999999999 0.18633899812498245 0.47494248718011656
ps2 "(4, 4)" 2 3 1.0 0.0 1.0 0.0 1.210539649999788 0.010742425000145328 1.210539649999788 0.010742425000145328 1.0 0.0 13.0 0.0 19.0 0.0 0.6842105263157895 0.0 1.0 0.0 0.0 0.0
ps2 "(4, 4)" 3 1 7.5 7.0 7.5 7.0 0.5744859499998825 0.7667319500000249 0.5744859499998825 1.2418985000000011 2.0 1.0 3.0 4.0 4.0 4.0 0.75 0.19047619047619047 1.5 0.833333333333333 0.4714045207910317 0.4714045207910317
ps2 "(4, 4)" 3 2 2.5 1.5 2.5 1.5 0.78167260000005 0.9378268250003146 0.78167260000005 1.2402187750002722 6.0 0.5 6.5 3.75 11.0 5.5 0.6363636363636364 0.03512820512820514 1.0833333333333335 0.541666666666667 0.17496355305594125 0.47346961728558856
ps2 "(4, 4)" 3 3 1.0 0.0 1.0 0.0 1.2136048999999827 0.010245550000262948 1.2136048999999827 0.010245550000262948 1.0 0.0 13.0 0.0 19.0 0.0 0.6842105263157895 0.0 1.0 0.0 0.0 0.0
ps2 "(4, 4)" NONE 1 8.0 8.0 8.0 8.0 0.42417474999998467 0.7324655249999523 0.42417474999998467 1.107177849999772 1.0 2.0 2.0 4.0 3.0 6.0 0.8571428571428571 0.33333333333333337 2.0 1.0 0.0 0.2474358296526967
ps2 "(4, 4)" NONE 2 2.5 1.5 2.5 1.5 0.4890192000000297 0.6840288999997455 0.4890192000000297 0.9883259499997761 3.0 0.25 4.0 2.25 6.0 3.75 0.6333333333333333 0.06666666666666665 1.1666666666666665 0.9999999999999998 0.21650635094610965 0.49011898336070137
ps2 "(4, 4)" NONE 3 1.0 0.0 1.0 0.0 1.222172749999828 0.014438000000019935 1.222172749999828 0.014438000000019935 1.0 0.0 13.0 0.0 19.0 0.0 0.6842105263157895 0.0 1.0 0.0 0.0 0.0
ps3 "(2, 2)" 1 1 2.5 1.5 2.5 1.5 3.217459050000116 1.3278273250005914 4.1559265499997196 3.4367459000004037 8.0 2.0 14.0 4.25 18.5 6.75 0.7645502645502645 0.12018849206349203 1.7619047619047619 0.36111111111111094 0.5006882315714639 0.2135753159444328
ps3 "(2, 2)" 1 2 1.5 1.0 1.5 1.0 2.2089008999998327 0.6306102999996315 2.8790045500000474 1.977326124999365 7.5 1.0 15.5 5.0 24.5 11.0 0.6421052631578947 0.08421052631578951 2.0535714285714284 0.392857142857143 0.6984303571843165 0.5408140381152835
ps3 "(2, 2)" 1 3 1.0 0.0 1.0 0.0 1.3371477999999115 0.008348449999765029 1.3371477999999115 0.008348449999765029 1.0 0.0 14.0 0.0 21.0 0.0 0.6666666666666666 0.0 1.0 0.0 0.0 0.0
ps3 "(2, 2)" 2 1 2.5 1.5 2.5 1.5 3.2436689500000147 1.1479283000005012 4.312074000000052 3.2886911500008296 8.5 1.5 14.5 3.25 20.0 5.0 0.76497277676951 0.08029124535476628 1.8035714285714284 0.238690476190476 0.41416254326640645 0.23438031049553104
ps3 "(2, 2)" 2 2 1.5 1.0 1.5 1.0 2.3090714500002107 0.7454169750004098 2.9796596499998036 2.0926631500002486 8.0 2.0 16.0 6.0 25.5 13.0 0.6389802631578947 0.09046052631578949 1.9841269841269842 0.2539682539682542 0.7076243300238872 0.5592019837944251
ps3 "(2, 2)" 2 3 1.0 0.0 1.0 0.0 1.343455550000158 0.015871299999971722 1.343455550000158 0.015871299999971722 1.0 0.0 14.0 0.0 21.0 0.0 0.6666666666666666 0.0 1.0 0.0 0.0 0.0
ps3 "(2, 2)" 3 1 2.5 1.5 2.5 1.5 3.547459500000002 1.493843799999866 4.5606545999999355 3.228462200000379 9.0 1.0 15.0 3.0 20.5 4.75 0.7782258064516129 0.08043394777265744 1.7619047619047619 0.29437229437229395 0.4242640687119285 0.2098341259043217
ps3 "(2, 2)" 3 2 1.5 1.0 1.5 1.0 2.363451250000097 0.8765553000004611 3.034776449999981 2.2162431000004115 8.5 3.0 16.5 7.0 26.5 15.0 0.6362229102167183 0.09597523219814241 1.9285714285714284 0.14285714285714302 0.7136409775563033 0.5712352788592572
ps3 "(2, 2)" 3 3 1.0 0.0 1.0 0.0 1.3425862500000105 0.012754225000008557 1.3425862500000105 0.012754225000008557 1.0 0.0 14.0 0.0 21.0 0.0 0.6666666666666666 0.0 1.0 0.0 0.0 0.0
ps3 "(2, 2)" NONE 1 2.5 1.5 2.5 1.5 3.63436970000015 1.4323385000009528 4.463116299999967 3.7978405250002827 7.5 1.5 15.5 6.0 18.5 8.0 0.7779720279720279 0.17849650349650348 1.9285714285714284 0.28422619047619047 0.5756678881613917 0.333546750232663
ps3 "(2, 2)" NONE 2 1.5 1.0 1.5 1.0 2.108978649999983 0.46026317500037783 2.7944179999998937 1.7967944249999876 7.0 0.0 15.0 4.0 23.5 9.0 0.6456766917293233 0.0770676691729324 2.1428571428571423 0.571428571428571 0.6847181860357328 0.5133896958181161
ps3 "(2, 2)" NONE 3 1.0 0.0 1.0 0.0 1.3343277500001705 0.014755999999906289 1.3343277500001705 0.014755999999906289 1.0 0.0 14.0 0.0 21.0 0.0 0.6666666666666666 0.0 1.0 0.0 0.0 0.0
ps3 "(2, 4)" 1 1 4.5 3.5 4.5 3.5 1.5602046000000125 0.422607400000089 1.723758249999889 1.1463984499999074 4.5 1.0 7.0 2.0 10.0 2.25 0.7638888888888888 0.18888888888888888 1.75 0.4500000000000002 0.408248290463863 0.15587080621421745
ps3 "(2, 4)" 1 2 1.5 1.0 1.5 1.0 2.1476799500002817 0.635342050000137 2.814245499999828 1.9741719500002226 7.5 1.0 15.5 5.0 24.5 11.0 0.6421052631578947 0.08421052631578951 2.0535714285714284 0.392857142857143 0.6984303571843165 0.5408140381152835
ps3 "(2, 4)" 1 3 1.0 0.0 1.0 0.0 1.3392221500000685 0.012165949999960901 1.3392221500000685 0.012165949999960901 1.0 0.0 14.0 0.0 21.0 0.0 0.6666666666666666 0.0 1.0 0.0 0.0 0.0
ps3 "(2, 4)" 2 1 4.5 3.5 4.5 3.5 2.100856749999849 0.7107950249995127 2.236308250000178 1.3885374499996883 5.0 1.0 9.0 2.5 12.0 4.0 0.7928571428571429 0.1947368421052632 1.833333333333333 0.6000000000000001 0.408248290463863 0.07358072763428841
ps3 "(2, 4)" 2 2 1.5 1.0 1.5 1.0 2.282530450000138 0.7420595500001641 2.9505196500000466 2.0799274500001843 8.0 2.0 16.0 6.0 25.5 13.0 0.6389802631578947 0.09046052631578949 1.9841269841269842 0.2539682539682542 0.7076243300238872 0.5592019837944251
ps3 "(2, 4)" 2 3 1.0 0.0 1.0 0.0 1.3362465499999414 0.014033600000033397 1.3362465499999414 0.014033600000033397 1.0 0.0 14.0 0.0 21.0 0.0 0.6666666666666666 0.0 1.0 0.0 0.0 0.0
ps3 "(2, 4)" 3 1 4.5 3.5 4.5 3.5 2.374758600000007 0.499860149999904 2.477155799999821 1.1186868750002925 6.0 1.25 10.0 1.75 13.5 5.25 0.775 0.18928571428571428 1.714285714285714 0.26785714285714235 0.4106032651140442 0.08164965809277258
ps3 "(2, 4)" 3 2 1.5 1.0 1.5 1.0 2.400105650000171 0.8704069250001543 3.075604600000219 2.2177166000001596 8.5 3.0 16.5 7.0 26.5 15.0 0.6362229102167183 0.09597523219814241 1.9285714285714284 0.14285714285714302 0.7136409775563033 0.5712352788592572
ps3 "(2, 4)" 3 3 1.0 0.0 1.0 0.0 1.3453048499998204 0.013819074999691372 1.3453048499998204 0.013819074999691372 1.0 0.0 14.0 0.0 21.0 0.0 0.6666666666666666 0.0 1.0 0.0 0.0 0.0
ps3 "(2, 4)" NONE 1 4.5 3.5 4.5 3.5 1.463277650000016 1.1415354000004354 1.6859248999999465 1.2318276000000308 4.0 1.0 6.5 3.75 9.5 4.5 0.8 0.18547794117647065 1.8333333333333335 0.7875000000000001 0.4330127018922193 0.22979692093109072
ps3 "(2, 4)" NONE 2 1.5 1.0 1.5 1.0 2.1168094499999484 0.45757037499942066 2.8523136500002124 1.800794449999757 7.0 0.0 15.0 4.0 23.5 9.0 0.6456766917293233 0.0770676691729324 2.1428571428571423 0.571428571428571 0.6847181860357328 0.5133896958181161
ps3 "(2, 4)" NONE 3 1.0 0.0 1.0 0.0 1.3408207000001364 0.01154199999996286 1.3408207000001364 0.01154199999996286 1.0 0.0 14.0 0.0 21.0 0.0 0.6666666666666666 0.0 1.0 0.0 0.0 0.0
ps3 "(4, 2)" 1 1 4.5 3.5 4.5 3.5 1.7211344999998346 1.5874623500000702 1.8983780500000764 1.4132263249998185 4.0 3.0 6.5 7.25 9.0 7.75 0.775 0.23863636363636365 1.65 0.5 0.4330127018922193 0.055856209472911866
ps3 "(4, 2)" 1 2 2.5 1.5 2.5 1.5 1.1133643000001145 0.8826954499999995 1.1133643000001145 1.2163636749999962 4.0 0.25 8.0 4.5 12.0 5.0 0.6306818181818181 0.05499708624708621 1.825 1.3875000000000002 0.4 0.2980336083709118
ps3 "(4, 2)" 1 3 1.0 0.0 1.0 0.0 1.335153249999905 0.01721502500021188 1.335153249999905 0.01721502500021188 1.0 0.0 14.0 0.0 21.0 0.0 0.6666666666666666 0.0 1.0 0.0 0.0 0.0
ps3 "(4, 2)" 2 1 4.5 3.5 4.5 3.5 1.89622554999994 1.6319748749998833 2.3377332000000592 1.5197158250003748 4.5 2.25 7.5 6.75 11.0 6.5 0.75 0.24065656565656568 1.65 0.589285714285714 0.4 0.1485833598354263
ps3 "(4, 2)" 2 2 2.5 1.5 2.5 1.5 1.12173824999968 0.7021693500005242 1.12173824999968 1.0353722500005489 5.0 0.5 9.0 3.0 13.5 5.5 0.6475155279503106 0.04929526994744393 1.875 1.2 0.3726779962499649 0.2821676975881351
ps3 "(4, 2)" 2 3 1.0 0.0 1.0 0.0 1.3377355000000644 0.010497750000205475 1.3377355000000644 0.010497750000205475 1.0 0.0 14.0 0.0 21.0 0.0 0.6666666666666666 0.0 1.0 0.0 0.0 0.0
ps3 "(4, 2)" 3 1 4.5 3.5 4.5 3.5 1.8936654999996565 2.098106274999953 2.7221000500001367 1.9283426249994586 5.0 2.5 7.5 7.5 11.0 7.25 0.75 0.24065656565656568 1.65 0.6749999999999998 0.4 0.14278053149249892
ps3 "(4, 2)" 3 2 2.5 1.5 2.5 1.5 1.50516570000039 0.8858478749998893 1.50516570000039 1.275986924999877 6.0 0.75 11.0 4.5 15.0 7.25 0.660633484162896 0.11434766214177983 1.982142857142857 0.9642857142857149 0.39544282897799043 0.30698943860376426
ps3 "(4, 2)" 3 3 1.0 0.0 1.0 0.0 1.351935850000018 0.010810450000065197 1.351935850000018 0.010810450000065197 1.0 0.0 14.0 0.0 21.0 0.0 0.6666666666666666 0.0 1.0 0.0 0.0 0.0
ps3 "(4, 2)" NONE 1 4.5 3.5 4.5 3.5 1.558079200000016 1.8150395999998352 1.900576950000044 1.5913933749998819 3.5 3.25 6.0 7.25 8.0 7.0 0.7647058823529411 0.2947368421052632 1.65 0.5 0.4714045207910317 0.020145360123322464
ps3 "(4, 2)" NONE 2 2.5 1.5 2.5 1.5 1.1912141999998764 1.04819797499978 1.1912141999998764 1.5058946499997743 3.5 1.0 7.0 6.5 10.5 7.25 0.6333333333333333 0.11730769230769234 1.9166666666666665 1.6250000000000002 0.3319764047840348 0.31691390260381364
ps3 "(4, 2)" NONE 3 1.0 0.0 1.0 0.0 1.339999349999971 0.01275645000001191 1.339999349999971 0.01275645000001191 1.0 0.0 14.0 0.0 21.0 0.0 0.6666666666666666 0.0 1.0 0.0 0.0 0.0
ps3 "(4, 4)" 1 1 8.5 7.5 8.5 7.5 0.8091878499999865 0.7131785250001175 1.0582808499999035 1.0927578500000832 2.5 1.0 3.5 3.0 5.0 3.0 0.75 0.4 1.5 0.5 0.4714045207910317 0.5
ps3 "(4, 4)" 1 2 2.5 1.5 2.5 1.5 1.117518500000045 0.9323944499999754 1.117518500000045 1.4999259250002126 4.0 0.25 8.0 4.5 12.0 5.0 0.6306818181818181 0.05499708624708621 1.825 1.3875000000000002 0.4 0.2980336083709118
ps3 "(4, 4)" 1 3 1.0 0.0 1.0 0.0 1.33319895000011 0.012521800000086847 1.33319895000011 0.012521800000086847 1.0 0.0 14.0 0.0 21.0 0.0 0.6666666666666666 0.0 1.0 0.0 0.0 0.0
ps3 "(4, 4)" 2 1 8.5 7.5 8.5 7.5 1.0109595500002229 0.9116063500001559 1.276408649999837 1.4218340999998273 3.0 2.0 4.0 4.0 6.0 4.0 0.75 0.28888888888888886 1.55 0.5249999999999999 0.4714045207910317 0.5
ps3 "(4, 4)" 2 2 2.5 1.5 2.5 1.5 1.1228344000001016 0.807125774999911 1.1228344000001016 1.2427628999997111 5.0 0.5 9.0 3.0 13.5 5.5 0.6475155279503106 0.04929526994744393 1.875 1.2 0.3726779962499649 0.2821676975881351
ps3 "(4, 4)" 2 3 1.0 0.0 1.0 0.0 1.3415193999999815 0.012236299999585976 1.3415193999999815 0.012236299999585976 1.0 0.0 14.0 0.0 21.0 0.0 0.6666666666666666 0.0 1.0 0.0 0.0 0.0
ps3 "(4, 4)" 3 1 8.0 8.0 8.0 8.0 0.6484448500000042 1.3995357999998537 0.6484448500000042 1.7680949750000963 3.0 3.0 3.0 6.0 7.0 7.0 0.75 0.2705357142857143 1.5 0.5 0.42180798350313176 0.4714045207910317
ps3 "(4, 4)" 3 2 2.5 1.5 2.5 1.5 1.5176168500001666 0.8743697749999344 1.5176168500001666 1.3216203250004106 6.0 0.75 11.0 4.5 15.0 7.25 0.660633484162896 0.11434766214177983 1.982142857142857 0.9642857142857149 0.39544282897799043 0.30698943860376426
ps3 "(4, 4)" 3 3 1.0 0.0 1.0 0.0 1.3467917000000256 0.010321250000174809 1.3467917000000256 0.010321250000174809 1.0 0.0 14.0 0.0 21.0 0.0 0.6666666666666666 0.0 1.0 0.0 0.0 0.0
ps3 "(4, 4)" NONE 1 8.5 7.5 8.5 7.5 0.769332200000207 0.8902110749999252 0.769332200000207 1.2991057000000406 1.5 2.0 3.5 4.25 4.0 5.25 0.75 0.33333333333333337 2.0 1.0416666666666665 0.12371791482634835 0.5517766952966369
ps3 "(4, 4)" NONE 2 2.5 1.5 2.5 1.5 1.0498587499998848 1.0526053000003799 1.0498587499998848 1.7950032250004138 3.5 1.0 7.0 6.5 10.5 7.25 0.6333333333333333 0.11730769230769234 1.9166666666666665 1.6250000000000002 0.3319764047840348 0.31691390260381364
ps3 "(4, 4)" NONE 3 1.0 0.0 1.0 0.0 1.351698150000047 0.012419524999557785 1.351698150000047 0.012419524999557785 1.0 0.0 14.0 0.0 21.0 0.0 0.6666666666666666 0.0 1.0 0.0 0.0 0.0
