bound_type   cumt cumt cumt cumt cumt cumt cumt cumt sl sl sl sl sl sl sl sl
   "Wait time" "Yield time" "Percent wait time" "Percent yield time" Size Length "Expansion factor" "Sub-Plan expansion deviation" "Wait time" "Yield time" "Percent wait time" "Percent yield time" Size Length "Expansion factor" "Sub-Plan expansion deviation"
problem AL PN                
ps3 1.0 1.0 4.303742799999952 4.303742799999952   3.0 6.0 1.6 0.5477225575051661 3.580391650000024 3.580391650000024   4.0 7.0 1.6 0.5477225575051661
ps3 1.0 2.0 2.4260735000001143 6.792037300000288   4.0 8.0 2.125 2.041241452319315 1.691558150000077 5.194529999999887   3.0 5.0 2.1458333333333335 0.0
ps3 1.0 3.0 1.7286167000000034 8.58965895000037   4.0 6.0 1.666666666666667 0.7071067811865476 1.6992341499995975 6.899116799999959   4.0 4.0 1.5277777777777781 0.0
ps3 1.0 4.0 1.170103050000449 9.997648750000607   4.0 6.0 1.666666666666667 0.5345224838248488 1.2241744500000205 8.360043849999869   3.0 4.0 1.6 0.4472135954999579
ps3 1.0 5.0 1.0585258500000234 10.804858700000466   4.0 6.0 1.666666666666667 0.5773502691896257 1.1347555500000226 9.651287699999756   3.0 6.0 1.5 0.5773502691896257
ps3 1.0 6.0 1.0437262000000376 11.61311480000046   4.0 6.0 1.666666666666667 0.5773502691896257 0.9723661999999962 10.484335100000774   3.0 6.0 1.666666666666667 0.5773502691896257
ps3 1.0 7.0 0.8223884500002328 11.750592300000104   4.0 5.0 1.5 0.5773502691896257 0.8591949500001306 11.198784200001965   4.0 4.0 1.333333333333333 0.5773502691896257
ps3 1.0 8.0 0.6688872000002561 11.90671740000056   4.0 5.0 1.5 0.5773502691896257 0.7437480500000362 11.456998199998734   3.0 4.0 1.75 0.5773502691896257
ps3 1.0 9.0 0.5779241000000184 12.23916390000045   4.0 5.0 1.5 0.5477225575051661 0.6871661999998082 11.78744539999877   4.0 5.0 1.5 0.5
ps3 1.0 10.0 0.573593800000026 12.68973499999947   3.0 5.0 1.5 0.5773502691896257 0.4754713000000664 12.165167550000149   3.0 4.0 1.45 0.5773502691896257
ps3 1.0 11.0 0.5743105000001378 13.218961850000479   3.0 5.0 1.5 0.5773502691896257 0.4651064499999791 12.563242100000195   3.0 4.0 1.333333333333333 0.5773502691896257
ps3 1.0 12.0 0.5714551499999061 13.77073669999993   3.0 5.0 1.75 0.7071067811865476 0.4626304000000232 12.90367049999986   3.0 4.0 1.5 0.5773502691896257
ps3 1.0 13.0 0.571720850000645 14.31109419999986   3.0 5.0 1.5 0.5773502691896257 0.463271299999974 13.32248909999976   2.0 4.0 1.75 0.5773502691896257
ps3 1.0 14.0 0.5620364999999765 14.776184200000731   3.0 5.0 1.3666666666666665 0.5773502691896257 0.4673436500002026 13.756340349999984   2.0 4.0 2.0 0.5773502691896257
ps3 1.0 15.0 0.5686117000000195 15.443378750000026   3.0 5.0 1.5833333333333335 0.5773502691896257 0.4596762999997281 14.12288489999969   2.0 4.0 1.5 0.5773502691896257
ps3 1.0 16.0 0.5696262999999533 16.06449590000148   3.0 5.0 1.5 0.5773502691896257 0.4568809999998393 14.50273789999963   2.0 4.0 1.5 0.5773502691896257
ps3 1.0 17.0 0.565063949999967 16.68524635000017   2.0 5.0 1.5 0.6422285251880866 0.4601750000000493 14.95436860000001   2.0 4.0 1.5 0.5773502691896257
ps3 1.0 18.0 0.5649350000000481 17.22118769999815   3.0 5.0 1.666666666666667 0.5773502691896257 0.4591067499999326 15.43858939999981   2.0 4.0 1.5 0.5773502691896257
ps3 1.0 19.0 0.5633597999999438 18.01883670000012   3.0 5.0 1.666666666666667 0.5773502691896257 0.4602928999999563 15.90608640000002   2.0 4.0 1.5 0.5773502691896257
ps3 1.0 20.0 0.568481649999967 18.71590270000121   2.0 5.0 1.5 0.5 0.4593993000003138 16.46043520000217   2.0 4.0 1.5 0.5773502691896257
ps3 1.0 21.0 0.5455475499998954 19.203692000001922   3.0 4.0 1.4166666666666665 0.5773502691896257 0.4612392499997213 17.259928749998835   2.0 4.0 1.5833333333333335 0.5773502691896257
ps3 1.0 22.0 0.5228274999999769 19.80166210000027   3.0 4.0 1.333333333333333 0.5773502691896257 0.4610223499999506 17.909426950000267   2.0 4.0 2.0 0.25
ps3 1.0 23.0 0.35607139999996207 20.02670500000039   2.5 3.0 1.125 0.25 0.45965625000007293 18.44197414999975   2.0 4.0 1.5 0.0
ps3 1.0 24.0 0.4819288000002189 21.45610449999953   4.0 4.0 1.0 0.0 0.4590294000000199 19.03229080000004   2.0 3.0 1.5 0.0
ps3 1.0 25.0 0.4620044000000689 21.91810889999959   3.0 4.0 1.333333333333333 0.5773502691896257 0.4637338 19.81475450000073   3.0 4.0 1.5 0.5
ps3 1.0 26.0         0.4474249999999671 20.01353910000003   3.0 4.0 1.333333333333333 0.5773502691896257
ps3 1.0 27.0         0.3631665500000736 21.08537865000029   2.5 3.0 1.4166666666666665 0.5773502691896257
ps3 1.0 28.0         0.4636534000003394 21.20554189999977   3.0 4.0 1.333333333333333 0.5
ps3 1.0 29.0         0.4551581000002898 22.22747209999886   2.0 4.0 1.5 0.5
ps3 1.0 30.0         0.3587331000007907 23.27401230000555   3.0 3.0 1.0 0.0
ps3 1.0 31.0         0.4772977000000083 23.75131000000556   4.0 4.0 1.0 0.0
ps3 1.0 32.0         0.3590302999998585 24.11034030000542   2.0 3.0 1.5 0.7071067811865476
ps3 2.0 1.0 3.4732499499994276 3.4732499499994276   4.0 17.0 4.5 3.646916505762094 2.818327700000026 2.818327700000026   2.0 9.0 4.5 3.535533905932738
ps3 2.0 2.0 1.5509956500003454 5.040937599999751   8.0 15.0 2.0 1.032795558988645 1.0563644999998871 3.891547549999871   2.5 12.0 2.0 1.0232946570191734
ps3 2.0 3.0 0.9713827000000492 5.892392449999875   6.0 11.0 1.857142857142857 0.8366600265340756 1.05572734999987 4.986661899999888   6.0 12.0 2.333333333333333 1.032795558988644
ps3 2.0 4.0 0.641232500000001 6.1194492000011   5.0 7.0 1.5 0.7071067811865476 0.6698271000000204 5.442304850000319   4.0 8.0 1.833333333333333 0.7071067811865476
ps3 2.0 5.0 0.5856626999998866 5.658719800000313   3.0 7.0 2.0 0.7071067811865476 0.6579570999995212 5.901794099999393   4.0 8.0 2.0 0.816496580927726
ps3 2.0 6.0 0.5807604999998262 5.927588499999388   4.0 7.0 1.666666666666667 0.5773502691896257 0.41542455000009687 6.16780695000034   3.0 5.0 1.4 0.5625364133473959
ps3 2.0 7.0 0.5630530999990242 6.472994900000572   3.0 6.0 1.5 0.5773502691896257 0.4070290000000369 5.613363100000143   2.0 5.0 2.0 0.5773502691896257
ps3 2.0 8.0 0.3370244000001321 6.919331900000145   3.0 4.0 1.5 0.7071067811865476 0.3890397499999381 5.76050175000006   2.0 4.0 2.0 0.47360679774997894
ps3 2.0 9.0 0.2554911000000857 7.618363599999782   3.0 3.0 1.0 0.0 0.3395324499998651 6.1016058000003   2.0 4.0 1.666666666666667 0.5773502691896257
ps3 2.0 10.0         0.414830400000028 6.443983800000865   3.0 5.0 1.25 0.5
ps3 2.0 11.0         0.2543642999999918 6.981234600000221   2.0 3.0 1.5 0.7071067811865476
ps3 2.0 12.0         0.1863374999998086 8.236455200001274   2.0 2.0 1.0 0.0
ps3 3.0 1.0 1.9033034500001236 1.9033034500001236   1.0 20.0 1.0 0.0 1.9137791500000105 1.9137791500000105   1.0 20.0 1.0 0.0
ps3ts 1.0 1.0 4.451004850000174 4.451004850000174   3.0 6.0 1.6 0.5477225575051661 3.2046975499999246 3.2046975499999246   3.0 6.0 1.6 0.5477225575051661
ps3ts 1.0 2.0 2.804046549999811 7.17766859999989   3.0 7.0 2.25 2.081665999466133 2.1278975999999266 5.295821300000512   3.0 5.0 1.5 0.0
ps3ts 1.0 3.0 1.6543323999998591 8.856705649998617   3.0 5.0 1.666666666666667 0.5773502691896257 1.6662601999995559 7.09180825000016   4.0 4.0 1.8 0.0
ps3ts 1.0 4.0 1.525650799999653 10.415785949999645   3.0 6.0 1.666666666666667 0.5773502691896257 1.2183716000000686 8.377064249999648   3.0 4.0 1.577777777777778 0.4472135954999579
ps3ts 1.0 5.0 1.1128532999998129 11.232660649999985   3.0 5.0 1.5 0.5773502691896257 1.194297050000273 9.70984815000054   3.0 6.0 1.333333333333333 0.5773502691896257
ps3ts 1.0 6.0 1.046040400000038 11.89059915000024   4.0 6.0 1.6 0.5 1.0351033000004008 10.758088549998604   3.0 5.0 1.6 0.0
ps3ts 1.0 7.0 0.8552482000003465 12.56691089999984   4.0 5.0 1.333333333333333 0.5 0.88928849999985 11.58801850000168   4.0 4.0 1.333333333333333 0.5163977794943222
ps3ts 1.0 8.0 0.7120074000000614 13.216909899999745   4.0 5.0 1.666666666666667 0.5477225575051661 0.8139804999993885 12.15323200000009   3.0 4.0 1.5 0.5773502691896257
ps3ts 1.0 9.0 0.5992360999999278 13.6767712000003   3.0 5.0 1.333333333333333 0.5163977794943222 0.7075394499999845 12.563195649999841   3.0 4.0 1.5 0.5163977794943222
ps3ts 1.0 10.0 0.5905379000000721 14.1163779000002   3.0 5.0 1.5 0.5773502691896257 0.6150985999999534 13.01502319999929   3.0 4.0 1.333333333333333 0.5773502691896257
ps3ts 1.0 11.0 0.5926655999999184 14.56713000000002   3.0 5.0 1.666666666666667 0.5773502691896257 0.4881919000004018 13.45472809999978   3.0 4.0 1.333333333333333 0.5773502691896257
ps3ts 1.0 12.0 0.5885857999998052 15.05820320000123   3.0 5.0 1.666666666666667 0.5773502691896257 0.4781057000000146 13.846819849999575   2.0 4.0 1.333333333333333 0.5773502691896257
ps3ts 1.0 13.0 0.5843812000001662 15.63249680000034   3.0 5.0 1.5 0.5773502691896257 0.4756144500001369 14.19480749999872   2.0 4.0 1.5 0.5773502691896257
ps3ts 1.0 14.0 0.5843854000000306 16.15092380000124   3.0 5.0 1.5 0.5773502691896257 0.47472969999996906 14.634322850000125   2.0 4.0 1.5 0.5773502691896257
ps3ts 1.0 15.0 0.5797663000002444 16.652112949999765   3.0 4.0 1.333333333333333 0.5 0.47584969999968507 15.090650750000524   2.0 4.0 1.5 0.5773502691896257
ps3ts 1.0 16.0 0.584565900000257 17.32106900000011   3.0 5.0 1.333333333333333 0.5773502691896257 0.4699503999997887 15.48817570000013   2.0 4.0 1.5 0.0
ps3ts 1.0 17.0 0.5890466499997729 17.943904649999553   3.0 5.0 1.333333333333333 0.5773502691896257 0.4728377000000137 15.86587890000044   2.0 4.0 1.5 0.5773502691896257
ps3ts 1.0 18.0 0.5730227000001378 18.50911299999973   3.0 4.0 1.333333333333333 0.5773502691896257 0.4719898500001136 16.299813099999767   2.0 4.0 1.333333333333333 0.5773502691896257
ps3ts 1.0 19.0 0.5807269999996834 19.25207920000071   3.0 4.0 1.5 0.5773502691896257 0.4735651000000871 16.78078779999782   3.0 4.0 1.333333333333333 0.5773502691896257
ps3ts 1.0 20.0 0.5877789999998413 20.16037769999957   3.0 5.0 1.5 0.5773502691896257 0.472545499999967 17.45969800000013   2.0 4.0 1.333333333333333 0.0
ps3ts 1.0 21.0 0.5654903000001923 20.87644459999956   2.0 4.0 1.333333333333333 0.5773502691896257 0.4758167000001094 18.12261809999814   2.0 4.0 1.333333333333333 0.0
ps3ts 1.0 22.0 0.5898413999999548 21.310115400002246   3.0 5.0 1.333333333333333 0.5773502691896257 0.47266385000000355 18.905641899999864   2.0 4.0 1.5 0.5773502691896257
ps3ts 1.0 23.0 0.4834245499999241 21.7473249500013   2.0 4.0 1.5 0.5773502691896257 0.4783293000000413 19.63693800000016   2.0 4.0 1.666666666666667 0.5773502691896257
ps3ts 1.0 24.0 0.595090599999935 22.80072079999968   2.0 5.0 2.0 0.7071067811865476 0.4781848000000082 20.2515924000013   2.0 4.0 2.0 0.5773502691896257
ps3ts 1.0 25.0 0.6013041500000327 23.70465235000006   2.5 5.0 1.875 0.978713553878169 0.4766260499999646 20.829412150001133   2.0 4.0 1.5 0.5773502691896257
ps3ts 1.0 26.0 0.5778177000000824 24.33553820000066   2.0 5.0 2.0 1.414213562373095 0.4809774499992727 21.36882789999913   2.0 4.0 1.5 0.5773502691896257
ps3ts 1.0 27.0 0.5404040500000065 24.502044899999873   2.5 4.5 1.75 0.8535533905932737 0.4773367000001372 21.92111760000284   2.0 4.0 1.5 0.5773502691896257
ps3ts 1.0 28.0         0.4189579499997649 22.596941599999127   2.0 3.0 1.333333333333333 0.0
ps3ts 1.0 29.0         0.47115985000058913 23.52430289999893   2.0 3.0 1.4166666666666665 0.5773502691896257
ps3ts 1.0 30.0         0.4896943999998484 24.07771519999687   2.0 4.0 2.0 0.7071067811865476
ps3ts 1.0 31.0         0.4864890000000628 24.542550450001155   2.0 3.5 1.5 0.7071067811865475
ps3ts 1.0 32.0         0.3714016000001266 25.32166970000117   2.0 3.0 1.5 0.7071067811865476
ps3ts 1.0 33.0         0.3755143999998154 25.69718410000098   3.0 3.0 1.0 0.0
ps3ts 2.0 1.0 3.4468936999999897 3.4468936999999897   3.0 11.0 4.5 3.535533905932738 2.3920663500014143 2.3920663500014143   1.5 8.0 6.0 1.4433756729740645
ps3ts 2.0 2.0 1.8901980499998676 5.334491399999507   6.0 13.0 2.0 1.130388330520878 1.59812945000008 4.000621599999761   2.0 8.0 2.142857142857143 0.4216370213557839
ps3ts 2.0 3.0 0.9305230500000334 6.263949750001416   4.0 10.0 2.0 0.8944271909999159 1.0700295500002994 5.229842450000092   3.0 8.0 2.5 0.816496580927726
ps3ts 2.0 4.0 0.6732968999998548 6.992833699999892   5.0 7.0 1.428571428571429 0.5773502691896257 0.6963462000000504 5.880583500000256   3.0 7.0 1.5 0.5773502691896257
ps3ts 2.0 5.0 0.605105700000081 6.833784600000342   3.0 7.0 1.75 0.7071067811865476 0.5908718000001159 6.191098100000005   3.0 6.0 2.0 0.5773502691896257
ps3ts 2.0 6.0 0.5896588499998074 6.771952000000454   3.0 6.0 1.7083333333333335 0.5773502691896257 0.4339596000000938 6.564056100000698   3.0 4.0 1.333333333333333 0.3779644730092272
ps3ts 2.0 7.0 0.5924425999998988 7.181886650001275   4.0 6.0 1.333333333333333 0.5477225575051661 0.3556453000001056 6.562761700000692   3.0 4.0 1.333333333333333 0.0
ps3ts 2.0 8.0 0.5144583999999099 7.684137999999734   4.0 6.0 1.333333333333333 0.5 0.34843254999992723 6.365174700000267   2.0 4.0 1.775 0.0
ps3ts 2.0 9.0 0.436354499999652 8.231563300002108   3.0 5.0 1.5 0.5773502691896257 0.3515104499999069 6.581743699999485   3.0 4.0 1.5 0.0
ps3ts 2.0 10.0 0.357042999999976 8.765165500000592   2.0 4.0 1.5 0.7071067811865476 0.3531178000001773 6.896873699998878   2.0 4.0 1.333333333333333 0.0
ps3ts 2.0 11.0         0.3529008999994403 7.252295399999184   3.0 4.0 1.333333333333333 0.5773502691896257
ps3ts 2.0 12.0         0.34852474999979677 7.66901075000041   2.0 3.0 1.5 0.5773502691896257
ps3ts 2.0 13.0         0.4264178000001664 8.076689299999828   2.0 5.0 2.4166666666666665 0.7071067811865476
ps3ts 2.0 14.0         0.345048399999996 8.228523099998483   2.0 4.0 2.0 0.0
ps3ts 2.0 15.0         0.347333400000025 8.575856499998508   2.0 4.0 2.0 0.0
ps3ts 3.0 1.0 2.2908427000003826 2.2908427000003826   9.0 15.0 1.545454545454545 0.9511897312113419 1.7111034999999575 1.7111034999999575   7.0 11.0 1.4 0.8944271909999159
ps3ts 3.0 2.0 0.5489979000000176 2.800057900000866   3.0 7.0 2.25 0.816496580927726 0.7258667500000229 2.5099476000006575   4.0 9.0 2.0 0.8944271909999159
ps3ts 3.0 3.0 0.620785200000114 2.56422344999983   4.0 8.0 2.25 0.816496580927726 0.45303555000000273 2.4582061999997222   3.0 6.0 2.333333333333333 0.5773502691896257
ps3ts 3.0 4.0 0.45031555000031176 3.217832500000327   2.0 6.0 2.5 0.5773502691896257 0.38867029999988745 2.1896322000003465   3.0 5.0 2.333333333333333 0.5773502691896257
ps3ts 3.0 5.0         0.4543029000005845 2.57062300000041   2.0 6.0 2.333333333333333 0.7071067811865476
ps3ts 3.0 6.0         0.49502814999993916 2.9566774000003875   2.0 6.0 2.5 0.8322669444714428
ps3ts 4.0 1.0 0.7047491000001287 0.7047491000001287   1.0 13.0 1.0 0.0 0.7100087000001167 0.7100087000001167   1.0 13.0 1.0 0.0
