online_bounds   "(2, 2)" "(2, 2)" "(2, 2)" "(2, 2)" "(2, 4)" "(2, 4)" "(2, 4)" "(2, 4)" "(2, 6)" "(2, 6)" "(2, 6)" "(2, 6)" "(4, 2)" "(4, 2)" "(4, 2)" "(4, 2)" "(4, 4)" "(4, 4)" "(4, 4)" "(4, 4)" "(4, 6)" "(4, 6)" "(4, 6)" "(4, 6)" "(6, 2)" "(6, 2)" "(6, 2)" "(6, 2)" "(6, 4)" "(6, 4)" "(6, 4)" "(6, 4)" "(6, 6)" "(6, 6)" "(6, 6)" "(6, 6)"
   "Total Time" "Wait time" Size Length "Total Time" "Wait time" Size Length "Total Time" "Wait time" Size Length "Total Time" "Wait time" Size Length "Total Time" "Wait time" Size Length "Total Time" "Wait time" Size Length "Total Time" "Wait time" Size Length "Total Time" "Wait time" Size Length "Total Time" "Wait time" Size Length
problem AL PN                                    
ps1 1.0 1.0 1.628413999999907 4.668674999999837 8.0 13.0 0.9142110999998465 3.895928749999797 4.0 6.0 0.46389085000002694 3.4752181499999892 2.0 4.0 1.04498004999995 3.244104749999806 5.0 9.0 0.46580085000005056 2.7207980499997007 2.0 4.0 0.2589090000000027 2.472458350000025 1.0 2.0 0.5806090999999469 2.4697737500001984 3.0 5.0 0.25349114999994526 2.10603440000002 1.0 2.0 0.25839009999990026 2.131565699999882 1.0 2.0
ps1 1.0 2.0 1.7601643999998946 2.5809477499996585 9.0 14.0 1.256061550000055 2.029407300000173 4.0 11.0 0.5786540999999659 1.372885300000007 3.0 5.0 1.0132821500000095 1.494248900000031 5.0 9.0 0.4648322500000468 0.9104509500000688 2.0 4.0 0.26067654999999945 0.741464000000235 1.0 2.0 0.9175276500000678 1.4759992500000294 3.0 8.0 0.2548083000000929 0.7995792499999652 1.0 2.0 0.26031865000005894 0.8148567000000355 1.0 2.0
ps1 1.0 3.0 0.585759199999984 0.585759199999984 4.0 5.0 0.9231138500004761 0.9231138500004761 4.0 8.0 0.4603997499999366 0.4603997499999366 3.0 4.0 0.4567977499999216 0.8689529499999082 3.0 4.0 0.5068254000000323 0.9926612499999694 3.0 4.0 0.4516699500001664 0.8649360499997556 2.0 4.0 0.45932210000009377 0.7968358000000535 3.0 4.0 0.26311749999996437 0.5949780000000082 2.0 2.0 0.17021380000002756 0.5049858999999515 1.0 1.0
ps1 1.0 4.0 2.84349144999959 2.84349144999959 5.0 16.0 0.6931144500000954 0.6931144500000954 5.0 6.0 0.686031299999982 0.686031299999982 3.0 6.0 0.4512993499998288 0.8672072500002628 3.0 4.0 0.6794064000001754 1.1081497000000695 3.0 6.0 0.7324416999999812 1.1530629500000487 2.0 3.0 0.8112821999999085 1.074665549999878 4.0 7.0 1.000057199999958 1.253572100000241 2.0 9.0 0.17203905000005904 0.5038928500001134 1.0 1.0
ps1 1.0 5.0     0.34877579999988484 0.34877579999988484 2.0 3.0 0.7836591000000084 0.7836591000000084 3.0 7.0 0.3449598500000092 0.3449598500000092 2.0 3.0 0.1703107000000017 0.1703107000000017 1.0 1.0 0.2623773500001221 0.2623773500001221 2.0 2.0 0.35318505000003597 0.6141305499997429 2.0 3.0 0.16517700000005675 0.422121999999888 1.0 1.0 0.6488159499998574 0.9055317499998523 1.0 6.0
ps1 1.0 6.0     0.2594568500000207 0.2594568500000207 2.0 2.0 0.4670306499999128 0.4670306499999128 3.0 3.0 0.4555571999999728 0.4555571999999728 3.0 4.0 0.451905999999866 0.451905999999866 1.0 4.0 0.5662365500000135 0.5662365500000135 2.0 5.0 0.2642483500000594 0.5244635500001209 2.0 2.0 0.3436254500000331 0.5981079000000165 2.0 3.0 0.3387979999998265 0.5925395500000832 1.0 3.0
ps1 1.0 7.0     0.3537703000000008 0.3537703000000008 2.0 3.0 0.17060505000002024 0.17060505000002024 1.0 1.0 0.3461790999999721 0.3461790999999721 2.0 3.0 0.35377220000010823 0.35377220000010823 2.0 2.5 0.1691525500000033 0.1691525500000033 1.0 1.0 0.17083030000006266 0.17083030000006266 1.0 1.0 0.4522377999999776 0.4522377999999776 2.0 4.0 0.16888440000003868 0.16888440000003868 1.0 1.0
ps1 1.0 8.0     1.640099900000031 1.640099900000031 3.0 11.0 0.17200619999999844 0.17200619999999844 1.0 1.0 2.4856775500000974 2.4856775500000974 3.0 18.0 0.3561367999997742 0.3561367999997742 2.0 3.0 0.439816450000194 0.439816450000194 1.0 4.0 0.35391190000001416 0.35391190000001416 2.0 3.0 0.5534474500000073 0.5534474500000073 2.0 5.0 0.16926145000000759 0.16926145000000759 1.0 1.0
ps1 1.0 9.0         0.1693417499999157 0.1693417499999157 1.0 1.0     0.16942944999999554 0.16942944999999554 1.0 1.0 0.1699846999999721 0.1699846999999721 1.0 1.0 0.16913534999997634 0.16913534999997634 1.0 1.0 0.16581195000001964 0.16581195000001964 1.0 1.0 0.2572280000001257 0.2572280000001257 1.0 2.0
ps1 1.0 10.0         0.3556789499999695 0.3556789499999695 2.0 3.0     0.17104165000009175 0.17104165000009175 1.0 1.0 0.1704191499999581 0.1704191499999581 1.0 1.0 0.3551368000000537 0.3551368000000537 2.0 3.0 0.1709937500000045 0.1709937500000045 1.0 1.0 0.35625579999999607 0.35625579999999607 1.0 3.0
ps1 1.0 11.0         0.2607516499998894 0.2607516499998894 2.0 2.0     0.17128465000014614 0.17128465000014614 1.0 1.0 0.211249200000168 0.211249200000168 1.0 1.5 0.16712859999992702 0.16712859999992702 1.0 1.0 0.1655026000000248 0.1655026000000248 1.0 1.0 0.16834479999999985 0.16834479999999985 1.0 1.0
ps1 1.0 12.0         2.3599380500000393 2.3599380500000393 2.0 17.0     0.2633926499999291 0.2633926499999291 2.0 2.0 0.17050865000004478 0.17050865000004478 1.0 1.0 2.3759214499997654 2.3759214499997654 2.0 17.0 0.16369505000001539 0.16369505000001539 1.0 1.0 0.5654041999999748 0.5654041999999748 2.0 5.0
ps1 1.0 13.0                 0.25768254999990603 0.25768254999990603 1.0 2.0 0.16804799999997755 0.16804799999997755 1.0 1.0     0.24080035000008596 0.24080035000008596 1.0 1.0 0.17037365000009075 0.17037365000009075 1.0 1.0
ps1 1.0 14.0                 0.1684623999998962 0.1684623999998962 1.0 1.0 0.17215200000000408 0.17215200000000408 1.0 1.0     0.16608449999998243 0.16608449999998243 1.0 1.0 0.196268400000001 0.196268400000001 1.0 1.0
ps1 1.0 15.0                 0.16776395000005095 0.16776395000005095 1.0 1.0 0.168824700000016 0.168824700000016 1.0 1.0     0.16531459999998785 0.16531459999998785 1.0 1.0 0.16897290000004267 0.16897290000004267 1.0 1.0
ps1 1.0 16.0                 2.4272874499998807 2.4272874499998807 2.0 17.0 0.16876450000000887 0.16876450000000887 1.0 1.0     0.16489674999994008 0.16489674999994008 1.0 1.0 0.1668062999999833 0.1668062999999833 1.0 1.0
ps1 1.0 17.0                     0.1680287000000007 0.1680287000000007 1.0 1.0     0.25004984999998214 0.25004984999998214 1.0 2.0 0.1701273000001038 0.1701273000001038 1.0 1.0
ps1 1.0 18.0                     0.25605110000000764 0.25605110000000764 1.0 2.0     0.16330784999996695 0.16330784999996695 1.0 1.0 0.24942449999997504 0.24942449999997504 1.0 1.5
ps1 1.0 19.0                     0.16711524999999483 0.16711524999999483 1.0 1.0     0.16291570000007027 0.16291570000007027 1.0 1.0 0.16883319999999455 0.16883319999999455 1.0 1.0
ps1 1.0 20.0                     0.16643160000003832 0.16643160000003832 1.0 1.0     0.25089484999998035 0.25089484999998035 1.0 2.0 0.16769064999998304 0.16769064999998304 1.0 1.0
ps1 1.0 21.0                     0.25628444999998123 0.25628444999998123 1.0 2.0     2.0108415500000096 2.0108415500000096 1.0 16.0 0.255820950000043 0.255820950000043 1.0 2.0
ps1 1.0 22.0                     2.028384800000296 2.028384800000296 1.0 16.0         0.16688830000001076 0.16688830000001076 1.0 1.0
ps1 1.0 23.0                                 0.16605250000004906 0.16605250000004906 1.0 1.0
ps1 1.0 24.0                                 0.2556675499999699 0.2556675499999699 1.0 2.0
ps1 1.0 25.0                                 2.060889500000144 2.060889500000144 1.0 16.0
ps1 2.0 1.0 1.6001002000002984 3.0090035499999317 9.0 17.0 1.597814350000185 2.993611500000384 9.0 17.0 1.6014674499997454 3.0067287000001115 9.0 17.0 0.8192992999999547 2.1698597500002563 4.0 10.0 0.843416899999994 2.2515683999997833 4.0 10.0 0.8378914500001144 2.2015726500000454 4.0 10.0 0.4876564500000029 1.8887761000001575 3.0 6.0 0.4747538999999392 1.8496190500000296 3.0 6.0 0.48563804999992044 1.8740915499998605 3.0 6.0
ps1 2.0 2.0 0.7958631999999284 0.7958631999999284 9.0 9.0 0.7957553999999689 0.7957553999999689 9.0 9.0 0.7944978499999991 0.7944978499999991 9.0 9.0 0.48039044999981684 0.48039044999981684 4.0 6.0 0.4943719000000897 0.4943719000000897 4.0 6.0 0.48358690000009114 0.48358690000009114 4.0 6.0 0.5575575500001264 0.5575575500001264 3.0 7.0 0.5452422499998306 0.5452422499998306 3.0 7.0 0.5542139499999337 0.5542139499999337 3.0 7.0
ps1 2.0 3.0             0.4124943999998436 0.4124943999998436 5.0 5.0 0.4259791499998755 0.4259791499998755 5.0 5.0 0.4234954000000499 0.4234954000000499 5.0 5.0 0.3371019499999761 0.3371019499999761 3.0 4.0 0.32841444999994 0.32841444999994 3.0 4.0 0.3344230999999951 0.3344230999999951 3.0 4.0
ps1 2.0 4.0             0.4160747499999218 0.4160747499999218 5.0 5.0 0.4288177000001099 0.4288177000001099 5.0 5.0 0.426042099999961 0.426042099999961 5.0 5.0 0.2620569499999874 0.2620569499999874 3.0 3.0 0.2544523000000254 0.2544523000000254 3.0 3.0 0.2593304500001068 0.2593304500001068 3.0 3.0
ps1 2.0 5.0                         0.2612624999998445 0.2612624999998445 3.0 3.0 0.25714784999991025 0.25714784999991025 3.0 3.0 0.2589722500000029 0.2589722500000029 3.0 3.0
ps1 2.0 6.0                         0.2602504500001146 0.2602504500001146 3.0 3.0 0.2543973000001074 0.2543973000001074 3.0 3.0 0.2580380499999748 0.2580380499999748 3.0 3.0
ps1 3.0 1.0 1.3976303500003835 1.3976303500003835 1.0 18.0 1.388702350000131 1.388702350000131 1.0 18.0 1.3962368000001977 1.3962368000001977 1.0 18.0 1.343912249999846 1.343912249999846 1.0 18.0 1.4073684499999786 1.4073684499999786 1.0 18.0 1.3651418999999692 1.3651418999999692 1.0 18.0 1.391227250000213 1.391227250000213 1.0 18.0 1.3664701500002256 1.3664701500002256 1.0 18.0 1.3784538499995735 1.3784538499995735 1.0 18.0
ps2 1.0 1.0 3.363461449999818 7.354449699999961 12.0 22.0 1.7544457000000695 5.901263199999946 6.0 14.0 0.8200881500001174 4.792169200000046 4.0 7.0 2.2462068500004766 5.3547795000000065 9.0 17.0 0.8185761500001263 3.841587050000328 4.0 7.0 0.6769269499998813 3.6650835500003325 3.0 6.0 0.9520753999996714 3.2567686000000293 5.0 8.0 0.36380709999981775 2.6763350500002048 2.0 3.0 0.25390940000001194 2.531354900000281 1.0 2.0
ps2 1.0 2.0 2.9560321500003965 3.7425527000004877 13.0 19.0 1.141850300000101 1.9369093499999797 6.0 10.0 1.0287889999997901 1.8652785000000376 4.0 9.0 2.2594588999997995 2.738169399999947 9.0 17.0 1.0386658999998986 1.5323420499998974 4.0 9.0 0.8766829500000313 1.3560448000002339 3.0 8.0 1.056249199999911 2.1110883000001195 6.0 9.0 0.7985262499997816 1.8546691999997615 3.0 7.0 0.4569347999998854 1.4899377499999669 2.0 4.0
ps2 1.0 3.0 0.5870965999999953 0.5870965999999953 4.0 5.0 1.1980249500000681 1.1980249500000681 6.0 10.0 0.8886304499998801 0.8886304499998801 4.0 7.0 0.46876059999988223 0.8921990000000051 3.0 4.0 1.0159975999998774 1.4678632000000675 5.0 9.0 0.34606980000006615 0.7603457000002436 3.0 3.0 1.1758843499998761 2.330334849999815 6.0 10.0 0.3629640999999992 1.50403524999993 3.0 3.0 0.25445584999997095 1.3643041500001019 2.0 2.0
ps2 1.0 4.0 1.385735849999861 1.385735849999861 5.0 11.0 1.0787058000000371 1.0787058000000371 7.0 9.0 0.5745643500000028 0.5745643500000028 4.0 5.0 0.46298880000011877 0.8909822500001496 3.0 4.0 1.0539735499998244 1.4897276500001904 5.0 9.0 0.7835090999996623 1.2024960000000535 3.0 7.0 0.939549499999913 1.206953099999623 7.0 8.0 0.9228522000000083 1.198038149999661 3.0 8.0 0.25768174999998905 0.527191200000015 2.0 2.0
ps2 1.0 5.0     0.3552829499999888 0.3552829499999888 2.0 3.0 0.9271902999996087 0.9271902999996087 4.0 8.0 0.3477870500000222 0.3477870500000222 2.0 3.0 0.16865319999993744 0.16865319999993744 1.0 1.0 0.44925355000026457 0.44925355000026457 3.0 4.0 1.3428599499998763 1.6051930000000285 6.0 11.0 0.36361060000004386 0.6288263499997697 3.0 3.0 0.2664570500000423 0.6053877499997498 2.0 2.0
ps2 1.0 6.0     0.262696300000016 0.262696300000016 2.0 2.0 0.6894462499999463 0.6894462499999463 5.0 6.0 0.4678890999998089 0.4678890999998089 3.0 4.0 0.44169604999999024 0.44169604999999024 1.0 4.0 0.663748349999878 0.663748349999878 3.0 6.0 1.4842119500001445 1.746371300000078 7.0 12.0 0.7922575500000448 1.0489166499999385 3.0 7.0 1.0057289499996784 1.260712499999997 2.0 9.0
ps2 1.0 7.0     0.3561872499999197 0.3561872499999197 2.0 3.0 0.17155700000012075 0.17155700000012075 1.0 1.0 0.3555838000000193 0.3555838000000193 2.0 3.0 0.26315559999994775 0.26315559999994775 2.0 2.0 0.1657439499999782 0.1657439499999782 1.0 1.0 0.2586181499999256 0.2586181499999256 1.0 2.0 0.3582615000000757 0.3582615000000757 3.0 3.0 0.25750815000003513 0.25750815000003513 2.0 2.0
ps2 1.0 8.0     1.338352149999963 1.338352149999963 3.0 11.0 0.2131084000000101 0.2131084000000101 1.0 1.0 2.6305827000001614 2.6305827000001614 3.0 18.0 0.3584828500000299 0.3584828500000299 2.0 3.0 0.4395573500000012 0.4395573500000012 1.0 4.0 0.3525227499999346 0.3525227499999346 2.0 3.0 0.5927627999999885 0.5927627999999885 4.0 5.0 0.3527902500001119 0.3527902500001119 2.0 3.0
ps2 1.0 9.0         0.1729891499999781 0.1729891499999781 1.0 1.0     0.16797584999994797 0.16797584999994797 1.0 1.0 0.1685222500000236 0.1685222500000236 1.0 1.0 0.17100049999990574 0.17100049999990574 1.0 1.0 0.46944624999997586 0.46944624999997586 3.0 4.0 0.5790493000000652 0.5790493000000652 2.0 5.0
ps2 1.0 10.0         0.3564123500000278 0.3564123500000278 2.0 3.0     0.17174179999994976 0.17174179999994976 1.0 1.0 0.1670020500001215 0.1670020500001215 1.0 1.0 0.35992919999996076 0.35992919999996076 2.0 3.0 0.5687851500001386 0.5687851500001386 3.0 5.0 0.2551531999999668 0.2551531999999668 2.0 2.0
ps2 1.0 11.0         0.2616822500000353 0.2616822500000353 2.0 2.0     0.17208529999993516 0.17208529999993516 1.0 1.0 0.17018970000009406 0.17018970000009406 1.0 1.0 0.169091350000123 0.169091350000123 1.0 1.0 0.672567400000105 0.672567400000105 3.0 6.0 0.258061749999996 0.258061749999996 2.0 2.0
ps2 1.0 12.0         2.28874930000012 2.28874930000012 2.0 17.0     0.262775500000032 0.262775500000032 2.0 2.0 0.1656625499999791 0.1656625499999791 1.0 1.0 2.4196874000000577 2.4196874000000577 2.0 17.0 0.9139927499999771 0.9139927499999771 4.0 8.0 0.4620709500000544 0.4620709500000544 3.0 4.0
ps2 1.0 13.0                 0.2571804999999969 0.2571804999999969 1.0 2.0 0.1650785499999756 0.1650785499999756 1.0 1.0     0.17147910000002042 0.17147910000002042 1.0 1.0 0.3456689000001347 0.3456689000001347 2.0 3.0
ps2 1.0 14.0                 0.1672141500001203 0.1672141500001203 1.0 1.0 0.23795314999987482 0.23795314999987482 1.0 1.5     0.2517511999999158 0.2517511999999158 1.0 2.0 0.450303599999998 0.450303599999998 2.0 4.0
ps2 1.0 15.0                 0.1670694499999854 0.1670694499999854 1.0 1.0 0.1653462499999989 0.1653462499999989 1.0 1.0     0.17180424999992283 0.17180424999992283 1.0 1.0 0.6550818499999167 0.6550818499999167 2.0 6.0
ps2 1.0 16.0                 2.3978798499999243 2.3978798499999243 2.0 17.0 0.16449869999999575 0.16449869999999575 1.0 1.0     0.17021995000002477 0.17021995000002477 1.0 1.0 0.5559721999999852 0.5559721999999852 2.0 5.0
ps2 1.0 17.0                     0.16375635000008515 0.16375635000008515 1.0 1.0     0.25129104999999186 0.25129104999999186 1.0 2.0 0.35650259999997047 0.35650259999997047 2.0 3.0
ps2 1.0 18.0                     0.2506516499998952 0.2506516499998952 1.0 2.0     0.17067595000001745 0.17067595000001745 1.0 1.0 0.47236609999976054 0.47236609999976054 2.5 4.0
ps2 1.0 19.0                     0.16394394999991846 0.16394394999991846 1.0 1.0     0.1677705000001879 0.1677705000001879 1.0 1.0 0.17315175000010186 0.17315175000010186 1.0 1.0
ps2 1.0 20.0                     0.16338564999996663 0.16338564999996663 1.0 1.0     0.25206890000004023 0.25206890000004023 1.0 2.0 0.251166300000051 0.251166300000051 1.0 2.0
ps2 1.0 21.0                     0.2526070000000686 0.2526070000000686 1.0 2.0     1.6730184499997736 1.6730184499997736 1.0 14.0 0.167979149999951 0.167979149999951 1.0 1.0
ps2 1.0 22.0                     2.0244606999997927 2.0244606999997927 1.0 16.0     2.021470999999678 2.021470999999678 1.0 16.0 0.16658284999994066 0.16658284999994066 1.0 1.0
ps2 1.0 23.0                             8.845721300000832 8.845721300000832 1.0 27.0 0.25030079999991983 0.25030079999991983 1.0 2.0
ps2 1.0 24.0                             0.367142299999955 0.367142299999955 2.0 3.0 0.1687129499999855 0.1687129499999855 1.0 1.0
ps2 1.0 25.0                                 0.16392175000005693 0.16392175000005693 1.0 1.0
ps2 1.0 26.0                                 0.25076260000003003 0.25076260000003003 1.0 2.0
ps2 1.0 27.0                                 0.2563976499997125 0.2563976499997125 1.0 2.0
ps2 1.0 28.0                                 0.2122000499999288 0.2122000499999288 1.0 1.5
ps2 1.0 29.0                                 0.21662449999986674 0.21662449999986674 1.0 1.5
ps2 1.0 30.0                                 0.26313140000021207 0.26313140000021207 2.0 2.0
ps2 1.0 31.0                                 0.9686052499999321 0.9686052499999321 2.0 7.5
ps2 1.0 32.0                                 2.882747300000062 2.882747300000062 2.0 19.0
ps2 2.0 1.0 2.568912849999947 3.9807724999999436 9.0 25.0 2.6080676499999775 4.023136099999981 9.0 25.0 2.5533715500006338 3.9548230000000757 9.0 25.0 1.651715949999982 3.059870299999602 4.0 18.0 1.6350595999998063 3.0177172500003735 4.0 18.0 1.6037823000000344 2.9847514000002207 4.0 18.0 0.900227299999969 2.300369600000252 3.0 11.0 0.8993606500004461 2.310350850000077 3.0 11.0 0.8922181500001898 2.272484399999939 3.0 11.0
ps2 2.0 2.0 0.7958137499999509 0.7958137499999509 9.0 9.0 0.792876749999806 0.792876749999806 9.0 9.0 0.8044616500001212 0.8044616500001212 9.0 9.0 0.49319929999995793 0.49319929999995793 4.0 6.0 0.4863630500000511 0.4863630500000511 4.0 6.0 0.4811223000000666 0.4811223000000666 4.0 6.0 1.0484652499999925 1.0484652499999925 3.0 13.0 1.05279610000008 1.05279610000008 3.0 13.0 1.0336946499999726 1.0336946499999726 3.0 13.0
ps2 2.0 3.0             0.4239282999998295 0.4239282999998295 5.0 5.0 0.4262825499998826 0.4262825499998826 5.0 5.0 0.4144160499998861 0.4144160499998861 5.0 5.0 1.148599050000058 1.148599050000058 3.0 13.0 1.1462217000000976 1.1462217000000976 3.0 13.0 1.088532449999718 1.088532449999718 3.0 12.5
ps2 2.0 4.0             0.4277738000000113 0.4277738000000113 5.0 5.0 0.4299557500000901 0.4299557500000901 5.0 5.0 0.4183928499999752 0.4183928499999752 5.0 5.0 0.26431869999993296 0.26431869999993296 3.0 3.0 0.265879250000026 0.265879250000026 3.0 3.0 0.26240899999993417 0.26240899999993417 3.0 3.0
ps2 2.0 5.0                         0.2631884499995749 0.2631884499995749 3.0 3.0 0.2616350500002227 0.2616350500002227 3.0 3.0 0.26045445000011114 0.26045445000011114 3.0 3.0
ps2 2.0 6.0                         0.26230529999998 0.26230529999998 3.0 3.0 0.26136549999993974 0.26136549999993974 3.0 3.0 0.2553667500000785 0.2553667500000785 3.0 3.0
ps2 3.0 1.0 1.3796013999999555 1.3796013999999555 1.0 18.0 1.3742843000001415 1.3742843000001415 1.0 18.0 1.395839499999937 1.395839499999937 1.0 18.0 1.394721599999997 1.394721599999997 1.0 18.0 1.388175050000058 1.388175050000058 1.0 18.0 1.3616309500002757 1.3616309500002757 1.0 18.0 1.3950375499999126 1.3950375499999126 1.0 18.0 1.407582199999766 1.407582199999766 1.0 18.0 1.3830142000001615 1.3830142000001615 1.0 18.0
ps3 1.0 1.0 4.013680299999834 8.92037490000024 13.0 25.0 1.8780924999997275 6.781352350000589 6.0 14.0 0.8378193000000351 5.6053433000003 4.0 7.0 2.4520212000000186 6.247164499999869 9.0 17.0 0.934958250000193 4.685487600000371 5.0 8.0 0.7102485500001876 4.474936200000116 3.0 6.0 0.9815545499998279 3.9645895000006135 5.0 8.0 0.37039190000005817 3.4484261500006146 2.0 3.0 0.2662503500000639 3.194763249999937 1.0 2.0
ps3 1.0 2.0 3.3285797999994884 4.930453899999804 13.0 20.0 1.188971849999973 2.9327935499994737 6.0 10.0 1.055600699999957 2.849157949999949 4.0 9.0 2.304081300000028 3.080512550000094 9.5 17.0 1.192418899999979 1.9660272499999674 5.0 10.0 0.9126107499997715 1.4207848000004901 3.0 8.0 1.0825037500001429 2.168035999999631 6.0 9.0 0.8170942499997409 1.838299600000312 3.0 7.0 0.47878429999963146 1.5585142499996891 2.0 4.0
ps3 1.0 3.0 1.69145820000017 1.69145820000017 8.5 13.0 1.3882733000000085 1.3882733000000085 7.0 11.0 0.8993709500000122 0.8993709500000122 4.0 8.0 0.4709923499999604 1.524534950000259 3.0 4.0 0.962786650000055 1.7165987499998319 5.0 8.0 0.3571038500000441 1.192957449999994 3.0 3.0 1.1696531499995895 1.609508799999901 6.0 10.0 0.3681249499998671 1.144647600000056 3.0 3.0 0.26514484999984234 1.0616629499996866 2.0 2.0
ps3 1.0 4.0 3.991064600000044 3.991064600000044 9.0 22.0 1.42964834999983 1.42964834999983 7.0 11.0 0.8289130500000965 0.8289130500000965 4.0 7.0 0.6293395999997813 1.454677249999861 3.0 5.0 1.0709234499998956 1.6669779999997305 5.0 9.0 0.7957359000002384 1.3708049000003375 3.0 7.0 0.9540763999999626 1.3470307500003855 7.0 8.0 0.9470501499997681 1.63137694999989 3.0 8.0 0.27060015000000703 0.8620824499998889 2.0 2.0
ps3 1.0 5.0     0.5933786000001078 0.5933786000001078 4.0 5.0 1.048417800000003 1.048417800000003 5.0 8.0 0.8002023500000632 0.8002023500000632 4.0 7.0 0.17271725000001942 0.17271725000001942 1.0 1.0 0.6765820500000075 0.6765820500000075 4.0 6.0 0.7601527999999007 1.226183599999672 4.0 6.5 0.35390190000009625 1.0228036000000316 3.0 3.0 0.4615173999998774 1.2495994500001188 2.0 4.0
ps3 1.0 6.0     0.9044034000002128 0.9044034000002128 4.0 7.5 0.8292814499998826 0.8292814499998826 5.0 7.0 1.0494146999998861 1.0494146999998861 5.0 9.0 0.25654750000006743 0.25654750000006743 1.0 2.0 0.9126179999998385 0.9126179999998385 4.0 8.0 0.8070432999999753 1.3465646999999876 4.0 7.0 0.8059034499999598 1.1754281000000335 3.0 7.0 0.7040963499999293 1.399532249999993 2.0 6.0
ps3 1.0 7.0     1.0361904999999894 1.0361904999999894 4.5 9.0 0.36250419999981887 0.36250419999981887 3.0 3.0 0.45960064999992767 0.45960064999992767 3.0 3.5 0.3532068000000663 0.3532068000000663 2.0 3.0 0.17136865000000512 0.17136865000000512 1.0 1.0 0.3643803500000331 0.3643803500000331 3.0 3.0 0.35388429999974846 0.35388429999974846 3.0 3.0 0.2646197500000653 0.2646197500000653 2.0 2.0
ps3 1.0 8.0     2.159825649999988 2.159825649999988 5.0 16.0 0.3677287999999521 0.3677287999999521 3.0 3.0 2.4027835500004358 2.4027835500004358 3.0 17.5 0.3597088999998448 0.3597088999998448 2.0 3.0 0.19686310000001586 0.19686310000001586 1.0 1.0 0.7069614999998919 0.7069614999998919 3.0 6.0 0.5858018000000271 0.5858018000000271 4.0 5.0 0.3624111499997298 0.3624111499997298 2.0 3.0
ps3 1.0 9.0         0.7001149000002442 0.7001149000002442 3.0 6.0     0.35202254999990856 0.35202254999990856 2.0 3.0 0.17421355000004723 0.17421355000004723 1.0 1.0 0.47611754999996947 0.47611754999996947 4.0 4.0 0.35216110000001777 0.35216110000001777 2.0 3.0 0.590478399999995 0.590478399999995 2.0 5.0
ps3 1.0 10.0         0.6824041500000817 0.6824041500000817 3.0 6.0     0.3472106499997949 0.3472106499997949 2.0 3.0 0.1732228000000191 0.1732228000000191 1.0 1.0 1.0426726499998153 1.0426726499998153 4.0 9.0 0.4608969499999773 0.4608969499999773 2.0 4.0 0.2617937999999356 0.2617937999999356 2.0 2.0
ps3 1.0 11.0         0.7035692500001574 0.7035692500001574 3.0 6.0     0.6682410000001369 0.6682410000001369 2.0 5.0 0.2537996000002067 0.2537996000002067 1.0 2.0 0.36052095000005124 0.36052095000005124 2.0 3.0 0.3093108000001621 0.3093108000001621 2.0 2.5 0.26518515000002196 0.26518515000002196 2.0 2.0
ps3 1.0 12.0         2.3343395000003397 2.3343395000003397 3.0 17.0     0.671769899999731 0.671769899999731 3.0 5.0 0.2579286500000393 0.2579286500000393 1.5 2.0 2.94058255000013 2.94058255000013 3.0 20.0 0.5773295999999419 0.5773295999999419 2.0 5.0 0.4793887500000551 0.4793887500000551 3.0 4.0
ps3 1.0 13.0                 0.2511540499998546 0.2511540499998546 1.0 2.0 0.17651435000004773 0.17651435000004773 1.0 1.0     0.1740498000000059 0.1740498000000059 1.0 1.0 0.2608111499999666 0.2608111499999666 1.0 2.0
ps3 1.0 14.0                 0.2503188000001657 0.2503188000001657 1.0 2.0 0.2644394500000544 0.2644394500000544 1.0 2.0     0.25859520000005887 0.25859520000005887 1.0 2.0 0.17626049999989846 0.17626049999989846 1.0 1.0
ps3 1.0 15.0                 0.34675400000031686 0.34675400000031686 2.0 3.0 0.36108924999990677 0.36108924999990677 2.0 3.0     0.352150599999959 0.352150599999959 2.0 3.0 0.17524930000018912 0.17524930000018912 1.0 1.0
ps3 1.0 16.0                 2.209063699999774 2.209063699999774 2.0 16.5 0.4016027000000122 0.4016027000000122 2.0 3.5     0.4672610999998881 0.4672610999998881 2.0 4.0 0.26374799999997833 0.26374799999997833 1.0 2.0
ps3 1.0 17.0                     0.3684800999998856 0.3684800999998856 2.0 3.0     0.26375545000004763 0.26375545000004763 2.0 2.0 0.3583668500001238 0.3583668500001238 2.0 3.0
ps3 1.0 18.0                     0.305915199999788 0.305915199999788 2.0 2.5     0.4569315500001494 0.4569315500001494 2.0 4.0 0.3590713999998911 0.3590713999998911 2.0 3.0
ps3 1.0 19.0                     0.17384949999996024 0.17384949999996024 1.0 1.0     0.4529083000002174 0.4529083000002174 2.0 4.0 0.2630466000001093 0.2630466000001093 1.0 2.0
ps3 1.0 20.0                     0.17189525000003414 0.17189525000003414 1.0 1.0     0.3549226500001055 0.3549226500001055 2.0 3.0 0.36778055000047516 0.36778055000047516 1.0 3.0
ps3 1.0 21.0                     0.17142075000003845 0.17142075000003845 1.0 1.0     0.1757782000001953 0.1757782000001953 1.0 1.0 0.2642286500000637 0.2642286500000637 1.0 2.0
ps3 1.0 22.0                     0.25767040000010866 0.25767040000010866 1.0 2.0     0.2588711499999476 0.2588711499999476 1.0 2.0 0.25949114999991707 0.25949114999991707 1.0 2.0
ps3 1.0 23.0                     0.5636702999999272 0.5636702999999272 1.0 5.0     0.26298339999982545 0.26298339999982545 1.0 2.0 0.3567813500001762 0.3567813500001762 2.0 3.0
ps3 1.0 24.0                     1.7102761500001975 1.7102761500001975 2.0 14.0     2.087668100000258 2.087668100000258 1.0 16.0 0.26630495000001986 0.26630495000001986 2.0 2.0
ps3 1.0 25.0                                 0.25997524999998234 0.25997524999998234 1.0 2.0
ps3 1.0 26.0                                 0.3535263500000667 0.3535263500000667 2.0 3.0
ps3 1.0 27.0                                 0.26663920000009966 0.26663920000009966 1.5 2.0
ps3 1.0 28.0                                 0.1761788499999284 0.1761788499999284 1.0 1.0
ps3 1.0 29.0                                 0.2626678500001276 0.2626678500001276 1.0 2.0
ps3 1.0 30.0                                 0.3469897000000515 0.3469897000000515 1.0 3.0
ps3 1.0 31.0                                 0.17466584999997536 0.17466584999997536 1.0 1.0
ps3 1.0 32.0                                 0.5101046000000622 0.5101046000000622 2.0 4.5
ps3 1.0 33.0                                 0.7581484500003057 0.7581484500003057 2.0 6.5
ps3 1.0 34.0                                 1.1449989500000584 1.1449989500000584 2.0 9.0
ps3 1.0 35.0                                 0.3099593000001164 0.3099593000001164 2.0 2.5
ps3 1.0 36.0                                 2.1041685499998835 2.1041685499998835 2.0 16.0
ps3 2.0 1.0 2.7627213499999006 4.7706009499994195 10.0 26.0 2.9849429000000782 4.9157494500002485 10.0 26.0 2.727526750000095 4.739130699999976 10.0 26.0 1.7536799499999205 3.6930887499999763 5.0 18.5 1.8415290499997354 3.7469986499997034 5.0 20.0 1.8375514499999215 3.749286700000312 5.0 20.0 0.9139802000001964 2.9418880000001195 3.0 11.0 0.9114503500003366 3.0130012500000305 3.0 11.0 0.9130136500001527 2.931606800000111 3.0 11.0
ps3 2.0 2.0 1.7749912499996294 1.7749912499996294 10.0 17.5 1.7811647000001471 1.7811647000001471 10.0 17.5 1.7848498999993017 1.7848498999993017 10.0 18.0 0.555618500000179 0.555618500000179 5.0 6.0 0.5083453499999848 0.5083453499999848 5.0 6.0 0.5054708000002393 0.5054708000002393 5.0 6.0 1.0637187999992646 1.0637187999992646 3.0 13.0 1.0519481500002146 1.0519481500002146 3.0 13.0 1.0815397000001215 1.0815397000001215 3.0 13.0
ps3 2.0 3.0             0.8114222000001803 0.8114222000001803 5.0 9.0 0.7526273499997842 0.7526273499997842 5.0 9.0 0.8243893999999656 0.8243893999999656 5.0 9.5 0.6592929500000082 0.6592929500000082 3.0 8.0 0.6622179999999958 0.6622179999999958 3.0 8.0 0.2669499499997414 0.2669499499997414 3.0 3.0
ps3 2.0 4.0             0.5182795000001761 0.5182795000001761 5.0 6.0 0.5444358499999495 0.5444358499999495 5.0 6.0 0.5904362999998511 0.5904362999998511 5.0 7.0 0.48852064999977074 0.48852064999977074 3.0 6.0 0.37595474999932327 0.37595474999932327 3.0 4.5 0.5716941000002862 0.5716941000002862 3.0 7.0
ps3 2.0 5.0                         0.6802113000000105 0.6802113000000105 4.0 8.0 0.6739675499999862 0.6739675499999862 4.0 8.0 0.7673558000006437 0.7673558000006437 4.0 9.0
ps3 2.0 6.0                         0.4386439999997833 0.4386439999997833 4.0 5.0 0.42697990000078784 0.42697990000078784 4.0 5.0 0.6344311500001254 0.6344311500001254 4.0 6.5
ps3 3.0 1.0 1.9437537000002867 1.9437537000002867 1.0 20.0 1.9406188499997934 1.9406188499997934 1.0 20.0 1.9215902499998303 1.9215902499998303 1.0 20.0 1.940688949999867 1.940688949999867 1.0 20.0 1.9166364999991856 1.9166364999991856 1.0 20.0 1.907605249999996 1.907605249999996 1.0 20.0 1.9449101999998535 1.9449101999998535 1.0 20.0 1.9274041999997849 1.9274041999997849 1.0 20.0 1.969817999999975 1.969817999999975 1.0 20.0
